date,hour,type,1001A,1002A,1003A,1004A,1005A,1006A,1007A,1008A,1009A,1010A,1011A,1012A,1013A,1014A,1015A,1016A,1017A,1018A,1019A,1020A,1021A,1022A,1023A,1024A,1025A,1026A,1027A,1028A,1029A,1030A,1031A,1032A,1033A,1034A,1035A,1036A,1037A,1038A,1039A,1040A,1041A,1042A,1043A,1044A,1045A,1046A,1047A,1048A,1049A,1050A,1051A,1052A,1053A,1054A,1055A,1056A,1057A,1058A,1059A,1060A,1061A,1062A,1063A,1064A,1065A,1066A,1067A,1068A,1069A,1070A,1071A,1072A,1073A,1074A,1075A,1076A,1077A,1078A,1079A,1080A,1081A,1082A,1083A,1084A,1085A,1086A,1087A,1088A,1089A,1090A,1091A,1092A,1093A,1094A,1095A,1096A,1097A,1098A,1099A,1100A,1101A,1102A,1103A,1104A,1105A,1106A,1107A,1108A,1109A,1110A,1111A,1112A,1113A,1114A,1115A,1116A,1117A,1118A,1119A,1120A,1121A,1122A,1123A,1124A,1125A,1126A,1127A,1128A,1129A,1130A,1131A,1132A,1133A,1134A,1135A,1136A,1137A,1138A,1139A,1140A,1141A,1142A,1143A,1144A,1145A,1146A,1147A,1148A,1149A,1150A,1151A,1152A,1153A,1154A,1155A,1156A,1157A,1158A,1159A,1160A,1161A,1162A,1163A,1164A,1165A,1166A,1167A,1168A,1169A,1170A,1171A,1172A,1173A,1174A,1175A,1176A,1177A,1178A,1179A,1180A,1181A,1182A,1183A,1184A,1185A,1186A,1187A,1188A,1189A,1190A,1191A,1192A,1193A,1194A,1195A,1196A,1197A,1198A,1199A,1200A,1201A,1202A,1203A,1204A,1205A,1206A,1207A,1208A,1209A,1210A,1211A,1212A,1213A,1214A,1215A,1216A,1217A,1218A,1219A,1220A,1221A,1222A,1223A,1224A,1225A,1226A,1227A,1228A,1229A,1230A,1231A,1232A,1233A,1234A,1235A,1236A,1237A,1238A,1239A,1240A,1241A,1242A,1243A,1244A,1245A,1246A,1247A,1248A,1249A,1250A,1251A,1252A,1253A,1254A,1255A,1256A,1257A,1258A,1259A,1260A,1261A,1262A,1263A,1264A,1265A,1266A,1267A,1268A,1269A,1270A,1271A,1272A,1273A,1274A,1275A,1276A,1277A,1278A,1279A,1280A,1281A,1282A,1283A,1284A,1285A,1286A,1287A,1288A,1290A,1291A,1292A,1293A,1294A,1295A,1296A,1297A,1298A,1299A,1300A,1301A,1302A,1303A,1304A,1305A,1306A,1307A,1308A,1309A,1310A,1311A,1312A,1313A,1314A,1315A,1316A,1317A,1318A,1319A,1320A,1321A,1322A,1323A,1324A,1325A,1326A,1327A,1328A,1329A,1330A,1331A,1332A,1333A,1334A,1335A,1336A,1337A,1338A,1339A,1340A,1341A,1342A,1343A,1344A,1345A,1346A,1347A,1348A,1349A,1350A,1351A,1352A,1353A,1354A,1355A,1356A,1357A,1358A,1359A,1360A,1361A,1362A,1363A,1364A,1365A,1366A,1367A,1368A,1369A,1370A,1371A,1372A,1373A,1374A,1375A,1376A,1377A,1378A,1379A,1380A,1381A,1382A,1383A,1384A,1385A,1386A,1387A,1388A,1389A,1390A,1391A,1392A,1393A,1394A,1395A,1396A,1397A,1398A,1399A,1400A,1401A,1402A,1403A,1404A,1405A,1406A,1407A,1408A,1409A,1410A,1411A,1412A,1413A,1414A,1415A,1416A,1417A,1418A,1419A,1420A,1421A,1422A,1423A,1424A,1425A,1426A,1427A,1428A,1429A,1430A,1431A,1432A,1433A,1434A,1435A,1436A,1437A,1438A,1439A,1440A,1441A,1442A,1443A,1444A,1445A,1446A,1447A,1449A,1450A,1451A,1452A,1453A,1454A,1455A,1456A,1457A,1458A,1459A,1460A,1461A,1462A,1463A,1464A,1465A,1466A,1467A,1468A,1469A,1470A,1471A,1472A,1473A,1474A,1475A,1476A,1477A,1478A,1479A,1480A,1481A,1482A,1483A,1484A,1485A,1486A,1487A,1488A,1489A,1490A,1491A,1492A,1493A,1494A,1495A,1496A,1508A,1511A,1512A,1513A,1514A,1515A,1518A,1519A,1520A,1524A,1552A,1559A,1562A,1564A,1585A,1586A,1587A,1588A,1589A,1590A,1591A,1592A,1593A,1594A,1595A,1596A,1597A,1598A,1599A,1600A,1601A,1602A,1603A,1604A,1605A,1606A,1607A,1608A,1609A,1610A,1611A,1612A,1613A,1614A,1615A,1616A,1617A,1618A,1619A,1620A,1621A,1622A,1623A,1624A,1625A,1626A,1627A,1628A,1629A,1630A,1631A,1632A,1633A,1634A,1635A,1636A,1637A,1638A,1639A,1640A,1641A,1642A,1643A,1644A,1645A,1646A,1647A,1648A,1649A,1650A,1651A,1652A,1653A,1654A,1655A,1656A,1657A,1658A,1659A,1660A,1661A,1662A,1663A,1664A,1665A,1666A,1667A,1668A,1669A,1670A,1671A,1672A,1673A,1674A,1675A,1676A,1677A,1678A,1679A,1680A,1681A,1682A,1683A,1684A,1685A,1686A,1687A,1688A,1689A,1690A,1691A,1692A,1693A,1694A,1695A,1696A,1697A,1698A,1699A,1700A,1701A,1702A,1703A,1704A,1705A,1706A,1707A,1708A,1709A,1710A,1711A,1712A,1713A,1714A,1715A,1716A,1717A,1718A,1719A,1720A,1721A,1722A,1723A,1724A,1725A,1726A,1727A,1728A,1729A,1730A,1731A,1732A,1733A,1734A,1735A,1736A,1737A,1738A,1739A,1740A,1741A,1742A,1743A,1744A,1745A,1746A,1747A,1748A,1749A,1750A,1751A,1752A,1753A,1754A,1755A,1756A,1757A,1758A,1759A,1760A,1761A,1762A,1763A,1764A,1765A,1766A,1767A,1768A,1769A,1770A,1771A,1772A,1773A,1774A,1775A,1776A,1778A,1779A,1780A,1781A,1782A,1783A,1784A,1785A,1786A,1787A,1788A,1789A,1790A,1791A,1792A,1793A,1794A,1795A,1796A,1797A,1798A,1799A,1800A,1801A,1802A,1803A,1804A,1805A,1806A,1807A,1808A,1809A,1810A,1811A,1812A,1813A,1814A,1815A,1816A,1817A,1818A,1819A,1820A,1821A,1822A,1823A,1824A,1825A,1826A,1827A,1828A,1829A,1830A,1831A,1832A,1833A,1834A,1835A,1836A,1837A,1838A,1839A,1840A,1841A,1842A,1843A,1844A,1845A,1846A,1847A,1848A,1849A,1850A,1851A,1852A,1853A,1854A,1855A,1856A,1857A,1858A,1859A,1860A,1861A,1862A,1863A,1864A,1865A,1866A,1867A,1868A,1869A,1870A,1871A,1872A,1873A,1874A,1875A,1876A,1877A,1878A,1879A,1880A,1881A,1882A,1883A,1884A,1885A,1886A,1887A,1888A,1889A,1890A,1891A,1893A,1894A,1895A,1896A,1897A,1898A,1899A,1900A,1901A,1902A,1903A,1904A,1905A,1906A,1907A,1908A,1909A,1910A,1911A,1912A,1913A,1914A,1915A,1916A,1917A,1918A,1919A,1920A,1921A,1922A,1923A,1924A,1925A,1926A,1927A,1928A,1929A,1930A,1931A,1932A,1933A,1934A,1935A,1936A,1937A,1938A,1939A,1940A,1941A,1942A,1943A,1944A,1945A,1947A,1948A,1949A,1950A,1951A,1952A,1953A,1954A,1955A,1956A,1957A,1958A,1959A,1960A,1961A,1961A,1962A,1963A,1964A,1965A,1966A,1966A,1967A,1968A,1969A,1970A,1971A,1972A,1973A,1974A,1975A,1976A,1977A,1978A,1979A,1980A,1981A,1982A,1983A,1984A,1985A,1986A,1987A,1988A,1989A,1990A,1991A,1992A,1993A,1994A,1995A,1996A,1997A,1998A,1999A,2000A,2001A,2002A,2003A,2004A,2005A,2006A,2007A,2008A,2009A,2010A,2011A,2012A,2013A,2014A,2015A,2016A,2017A,2018A,2019A,2031A,2054A,2064A,2065A,2066A,2067A,2068A,2069A,2070A,2073A,2074A,2075A,2160A,2161A,2162A,2163A,2164A,2165A,2166A,2167A,2168A,2169A,2170A,2171A,2172A,2173A,2174A,2175A,2176A,2177A,2178A,2179A,2180A,2181A,2182A,2183A,2184A,2185A,2186A,2187A,2188A,2189A,2190A,2191A,2192A,2193A,2194A,2195A,2196A,2197A,2198A,2199A,2200A,2201A,2202A,2203A,2204A,2205A,2206A,2207A,2208A,2209A,2210A,2211A,2212A,2213A,2214A,2215A,2216A,2217A,2218A,2219A,2220A,2221A,2222A,2223A,2224A,2225A,2226A,2227A,2228A,2229A,2230A,2231A,2232A,2233A,2234A,2235A,2236A,2237A,2238A,2239A,2240A,2241A,2242A,2243A,2244A,2245A,2246A,2247A,2248A,2249A,2250A,2251A,2252A,2253A,2254A,2255A,2256A,2257A,2258A,2259A,2260A,2261A,2262A,2263A,2264A,2265A,2266A,2267A,2268A,2269A,2270A,2271A,2272A,2273A,2274A,2275A,2276A,2277A,2278A,2279A,2280A,2281A,2282A,2283A,2284A,2285A,2286A,2287A,2288A,2289A,2290A,2291A,2292A,2293A,2294A,2295A,2296A,2297A,2298A,2299A,2300A,2301A,2302A,2303A,2304A,2305A,2306A,2307A,2308A,2309A,2310A,2311A,2312A,2313A,2314A,2315A,2316A,2317A,2318A,2319A,2320A,2321A,2322A,2323A,2324A,2325A,2326A,2327A,2331A,2332A,2333A,2334A,2335A,2336A,2337A,2338A,2339A,2340A,2341A,2342A,2343A,2344A,2345A,2346A,2347A,2348A,2349A,2350A,2351A,2352A,2353A,2354A,2355A,2356A,2357A,2358A,2359A,2360A,2361A,2362A,2363A,2364A,2365A,2366A,2367A,2368A,2369A,2370A,2371A,2372A,2373A,2374A,2375A,2376A,2377A,2378A,2379A,2380A,2381A,2382A,2383A,2384A,2385A,2386A,2387A,2388A,2389A,2390A,2391A,2392A,2393A,2394A,2395A,2396A,2397A,2398A,2399A,2400A,2401A,2402A,2403A,2404A,2405A,2406A,2407A,2408A,2409A,2410A,2411A,2420A,2421A,2422A,2423A,2424A,2425A,2426A,2427A,2428A,2429A,2430A,2431A,2432A,2433A,2434A,2435A,2436A,2437A,2438A,2439A,2440A,2441A,2442A,2443A,2444A,2445A,2446A,2447A,2448A,2449A,2450A,2451A,2452A,2453A,2454A,2455A,2456A,2457A,2458A,2459A,2460A,2461A,2462A,2463A,2464A,2465A,2466A,2467A,2468A,2469A,2470A,2471A,2472A,2473A,2474A,2475A,2476A,2477A,2478A,2479A,2480A,2481A,2482A,2483A,2484A,2485A,2486A,2487A,2488A,2489A,2490A,2491A,2492A,2493A,2494A,2495A,2496A,2497A,2498A,2499A,2500A,2501A,2502A,2503A,2504A,2505A,2506A,2507A,2508A,2509A,2510A,2511A,2512A,2513A,2514A,2515A,2516A,2517A,2518A,2519A,2520A,2521A,2522A,2523A,2524A,2525A,2526A,2527A,2528A,2529A,2530A,2531A,2532A,2533A,2534A,2535A,2536A,2537A,2538A,2539A,2540A,2541A,2542A,2543A,2544A,2545A,2546A,2547A,2548A,2549A,2550A,2551A,2552A,2553A,2554A,2555A,2556A,2557A,2558A,2559A,2560A,2561A,2562A,2563A,2564A,2565A,2566A,2567A,2568A,2569A,2570A,2571A,2572A,2573A,2574A,2575A,2576A,2577A,2578A,2579A,2580A,2581A,2582A,2583A,2584A,2585A,2586A,2587A,2588A,2589A,2590A,2591A,2592A,2593A,2594A,2595A,2596A,2597A,2598A,2599A,2600A,2601A,2602A,2603A,2604A,2605A,2606A,2607A,2608A,2609A,2610A,2611A,2612A,2613A,2614A,2615A,2616A,2617A,2618A,2619A,2620A,2621A,2622A,2623A,2624A,2625A,2626A,2627A,2628A,2629A,2630A,2631A,2632A,2633A,2634A,2635A,2636A,2637A,2638A,2639A,2640A,2641A,2642A,2643A,2644A,2645A,2646A,2647A,2648A,2649A,2650A,2651A,2652A,2653A,2654A,2655A,2656A,2657A,2658A,2659A,2660A,2661A,2662A,2663A,2664A,2665A,2666A,2667A,2668A,2669A,2670A,2671A,2672A,2673A,2674A,2675A,2676A,2677A,2678A,2679A,2680A,2681A,2682A,2683A,2684A,2685A,2686A,2687A,2688A,2689A,2690A,2691A,2692A,2693A,2694A,2695A,2696A,2697A,2698A,2699A,2700A,2701A,2702A,2703A,2704A,2705A,2706A,2707A,2708A,2709A,2710A,2711A,2835A,2842A,2845A,2846A,2858A,2859A,2860A,2862A,2865A,2866A,2867A,2868A,2869A,2870A,2871A,2872A,2873A,2874A,2875A,2876A,2877A,2878A,2880A,2881A,2882A,2883A,2884A,2885A,2894A,2897A,2900A,2902A,2907A,2914A,2915A,2916A,2919A,2920A,2921A,2922A,2923A,2924A,2925A,2926A,2929A,2994A,2996A,2997A,2998A,2999A,3000A,3002A,3003A,3004A,3005A,3006A,3007A,3008A,3009A,3010A,3012A,3014A,3015A,3016A,3018A,3019A,3020A,3021A,3022A,3025A,3026A,3027A,3028A,3033A,3034A,3035A,3036A,3038A,3039A,3045A,3046A,3048A,3051A,3054A,3055A,3057A,3058A,3059A,3061A,3064A,3065A,3066A,3109A,3122A,3123A,3124A,3125A,3128A,3129A,3131A,3132A,3133A,3134A,3136A,3137A,3138A,3139A,3140A,3141A,3147A,3148A,3149A,3151A,3153A,3164A,3165A,3169A,3170A,3171A,3173A,3178A,3179A,3180A,3182A,3183A,3184A,3185A,3186A,3187A,3188A,3190A,3191A,3192A,3194A,3195A,3200A,3201A,3204A,3206A,3207A,3208A,3209A,3210A,3216A,3237A,3238A,3239A,3241A,3242A,3245A,3246A,3247A,3248A,3265A,3266A,3268A,3269A,3270A,3271A,3272A,3273A,3274A,3281A,3282A,3283A,3284A,3285A,3286A,3287A,3288A,3289A,3290A,3291A,3293A,3294A,3295A,3298A,3299A,3300A,3301A,3302A,3303A,3304A,3305A,3306A,3307A,3308A,3311A,3313A,3314A,3315A,3317A,3318A,3319A,3320A,3323A,3324A,3325A,3326A,3327A,3328A,3329A,3330A,3331A,3332A,3333A,3334A,3335A,3336A,3337A,3338A,3339A,3340A,3341A,3342A,3343A,3344A,3345A,3346A,3347A,3348A,3349A,3350A,3351A,3352A,3353A,3354A,3355A,3356A,3357A,3358A,3359A,3360A,3361A,3362A,3363A,3364A,3365A,3366A,3368A,3369A,3370A,3371A,3372A,3374A,3375A,3376A,3377A,3378A,3379A,3380A,3396A,3397A,3398A,3399A,3400A,3401A,3402A,3403A,3404A,3405A,3406A,3407A,3408A,3409A,3410A,3411A,3413A,3414A,3415A,3416A,3417A,3418A,3419A,3421A,3422A,3423A,3424A,3425A,3426A,3427A,3428A,3429A,3430A,3431A,3432A,3434A,3435A,3436A,3437A,3438A,3439A,3440A,3441A,3442A,3443A,3444A,3445A,3446A,3447A,3448A,3449A,3450A,3451A,3452A,3453A,3454A,3455A,3456A,3457A,3458A,3459A,3460A,3461A,3462A,3463A,3464A,3465A,3466A,3468A,3469A,3470A,3471A,3473A,3474A,3475A,3476A,3477A,3478A,3479A,3480A,3481A,3482A,3483A,3484A,3485A,3486A,3487A,3488A,3489A,3490A,3491A,3492A,3494A,3495A,3496A,3498A,3500A,3501A,3502A,3503A,3504A,3505A,3507A,3511A,3512A,3513A,3514A,3515A,3516A,3520A,3521A,3522A,3523A,3524A,3525A,3526A,3527A,3528A,3529A,3530A,3531A,3532A,3533A,3534A,3535A,3536A,3537A,3538A,3539A,3540A,3541A,3542A,3543A,3544A,3545A,3546A,3547A,3548A,3549A,3550A,3551A,3552A,3557A,3558A,3560A,3561A,3562A,3564A,3565A,3566A,3567A,3568A,3569A,3570A,3571A,3572A,3573A,3574A,3575A,3576A,3577A,3578A,3579A,3580A,3581A,3582A,3583A,3584A,3585A,3586A,3587A,3588A,3589A,3590A,3591A,3592A,3593A,3594A,3596A,3597A,3598A,3599A,3600A,3601A,3604A,3605A,3606A,3607A,3608A,3610A,3612A,3613A,3614A,3615A,3616A,3617A,3618A,3619A,3620A,3621A,3622A,3623A,3624A,3625A,3626A,3627A,3628A,3629A,3630A,3631A,3633A,3634A,3635A,3636A,3637A,3638A,3639A,3642A,3643A,3644A,3645A,3646A,3647A,3648A,3650A,3651A,3652A,3653A,3654A,3655A,3656A,3658A,3659A,3661A,3662A,3663A,3664A,3665A,3667A,3668A,3669A,3670A,3671A,3672A,3673A,3674A,3675A,3676A,3677A,3678A,3682A,3683A,3684A,3685A,3689A,3690A,3692A,3693A,3694A,3695A,3696A,3697A,3698A,3699A,3700A,3701A,3703A,3706A,3707A,3708A,3709A,3710A,3713A,3715A,3719A,3726A,3728A,3734A
20210719,0,AQI,25,24,36,19,32,26,27,23,17,20,30,37,,,56,,38,40,65,,47,,35,38,,33,29,,29,29,22,18,26,36,35,,56,58,,48,54,28,47,35,,30,,27,26,23,32,31,38,43,28,39,23,,27,20,29,40,45,35,,52,33,20,,40,43,51,51,19,23,,28,30,,26,25,,22,21,23,23,24,24,,36,20,,,18,20,41,54,25,51,47,,57,26,36,30,32,,29,32,30,26,29,24,27,25,27,28,16,42,54,67,58,35,25,29,60,39,56,20,19,24,,26,20,22,,16,17,53,18,21,29,23,26,23,,23,20,23,23,41,41,52,48,45,,36,46,44,28,,22,24,,38,27,22,26,23,28,36,26,19,,,,35,26,,34,31,34,,,,41,,22,37,26,24,27,31,,24,26,,,,30,30,,39,35,50,24,,,26,21,21,23,22,20,24,21,,20,,25,21,,26,38,,47,39,40,,46,27,27,41,20,24,23,,,20,23,24,22,20,18,21,,20,,,20,,28,26,,20,25,24,23,18,21,,27,29,31,36,40,25,26,23,15,19,13,21,15,22,25,15,12,14,25,,18,25,29,17,21,21,20,32,28,32,,55,25,,,14,34,27,39,,25,29,29,42,27,,,22,24,26,25,21,22,28,23,,25,35,30,,22,29,28,31,28,25,28,25,23,,20,26,32,40,,52,24,39,25,27,38,24,47,36,,33,39,28,40,40,26,42,33,11,12,14,12,12,20,,13,13,13,23,10,11,10,16,32,27,35,15,,24,41,29,22,28,21,16,27,19,21,19,,,26,22,15,25,18,33,14,17,42,52,26,40,39,45,40,34,33,35,,35,22,19,23,12,13,35,,43,43,33,30,43,,43,,,42,36,49,53,30,,29,30,31,31,,,30,33,24,22,31,29,39,41,39,29,46,,17,18,19,19,19,20,24,24,25,23,22,26,36,28,30,42,34,29,34,34,,28,29,30,49,,39,49,34,36,,,,21,42,,,,26,30,60,64,47,57,51,,68,29,22,27,23,32,16,18,,22,20,35,10,25,20,51,,58,52,51,44,31,31,31,34,31,,36,29,33,26,26,21,28,42,35,32,38,26,33,35,19,26,25,19,,24,,26,25,22,26,28,,29,36,,,31,30,29,55,,38,51,29,,31,32,21,27,25,22,23,21,25,29,,,,21,,21,36,,38,29,30,41,25,25,27,29,29,35,,29,,,37,,46,53,33,30,27,23,26,20,,17,17,18,16,20,20,34,15,17,19,23,28,36,20,20,22,46,37,36,18,,20,29,32,,30,26,,46,38,41,30,23,,48,17,,,37,51,,24,,22,21,24,23,22,27,,34,27,,28,32,,30,,37,42,35,,26,26,19,28,19,,25,29,24,33,31,21,20,50,36,17,34,15,42,24,39,54,24,15,34,63,51,35,48,54,27,28,18,23,36,19,28,15,31,,23,20,21,28,27,9,39,30,32,30,34,25,31,30,,38,39,54,,54,16,19,16,18,,20,22,26,,20,,22,20,22,26,25,24,24,,,,28,,29,,27,27,29,,40,36,27,19,23,,26,,22,19,18,14,35,26,,30,39,21,26,36,20,,28,,,25,23,23,17,,20,45,36,38,25,26,24,37,52,35,38,34,53,32,21,23,33,47,36,30,26,28,31,25,26,,26,24,24,37,25,32,23,22,,,,,47,39,,41,33,28,38,30,29,32,30,36,40,42,40,17,15,,35,30,,23,27,28,,22,30,,31,36,33,37,32,33,44,43,42,46,28,34,41,,30,27,36,73,53,,36,28,34,,31,51,37,30,33,23,38,27,27,,21,,,24,24,21,25,24,,,,,,22,23,22,,,26,,23,,,33,,22,26,20,29,27,30,36,35,30,,47,47,32,35,39,23,26,32,31,27,26,25,20,,52,27,,31,30,24,,,,20,49,19,16,32,24,23,22,27,,,25,27,22,19,22,,29,24,27,26,26,26,35,,22,26,23,,,28,21,,40,30,28,,24,,52,42,,,31,22,,,56,44,36,,,22,26,32,25,57,52,58,28,33,25,31,25,26,21,27,22,23,38,31,26,34,29,39,30,,60,54,29,,28,44,36,29,37,39,20,21,15,20,17,29,,,34,21,25,50,15,43,17,35,16,22,28,59,18,23,38,28,14,,,14,79,80,89,20,22,,43,35,21,,20,23,27,,27,31,23,21,24,29,22,23,19,25,26,28,18,20,17,28,,17,18,11,17,34,27,,29,,28,,,,19,23,22,20,26,25,,21,,19,18,16,21,19,22,20,19,42,36,55,44,25,23,24,23,31,27,29,27,17,,22,29,32,34,34,33,8,32,24,20,24,12,40,27,22,,19,42,42,47,39,18,19,20,19,17,33,31,36,30,37,,38,44,35,32,35,38,34,38,47,55,50,,20,25,28,,27,27,25,28,,24,20,27,,26,30,,29,27,24,22,26,25,26,18,21,21,,39,24,28,29,32,,15,20,25,38,23,24,22,20,22,21,29,25,,26,20,25,,21,29,,34,19,20,16,,19,22,20,20,19,18,44,,,32,,36,,32,50,39,,14,14,14,13,19,17,17,23,24,30,,42,33,45,30,40,56,59,53,13,20,16,38,22,15,20,12,43,51,43,39,20,23,18,19,37,26,69,129,147,145,40,38,30,27,54,26,30,,28,24,70,72,20,16,35,34,,39,20,38,16,34,27,25,33,24,15,16,19,18,22,25,,,33,35,42,,49,26,25,24,36,32,,25,20,19,,,,,29,28,27,23,24,29,32,28,,54,82,25,28,22,27,13,15,32,20,9,,,,,40,31,23,17,16,21,26,,32,29,29,30,30,27,23,23,20,22,35,31,16,20,,25,33,17,14,24,31,24,28,33,,20,18,,21,19,,20,18,15,,37,,35,,17,,17,35,35,39,,32,31,,20,23,12,17,,33,37,25,40,41,33,,37,47,32,35,63,57,,36,,55,42,21,,35,39,37,,20,44,29,41,22,37,47,,40,51,,52,31,,32,55,63,31,30,25,,45,29,53,64,69,29,23,23,35,,,48,44,53,68,,18,56,51,35,28,19,23,41,46,25,30,18,25,,35,30,28,41,23,26,24,,24,,22,42,38,30,23,15,53,55,21,45,42,29,30,28,,,23,20,20,43,,40,35,46,21,,29,38,,,20,34,38,20,38,36,20,54,19,27,22,33,42,31,22,,62,22,,42,24,26,21,33,43,36,39,38,25,22,19,18,55,28,30,22,35,23,16,29,12,28,28,29,58,30,24,22,61,28,32,26,26,26,26,26,26,28,24,26,24,30,37,26,,35,27,,20,17,,21,22,21,20,,16,,26,23,20,20,36,34,39,36,57,47,60,26,35,22,42,18,17,,30,34,66,73,41,,41,23,22,30,24,22,23,30,22,23,22,23,40,45,24,22,,39,,29,22,22,23,23,17,35,44,37,31,20,13,13,22,18,32,36,38,22,29,15,30,23,27,27,38,43,33,31,32,24,24,31,26,17,26,26,25,32,27,,20,25,19,25,33,12,16,23,28,26,23,29,30,34,26,28,28,29,27,26,34,20,24,29,42,39,22,22,20,21,36,42,39,18,22,22,39,22,37,87,35,35,29,25,36,57,34,18,169,24,25,20,26,19,22,51,32,,23,31,30,51,45,45,37,18,26,21,,24,30,30,25,28,25,26,29,64,44,54,54,58,,36,19,14,,19,32,19,31,21,16,18,17,33,22,38,27,20,49,48,55,29,22,25,15,30,28,23,21,23,24,,25,28,34,34,30,35,24,22,19,30,56,30,32,24,19,35,51,42,24,29,31,,42,27,29,41,22,27,68,53,50,32,31,28,31,,32,38,54,30,17,30,27,21,37,,46,28,38,52,53,20,29,33,18,27,22,,21,,27,26,,13,39,22,19,25,38,32,18,,18,27,22,18,,,25,53,24,34,30,56,70,51,63,25,22,20,47,46,74,97,33,33,29,48,27,21,30,25,38,26,29,20,57,52,35,21,36,26,49,32,37,27,69,420,451,21,21,26,23,23,49,44,18,19,14,22,28,28,25,31,,34,27,22,26,32,22,42,24,23,40,38,35,40,50,52,,27,18,26,19,45,19,27,,19,48,24,34,36,25,25,32,25,35,43,26,23,22,19,43,29,49,29,51,29,17,65,65,23,19,24,30,,24,29,,28,30,40,29,39,26,55,25,28,,30,45
20210719,0,PM2.5,17,7,19,12,16,18,16,15,7,10,19,21,,,37,,18,16,46,,29,,24,26,,23,14,,19,20,10,12,14,25,20,,27,22,,33,36,19,29,19,,20,,2,4,6,22,15,10,19,19,13,16,,12,5,20,28,31,22,,36,9,6,,7,25,25,32,10,7,,19,13,,,15,,15,14,16,11,10,14,,12,3,,,5,9,9,17,16,22,23,,19,16,21,21,20,,20,18,19,18,20,13,12,16,18,19,11,22,14,25,17,14,14,11,18,18,19,8,10,14,,11,8,8,,9,7,12,8,13,20,12,18,8,,16,14,7,16,24,24,22,22,31,31,7,27,24,19,,12,9,9,25,13,12,14,9,12,25,18,5,,,,24,12,,18,15,14,,,,17,,9,17,14,9,17,12,,14,8,,,,11,12,,24,21,23,14,,,14,14,12,16,15,12,11,9,,14,,10,12,,15,24,,20,22,20,,18,17,13,18,14,3,10,,,4,6,9,10,8,8,10,,7,,,12,,16,15,,8,10,10,16,11,11,,18,20,14,13,13,15,8,16,5,2,5,2,5,7,5,5,,2,3,,9,8,3,4,14,9,6,8,17,19,,22,4,,,8,12,10,13,,17,17,10,20,12,,,9,14,5,7,12,15,19,16,14,16,24,14,,14,17,10,11,7,10,17,17,16,,5,6,22,28,18,36,12,15,17,17,18,12,19,19,,13,15,12,19,17,8,18,18,3,,3,,3,7,,,2,3,8,3,3,1,11,9,13,13,7,,2,20,14,6,7,6,2,9,10,1,8,,,11,10,9,9,12,14,2,6,25,33,16,28,20,20,18,21,23,14,,17,8,4,8,8,4,12,,23,28,23,20,22,,30,,,25,17,33,26,15,,16,18,12,15,,,14,14,7,9,9,19,22,22,24,19,9,,10,1,5,6,5,10,2,4,2,5,7,4,19,16,16,15,20,20,21,15,,14,18,21,30,,24,23,18,18,,,,7,10,,,,12,17,16,5,18,24,16,,2,16,13,13,14,15,11,12,,10,14,24,7,12,14,19,,21,26,21,30,7,9,9,9,12,,25,20,23,15,15,14,15,29,24,15,26,8,23,24,9,17,12,4,,15,,18,11,14,14,14,,13,24,,,18,14,20,23,,16,17,18,,9,12,7,14,10,14,13,5,17,7,,,,11,,11,12,,17,19,14,17,10,2,5,19,17,24,,19,,,17,,32,37,18,11,11,16,15,8,,9,8,7,3,14,2,19,9,7,5,16,19,25,11,7,15,12,12,9,5,,9,16,16,,13,10,,17,17,15,15,12,,11,9,,,22,27,,8,,15,5,5,8,9,10,,14,12,,19,22,,21,,21,29,24,,9,10,6,15,3,,13,13,12,12,15,13,10,35,22,11,16,10,29,11,18,33,10,7,7,45,25,23,30,38,15,10,3,10,18,13,12,10,4,,10,14,12,5,12,5,23,9,13,20,18,11,15,16,,22,15,21,,32,11,13,7,8,,7,9,11,,,,12,8,10,17,6,7,7,,,,17,,20,,12,9,18,,28,23,17,13,11,,9,,5,2,7,7,14,10,,21,18,12,18,25,14,,15,,,17,6,12,9,,14,31,23,26,17,2,7,20,22,23,26,23,31,22,12,14,20,16,25,21,13,18,16,14,12,,11,7,8,23,17,22,16,15,,,,,15,10,,22,15,18,9,17,20,22,21,23,28,23,3,4,7,,24,20,,16,18,19,,11,8,,9,21,20,22,22,22,18,16,29,14,19,12,12,,13,7,9,53,22,15,23,11,4,,11,16,17,10,6,13,16,12,12,,13,,,5,5,8,6,9,,,,,,15,13,10,,,10,,16,,,16,,14,17,14,20,16,19,25,24,20,,31,25,17,23,23,12,12,17,20,15,16,17,13,,19,13,,11,13,10,18,,,14,15,12,6,22,10,10,5,14,,,15,9,7,,9,,,10,14,7,2,12,24,,15,13,16,,,14,7,,23,14,12,,8,,22,21,,,7,15,,,24,18,23,,,6,18,4,2,10,17,18,19,15,17,15,12,8,10,13,13,12,20,16,12,18,19,19,18,,38,29,20,,8,6,7,16,17,15,9,13,5,11,4,15,,,15,14,15,16,5,30,4,24,9,15,7,42,9,9,15,12,9,,,6,58,59,66,5,6,,30,24,12,,9,12,9,,13,14,1,9,3,15,15,13,8,8,4,13,12,4,8,19,,7,4,2,1,18,18,,12,,19,,,,3,5,6,5,2,4,,10,,8,12,10,7,10,12,4,2,27,25,32,16,14,5,5,8,16,12,8,12,6,,7,20,22,18,21,23,5,22,9,6,15,8,19,16,12,,13,29,29,24,27,12,13,14,13,10,21,20,22,21,18,,18,7,15,13,18,17,19,18,28,28,27,,7,1,19,,12,7,17,17,,12,14,16,,17,21,,20,15,16,14,18,13,16,9,7,5,,27,15,12,16,14,,9,12,10,15,5,7,7,13,15,11,20,17,,12,11,17,,12,20,,14,11,12,9,,9,5,9,1,8,12,15,,,22,,24,,22,28,27,,4,7,4,8,8,8,7,16,15,21,14,16,23,25,14,21,25,23,30,9,14,11,16,13,9,14,5,30,22,30,27,8,12,6,5,12,6,50,98,112,111,16,26,19,7,32,18,20,,15,15,51,52,14,5,19,17,,9,6,26,9,10,5,15,14,14,8,7,7,8,12,9,,,17,24,29,,34,14,10,8,5,20,,10,14,8,,,,,19,7,8,5,9,17,18,19,,17,60,5,7,9,8,5,8,14,7,6,,,,,12,13,11,11,6,12,18,,22,1,15,21,20,9,8,6,14,15,24,21,11,12,,17,23,10,4,10,7,13,9,23,,13,7,,9,8,,7,5,9,,11,,5,,7,,9,13,10,20,,8,10,9,6,12,8,10,,13,9,6,11,8,17,,18,14,12,9,19,28,,13,14,13,18,5,,7,20,16,,14,22,20,26,6,18,16,,7,17,,18,9,,12,29,28,15,7,5,,10,10,14,29,27,6,10,5,24,,,9,17,7,21,,8,16,18,13,11,8,2,18,32,17,15,12,15,,9,17,18,22,7,18,13,,15,,15,19,20,21,10,10,24,16,3,24,19,17,13,7,,,16,10,12,18,,18,14,11,12,,15,19,,,2,20,14,7,26,25,6,9,5,11,12,21,29,17,15,,30,14,,21,14,7,9,7,30,25,27,26,7,11,9,10,27,5,5,11,19,11,8,20,2,19,6,20,41,17,16,10,27,19,22,18,16,11,17,17,17,13,5,18,10,7,12,13,15,20,7,,11,9,10,5,7,7,7,,10,,9,16,10,10,10,20,18,17,23,21,24,5,12,6,17,9,9,,18,13,21,20,2,,13,10,12,15,12,15,13,21,10,16,14,13,18,10,5,7,,24,,13,14,3,16,12,7,18,16,14,14,6,7,6,7,6,22,13,20,2,14,6,16,10,17,7,26,24,23,20,17,10,16,14,2,9,10,13,14,14,13,,14,14,6,6,1,8,4,6,7,18,16,20,14,11,16,19,10,9,9,17,20,8,8,14,29,22,12,15,10,7,22,20,22,8,9,15,20,14,4,64,24,11,20,6,24,36,19,10,128,14,15,11,12,10,12,26,12,,9,17,17,20,31,22,21,11,18,14,18,12,18,17,14,19,17,18,5,19,3,14,14,13,,16,12,8,7,7,22,5,9,13,6,12,2,15,10,26,8,10,17,22,25,8,4,11,6,18,19,10,10,16,9,,15,14,21,22,21,24,10,15,7,16,32,13,10,12,10,18,24,20,10,7,14,,20,17,15,16,10,7,36,27,22,17,18,16,14,,15,9,20,19,6,14,17,11,18,,32,19,26,35,37,6,17,8,12,10,14,,14,,4,10,,6,14,8,10,17,24,13,12,,9,9,6,8,,,11,12,9,4,10,18,43,24,41,12,2,11,20,19,14,20,10,4,12,11,16,9,15,5,19,16,12,14,40,35,14,5,22,18,34,21,13,14,27,152,102,7,11,18,15,14,13,21,5,13,7,9,10,7,17,12,,15,11,13,18,8,8,17,7,7,20,13,24,24,16,23,18,7,6,14,12,24,9,10,,10,33,6,13,25,17,7,9,11,19,15,18,12,8,13,14,20,29,11,23,7,7,30,47,16,8,14,21,15,6,18,9,10,16,23,7,12,7,38,17,17,,14,31
20210719,0,PM2.5_24h,16,10,22,17,22,17,12,24,18,15,20,11,,,23,,18,15,23,,21,,20,18,,21,19,,14,14,8,13,8,16,12,,18,22,,22,19,13,20,15,,15,,16,19,12,12,11,6,12,10,9,12,,11,4,14,23,21,16,,29,21,14,,12,20,14,19,16,17,,19,11,7,2,12,,7,12,13,10,12,10,,15,16,,,12,14,15,13,16,22,21,,18,20,28,28,26,,27,12,17,14,16,14,11,16,16,14,6,17,10,21,14,13,11,7,14,14,15,10,13,17,,11,12,13,,13,12,17,13,14,18,14,15,15,,15,15,14,16,13,11,16,10,19,18,7,17,13,18,,12,13,14,20,19,14,13,12,14,21,15,10,,,,18,15,,18,15,16,,,,20,,8,16,12,12,15,14,,14,13,,,,15,14,,21,22,25,16,18,,17,13,12,19,16,13,10,11,,12,,13,14,,14,17,,18,16,14,,15,15,16,13,12,10,8,,,9,9,9,13,10,8,13,,13,,,15,,14,15,,10,12,12,11,12,10,,13,16,12,14,12,12,12,12,11,8,11,7,9,11,12,10,7,9,5,,10,9,6,6,11,11,10,7,8,7,,7,6,,,9,18,12,15,,21,16,15,18,14,,,7,11,10,7,12,13,16,13,14,15,16,16,,12,16,21,23,19,16,28,17,24,,14,9,18,25,19,18,14,18,18,21,22,13,10,11,,10,12,10,12,10,11,9,11,5,10,6,6,6,7,,4,5,5,10,3,5,6,12,8,10,11,7,,10,14,9,7,8,7,3,10,11,6,12,,,9,9,8,9,10,12,7,7,16,16,13,11,16,19,17,19,20,18,18,20,6,5,8,7,4,24,,20,24,29,19,19,15,18,,,22,15,18,25,17,,13,16,12,11,,,10,16,7,8,11,18,8,12,16,12,7,,12,7,9,13,16,17,3,5,3,4,8,3,13,14,14,10,14,18,12,12,,14,11,11,14,,21,11,18,14,,,,8,11,,,,15,18,9,15,35,18,13,,23,23,18,15,19,20,11,16,20,15,16,20,11,15,20,23,,21,21,26,18,17,27,26,27,25,,17,15,18,18,13,16,16,14,14,11,13,11,17,18,8,9,9,8,,14,,16,14,18,14,16,,14,20,,,18,15,16,19,,16,15,14,,14,13,10,15,17,16,18,11,16,12,,,,17,,14,12,,15,21,17,16,11,10,9,23,21,26,,17,,,19,,20,25,16,11,11,10,11,7,,14,14,12,11,17,11,14,12,11,10,18,16,20,12,15,12,11,13,13,10,,15,14,14,,14,11,,17,15,13,18,14,,18,8,,,18,17,,9,,10,12,9,14,8,8,,12,13,,21,21,,31,,15,22,19,,12,14,9,9,7,,14,14,15,20,20,14,10,26,18,15,18,14,22,13,18,25,14,12,9,23,19,17,20,20,12,10,12,10,13,9,13,9,11,,9,10,9,7,13,8,16,9,13,13,13,13,13,12,,12,14,16,,17,12,13,7,8,,6,7,8,,12,,18,9,9,13,12,12,11,,,,15,,17,,12,14,18,,18,20,17,18,17,,14,,11,8,13,16,18,14,,20,19,13,19,20,17,,18,,,16,9,11,8,,19,31,23,23,20,4,4,14,21,26,25,26,27,24,9,8,13,12,15,18,12,16,16,16,12,,25,15,25,20,15,13,14,9,,,,,8,9,,9,16,18,12,17,13,19,10,10,11,11,8,9,11,10,12,11,,14,16,16,,13,15,,18,16,15,18,17,15,18,14,19,18,17,11,11,,15,18,11,35,21,13,17,6,4,,7,5,15,9,13,14,17,12,12,,14,,11,9,9,8,10,13,18,14,15,,,13,13,14,13,14,14,18,16,,,16,,15,18,11,18,18,17,18,20,16,,18,13,18,22,20,17,17,20,19,17,20,11,13,,14,12,,16,14,8,12,,,16,15,13,10,17,12,11,11,12,,,17,9,12,14,11,,5,18,21,21,18,18,16,,19,14,20,,,23,25,,11,9,9,,11,,28,23,,,6,17,,,28,30,31,,,9,16,5,4,18,15,16,16,17,14,14,11,11,14,15,15,19,15,18,18,13,13,15,12,,18,15,13,,9,9,12,13,12,11,12,8,9,14,4,12,,,13,29,26,34,24,34,24,35,26,22,18,48,36,35,35,33,36,,,12,53,51,63,9,11,,64,19,12,,14,16,14,,15,16,11,12,8,14,12,15,10,17,9,9,11,10,7,10,,6,7,7,7,17,14,,14,,12,,,,4,6,6,8,10,9,,10,,12,11,10,7,10,10,7,7,18,17,21,13,10,8,6,8,17,14,12,11,8,,7,9,16,13,15,13,5,21,12,10,15,12,13,19,16,,7,12,11,12,12,13,15,12,12,14,20,20,22,19,18,,20,10,18,12,11,10,11,8,16,19,16,,10,15,20,,12,12,14,17,,17,17,14,,13,17,16,17,17,16,17,17,16,17,12,10,12,,19,19,17,16,16,,19,16,18,19,19,11,21,24,23,24,16,21,,25,24,26,,13,17,,15,5,10,11,,13,10,11,2,7,20,17,,,23,,27,,31,29,31,,8,6,7,6,8,12,11,17,15,16,15,17,24,24,9,14,19,16,22,17,40,26,28,35,9,8,9,21,17,24,20,4,10,4,11,15,8,34,40,36,33,19,21,20,8,15,20,21,35,30,40,34,34,19,13,9,10,,9,8,12,8,10,9,11,14,15,12,8,8,10,8,8,,,17,18,21,,22,11,7,6,10,19,,9,10,7,,,,,9,6,6,6,7,12,10,14,,6,29,11,10,11,13,10,13,11,6,7,,,,,8,9,10,7,8,7,10,,7,8,9,12,13,9,6,5,14,9,15,15,17,12,,11,13,8,7,11,5,9,5,13,,11,8,,12,4,,4,5,2,,8,,5,,4,4,10,11,10,11,18,16,17,18,6,11,6,12,,16,11,5,8,8,23,,13,17,7,6,11,15,,10,11,8,7,5,,15,14,12,,13,16,13,16,5,9,14,,10,15,,18,12,,9,29,28,12,16,9,,11,5,9,17,18,18,27,20,37,,,12,16,15,8,,6,12,12,14,20,10,5,11,20,19,19,12,13,,12,12,18,21,10,15,13,,12,,13,20,13,12,9,8,15,8,13,32,20,14,15,8,,,19,14,13,17,,17,19,19,14,,15,23,,,6,23,21,9,19,15,12,9,9,25,24,20,23,14,26,,20,17,,16,13,14,15,5,32,16,22,13,20,12,7,6,16,8,13,14,13,14,16,15,5,20,10,9,11,10,8,5,22,13,13,15,15,9,8,16,22,23,11,16,12,15,18,20,20,13,9,,11,6,11,12,8,8,6,,15,11,9,20,11,11,8,26,20,15,21,18,19,11,10,8,14,16,10,,13,20,17,22,10,,9,13,13,14,11,14,14,13,12,15,9,11,16,18,14,7,,19,,14,12,7,17,14,9,13,11,11,12,10,8,7,7,7,6,16,15,4,13,8,11,8,13,6,18,21,22,20,12,17,14,9,7,9,10,11,9,13,11,,12,12,14,25,21,8,9,17,8,16,14,17,18,6,14,18,14,7,8,14,16,11,10,13,29,16,17,17,10,9,17,20,12,16,11,11,22,20,5,24,24,15,21,9,22,26,21,12,37,16,16,12,12,12,15,15,13,,12,23,17,21,20,17,19,16,15,18,18,15,18,17,14,19,14,17,3,10,10,14,11,18,,9,13,6,8,8,10,7,9,16,7,12,7,13,11,22,17,21,21,18,19,13,6,11,9,13,14,11,13,14,11,,16,13,20,27,21,10,8,9,11,9,16,9,11,11,14,11,16,18,13,13,16,,19,18,15,17,15,9,24,20,18,13,19,16,16,,10,11,15,12,6,11,12,11,17,18,19,21,21,32,21,8,8,8,7,8,10,,11,,15,22,,6,15,20,13,16,15,14,13,,9,19,18,9,,,13,27,6,8,10,15,16,26,23,21,14,7,13,18,12,25,17,12,19,14,13,14,15,14,15,19,18,18,22,40,26,11,12,11,13,13,12,8,14,135,91,8,11,13,15,13,25,17,6,16,7,7,8,8,19,22,,13,12,15,17,16,10,11,8,12,25,17,19,16,12,18,14,19,13,15,13,17,14,10,,7,65,13,20,28,24,12,20,7,10,23,9,19,12,10,16,20,20,12,20,12,7,26,35,9,19,12,19,16,13,12,15,11,12,16,6,13,8,20,19,5,1,14,26
20210719,0,PM10,25,24,36,19,32,26,27,23,17,20,30,37,,,62,,38,40,80,,47,,32,38,,31,29,,29,18,22,4,26,24,21,,61,66,,47,58,24,47,35,,30,,7,14,21,31,31,38,43,22,39,17,,27,19,24,31,31,35,,36,33,20,,40,43,52,51,10,3,,10,12,,12,25,,18,21,23,23,19,24,,36,9,,,14,20,41,58,25,51,47,,63,26,36,29,32,,28,32,30,21,24,20,22,17,27,27,15,42,58,83,65,35,25,29,70,39,62,9,19,24,,26,15,22,20,16,12,55,18,21,22,18,25,23,,22,20,19,20,41,41,53,48,42,49,36,46,44,17,,20,18,,38,27,22,16,16,28,19,21,19,,,,31,26,,34,31,34,,,,41,,14,37,26,24,27,31,,24,26,,,,25,30,,39,35,50,24,10,,26,21,19,17,20,20,21,21,,18,,25,21,,26,38,,47,39,40,,46,27,27,41,17,9,21,,,14,16,15,22,18,18,21,,13,,,20,,28,26,,20,24,18,22,18,21,,27,29,31,36,40,25,26,23,12,14,12,21,14,22,19,9,12,9,9,,18,25,29,17,21,20,17,32,28,32,,59,25,,,12,34,27,39,,22,29,27,42,12,,,9,19,17,14,12,14,20,6,27,25,28,30,,22,29,8,20,28,6,21,18,19,,20,17,19,30,42,18,24,39,16,27,38,24,47,36,,33,39,28,40,40,26,42,33,9,12,14,12,12,20,,8,9,12,23,7,10,6,9,32,27,35,15,,24,41,29,22,28,21,16,27,19,21,19,,,26,22,15,25,18,33,12,17,42,54,26,35,39,45,40,34,31,35,,35,22,7,23,12,8,11,,43,43,28,30,43,,29,,,42,36,49,55,30,,29,30,19,31,,,27,23,24,19,31,29,39,41,39,29,46,,17,11,9,17,12,14,8,11,8,10,10,10,36,28,30,42,34,27,34,34,,25,29,26,49,,39,36,33,36,,,,16,15,,,,26,30,70,78,47,64,51,,86,29,22,27,23,32,7,9,7,22,14,29,9,25,16,52,,66,53,52,44,31,29,31,34,31,,29,29,27,23,26,21,28,27,32,12,30,26,28,27,16,26,25,18,,24,,24,14,14,26,28,,29,36,,,31,30,22,59,,38,51,29,,31,32,19,27,17,22,14,12,17,29,,,,19,,19,36,,38,29,17,41,7,12,7,29,29,32,,29,,,37,,29,35,33,30,27,15,26,16,,14,5,8,10,18,6,34,14,17,19,22,28,25,20,20,19,46,37,36,10,,20,29,32,,30,26,,46,38,41,30,15,,48,16,,,37,51,,23,,15,19,24,18,20,27,,34,27,,16,18,,17,,37,29,29,,24,11,16,28,19,,25,29,24,33,31,21,20,50,36,17,34,11,37,24,39,58,24,15,34,46,52,35,48,47,27,28,18,23,36,12,28,10,31,,23,20,21,28,27,9,39,30,25,20,20,25,31,26,,38,39,58,,58,13,8,14,13,,20,19,8,,10,,20,10,11,26,9,12,9,,,,28,,27,,11,11,14,,37,36,27,19,23,,26,,12,6,18,13,26,18,,28,39,21,19,26,20,,28,,,19,16,17,17,,17,32,36,38,20,17,9,37,53,35,36,34,56,28,21,23,26,47,27,28,26,28,31,25,26,,11,15,22,37,25,28,12,15,,,,,32,31,,41,33,28,38,30,20,30,25,36,38,42,40,12,7,,27,30,,23,27,24,,13,12,,15,36,33,37,32,32,44,43,41,46,27,34,41,,29,27,36,54,55,26,36,19,34,,31,52,19,11,28,23,38,27,27,,21,,,12,12,11,12,24,,,,,,22,23,19,,,14,,18,,,33,,21,26,19,28,27,30,21,27,30,,47,47,32,35,39,21,20,32,31,27,26,18,14,,54,27,,31,30,24,,,,17,49,9,15,17,13,21,8,14,,,25,27,11,,12,,29,14,27,26,25,26,16,,22,26,16,,,28,21,,40,30,28,,24,,35,41,,,31,15,,,62,44,36,,,20,24,32,17,25,15,20,27,33,22,31,25,16,15,27,22,23,38,31,26,34,29,39,30,,70,58,25,,28,44,36,29,37,35,20,21,15,20,17,29,,,34,21,25,50,15,39,17,25,16,18,28,46,18,23,38,28,14,,,5,63,60,79,12,14,,27,20,10,,17,22,9,,27,31,10,19,4,29,16,23,13,25,14,27,14,20,17,16,,17,18,11,17,34,27,,29,,13,,,,8,9,3,4,5,10,,21,,16,17,16,14,4,18,20,3,42,28,59,44,5,14,20,11,31,27,29,27,17,,22,29,28,34,34,29,3,32,24,20,24,10,40,27,22,,16,36,38,47,24,18,15,15,8,10,33,31,36,29,37,,38,44,35,32,35,38,34,38,47,60,50,,9,17,9,,17,21,20,18,,16,18,27,,26,24,,27,27,24,21,23,20,25,18,14,9,,21,14,26,29,32,,14,20,22,38,23,24,12,13,20,21,21,20,,17,20,22,,20,22,,34,14,20,16,,7,22,20,16,19,18,44,22,29,32,42,36,31,24,50,39,,11,13,10,10,19,17,17,20,24,30,45,42,29,45,30,40,61,67,56,10,19,16,38,22,15,18,12,42,51,30,34,20,23,18,19,37,26,69,152,119,124,40,33,30,27,57,23,30,,10,24,74,74,17,14,35,34,,39,20,24,16,34,25,24,33,24,15,15,14,15,11,13,,,33,34,39,,44,22,13,13,36,32,,25,18,19,,,,,29,16,10,17,10,29,32,24,,58,30,18,10,18,27,2,4,32,20,7,,,,,40,31,12,15,16,21,26,,24,14,8,22,30,15,17,7,8,8,21,31,13,20,,24,21,17,10,24,31,24,17,15,,10,,,4,16,,9,6,13,,37,,16,,17,,17,35,35,39,,18,20,15,12,23,12,17,,33,33,13,28,30,33,,37,47,10,28,75,63,,22,23,59,42,21,,33,39,37,,20,25,26,20,20,30,47,,38,52,,54,27,30,21,60,75,31,30,14,,45,29,56,78,87,22,15,19,19,,,48,44,56,86,,18,61,52,35,28,17,10,41,44,25,30,16,21,,35,30,28,41,11,26,24,,14,,17,42,38,28,23,15,56,59,8,45,42,29,30,10,,,18,20,20,43,,40,35,43,13,,29,38,,,20,34,38,19,17,29,14,58,19,27,22,33,35,31,8,,73,19,,42,19,26,14,31,29,23,34,23,25,22,19,14,59,19,13,22,35,23,7,29,12,24,28,25,34,30,24,19,72,27,22,26,26,17,17,20,22,17,10,24,18,30,37,14,,35,20,,18,17,24,21,12,14,12,,16,52,23,11,16,15,20,34,39,36,64,47,42,26,35,19,42,18,17,,30,34,81,96,10,,41,21,13,30,24,21,23,28,22,22,20,6,39,39,19,22,,39,,29,14,17,22,23,14,35,44,37,31,20,13,13,22,18,7,36,38,22,29,12,30,23,27,27,38,43,31,31,30,24,24,31,4,17,26,14,18,32,27,,8,25,19,25,33,8,16,23,28,23,22,16,28,34,20,27,16,19,18,17,34,13,23,29,34,39,22,19,19,14,36,42,39,18,17,17,39,22,10,12,31,35,24,12,36,63,34,18,195,24,25,17,26,15,22,51,32,,17,31,30,51,36,45,34,12,15,12,28,24,30,26,25,27,22,24,12,78,42,57,58,66,,36,19,14,14,19,5,18,31,21,16,14,17,33,22,29,5,16,49,48,59,23,22,25,11,30,20,23,15,23,14,,13,15,34,34,25,31,24,12,9,30,61,30,14,18,19,35,51,42,24,29,31,,42,27,24,41,22,12,86,55,50,32,31,28,31,,28,27,58,30,12,30,27,21,37,,31,20,21,53,52,9,29,33,16,27,22,,18,,5,26,,13,39,11,19,24,38,32,13,,16,27,20,18,,,25,55,24,34,30,61,90,52,76,6,9,14,47,46,97,143,33,33,29,48,27,9,30,10,38,12,29,18,36,54,35,14,36,25,43,32,37,25,88,520,551,11,21,26,23,20,47,44,18,16,14,22,28,28,21,31,,34,25,14,15,32,20,37,17,14,40,38,20,40,50,53,,16,18,26,19,45,19,27,,13,25,11,34,18,22,6,32,25,35,43,25,23,5,11,43,27,49,29,51,13,10,79,61,19,18,24,30,30,9,21,22,19,30,40,29,39,14,59,24,28,10,30,29
20210719,0,PM10_24h,25,16,34,29,34,27,20,41,30,18,30,17,,,39,,35,37,42,,38,,32,30,,31,33,,21,14,15,13,17,15,14,,42,40,,36,39,20,33,31,,38,,23,29,34,15,16,17,19,15,13,17,,21,18,25,32,31,33,,32,40,38,,46,32,27,30,20,19,,11,18,19,18,22,,14,20,20,19,19,18,,34,30,,,26,32,34,32,28,41,41,,42,37,46,37,41,,46,24,28,20,18,16,18,15,24,22,12,42,43,63,40,33,23,24,43,29,48,27,34,39,,39,38,43,36,37,28,48,39,27,26,24,27,29,,31,22,23,25,29,21,32,26,33,33,26,31,24,23,,22,22,29,43,21,24,21,21,21,23,22,22,,,,27,25,,31,31,24,,,,46,,26,35,28,22,27,29,,28,35,,,,32,31,,35,39,37,28,26,,25,22,24,17,18,22,23,18,,19,,27,24,,37,24,,38,30,30,,40,43,33,31,19,16,15,,,14,16,16,29,26,27,35,,24,,,30,,26,26,,21,23,19,17,19,18,,28,26,32,35,39,21,29,24,16,18,21,20,22,24,22,17,20,17,14,,23,19,23,20,23,27,26,17,21,11,,24,18,,,15,25,29,30,,33,27,28,29,16,,,13,14,17,17,16,21,25,22,25,23,23,25,,27,25,31,35,36,28,35,26,36,,35,21,24,25,25,23,25,29,20,27,34,19,29,26,,28,34,25,28,27,33,23,22,14,17,18,17,16,19,,13,14,18,25,7,10,11,11,30,25,29,24,,25,28,25,20,25,19,18,26,24,22,19,,,21,19,21,26,24,26,24,24,27,26,21,25,34,29,31,28,35,31,39,35,13,11,19,15,13,31,,39,36,36,46,40,30,40,,,38,34,44,51,44,,24,31,22,23,,,21,23,18,15,28,26,27,26,23,16,25,,26,12,17,19,22,22,7,11,8,9,16,10,35,29,35,28,30,33,27,25,,31,26,28,30,,44,32,51,52,,,,21,15,,,,26,40,49,44,58,45,39,,71,29,21,32,36,27,9,18,18,21,20,25,15,21,24,36,,45,34,41,27,57,49,37,39,53,,27,37,21,31,28,25,32,23,21,13,23,25,28,34,23,26,29,25,,24,,29,19,22,24,34,,35,31,,,29,27,26,36,,22,27,24,,30,38,28,24,25,27,23,22,25,31,,,,26,,23,31,,30,30,16,33,13,16,14,33,31,32,,23,,,38,,36,36,31,25,26,24,25,22,,24,23,21,21,35,21,28,22,20,35,25,22,24,22,21,27,28,32,31,23,,25,25,27,,27,31,,28,27,29,31,23,,35,19,,,29,26,,18,,19,19,26,28,17,21,,19,19,,29,24,,32,,27,22,20,,23,15,17,21,16,,23,29,30,39,37,25,20,53,36,22,36,16,41,33,33,47,35,24,32,36,54,31,37,36,24,27,22,20,28,12,32,18,26,,24,25,19,22,30,18,27,21,19,24,15,25,25,24,,31,31,40,,27,19,17,23,13,,16,14,6,,12,,25,16,15,25,27,21,22,,,,27,,28,,18,17,19,,30,26,31,28,29,,27,,28,22,27,31,40,37,,27,32,21,24,29,25,,29,,,24,26,21,18,,28,35,34,29,30,24,15,27,36,37,37,40,41,35,17,17,23,28,27,24,22,26,27,25,22,,32,27,38,31,18,15,17,11,,,,,26,28,,24,28,21,32,21,16,20,17,18,21,19,19,18,13,26,26,25,,25,30,28,,27,28,,32,29,31,36,34,30,35,35,35,37,30,24,31,,47,49,33,40,40,29,36,10,16,,17,32,49,40,42,25,27,34,34,,22,,15,15,15,12,15,24,27,28,22,,,23,22,23,21,22,15,21,23,,,23,,29,29,24,27,30,29,32,31,26,,31,24,30,36,36,28,27,30,31,32,32,18,20,,43,29,,32,32,21,,,,18,17,17,16,24,23,23,23,22,,,37,37,26,33,22,,35,28,30,34,34,36,20,,25,22,31,,,38,45,,24,22,23,,28,,52,54,,,26,30,,,57,58,39,,,16,20,14,8,27,23,19,30,32,24,32,26,23,34,33,38,46,28,38,34,30,24,35,34,,48,32,21,,19,25,35,29,24,18,17,18,20,24,23,28,,,36,36,42,46,39,41,44,39,31,23,31,52,56,48,52,47,41,,,18,63,59,76,21,22,,57,22,16,,20,28,23,,27,35,18,22,17,25,12,19,19,34,19,23,17,21,14,14,,12,20,11,19,29,23,,19,,16,,,,12,12,9,12,14,20,,18,,24,26,22,23,22,24,30,16,31,25,37,26,10,15,16,16,28,27,32,24,25,,21,18,21,19,24,25,8,38,23,25,24,20,31,27,29,,18,28,26,27,17,28,24,19,23,33,35,35,34,32,35,,38,38,33,20,24,22,23,20,37,43,36,,21,23,24,,21,35,28,28,,30,30,20,,20,25,25,26,27,29,26,30,25,25,22,21,24,,22,20,22,28,37,,35,33,24,27,17,22,25,26,27,29,35,25,,32,40,38,,22,25,,24,18,24,16,,17,17,22,18,27,40,36,36,29,33,33,37,44,42,43,41,,13,15,12,12,22,25,25,27,29,30,36,32,30,40,15,21,37,38,36,26,55,37,41,50,15,15,14,34,33,43,44,17,20,12,23,29,28,51,65,50,51,31,26,32,26,32,34,30,45,49,78,52,48,38,32,19,22,,19,16,13,17,22,19,24,27,31,19,18,20,21,16,18,,,26,29,34,,39,20,21,18,26,36,,17,14,15,,,,,19,14,13,14,15,18,20,23,,14,36,29,18,17,37,12,9,17,15,7,,,,,20,22,14,10,14,14,17,,13,17,16,16,18,14,22,14,12,12,17,20,20,21,,15,17,14,11,23,15,16,13,17,,13,19,,9,10,,7,8,4,,26,,18,,11,6,24,25,25,27,36,35,43,32,14,22,19,21,,39,37,9,19,26,51,,33,38,13,18,40,40,,16,22,34,28,11,,36,29,24,,17,18,25,19,15,21,36,,31,45,,42,28,21,20,119,103,63,71,13,,39,22,24,45,55,60,83,88,93,,,42,37,46,25,,11,43,43,55,36,26,16,29,28,31,34,11,17,,35,25,32,52,16,24,35,,9,,24,36,23,16,25,23,46,30,27,63,45,28,35,12,,,35,32,26,37,,34,27,41,27,,31,45,,,21,35,36,15,19,25,22,26,19,34,32,37,44,25,26,,42,28,,28,28,33,22,18,36,20,34,16,30,23,10,16,35,22,28,24,27,29,16,26,12,34,33,12,13,12,10,7,56,30,28,28,21,18,16,25,29,30,23,23,24,28,35,29,40,26,22,,20,14,23,23,16,15,13,,22,53,24,24,13,20,20,34,42,34,80,37,31,26,27,22,32,34,19,,20,52,45,77,39,,32,26,17,22,20,22,26,19,25,20,12,23,29,60,36,24,,31,,37,14,17,33,23,18,32,33,33,28,31,22,16,18,19,10,34,33,22,21,15,20,19,30,20,36,36,21,33,22,32,19,26,12,19,21,19,19,21,23,,8,25,25,31,40,17,19,27,16,20,26,16,31,23,20,23,26,19,13,20,33,21,21,28,29,30,35,23,28,18,36,35,26,26,16,12,39,35,9,22,26,32,31,15,36,44,33,24,53,27,25,25,28,21,29,24,28,,25,36,26,41,36,31,36,20,19,26,27,28,33,26,26,23,19,27,14,43,50,41,39,56,,23,24,11,18,21,11,25,26,26,19,24,16,24,21,32,26,23,39,39,39,27,17,21,20,22,21,23,23,25,20,,22,19,30,49,28,22,22,13,24,25,34,26,20,22,20,22,25,41,26,28,27,,34,33,29,34,19,19,47,40,33,29,27,25,29,,19,33,33,22,15,24,23,23,30,22,28,23,38,43,29,9,15,15,17,23,19,,25,,25,28,,17,29,29,22,26,29,31,20,,16,38,30,10,,,23,53,13,26,22,33,65,48,40,15,26,9,18,19,47,49,38,41,45,41,26,23,24,20,29,16,26,32,31,50,31,21,21,22,27,25,32,15,56,414,422,14,22,19,23,27,71,36,18,26,17,20,23,25,34,40,,31,35,15,15,39,29,29,14,13,36,26,27,26,27,41,33,38,29,33,26,35,29,24,,19,62,19,68,34,31,24,38,15,17,43,14,34,16,13,37,27,32,45,40,17,11,43,37,12,29,20,28,35,29,19,23,19,23,42,20,43,14,44,33,10,4,26,34
20210719,0,SO2,1,3,3,3,3,2,3,3,3,1,3,3,,,10,,5,4,14,,5,,5,8,,6,5,,5,3,3,5,4,2,5,,3,7,,5,2,6,5,4,,1,,2,4,4,5,7,7,6,4,6,3,,6,5,7,8,9,8,,10,5,7,,7,4,2,1,8,3,,5,5,,3,3,,5,1,3,2,1,2,,6,5,,,3,6,7,7,17,5,47,,14,14,36,35,20,,6,9,7,5,6,9,5,8,5,7,6,2,2,4,4,2,3,4,3,3,2,13,8,3,,12,23,18,17,14,17,12,14,1,4,6,3,7,,3,5,6,5,6,8,6,8,8,1,2,4,1,6,,2,7,4,1,1,3,5,10,10,7,7,6,,,,8,8,,5,8,7,,,,7,,5,3,2,5,2,3,,4,7,,,,8,6,,7,12,5,5,3,,4,1,2,3,4,3,7,5,,5,,3,4,,5,7,,8,4,5,,6,3,5,4,9,7,6,,,6,6,7,5,3,5,3,,6,,,4,,6,5,,3,2,3,5,3,4,,2,3,2,4,4,6,6,6,4,7,10,5,9,6,5,6,4,6,1,,4,4,4,2,2,4,6,40,8,6,,19,8,,,3,8,8,8,,8,6,9,6,5,,,5,4,5,5,5,5,3,3,,3,3,3,,3,3,3,2,4,4,5,5,5,,4,5,11,6,6,5,14,6,6,5,7,5,6,7,,7,8,6,5,8,5,6,5,4,4,5,5,8,4,,6,4,5,6,4,6,6,5,8,8,7,7,,5,5,4,4,3,5,2,6,5,3,7,,,8,8,7,6,5,13,5,10,8,35,6,7,14,10,11,9,9,6,,5,6,2,3,3,4,4,,3,5,6,8,6,,4,,,10,10,3,2,5,,4,2,6,3,,,5,9,6,4,7,5,4,4,7,4,5,,6,6,5,7,9,9,6,7,10,6,6,8,7,5,4,4,5,5,2,4,,4,5,5,5,,18,2,10,9,,,,6,4,,,,10,9,6,5,1,7,6,,6,8,3,7,7,9,6,5,7,8,6,4,4,4,4,2,,3,3,6,4,6,9,11,8,13,,3,2,4,2,4,2,5,6,2,2,2,9,3,3,4,6,4,4,,14,,8,5,4,8,3,,2,4,,,5,3,3,6,,11,5,2,,5,6,8,10,3,8,8,6,8,8,,,,3,,5,10,,8,6,7,8,4,4,1,4,2,3,,11,,,11,,8,8,8,8,8,8,17,9,,4,5,5,5,4,5,6,8,7,9,8,5,4,6,6,9,5,6,5,5,,4,6,5,,6,5,,7,6,9,7,8,,12,5,,,3,6,,3,,10,9,8,8,9,5,,9,8,,3,5,,8,,15,7,13,,17,7,8,11,9,,5,3,3,3,3,5,3,18,7,7,6,7,14,7,12,15,7,6,5,46,8,7,31,16,6,6,7,9,4,4,6,7,5,,4,5,5,5,2,3,3,5,1,8,3,8,7,6,,9,6,16,,10,8,5,3,4,,7,7,4,,4,,3,4,6,3,2,8,4,,,,2,,3,,1,3,2,,4,4,9,1,4,,8,,5,4,7,4,2,2,,8,6,8,6,7,7,,5,,,8,1,2,2,,6,19,7,10,7,5,5,5,15,8,10,8,10,7,3,5,9,7,6,4,12,16,18,5,4,,11,10,15,8,5,6,11,4,,,,,8,9,,5,1,6,6,13,4,5,6,5,5,5,5,7,4,,8,6,,9,2,3,,3,2,,2,4,3,1,4,3,6,3,2,6,8,4,3,,7,6,8,4,6,6,11,5,6,,7,5,4,5,4,4,9,4,4,,7,,,4,4,3,3,7,,,,,,4,4,2,,,5,,4,,,9,,5,9,8,6,9,9,10,8,6,,8,3,9,9,9,12,7,7,5,2,4,5,9,,5,6,,4,7,7,8,,,7,5,4,6,7,3,4,5,4,,,3,8,5,2,5,,8,12,4,10,8,9,4,,4,5,4,,,2,6,,10,14,7,,6,,8,14,,,5,6,,,12,15,12,,,2,3,12,13,5,7,5,5,10,3,8,4,5,5,8,5,3,2,5,3,4,8,1,6,,6,8,5,,14,12,10,10,3,4,8,6,6,6,5,6,,,9,5,5,6,5,17,5,2,4,13,14,6,6,7,4,6,2,,,1,3,5,4,5,7,,7,13,12,,11,14,4,,3,5,13,9,6,2,2,5,3,12,2,13,8,5,4,3,,4,4,6,6,7,6,,4,,3,,,,5,5,6,18,3,2,,13,,12,7,5,4,4,4,2,7,9,12,6,7,4,6,3,5,4,10,10,2,5,,4,7,10,8,9,6,11,11,20,49,28,4,9,51,24,,5,15,18,16,13,2,5,9,3,12,7,7,14,5,8,,5,6,5,5,7,8,6,6,12,14,32,,7,1,2,,3,3,5,3,,4,2,1,,5,4,,5,5,7,5,7,6,7,6,8,2,,8,4,6,18,11,,11,7,4,4,5,4,4,6,8,5,3,6,,2,3,1,,5,5,,10,7,5,5,,5,3,1,6,9,10,12,6,6,10,16,8,8,11,17,10,,1,2,5,10,7,5,4,6,4,12,10,10,3,15,8,4,5,2,2,3,4,5,3,3,4,6,5,12,15,6,10,8,9,10,14,9,5,5,7,5,6,5,18,4,6,14,12,9,,6,8,6,30,7,3,6,5,,2,5,5,6,6,10,7,8,7,4,4,2,14,6,8,,,5,6,6,,6,8,11,7,10,3,,9,5,8,,,,,7,7,7,8,5,13,10,13,,7,7,10,7,6,6,1,2,5,5,4,,,,,5,7,4,5,6,5,2,,5,5,4,5,5,6,7,8,6,6,6,6,6,6,,11,9,5,4,6,8,3,8,5,,8,6,,6,7,,8,4,4,,6,,9,,8,10,5,15,9,13,,6,8,,4,6,2,3,,13,10,5,7,9,5,,5,8,4,2,6,4,,6,7,7,2,14,,3,5,6,,14,10,9,16,10,14,7,,5,13,,10,2,3,2,4,7,4,4,7,,8,5,12,4,5,9,5,6,4,,,12,7,8,13,,2,6,6,9,30,4,9,8,10,5,5,10,5,,1,5,11,7,5,7,5,,4,,4,6,4,5,6,8,10,12,6,4,18,7,5,4,,,10,5,3,6,,13,18,9,10,,4,4,,,2,10,8,5,8,4,4,4,3,6,3,7,13,6,4,,9,2,,8,5,6,9,5,10,6,13,7,5,4,2,2,14,8,18,3,12,4,2,8,9,3,8,25,17,18,6,5,10,3,6,11,5,6,8,6,6,7,3,1,10,13,7,5,,10,3,,2,6,3,6,8,3,4,,3,9,6,7,4,5,9,2,7,6,6,4,218,5,14,5,2,4,4,,10,12,10,12,12,,20,4,8,4,4,6,5,5,2,6,3,6,5,4,9,8,,6,,5,4,5,8,1,8,8,8,5,11,8,8,6,7,4,8,7,35,7,8,6,6,9,12,5,5,2,4,1,11,8,3,9,5,5,6,1,2,3,2,,3,2,4,4,13,2,10,8,7,7,5,15,10,6,4,13,10,3,3,5,7,4,7,10,6,7,20,4,3,3,10,11,6,15,4,6,5,6,12,6,7,9,6,4,11,17,24,15,10,7,8,6,3,7,5,17,4,,2,3,3,9,9,4,7,2,5,4,3,8,7,7,3,2,3,5,1,7,8,6,7,8,,6,7,5,8,3,6,7,5,5,5,2,4,6,3,6,2,8,3,3,3,4,6,4,6,6,4,3,1,2,1,,1,1,3,4,26,11,10,6,10,15,6,3,6,5,6,5,10,8,8,5,9,,6,26,10,13,4,4,5,8,6,7,6,5,9,,5,50,5,8,3,3,2,3,4,,18,4,18,8,9,4,4,8,3,10,31,,4,,4,1,,6,6,1,7,4,8,6,3,,4,16,11,10,,,7,7,2,7,3,4,3,7,8,1,2,3,2,27,5,8,7,10,7,8,3,1,3,2,11,3,3,4,6,9,9,4,4,7,5,5,7,8,10,2,3,4,4,4,12,3,8,6,7,12,4,8,8,8,6,6,,12,5,1,6,3,8,8,7,7,7,4,7,7,2,14,1,2,6,4,6,7,5,4,,3,3,3,4,3,2,1,2,3,3,1,3,3,5,13,8,8,4,8,16,7,4,2,3,1,3,3,3,5,6,7,6,1,10,6,4,7,6,7,6,8,5,16,7
20210719,0,SO2_24h,1,3,3,3,3,2,3,3,3,1,3,3,,,8,,5,5,8,,4,,5,10,,6,5,,6,3,3,5,4,1,4,,2,6,,5,2,7,5,4,,3,,3,4,3,5,7,3,5,4,4,3,,6,5,7,8,9,8,,10,6,7,,8,6,4,3,13,5,,5,6,4,3,3,,4,2,2,3,2,2,,9,8,,,4,6,9,8,9,7,18,,9,12,15,12,15,,8,9,6,5,6,8,6,8,6,6,5,3,3,4,4,3,4,4,3,4,3,12,9,18,,11,18,18,17,14,16,11,15,2,4,6,6,7,,3,5,6,5,4,7,4,8,8,2,2,4,2,6,,2,9,4,2,3,4,6,6,10,7,7,6,,,,8,8,,5,8,6,,,,9,,5,4,4,6,2,4,,4,7,,,,9,6,,5,8,7,5,4,,5,1,2,3,6,3,7,5,,5,,4,4,,5,7,,6,4,4,,6,3,5,5,7,7,7,,,7,6,8,5,3,5,3,,6,,,5,,7,5,,2,2,4,5,3,4,,3,3,4,4,4,6,5,6,4,6,6,5,8,6,5,5,4,6,2,,4,4,4,3,2,4,8,6,5,3,,8,3,,,3,6,8,7,,5,5,7,5,5,,,5,4,5,5,5,5,3,3,3,3,3,3,,3,3,5,4,6,6,8,6,7,,4,5,8,5,5,5,6,6,4,4,6,5,6,6,,6,8,7,6,8,5,5,5,4,4,5,5,8,3,,7,4,5,6,5,5,6,6,8,9,7,7,,6,8,7,4,3,5,2,7,7,4,7,,,8,8,7,6,7,10,6,8,12,17,9,10,8,8,9,9,8,6,7,5,6,3,4,4,4,6,,3,7,6,8,8,8,4,,,12,9,4,2,6,,4,2,7,4,,,5,12,6,3,7,6,5,4,8,4,5,,7,7,5,11,13,11,6,7,10,6,6,8,6,4,3,4,4,5,2,4,,4,5,5,5,,10,2,8,10,,,,7,5,,,,9,10,7,6,3,8,9,,8,10,6,10,10,11,7,7,5,7,6,3,5,5,6,6,,5,4,10,5,12,13,8,7,16,,3,2,4,3,5,3,5,4,3,3,3,7,3,2,3,4,3,4,,10,,9,5,5,7,5,,3,4,,,5,4,4,8,,6,5,1,,12,8,6,8,3,7,8,6,6,9,,,,2,,5,9,,8,8,6,8,4,5,1,4,2,3,,7,,,11,,12,8,8,8,9,8,11,9,,8,5,6,6,8,6,8,9,8,16,7,5,5,7,6,9,6,7,7,6,,6,6,5,,6,6,,10,5,5,26,9,,12,6,,,2,5,,3,,13,14,10,11,9,6,,9,9,,2,5,,7,,7,6,9,,11,7,8,11,6,,6,4,4,5,3,6,3,7,8,9,9,8,8,8,11,13,7,6,6,13,8,6,22,9,7,4,7,10,4,5,6,8,5,,4,5,4,4,2,3,3,6,4,8,3,8,5,6,,5,5,9,,9,7,7,7,5,,13,6,4,,4,,2,4,7,3,3,3,2,,,,2,,3,,2,3,2,,3,4,9,3,4,,4,,6,4,6,5,3,2,,7,6,9,6,8,9,,5,,,8,1,3,2,,11,10,9,8,12,5,5,7,8,9,8,6,8,5,4,4,10,7,5,5,10,10,11,3,8,,10,17,15,8,5,6,8,4,,,,,7,8,,6,2,6,10,10,3,6,5,5,5,5,5,6,5,6,6,5,,8,3,2,,3,2,,2,4,3,2,4,3,7,3,2,5,13,6,4,,29,57,10,6,18,8,7,5,5,,6,5,4,5,4,5,9,5,5,,7,,3,4,4,4,3,8,8,10,10,,,4,4,2,4,4,5,3,4,,,8,,5,8,8,7,9,10,10,9,8,,7,3,8,7,9,10,7,7,5,2,4,5,9,,5,6,,4,7,7,7,,,6,5,6,7,6,3,4,6,4,,,5,9,5,3,5,,9,12,7,13,10,10,4,,4,5,4,,,3,7,,12,10,8,,6,,31,29,,,6,5,,,10,11,17,,,2,3,12,10,5,7,5,7,6,3,7,4,6,7,8,7,6,3,6,5,4,7,2,8,,8,9,6,,15,13,11,13,4,4,9,6,6,7,5,7,,,9,5,5,6,8,7,5,2,5,10,7,6,7,11,5,6,6,,,3,3,5,5,6,11,,5,12,11,,11,14,3,,4,5,9,9,6,2,3,6,7,10,4,9,11,7,4,11,,6,4,6,5,7,7,,4,,5,,,,6,5,6,6,4,2,,11,,8,7,6,4,4,4,2,7,7,7,10,5,3,5,4,5,6,10,8,4,5,,5,9,8,7,10,7,10,15,19,19,17,8,13,17,15,,7,15,19,15,15,4,4,5,5,20,11,7,13,8,9,,10,7,7,11,6,6,5,5,12,16,23,,6,2,3,,4,3,5,3,,4,3,1,,5,3,7,5,5,8,6,7,7,8,6,7,2,,8,4,7,15,9,,20,6,4,4,5,5,3,3,6,4,7,8,,4,4,1,,6,4,,18,6,5,5,,5,4,2,7,8,20,11,9,11,13,11,9,16,16,12,13,,3,3,6,9,8,8,11,18,16,13,12,12,5,13,7,4,9,7,9,3,5,7,5,4,4,4,5,9,9,8,8,9,9,9,10,10,7,6,10,8,8,6,25,21,7,8,10,10,10,7,10,17,18,12,8,5,6,,2,6,5,6,6,11,7,9,7,6,6,4,5,6,9,,,5,6,6,,7,9,11,9,9,6,,8,6,7,,,,,5,5,5,5,4,13,10,13,,7,8,11,9,8,9,2,3,10,5,5,,,,,6,7,5,7,7,5,2,,4,5,4,5,8,5,7,8,6,6,6,6,12,11,,11,10,5,4,6,8,3,8,5,,9,6,,8,8,,8,5,4,,6,,9,,8,9,8,7,8,5,5,6,9,3,4,5,2,5,,34,28,6,6,8,6,,5,5,3,2,5,4,,6,7,7,2,22,,3,4,6,,10,9,12,7,11,15,10,,8,18,,11,1,3,2,5,7,11,8,9,,10,4,11,3,5,10,6,7,4,,,11,7,9,6,,2,7,8,9,12,5,9,8,6,6,6,9,5,,1,5,13,8,7,7,5,,3,,4,7,3,5,9,11,19,12,6,13,10,8,4,4,,,10,4,3,6,,14,17,8,13,,4,4,,,2,9,7,5,8,6,4,4,3,7,4,6,11,8,4,,6,4,,8,5,6,8,5,13,5,6,8,4,6,3,3,7,8,28,5,11,5,2,5,9,5,9,9,6,5,5,6,11,6,8,11,5,6,8,6,6,7,2,1,11,13,9,8,8,8,2,,2,5,4,7,9,3,4,,2,9,6,7,5,6,9,2,9,6,7,3,25,5,10,6,2,8,4,,16,12,13,15,19,,19,4,8,4,4,5,6,5,3,6,3,9,4,29,14,7,,6,,6,4,5,9,1,8,8,8,6,9,8,8,6,8,4,9,8,17,7,6,7,6,8,5,5,7,3,4,1,10,8,3,9,4,6,5,2,2,3,2,,2,2,5,3,12,10,10,8,8,8,6,11,11,9,5,11,11,3,2,6,6,6,7,11,5,8,12,4,4,3,8,4,5,9,5,6,4,6,10,6,7,13,8,5,8,8,24,14,10,7,7,6,4,7,5,22,3,,3,3,3,8,11,4,6,5,6,4,4,8,7,7,4,3,2,6,1,8,10,9,8,9,,6,8,6,9,3,6,8,9,7,7,3,4,6,3,6,3,9,3,2,3,4,6,4,7,6,4,3,1,2,1,,1,4,3,5,18,14,13,5,12,13,8,2,7,4,7,6,10,11,7,4,9,,4,17,8,11,3,4,7,10,6,6,6,5,16,,4,12,5,8,3,2,2,2,8,8,9,9,11,12,10,7,4,3,4,18,8,,5,,4,2,,6,6,4,8,4,8,6,3,,4,20,14,10,,,6,8,2,7,2,2,3,12,6,1,3,4,2,8,4,7,7,10,7,7,3,1,3,3,8,2,3,5,6,9,9,5,4,7,5,5,7,7,11,4,4,4,6,5,10,3,36,9,7,11,5,8,8,9,15,22,,10,6,1,6,3,8,8,7,7,7,3,7,5,4,14,3,2,6,10,6,6,5,4,,3,3,4,4,4,2,2,2,3,3,1,3,3,6,7,7,6,5,10,21,14,5,3,3,1,3,3,3,7,8,7,6,3,7,7,7,8,6,9,6,8,5,8,7
20210719,0,NO2,20,7,34,19,25,28,38,12,5,26,20,26,,,17,,14,12,47,,21,,27,6,,11,11,,44,32,24,28,30,20,6,,25,31,,29,29,3,39,7,,3,,3,9,2,24,21,26,20,21,34,18,,13,12,15,30,35,20,,11,37,38,,41,16,16,13,19,12,,6,9,,9,34,,10,23,22,22,14,23,,28,24,,,24,27,19,17,24,47,34,,26,18,25,30,20,,26,17,17,7,9,11,12,10,8,27,3,44,36,55,32,30,14,41,42,38,63,21,25,11,,19,20,26,20,26,19,31,26,13,15,9,14,12,,17,20,10,13,25,46,58,70,38,36,33,83,22,11,,6,15,9,8,15,17,6,27,2,3,7,10,,,,11,11,,7,14,8,,,,16,,11,21,10,10,15,18,,18,26,,,,17,27,,18,27,23,6,,,6,4,6,5,7,2,5,8,,8,,3,1,,10,35,,35,26,31,,25,16,7,25,20,9,15,,,11,9,10,11,5,14,11,,8,,,18,,17,18,,14,2,5,15,15,15,,9,17,23,23,22,13,13,11,29,38,24,16,23,43,50,30,21,22,2,,7,3,3,2,9,10,5,51,22,26,,51,23,,,6,7,20,17,,11,15,8,17,6,,,5,9,2,8,14,15,18,16,11,13,12,12,,12,7,10,61,27,23,17,23,38,,25,12,25,29,43,22,30,16,34,27,42,15,55,42,,35,37,33,27,49,20,51,26,7,15,8,13,24,23,,4,12,8,14,14,5,11,13,36,33,35,20,,24,60,50,20,32,17,18,31,25,21,25,,,14,16,13,16,7,20,6,13,31,53,12,25,32,20,26,16,15,22,,20,14,3,17,19,7,5,,28,24,20,20,42,,9,,,30,27,29,34,15,,40,51,21,55,,,22,10,20,44,46,28,29,53,40,48,33,,22,15,13,20,17,16,9,10,9,10,9,7,19,17,51,15,37,15,29,47,,5,15,28,33,,21,11,33,44,,,,27,6,,,,42,57,91,93,57,113,42,,67,41,14,30,16,27,16,14,11,17,15,4,7,31,8,71,,49,75,51,54,30,27,24,26,40,,13,13,10,3,6,12,22,24,27,11,7,12,5,14,8,9,9,7,,19,,6,6,13,16,11,,13,21,,,7,10,7,30,,20,25,18,,11,5,7,13,8,14,7,6,13,15,,,,7,,3,13,,17,11,10,28,4,3,1,11,10,14,,10,,,12,,8,21,33,12,10,8,13,8,,9,6,6,17,21,6,11,12,10,37,7,34,26,8,7,6,38,17,15,10,,13,21,19,,6,6,,7,14,17,14,7,,34,12,,,22,33,,48,,16,15,16,14,5,2,,16,1,,12,18,,11,,18,15,17,,11,15,9,20,6,,4,6,6,5,30,6,2,26,22,4,15,4,28,11,37,44,11,22,18,28,18,15,20,18,34,26,31,11,24,9,5,10,19,,11,14,15,22,20,11,7,7,9,5,6,45,47,60,,36,31,49,,16,22,17,19,2,,30,9,1,,5,,4,8,4,6,5,5,4,,,,13,,11,,3,1,1,,20,16,12,10,26,,14,,13,17,6,14,7,12,,18,29,17,5,15,16,,10,,,4,8,5,9,,13,23,21,16,19,6,4,14,18,18,16,17,17,20,17,17,11,10,19,22,46,45,40,41,35,,7,8,19,36,15,16,17,13,,,,,14,30,,28,12,14,12,10,11,18,26,20,23,30,20,15,19,,18,25,,7,7,20,,23,5,,6,8,16,17,18,20,11,16,21,51,24,24,21,,15,20,45,18,39,,24,16,15,,25,36,7,13,13,10,22,23,23,,10,,,4,4,12,10,7,,,,,,11,13,8,,,7,,7,,,15,,13,17,20,25,22,18,18,24,31,,18,24,30,29,28,5,3,14,12,14,12,14,4,,21,8,,14,13,14,37,,,12,12,7,14,14,4,4,8,2,,,24,12,11,13,9,,8,15,16,17,16,18,8,,11,11,12,,,16,10,,13,18,24,,18,,4,17,,,11,11,,,45,15,22,,,4,5,4,8,5,5,4,15,12,10,10,16,2,6,6,3,11,34,30,21,5,4,10,12,,31,22,22,,7,16,23,12,13,6,5,5,7,4,5,20,,,35,7,14,14,8,20,5,16,3,14,15,5,28,19,47,15,7,,,15,12,6,6,5,9,,7,25,42,,17,8,5,,4,7,6,6,4,6,1,8,38,32,51,56,26,16,21,8,,22,12,6,5,25,25,,9,,7,,,,11,16,4,40,4,4,,20,,11,17,21,8,6,6,11,8,26,15,20,29,2,6,4,5,20,34,18,24,8,,5,4,11,9,14,7,4,20,28,32,19,16,17,44,7,,14,15,14,22,27,9,10,10,10,10,7,9,9,16,15,,20,21,16,12,17,21,12,17,24,18,23,,7,5,5,,7,4,9,8,,10,7,14,,4,12,,8,10,6,6,6,6,7,16,5,8,,6,9,6,40,27,,18,20,4,27,7,9,12,12,20,22,22,22,,10,6,11,,15,14,,9,2,9,8,,6,5,11,3,3,15,12,16,12,11,12,10,8,14,20,18,,17,12,27,17,15,16,15,18,44,11,9,10,13,14,5,16,10,14,19,3,13,7,32,13,3,2,2,35,55,17,38,25,8,16,30,26,11,29,35,24,31,9,14,6,12,18,12,28,,12,26,22,22,6,6,8,17,,18,20,18,16,50,11,12,9,12,12,10,9,8,5,7,,,11,14,9,,11,12,5,3,8,14,,36,10,16,,,,,11,8,7,12,14,14,5,8,,40,13,7,4,12,5,5,16,21,29,15,,,,,25,13,6,16,15,21,31,,11,6,6,11,25,5,5,9,8,13,11,20,15,13,,10,8,8,8,7,21,24,6,13,,4,6,,6,10,,7,19,12,,6,,11,,6,5,12,15,30,23,,16,22,16,5,12,8,10,,18,11,3,10,6,23,,21,18,19,17,67,52,,7,,30,20,21,,25,23,16,,37,4,20,9,14,8,18,,16,57,,27,12,17,16,39,49,8,5,5,,73,38,43,15,16,8,22,25,27,,,42,34,59,12,,19,80,80,18,30,11,4,42,13,4,10,23,8,,21,40,9,19,9,18,18,,10,,6,25,36,13,26,21,41,30,13,30,28,5,16,5,,,44,16,6,9,,41,37,91,10,,2,4,,,16,35,33,8,17,6,11,25,1,27,9,48,14,11,16,,23,10,,26,6,10,13,5,12,8,13,13,12,16,25,13,32,5,26,17,6,21,6,21,20,7,12,19,16,19,17,13,79,25,5,38,9,9,2,8,10,6,2,13,8,26,18,18,16,22,2,,12,15,18,37,8,9,9,,30,25,7,16,10,2,4,16,15,20,20,15,40,20,14,4,10,22,22,,17,28,45,76,10,,59,11,16,19,14,15,16,24,14,9,13,9,79,12,17,7,,9,,8,7,7,10,6,7,26,37,34,33,21,13,13,19,11,3,25,30,7,8,30,23,12,16,11,18,28,20,14,63,6,2,23,3,13,26,4,8,13,12,,13,3,13,8,12,18,18,7,12,16,22,17,20,14,2,35,8,25,20,15,13,5,7,22,20,20,23,12,11,6,23,22,16,26,13,15,22,13,8,12,21,8,9,2,17,25,31,31,38,15,17,8,15,7,10,14,29,,7,7,35,54,13,46,13,20,7,2,12,15,19,14,9,17,8,10,2,29,88,45,76,29,,24,10,11,10,14,7,38,19,14,5,30,20,17,8,10,10,11,22,18,43,6,14,39,10,10,13,27,5,12,6,,14,2,6,11,17,11,32,8,19,44,30,10,9,11,15,21,23,17,19,7,7,,22,16,5,34,7,3,15,31,27,7,13,8,37,,15,14,38,54,2,6,11,8,29,,16,12,20,20,25,6,10,22,10,14,15,,13,,12,8,,4,44,8,33,15,21,12,10,,11,16,10,12,,,2,15,46,22,34,21,42,14,27,4,8,20,29,29,64,70,28,13,21,39,3,6,22,4,27,7,12,16,30,4,23,7,23,25,39,30,16,21,73,30,47,9,18,44,18,5,6,9,14,13,12,16,15,18,19,42,,27,6,6,4,18,10,33,11,6,28,36,11,24,14,25,26,11,20,2,7,34,8,9,,2,2,4,6,15,20,3,12,20,17,38,4,20,15,8,35,10,77,24,18,9,9,28,30,18,2,15,26,29,14,5,11,13,12,26,12,26,12,24,35,8,21,45,18
20210719,0,NO2_24h,15,8,23,14,15,19,24,15,10,12,17,16,,,16,,17,16,22,,22,,30,6,,7,9,,19,15,8,10,13,13,9,,12,16,,17,14,6,14,17,,10,,8,11,7,9,10,11,11,15,13,13,,11,8,15,21,16,17,,10,21,20,,24,11,15,12,13,11,,6,13,11,10,23,,8,21,19,14,14,18,,15,23,,,15,21,13,17,15,24,25,,13,23,26,22,26,,25,15,21,7,8,8,12,9,8,21,3,31,27,37,18,23,14,21,23,19,34,23,22,13,,24,32,32,27,34,21,25,36,14,17,14,10,16,,18,17,11,15,18,31,29,37,25,26,19,38,15,9,,6,16,8,9,11,16,7,14,2,3,7,10,,,,13,12,,8,12,8,,,,23,,12,21,11,9,18,15,,11,20,,,,19,21,,18,21,20,6,23,,8,5,8,3,5,2,4,6,,7,,4,4,,16,20,,21,15,19,,19,18,11,18,21,6,14,,,9,10,12,22,14,13,15,,10,,,18,,16,16,,7,3,7,10,14,12,,12,16,19,18,22,10,12,9,16,22,16,12,18,20,20,16,12,14,1,,10,4,5,4,7,14,11,14,13,11,,17,13,,,5,8,14,14,,14,13,10,11,7,,,7,8,6,8,8,12,16,16,9,11,14,12,,18,8,17,30,30,24,28,23,37,,25,16,19,23,20,11,14,14,22,16,23,10,29,24,,27,33,27,28,25,22,27,22,11,18,12,14,23,16,,5,14,9,12,19,14,16,16,24,26,24,24,,17,32,27,17,22,16,16,24,22,17,19,,,15,15,17,13,11,19,16,15,22,32,13,14,13,11,15,11,13,18,18,17,7,5,12,9,6,11,,24,43,26,29,35,30,16,,,47,33,44,28,23,,20,27,32,27,,,19,10,15,22,18,15,15,23,23,22,18,,22,9,15,15,17,19,10,11,12,9,17,15,25,24,36,21,30,23,28,19,,16,24,26,24,,34,12,44,48,,,,28,8,,,,21,26,40,42,38,52,28,,37,20,15,24,16,19,14,16,11,11,13,3,8,24,10,33,,21,26,32,18,19,20,17,16,21,,16,11,11,7,8,11,10,15,14,12,9,11,10,17,6,6,8,6,,11,,6,7,9,10,11,,13,15,,,7,7,7,13,,7,9,8,,11,4,6,10,7,13,11,9,14,15,,,,8,,7,10,,11,11,11,15,6,4,2,18,17,20,,6,,,14,,17,12,19,11,10,8,10,7,,13,13,12,14,21,10,10,9,10,17,10,17,15,8,9,8,17,15,14,11,,12,18,21,,7,9,,6,11,10,13,7,,26,13,,,14,13,,17,,18,11,19,22,5,2,,11,3,,17,21,,16,,16,17,12,,14,14,16,20,10,,7,10,15,18,21,10,3,17,18,7,16,7,20,10,25,25,12,8,13,17,17,13,17,14,19,19,18,12,19,9,11,5,8,,7,13,16,15,14,12,8,8,8,6,5,15,19,26,,24,22,23,,13,13,13,19,3,,17,12,2,,9,,6,10,5,8,6,7,7,,,,12,,10,,6,3,4,,17,12,8,12,13,,10,,16,14,11,13,16,13,,15,24,11,9,18,10,,17,,,5,12,9,8,,15,16,14,13,11,9,6,10,12,12,7,10,11,12,10,9,11,13,18,18,20,24,23,25,19,,15,9,27,14,11,14,14,13,,,,,10,18,,16,12,13,12,11,11,20,13,12,14,11,14,17,13,24,17,20,,17,18,19,,17,10,,14,7,11,17,14,14,9,10,15,20,28,25,24,,11,15,20,17,22,7,18,13,20,,11,11,11,13,11,7,16,19,19,,7,,6,4,4,11,11,7,6,12,9,,,10,10,8,6,8,7,8,10,,,10,,11,14,18,17,18,13,13,18,16,,14,19,20,19,21,5,3,18,16,13,13,10,3,,21,11,,15,14,10,13,,,13,7,4,6,11,5,4,8,3,,,19,16,16,17,13,,11,15,17,12,18,17,10,,14,12,9,,,13,17,,12,16,19,,22,,20,26,,,11,8,,,16,12,13,,,4,6,7,7,7,7,5,9,11,8,9,11,6,15,15,7,11,16,17,19,7,4,11,9,,21,12,18,,8,12,16,11,10,4,5,5,8,6,7,19,,,26,8,8,8,8,10,9,10,8,10,10,5,12,10,20,14,12,,,13,15,12,11,9,13,,7,27,19,,9,16,9,,8,7,7,8,4,12,4,7,19,21,26,30,16,14,13,11,,11,11,7,4,26,20,,8,,11,,,,10,14,6,17,4,5,,18,,17,17,16,8,6,8,8,8,16,12,19,11,2,6,6,4,20,24,22,17,9,,8,6,12,9,12,8,6,10,20,17,16,9,11,17,5,,12,15,10,12,16,11,11,10,10,12,7,8,9,11,13,,13,14,8,9,11,11,9,10,15,16,23,,11,8,7,,10,7,9,9,,13,8,15,,4,10,10,9,9,7,6,8,7,9,7,6,6,,7,9,7,27,20,,15,15,5,17,9,13,13,10,14,17,18,13,,14,12,13,,13,12,,11,2,7,6,,10,5,8,3,5,14,11,18,10,10,10,8,10,15,13,14,,11,9,13,9,16,16,14,19,26,6,6,7,11,18,5,8,2,5,6,3,22,15,20,18,6,4,5,18,22,16,18,13,9,13,15,14,14,18,22,17,14,9,10,11,8,11,13,16,13,15,20,12,11,11,11,6,11,,15,12,12,11,18,15,17,16,18,16,19,18,15,10,19,,,8,14,9,,13,9,8,7,12,15,,18,9,9,,,,,11,10,14,22,19,11,5,9,,26,10,10,9,11,13,9,11,10,12,12,,,,,10,13,10,10,17,19,20,,5,7,8,9,10,10,8,9,8,12,12,14,14,14,,7,8,12,12,7,13,14,8,14,,6,9,,10,7,,8,22,6,,6,,11,,6,5,7,7,12,12,19,27,30,23,5,7,9,11,,23,19,3,13,12,26,,15,18,21,22,17,16,,8,12,21,20,15,,24,12,15,,16,4,14,23,10,8,14,,14,26,,23,23,20,18,18,22,11,9,7,,32,11,14,21,21,9,14,13,12,,,31,24,28,7,,10,30,26,22,23,14,4,28,7,9,16,15,12,,27,23,14,20,10,13,12,,9,,6,18,20,10,21,17,19,17,11,22,21,7,12,6,,,17,16,7,11,,23,18,29,10,,2,6,,,12,23,24,6,18,6,11,23,2,23,14,38,21,19,22,,21,13,,23,8,17,16,6,14,10,10,8,11,15,7,7,17,7,20,19,8,11,5,9,19,11,11,8,7,5,7,11,35,17,17,42,10,10,11,13,16,11,5,11,14,14,16,21,22,21,6,,6,11,9,23,8,12,11,,20,39,8,11,13,2,6,24,18,19,19,10,16,20,12,5,8,15,15,,13,39,21,26,18,,20,16,16,16,14,12,15,14,15,7,6,8,20,20,13,14,,8,,10,4,3,12,4,11,27,30,26,27,28,19,14,17,14,8,26,20,10,7,13,21,11,12,5,13,18,20,13,21,7,2,20,5,11,14,5,7,12,11,,12,5,8,6,8,20,13,12,9,16,16,8,21,19,3,27,22,22,15,12,18,12,5,19,11,10,19,12,9,4,13,15,10,23,18,17,17,17,11,12,14,10,9,4,13,13,14,11,16,12,11,11,14,8,9,7,16,,10,5,5,31,17,32,20,15,5,4,20,15,20,18,5,9,3,10,2,16,49,22,35,25,,17,8,10,15,13,13,26,12,16,8,16,16,16,11,15,9,9,14,18,22,7,10,19,11,8,9,18,5,11,7,,10,5,7,8,12,10,15,8,18,22,18,11,14,13,14,14,9,12,7,5,6,,9,13,5,11,9,5,13,20,17,7,8,7,17,,16,12,17,21,2,6,8,7,14,7,13,12,13,12,17,8,6,10,9,12,7,,11,,14,10,,5,23,20,23,20,14,14,13,,10,14,12,4,,,6,13,16,8,10,10,15,13,15,9,5,14,11,13,27,23,17,14,20,21,4,6,19,7,22,6,8,15,21,11,19,7,20,20,20,23,18,8,34,11,14,10,13,20,14,11,26,14,15,12,20,14,15,15,25,27,,22,8,10,6,18,19,17,9,5,15,18,11,14,9,21,24,14,14,14,10,23,12,10,,3,5,4,9,11,16,4,8,13,6,16,4,13,16,8,20,13,27,17,19,5,13,10,16,9,6,9,12,18,19,5,9,8,10,29,13,30,13,19,16,5,15,22,10
20210719,0,O3,14,33,36,24,21,30,13,30,48,16,28,25,,,59,,63,69,27,,59,,61,84,,64,70,,26,36,24,33,25,63,110,,39,29,,30,24,69,26,78,,76,,84,82,72,55,43,41,68,62,55,66,,67,64,43,40,16,61,,18,25,13,,16,78,66,62,59,73,,77,95,70,82,46,,69,62,61,62,74,37,,56,63,,,56,59,61,67,36,4,28,,17,58,47,34,47,,45,59,75,79,77,74,85,79,35,52,26,35,40,18,25,53,22,10,15,19,3,62,46,57,,53,63,47,48,51,52,36,51,66,64,72,55,71,,71,55,71,70,11,50,37,17,40,,19,18,65,61,,70,76,66,66,66,67,82,71,73,66,71,53,,,,48,55,,61,60,56,,,,55,,70,69,72,74,60,66,,52,73,,,,93,50,,54,32,42,67,68,,72,59,67,63,57,63,74,65,,58,,67,62,,60,43,,34,27,38,,41,52,61,45,57,76,72,,,62,72,75,66,64,57,55,,62,,,54,,63,55,,40,79,75,47,49,49,,77,69,42,42,49,46,57,9,35,24,39,51,48,16,16,33,35,44,80,,56,58,57,51,26,65,63,12,34,7,,9,39,,,44,86,58,65,,78,75,90,69,86,,,70,74,82,79,67,49,52,57,46,59,56,53,,50,66,88,33,73,80,87,77,54,,57,83,50,34,,16,26,24,32,27,11,25,11,16,,23,20,26,43,16,34,11,24,34,32,32,27,19,29,,41,41,40,32,29,34,30,30,14,19,16,24,,30,9,9,24,9,24,25,27,27,31,25,,,38,38,39,36,48,32,42,36,68,48,80,76,32,46,48,46,47,46,,38,18,59,21,34,41,112,,24,64,60,82,64,,67,,,72,61,62,35,64,,70,61,99,43,,,93,105,8,19,9,8,10,4,12,14,5,,45,55,58,59,59,61,76,75,77,72,68,82,76,76,29,80,58,89,63,35,,89,48,59,40,,117,156,107,98,,,,67,133,,,,81,57,18,6,51,12,67,,44,12,33,36,40,16,50,50,52,43,55,47,13,24,14,28,,51,19,66,24,92,99,94,74,74,,83,91,95,83,66,64,34,96,77,102,72,46,58,52,60,56,55,60,,61,,65,77,68,56,60,,65,45,,,80,77,81,59,,42,51,57,,66,71,67,60,80,49,71,65,68,43,,,,66,,67,77,,74,83,94,68,80,80,84,57,70,58,,80,,,37,,43,22,10,72,77,66,73,62,,53,54,57,50,30,61,51,45,53,14,61,4,25,50,44,44,4,27,27,56,,56,49,58,,75,75,,63,59,54,54,71,,40,54,,,40,40,,9,,67,65,68,73,69,68,,58,69,,61,61,,67,,69,72,65,,81,81,60,52,59,,24,30,46,49,11,45,6,34,46,42,25,41,32,36,8,15,60,25,6,34,58,43,42,49,10,21,11,20,22,33,69,47,45,,58,18,16,20,24,10,116,89,100,96,107,5,7,2,,16,26,9,,58,31,52,49,55,,23,69,82,,64,,69,64,70,62,78,76,76,,,,53,,57,,86,86,90,,55,56,56,57,37,,44,,68,58,57,42,109,81,,35,26,35,44,72,31,,79,,,69,73,73,28,,37,40,31,41,30,82,74,58,62,57,51,57,58,54,24,17,103,116,99,94,11,11,14,1,2,,81,75,76,19,22,50,35,50,,,,,150,123,,105,42,62,68,42,39,52,29,59,29,4,30,52,47,,71,66,,65,63,72,,69,95,,98,84,46,99,99,104,88,106,98,26,63,74,69,,94,79,68,105,87,94,84,87,95,,77,46,117,94,104,63,58,57,57,,63,,,74,74,67,77,71,,,,,,55,39,69,,,83,,62,,,63,,68,61,62,49,53,54,50,54,46,,72,63,52,53,55,73,81,91,89,67,69,74,64,,58,63,,63,68,18,15,,,37,56,58,51,52,75,72,69,84,,,53,65,68,60,70,,55,76,74,71,81,67,77,,69,70,69,,,64,67,,66,53,65,,72,,161,132,,,64,51,,,50,124,77,,,68,66,86,79,165,161,166,47,63,60,69,42,81,67,49,49,64,31,41,32,53,59,41,40,,67,63,17,,25,17,7,15,97,123,60,58,38,43,37,62,,,44,34,23,30,20,3,24,14,18,16,10,4,13,32,,41,28,,,43,54,49,55,61,70,,71,65,45,,63,71,85,,74,61,73,67,74,61,67,65,23,20,12,3,15,34,26,46,,22,21,24,22,52,49,,64,,71,,,,60,72,68,54,82,77,,25,,58,41,36,65,59,70,61,58,23,42,17,17,80,73,76,71,13,30,47,18,34,,65,6,23,26,21,21,16,31,22,33,37,12,36,16,40,,34,46,47,43,20,41,50,53,55,53,49,55,47,40,38,,26,36,39,10,53,44,48,48,39,43,43,,61,77,74,,85,85,78,89,,75,63,72,,79,74,,77,84,71,68,75,79,81,56,65,66,,74,74,87,21,44,,48,47,77,20,28,38,68,62,53,52,49,42,,81,59,67,,67,78,,70,60,51,51,,58,62,43,63,52,41,44,56,53,58,60,22,59,52,48,58,,44,43,29,38,40,38,39,34,21,24,,26,38,60,28,5,23,15,21,19,34,41,10,21,4,18,10,52,23,52,39,28,30,39,27,25,49,51,43,52,42,83,80,88,39,33,77,64,,87,66,60,50,44,50,59,45,,63,18,30,51,11,84,77,80,58,40,50,59,57,68,78,,,57,70,76,,69,83,78,76,84,65,,12,25,37,,,,,91,87,85,71,76,62,56,61,,6,70,77,88,70,86,39,48,38,42,28,,,,,4,9,73,54,41,31,22,,18,92,90,73,55,84,73,73,24,22,35,21,49,56,,48,55,41,44,25,14,70,89,24,,62,57,,65,58,,61,56,45,,69,,111,,34,26,35,63,46,51,,100,97,105,63,34,35,50,,105,118,78,126,129,68,,89,101,102,112,32,44,,113,98,72,85,60,,109,99,110,,52,138,86,130,68,116,114,,127,80,,108,98,102,101,62,51,97,96,80,,23,70,66,100,106,91,71,73,67,,,64,60,23,35,,54,24,25,52,63,58,71,15,67,79,69,50,77,,75,21,60,47,72,58,59,,76,,64,54,80,41,40,31,71,55,66,31,33,69,58,88,,,18,42,60,64,,84,88,23,66,,69,60,,,61,55,45,64,50,66,62,55,53,61,67,40,82,93,64,,56,69,,54,76,63,66,103,92,62,87,38,53,33,17,55,44,87,93,59,61,59,50,56,30,65,34,26,40,30,23,68,2,59,76,47,72,81,82,83,82,88,75,52,74,41,41,83,53,73,86,,63,31,56,33,70,66,62,,45,104,82,64,62,63,114,103,56,40,71,62,18,62,57,68,49,32,24,,20,100,74,52,130,,43,73,70,64,76,59,63,56,62,57,69,72,20,142,76,58,,61,,69,69,69,56,68,53,43,24,18,26,33,35,34,31,38,45,30,45,38,56,12,50,38,51,26,60,41,65,75,4,71,71,67,81,23,6,82,78,64,64,,52,64,4,16,21,33,43,65,41,49,56,22,96,79,83,26,89,91,86,83,71,64,76,70,64,77,50,63,61,67,69,55,46,40,70,46,46,64,116,70,45,60,51,79,48,50,26,18,28,34,53,63,54,59,54,43,20,,71,28,12,52,83,39,116,56,62,66,55,74,93,93,60,63,65,57,92,109,39,68,38,70,,20,60,31,39,32,43,14,45,52,44,36,22,40,30,71,86,63,36,49,26,92,19,3,47,74,65,22,65,53,75,,77,87,82,71,10,107,13,57,58,9,56,96,102,76,51,106,34,67,40,65,78,,59,74,90,54,69,85,81,35,52,86,86,80,72,,100,120,50,38,54,65,33,62,9,,91,76,65,49,21,62,27,21,36,50,37,,66,,84,50,,40,24,69,41,71,90,56,55,,57,58,68,56,,,74,76,23,29,25,39,9,56,31,80,68,64,44,43,5,2,33,44,31,6,45,67,59,78,48,67,51,64,22,71,26,66,58,45,39,42,58,86,19,67,46,67,46,36,57,73,154,48,26,59,32,39,38,59,69,86,,22,85,69,69,46,69,132,74,71,27,51,98,42,126,113,68,85,51,72,38,43,57,77,,60,74,76,106,58,62,77,62,14,27,28,35,41,69,29,63,81,32,22,52,91,54,25,29,68,59,13,21,,76,90,,68,61,42,64,45,81,63,58,63,45,1,79
20210719,0,O3_24h,81,87,115,92,102,93,94,86,84,99,97,94,,,117,,108,120,125,,107,,71,116,,88,130,,96,94,94,90,71,106,110,,106,85,,91,83,87,100,100,,103,,90,93,79,113,113,119,106,108,120,104,,104,108,108,72,78,81,,68,113,113,,117,128,128,119,125,116,,88,95,82,82,106,,113,98,99,112,102,100,,162,151,,,172,169,153,158,154,163,148,,155,153,165,163,151,,136,110,99,111,106,108,117,125,106,104,91,102,102,99,106,113,119,88,105,100,116,144,143,117,,144,160,139,141,127,142,133,144,107,105,114,104,111,,114,95,109,98,128,123,121,133,124,85,121,140,143,113,,137,127,129,126,118,114,126,110,113,115,113,94,,,,77,90,,95,87,86,,,,190,,163,150,162,162,125,148,,150,169,,,,166,160,,199,174,184,112,122,,132,104,109,96,101,97,110,102,,106,,93,81,,132,151,,155,140,144,,151,154,124,139,78,95,95,,,91,80,94,101,92,79,85,,99,,,153,,152,152,,97,92,97,92,86,94,,107,110,129,128,134,119,112,103,83,85,88,88,89,94,82,82,82,85,81,,83,80,94,67,160,115,106,98,107,93,,102,98,,,100,108,129,108,,113,130,117,144,97,,,84,89,94,94,95,92,81,84,80,83,82,81,,68,85,147,146,153,152,147,126,132,,132,140,89,88,87,87,81,77,75,86,88,81,141,182,,158,135,173,109,147,77,124,112,77,73,78,74,83,113,,85,81,98,102,92,79,85,94,180,160,177,149,,188,169,156,104,126,114,107,132,141,161,120,,,107,113,107,83,76,72,88,88,191,189,212,202,127,135,133,125,114,150,110,128,74,75,72,75,75,125,,118,151,151,213,172,222,170,,,151,170,170,150,156,,169,191,171,162,,,185,143,75,86,101,97,86,86,89,85,89,,102,94,78,93,83,81,125,114,116,121,115,128,97,98,96,91,86,103,103,110,,116,86,95,89,,212,164,191,179,,,,181,180,,,,183,226,123,114,126,120,128,,125,93,88,96,104,78,90,84,80,94,90,91,74,89,84,184,,165,166,185,159,182,178,188,187,184,,109,116,118,113,116,111,124,119,104,106,103,98,103,101,124,121,106,119,,94,,93,105,99,108,143,,146,102,,,117,121,115,126,,91,100,104,,100,101,101,104,112,102,92,96,100,102,,,,112,,111,98,,104,129,124,122,100,101,112,66,78,77,,124,,,161,,146,125,127,105,109,101,109,86,,110,107,107,96,116,100,103,97,116,116,85,96,81,88,80,86,85,75,81,98,,92,113,106,,136,109,,126,127,123,117,123,,134,88,,,89,107,,110,,120,122,125,124,84,88,,86,90,,105,95,,106,,83,81,82,,87,86,88,83,89,,135,153,129,128,121,129,67,146,143,157,132,147,136,101,97,92,89,87,93,102,104,93,98,100,112,105,120,106,115,84,78,75,78,,82,93,73,81,84,98,116,103,107,100,107,126,106,123,,116,113,118,,118,106,117,94,96,,98,96,82,,86,,92,92,102,87,104,100,89,,,,99,,101,,87,87,92,,84,82,89,99,103,,106,,140,132,155,136,144,120,,151,157,163,126,137,155,,100,,,120,99,97,65,,132,115,138,112,76,95,80,88,116,118,110,126,125,118,70,70,152,160,166,145,82,81,80,72,75,,149,170,145,150,92,115,124,87,,,,,247,197,,183,71,80,106,80,78,94,117,108,109,109,116,89,100,104,113,121,,96,102,120,,139,146,,146,158,167,147,146,153,157,162,158,123,121,128,106,,143,157,148,183,196,166,167,112,127,,110,107,133,121,128,112,113,110,110,,83,,106,106,106,102,117,97,90,108,121,,,107,92,126,97,67,93,60,75,,,146,,132,134,138,164,168,160,168,182,123,,149,140,196,204,195,157,163,144,144,115,143,93,85,,92,119,,130,129,85,92,,,87,106,90,95,89,92,90,93,101,,,155,88,87,90,85,,77,122,123,119,127,112,89,,87,89,136,,,134,127,,108,97,117,,116,,211,224,,,91,88,,,168,183,166,,,71,78,119,116,182,184,173,88,85,87,87,80,136,132,124,145,200,192,157,162,76,80,70,75,,192,186,94,,75,74,95,100,115,127,92,86,87,75,85,105,,,110,134,109,125,215,130,131,127,136,93,92,80,97,87,86,89,108,,,185,68,64,68,107,113,,167,147,158,,149,148,148,,125,119,123,118,117,76,85,76,112,118,112,98,88,141,72,103,,90,95,92,87,143,146,,113,,107,,,,92,92,94,90,117,109,,119,,116,129,129,94,96,91,85,89,94,100,121,89,102,99,98,100,113,121,123,106,84,,84,78,65,66,66,71,84,98,94,96,91,82,98,106,101,,82,95,95,89,82,125,117,117,109,128,142,139,141,147,92,,101,102,99,92,87,89,88,86,85,83,92,,72,98,92,,95,94,96,107,,121,114,86,,92,91,98,93,98,116,109,117,116,124,95,90,94,,91,89,98,115,123,,141,140,124,111,109,127,145,136,126,123,141,138,,123,125,108,,122,124,,134,143,135,131,,101,104,114,92,88,126,120,123,119,126,118,98,105,106,108,97,,112,114,124,109,140,165,155,156,143,122,133,116,134,120,69,109,128,104,110,75,63,85,83,80,82,89,75,183,170,163,174,56,68,63,101,112,58,128,127,130,135,140,130,132,124,145,165,185,105,130,122,127,127,107,98,151,154,,160,114,99,115,93,110,106,110,89,114,130,143,139,131,149,,,125,120,120,,115,100,104,102,129,111,,129,107,111,,,,,128,122,115,106,116,153,132,127,,96,109,131,120,122,117,83,74,91,77,83,,,,,101,92,102,93,60,55,91,,85,98,101,108,102,84,80,84,54,61,69,71,87,88,,84,84,68,64,55,62,100,97,64,,74,67,,76,112,,84,81,78,,141,,132,,87,77,133,138,152,133,170,154,158,156,105,127,114,117,,150,150,145,171,159,156,,141,158,151,148,138,140,,136,129,158,155,141,,153,167,158,,148,219,145,158,119,145,222,,243,172,,173,146,146,145,117,115,151,148,141,,127,125,119,158,138,111,124,136,129,,,126,127,133,92,,99,137,129,123,135,108,86,126,94,108,114,96,90,,119,127,198,188,86,170,156,,112,,115,107,185,122,81,83,136,144,131,141,160,122,150,105,,,113,167,103,116,,172,177,216,138,,91,171,,,95,171,162,88,78,96,89,85,92,154,112,187,171,217,93,,120,115,,112,136,105,107,126,159,69,128,78,104,126,98,72,97,102,196,91,81,100,95,92,106,134,91,82,86,87,82,137,150,109,92,152,92,144,150,105,103,115,99,99,141,139,94,144,186,116,86,,96,73,116,92,81,96,102,,96,186,105,116,101,86,130,143,204,113,157,86,101,156,108,89,98,156,122,,94,188,161,178,175,,134,117,106,112,118,104,108,115,103,96,91,119,176,218,155,88,,100,,135,96,96,176,99,83,104,113,136,148,144,142,82,92,94,81,159,225,94,84,97,118,105,125,102,120,122,140,135,122,120,88,138,114,108,115,86,82,87,92,,82,85,95,93,86,208,116,90,79,116,126,96,184,169,112,98,130,176,163,165,115,145,91,121,112,118,94,111,98,99,148,135,94,94,99,89,117,117,155,135,124,129,127,87,128,120,150,112,139,119,133,102,118,98,99,100,98,,117,95,79,179,155,136,163,123,127,86,186,173,152,152,122,113,101,124,96,139,130,137,117,124,,89,89,77,85,86,77,147,102,170,93,108,110,108,82,91,113,107,110,98,88,125,87,110,131,117,111,128,86,96,94,,99,90,94,95,101,110,102,85,137,107,177,157,195,137,137,161,138,138,107,113,109,,116,119,120,123,77,106,162,114,107,113,133,130,187,,144,188,134,123,66,128,143,122,159,64,153,141,175,136,121,89,96,66,82,71,69,,110,,145,122,,103,93,127,102,139,138,106,79,,104,141,137,120,,,78,142,100,87,84,108,85,95,81,92,83,106,118,107,96,109,115,119,127,108,80,81,99,84,101,89,89,113,84,133,88,95,113,97,93,88,108,133,128,122,132,91,151,106,79,90,210,170,85,91,164,113,113,127,177,178,,123,110,87,92,214,102,234,86,91,110,121,127,105,239,177,134,144,149,128,135,149,109,112,,79,120,93,135,124,108,101,123,89,79,90,72,78,130,76,100,114,182,209,80,106,112,86,103,88,86,89,72,159,168,126,123,97,93,115,97,106,93,166,146,108,61,81,124
20210719,0,O3_8h,47,67,62,48,51,62,49,54,67,63,54,57,,,71,,69,76,57,,67,,53,89,,73,89,,59,58,59,50,47,73,105,,59,50,,49,48,80,73,86,,93,,77,84,70,97,79,92,83,84,96,89,,86,87,84,56,62,73,,33,58,50,,46,99,88,87,77,78,,70,74,69,69,76,,80,76,75,84,82,67,,116,113,,,119,124,109,113,75,64,69,,66,86,84,84,77,,70,82,79,90,83,87,98,92,69,68,37,66,67,52,70,82,56,39,61,61,40,85,75,59,,63,78,60,68,64,77,74,66,81,81,76,77,82,,87,75,83,80,36,28,38,13,33,,35,16,82,89,,95,97,90,86,69,92,90,82,82,73,82,63,,,,50,60,,68,71,67,,,,103,,92,92,110,97,80,102,,91,98,,,,106,106,,112,97,118,80,85,,85,79,84,77,77,76,83,76,,65,,82,72,,89,100,,95,89,91,,92,95,84,88,61,84,73,,,79,74,74,68,65,61,60,,73,,,97,,95,91,,64,77,71,67,63,66,,81,64,77,72,64,80,82,47,61,59,63,70,68,57,54,55,63,67,77,,52,66,61,47,61,68,72,52,63,42,,55,61,,,68,85,72,73,,81,86,88,95,86,,,70,74,77,81,78,60,69,71,69,73,69,69,,58,74,109,84,94,96,91,94,76,,76,98,64,53,63,45,52,48,50,49,39,44,61,60,,56,38,64,72,64,33,55,57,38,36,37,31,24,41,,44,48,44,39,37,40,41,42,74,69,72,54,,95,64,64,45,35,48,47,65,72,74,59,,,53,52,46,54,53,45,52,46,124,114,130,136,88,91,94,85,79,86,91,77,53,67,48,56,61,104,,61,76,81,107,83,140,91,,,87,101,83,71,96,,126,129,129,104,,,136,132,33,40,41,34,42,38,44,50,38,,72,75,71,79,74,72,96,91,95,95,93,102,79,77,60,76,68,86,86,75,,84,68,64,66,,146,159,143,139,,,,96,145,,,,127,127,92,83,110,96,109,,102,49,43,52,53,29,68,54,64,66,71,66,41,40,34,107,,112,108,126,102,129,120,142,127,126,,81,102,108,82,82,88,84,109,96,92,74,64,69,66,74,70,71,70,,82,,76,86,80,78,92,,102,82,,,101,100,99,88,,69,76,84,,79,89,82,83,95,67,66,70,69,64,,,,90,,88,86,,88,95,103,90,79,78,87,46,58,56,,105,,,94,,92,66,60,69,75,72,75,72,,68,61,67,67,47,71,62,59,69,58,60,34,32,56,47,50,45,45,44,54,,54,82,79,,72,70,,64,64,62,57,89,,93,74,,,61,72,,76,,88,91,93,90,75,76,,71,77,,75,72,,80,,76,74,76,,81,80,71,65,72,,34,48,50,42,28,54,16,79,88,77,69,85,73,55,27,31,67,42,31,56,68,63,57,62,56,47,52,34,52,48,62,59,67,,73,48,40,48,45,37,102,93,98,96,101,40,46,39,,38,47,38,,58,74,77,74,83,,57,74,80,,66,,71,68,80,68,86,87,79,,,,73,,78,,84,84,82,,70,73,76,61,62,,67,,81,77,84,73,105,92,,57,50,60,75,92,62,,78,,,78,72,68,44,,63,62,71,69,48,89,75,68,82,85,81,83,84,82,56,51,122,138,130,113,46,53,50,40,42,,106,110,93,77,53,66,59,57,,,,,200,166,,150,58,64,81,57,55,60,59,72,50,49,60,66,74,84,96,92,,76,82,101,,94,115,,112,112,108,125,116,126,128,132,128,74,88,89,89,,128,123,123,131,134,128,120,96,96,,101,88,121,105,117,90,88,80,80,,69,,,86,86,73,82,80,76,,82,,,73,63,82,,,84,,62,,,102,,97,90,89,79,83,80,82,86,73,,107,90,108,114,106,118,128,118,117,93,108,83,72,,74,80,,62,67,38,36,,,56,71,70,70,61,82,81,78,90,,,74,62,61,57,63,,61,98,95,93,99,89,79,,75,77,91,,,85,80,,79,69,94,,98,,151,152,,,76,52,,,114,132,126,,,67,65,94,93,168,170,170,63,66,70,66,60,69,57,43,42,101,94,88,60,65,72,55,60,,140,142,43,,51,42,30,39,106,123,76,65,43,46,44,78,,,69,57,55,63,43,40,48,46,44,39,40,25,53,62,41,56,59,,,72,45,47,48,68,77,,80,68,69,,89,73,88,,91,81,92,89,96,53,76,66,42,47,40,27,34,54,52,61,,53,46,45,30,41,43,,84,,83,,,,78,80,81,80,101,94,,53,,62,55,51,69,69,72,72,68,45,58,44,47,90,85,85,87,32,36,37,35,52,,67,34,41,45,45,44,19,58,52,62,52,46,53,45,51,,61,70,73,69,55,72,67,66,70,69,65,71,64,62,51,,40,50,57,45,67,69,66,66,66,61,70,,66,79,76,,86,86,84,90,,88,81,73,,82,80,,78,89,79,76,85,83,89,76,74,80,,80,80,92,60,79,,86,93,80,54,53,65,86,87,74,76,88,88,,92,89,79,,88,90,,93,88,82,80,,73,78,65,69,63,61,55,60,70,66,63,58,76,74,78,73,,79,82,79,75,63,71,75,74,74,51,73,52,48,69,47,40,75,58,68,36,47,64,51,53,15,45,32,74,59,93,71,46,44,48,56,53,47,88,87,92,91,104,98,96,71,65,115,107,66,96,89,93,88,65,67,101,98,,104,67,56,81,53,94,93,96,76,84,97,106,103,102,109,,,94,99,100,,94,84,81,76,90,71,,54,62,60,,,,,108,104,100,79,93,105,82,83,,41,77,75,81,86,83,61,57,60,61,59,,,,,45,41,69,66,43,44,44,,52,78,79,85,82,66,60,66,38,39,52,51,66,68,,63,66,46,45,32,30,79,82,43,,66,60,,63,76,,71,65,66,,90,,118,,60,48,80,93,91,89,135,128,128,133,85,75,69,72,,126,130,76,136,131,103,,116,126,124,122,110,110,,113,109,115,118,94,,134,141,125,,112,193,119,127,93,121,148,,148,144,,148,108,128,121,99,91,119,114,104,,100,110,99,119,115,102,101,116,110,,,103,100,98,76,,85,102,99,99,98,63,78,50,79,77,76,60,79,,97,57,102,114,74,95,102,,90,,89,86,138,81,64,61,116,92,86,75,82,98,106,87,,,62,73,75,75,,130,133,104,97,,79,84,,,71,105,85,71,58,78,73,50,63,81,78,96,110,131,72,,69,76,,74,70,84,85,113,124,56,109,61,65,66,54,64,57,90,139,60,66,83,55,82,62,88,44,49,58,57,49,89,87,90,82,83,78,108,113,91,91,95,83,74,104,85,55,110,109,102,80,,78,52,88,61,67,76,77,,73,140,89,75,76,76,121,102,108,74,112,78,46,52,78,73,73,71,54,,46,142,131,123,149,,112,76,85,79,90,78,82,83,76,81,82,91,111,163,120,66,,80,,96,81,78,86,76,65,66,52,32,52,48,50,39,40,44,52,66,104,51,54,41,75,53,58,74,86,69,88,95,50,89,72,49,97,45,43,81,79,69,77,,62,67,38,47,49,56,82,77,61,57,88,65,93,100,85,43,94,137,134,128,90,110,83,86,93,92,53,87,75,80,107,94,68,66,80,66,56,85,125,86,74,82,66,81,84,77,77,54,84,62,84,68,79,76,74,73,56,,95,57,57,117,112,25,94,74,89,79,101,98,106,122,94,79,75,74,84,128,108,116,98,108,,54,65,53,52,43,40,56,64,115,57,56,47,72,57,77,92,78,47,63,55,98,48,36,64,91,87,52,75,72,82,,87,79,83,78,25,106,56,74,81,43,119,127,143,114,63,112,105,113,62,81,92,,88,90,100,90,60,85,124,72,84,104,106,107,137,,119,154,99,88,60,68,64,77,69,,113,96,118,97,41,70,57,46,54,63,58,,80,,99,79,,62,58,84,62,81,109,75,63,,69,96,95,94,,,69,101,53,56,57,62,39,55,46,68,75,82,87,78,47,48,76,80,67,49,64,75,70,78,63,77,66,64,59,84,58,72,81,70,65,68,81,112,102,92,98,76,100,77,72,62,150,109,37,60,60,54,54,94,108,117,,44,88,73,72,62,86,179,75,69,68,82,112,60,157,152,102,106,82,100,68,96,73,69,,62,85,83,124,81,83,85,83,46,53,64,47,48,95,50,72,87,121,51,68,97,73,53,51,80,76,45,56,129,117,85,120,81,75,70,78,64,82,127,84,87,45,47,104
20210719,0,O3_8h_24h,63,76,77,64,68,76,68,68,71,80,68,75,,,106,,100,107,101,,99,,64,102,,84,118,,86,87,82,77,63,92,105,,81,70,,75,69,81,93,92,,96,,77,85,70,106,100,98,98,98,106,101,,100,103,102,60,71,74,,60,94,91,,99,115,112,107,106,99,,70,74,71,69,91,,97,84,85,94,87,89,,152,142,,,165,164,143,150,134,141,130,,136,134,143,144,131,,122,105,86,107,102,100,113,114,98,97,77,96,98,90,101,106,109,76,98,95,106,119,112,103,,116,128,112,111,102,113,117,112,99,101,100,95,111,,107,89,102,92,90,88,86,90,89,85,81,98,107,108,,123,115,119,114,108,111,105,97,96,92,97,82,,,,66,73,,84,79,75,,,,163,,132,133,143,133,111,132,,131,144,,,,144,148,,169,156,170,101,109,,114,89,92,79,86,84,103,95,,88,,90,79,,121,136,,142,128,135,,133,138,112,121,74,91,85,,,85,76,82,85,81,75,76,,84,,,136,,131,127,,86,84,87,84,78,87,,94,91,100,109,108,92,91,84,76,76,81,84,84,84,75,76,73,82,77,,64,74,75,55,105,90,90,77,84,75,,80,80,,,80,103,104,99,,104,113,106,114,93,,,80,87,88,88,92,85,74,78,75,78,72,73,,62,79,124,121,116,123,115,111,98,,105,117,78,75,83,75,69,72,63,70,69,69,110,147,,112,94,131,100,118,68,103,94,64,60,60,57,80,83,,63,66,73,80,59,61,67,68,131,121,125,122,,163,144,140,85,94,93,87,113,130,129,103,,,89,92,85,74,69,51,73,70,154,163,180,166,116,119,120,109,102,126,99,111,65,67,62,63,65,104,,91,110,117,151,124,153,126,,,116,135,120,112,118,,148,170,155,139,,,172,133,64,71,71,80,76,73,74,76,70,,86,84,74,86,78,76,114,106,103,111,100,107,82,78,87,84,75,90,89,102,,91,72,86,76,,187,163,170,160,,,,142,165,,,,166,182,118,103,118,112,118,,112,76,69,82,79,60,82,74,70,81,84,89,67,71,63,171,,156,156,178,152,176,172,181,178,179,,104,111,112,96,98,98,103,110,98,92,90,87,89,88,102,100,96,98,,89,,89,99,92,95,124,,131,95,,,112,114,108,102,,83,90,100,,92,97,92,94,103,92,82,89,87,94,,,,106,,103,91,,96,112,114,109,90,88,99,51,72,66,,115,,,147,,139,103,120,89,94,89,89,80,,91,82,91,86,92,91,94,85,98,100,74,72,66,82,73,76,74,69,73,69,,70,101,92,,106,89,,106,108,104,96,104,,105,78,,,79,96,,107,,113,115,117,115,81,82,,80,84,,94,86,,93,,78,76,79,,82,82,79,74,80,,108,124,102,100,101,103,56,129,134,128,122,122,122,89,76,67,84,80,76,93,91,86,92,89,108,100,117,94,107,78,69,63,74,,76,79,65,73,71,77,102,98,98,96,101,86,88,95,,71,81,85,,92,89,98,86,90,,93,87,80,,76,,82,79,93,79,90,89,83,,,,86,,90,,84,85,82,,76,75,82,82,88,,92,,109,105,120,106,121,106,,112,114,119,112,115,121,,84,,,102,86,85,57,,106,100,118,102,69,89,75,76,104,108,102,109,115,103,64,60,135,142,148,132,74,65,69,65,72,,125,135,114,126,81,92,92,71,,,,,207,172,,159,71,72,92,72,65,78,93,89,84,90,90,76,90,84,104,99,,80,88,107,,132,137,,133,137,152,135,129,140,144,144,142,95,104,106,96,,137,142,141,170,172,159,158,105,110,,105,104,121,106,119,103,102,92,92,,78,,94,98,98,95,106,92,84,78,107,,,98,86,111,87,54,84,48,62,,,134,,124,122,124,135,139,135,133,142,106,,138,125,154,157,156,146,152,134,132,106,130,89,77,,82,94,,94,102,77,81,,,80,90,84,87,77,84,82,82,92,,,118,79,77,81,78,,71,116,113,112,121,104,81,,80,80,120,,,118,114,,93,87,109,,108,,180,197,,,86,70,,,161,167,154,,,67,70,109,106,173,175,170,80,76,80,78,74,102,105,99,107,163,162,133,125,69,75,65,70,,164,165,88,,70,68,82,92,112,123,84,73,67,59,69,95,,,92,114,100,112,151,119,123,112,122,75,75,71,90,84,77,84,99,,,138,49,51,53,94,100,,119,110,112,,115,108,113,,105,100,106,104,107,68,78,70,80,84,79,75,63,94,63,70,,79,72,74,64,102,104,,101,,98,,,,87,86,89,87,112,102,,78,,95,99,98,88,90,87,81,83,84,91,89,80,91,88,88,89,84,89,86,74,76,,76,61,58,58,59,63,80,87,84,87,83,74,76,78,71,,71,79,80,78,71,107,96,94,93,102,104,111,111,110,79,,78,84,84,84,80,82,80,82,79,70,85,,70,83,80,,87,87,87,95,,104,98,77,,84,83,71,80,91,105,97,105,105,112,85,80,86,,84,82,94,95,100,,113,116,99,96,98,111,114,113,105,104,111,108,,109,106,95,,102,104,,117,121,116,114,,93,98,94,78,78,101,92,93,95,100,94,76,86,86,89,86,,94,98,100,93,126,140,135,136,130,112,107,99,109,95,60,85,113,88,93,64,54,71,67,55,56,80,65,141,131,138,136,50,59,50,83,90,53,112,109,112,120,124,117,119,99,109,149,164,100,112,116,113,114,95,87,132,136,,135,96,84,96,83,94,94,97,76,98,113,125,121,118,128,,,103,100,101,,94,90,95,86,110,94,,106,95,85,,,,,114,110,104,94,101,128,108,107,,86,92,98,96,106,92,74,69,78,72,76,,,,,72,67,86,82,53,49,73,,70,84,86,98,93,75,75,78,44,48,62,67,78,80,,73,73,58,58,40,46,93,89,56,,67,60,,64,101,,80,76,73,,114,,126,,79,71,120,124,131,122,156,150,150,152,96,110,94,109,,144,144,125,156,144,145,,133,147,143,140,134,132,,132,123,151,147,124,,149,159,149,,140,213,138,148,116,137,186,,197,157,,162,139,144,142,99,91,122,117,126,,117,119,112,141,130,104,116,127,120,,,118,120,124,85,,94,124,120,110,113,87,82,104,89,96,104,89,82,,110,117,163,170,82,140,143,,100,,108,101,169,104,76,75,128,119,109,127,144,100,139,92,,,98,126,87,106,,161,162,165,117,,87,135,,,90,151,138,81,68,89,83,75,81,136,97,145,144,159,84,,106,97,,98,105,86,86,116,145,61,119,70,89,113,86,67,86,93,167,81,76,91,75,88,95,112,81,76,80,81,75,112,139,106,86,116,81,127,132,98,96,105,86,87,123,115,81,125,156,110,80,,86,65,104,78,70,85,88,,86,175,93,97,87,83,126,120,170,99,148,83,76,109,99,83,86,119,79,,88,176,152,161,159,,129,100,89,99,107,95,102,103,93,91,86,114,166,196,143,77,,95,,125,90,92,144,89,73,91,94,102,107,114,110,67,73,77,76,119,163,78,72,73,93,89,104,96,106,101,123,123,103,104,78,103,107,76,76,81,79,75,84,,74,78,75,79,78,138,97,82,66,100,107,80,124,126,94,74,108,157,148,149,91,127,89,101,104,113,79,104,91,92,132,118,88,79,88,82,97,96,145,111,102,109,98,81,112,105,122,87,119,95,113,83,102,80,81,83,81,,111,81,68,169,141,97,137,107,117,83,133,141,133,138,114,99,94,106,91,130,122,125,111,110,,76,78,64,71,68,57,115,92,158,77,77,88,89,74,81,97,94,82,82,80,107,77,94,105,104,100,95,80,84,85,,90,79,85,83,77,106,93,80,108,82,150,138,169,123,102,152,131,129,99,96,101,,107,104,110,112,60,95,147,100,100,110,127,118,178,,141,182,120,107,62,98,102,104,123,,130,117,163,120,88,83,80,56,72,68,65,,100,,128,107,,79,76,100,78,109,125,91,76,,88,128,123,112,,,72,129,85,80,77,85,70,81,74,68,75,98,108,84,74,77,89,94,96,86,70,77,89,81,83,79,74,93,73,110,76,91,89,80,79,76,98,126,119,116,125,87,136,89,76,78,182,152,66,80,131,92,93,113,155,149,,81,95,82,82,155,87,190,84,86,92,98,118,91,200,163,119,130,116,110,113,134,91,96,,68,101,89,128,113,100,89,113,70,65,82,62,61,121,64,88,107,171,121,73,98,86,78,78,82,78,65,63,152,154,103,122,82,87,91,91,92,89,148,116,102,58,72,111
20210719,0,CO,0.7,0.4,0.8,0.8,0.7,0.7,0.7,0.4,0.3,0.6,0.5,0.6,,,1.1,,0.8,0.5,0.6,,1,,0.4,0.4,,0.6,0.4,,0.4,0.6,0.5,0.7,0.6,0.3,0.5,,0.7,0.5,,0.8,0.5,0.3,0.2,0.3,,0.3,,0.2,0.2,0.1,0.1,0.3,0.3,0.1,0.1,0.1,0.2,,0.4,0.3,0.1,0.6,0.8,0.8,,0.7,0.5,0.3,,0.4,0.3,0.1,0.2,,0.4,,0.1,0.3,0.1,0.5,0.5,,0.4,0.5,0.4,0.5,0.3,0.6,,0.5,0.4,,,0.3,0.4,0.3,0.4,0.7,0.6,0.7,,0.6,0.7,0.5,0.6,0.6,,0.8,0.7,0.6,0.5,0.6,0.4,0.5,0.5,0.5,0.7,0.6,0.6,0.6,0.7,0.5,0.6,0.4,0.5,0.5,0.4,0.5,0.2,0.6,0.4,,0.4,0.5,0.3,0.5,0.2,0.4,0.3,0.3,0.5,0.5,0.3,0.4,0.5,,0.4,0.3,0.4,0.2,0.5,0.7,0.3,0.4,1,0.6,1,0.9,0.6,0.2,,0.3,0.5,0.3,0.1,0.3,0.4,0.4,0.3,0.4,0.5,0.5,0.3,,,,0.6,0.5,,0.7,0.5,0.4,,,,0.4,,0.4,0.2,0.4,0.3,0.3,0.3,,0.3,0.6,,,,0.6,0.6,,0.5,0.8,0.6,0.3,,,0.2,0.2,0.3,0.1,0.2,,0.5,0.3,,0.3,,0.3,0.4,,0.3,0.4,,0.6,0.4,0.7,,0.6,0.4,0.4,0.3,0.4,0.6,0.4,,,0.3,0.4,0.4,0.3,0.3,0.3,0.4,,0.7,,,0.5,,0.5,0.5,,0.4,0.3,0.2,0.3,0.4,0.5,,0.3,0.4,0.3,0.2,0.4,0.4,0.3,0.4,0.4,0.4,0.4,0.5,0.3,0.4,0.4,0.3,,0.4,0.3,,0.4,0.6,0.4,0.3,0.3,0.5,0.3,2.8,1.3,0.8,,1.6,0.8,,,0.8,0.4,0.2,0.7,,0.6,0.4,0.7,0.5,0.3,,,0.1,0.3,0.4,,0.2,0.4,0.6,0.4,0.5,0.4,0.5,0.5,,0.5,0.5,0.7,0.8,0.5,0.9,0.6,0.7,0.7,,0.9,0.4,0.9,0.9,0.8,1,0.6,0.7,0.5,0.5,0.9,0.4,0.7,0.6,,0.5,0.5,0.6,0.6,0.7,0.5,0.7,0.5,0.4,0.6,0.6,0.5,0.4,0.4,,0.7,0.4,0.4,0.4,0.5,0.5,0.4,0.5,0.3,0.5,0.4,0.3,,0.4,0.5,0.6,0.6,0.6,0.5,0.5,0.5,0.6,0.5,0.5,,,0.6,0.5,0.6,0.4,0.5,0.5,0.6,0.5,0.5,0.7,0.3,0.5,0.6,0.7,0.6,0.7,0.5,0.7,,0.5,0.4,0.4,0.5,0.4,0.4,0.4,,0.6,0.6,0.6,0.6,0.8,,0.5,,,0.8,0.5,0.9,0.5,0.6,,0.4,0.5,0.5,0.6,,,0.5,0.3,0.4,0.5,0.4,0.7,0.7,0.6,0.8,0.5,0.8,,0.4,0.3,0.3,0.3,0.3,0.4,0.2,0.3,0.2,0.4,0.4,0.2,0.5,0.8,0.7,0.7,0.8,0.5,0.8,0.5,,0.7,0.8,0.8,0.8,,0.5,0.9,0.3,0.3,,,,0.7,0.3,,,,0.5,0.7,0.9,0.7,0.6,0.6,0.8,,1.3,0.6,0.5,0.7,0.5,0.6,0.9,0.7,0.6,0.9,0.6,0.4,0.5,0.7,0.7,0.7,,0.4,0.8,0.6,0.8,0.5,0.4,0.7,0.6,0.5,,0.4,1.4,0.4,0.3,0.8,0.4,0.7,0.8,0.6,0.6,0.4,0.5,0.3,0.4,0.3,0.4,0.4,0.4,,0.9,,0.2,0.6,0.3,0.7,0.4,,0.5,0.7,,,0.4,0.5,0.5,0.5,,0.3,0.5,0.2,,0.2,0.1,0.2,0.4,0.3,0.2,0.1,0.1,0.2,0.3,,,,0.3,,0.6,0.8,,0.5,0.2,0.3,0.5,0.4,0.2,0.3,0.4,0.4,0.4,,0.3,,,0.9,,0.7,0.6,0.8,0.4,0.6,0.4,0.3,0.4,,0.5,0.3,0.5,0.4,0.4,0.4,0.4,0.6,0.7,0.7,0.4,0.7,0.6,0.3,0.5,0.5,0.7,0.7,0.6,0.5,,0.5,0.5,0.5,,0.6,0.6,,0.4,0.7,0.7,0.6,0.5,,0.7,0.5,,,0.5,0.5,,0.7,,0.6,0.4,0.5,0.5,0.7,0.5,,0.8,0.7,,0.5,0.6,,0.6,,1.3,0.7,1,,0.6,0.8,0.3,0.2,0.1,,0.5,0.7,0.5,0.7,0.8,0.5,0.3,0.7,0.7,0.4,0.7,0.5,0.7,0.3,1.2,3.1,0.6,0.6,0.5,1,0.5,0.4,0.7,0.6,0.8,0.6,0.6,0.7,0.6,0.4,0.3,0.5,0.3,,0.2,0.5,0.6,0.3,0.4,0.3,0.5,0.4,0.6,0.3,0.5,0.7,0.9,0.6,,1.1,1.2,1.1,,0.6,0.7,0.5,0.3,0.7,,0.7,0.4,0.3,,0.7,,0.7,0.3,0.4,0.3,0.3,0.4,0.2,,,,0.4,,0.5,,0.4,0.3,0.2,,0.7,0.6,0.6,0.5,0.5,,0.7,,0.3,0.6,0.5,0.5,0.5,0.7,,0.8,0.6,0.5,0.7,0.6,0.6,,0.7,,,0.8,0.3,0.3,0.5,,0.6,0.8,0.6,0.7,0.6,0.4,0.5,0.7,0.6,0.7,0.7,1,0.9,0.7,0.5,0.4,,0.6,0.9,0.6,0.7,0.8,0.8,0.5,0.9,,0.4,2.3,1.8,2.2,0.7,0.7,0.9,0.9,,,,,0.6,0.6,,0.7,0.7,0.5,0.3,0.4,0.5,0.4,0.7,0.4,0.6,0.6,0.4,0.5,0.6,,0.7,0.9,,0.7,0.6,0.8,,0.6,0.6,,0.5,0.6,0.8,0.7,0.9,0.8,0.6,0.6,0.6,0.6,0.6,0.7,0.7,,0.5,0.6,0.6,0.3,0.2,0.2,0.5,0.6,0.5,,0.6,0.4,0.3,0.4,0.3,0.2,0.5,0.1,0.1,,0.5,,,0.3,0.3,0.2,0.2,0.4,,,,,,0.3,0.4,0.4,,,0.4,,0.6,,,0.6,,0.8,0.3,0.7,0.5,0.4,0.6,0.3,0.5,0.4,,0.7,0.7,0.8,0.7,0.6,0.3,0.3,0.3,0.3,0.6,0.6,0.1,0.3,,0.5,0.3,,0.4,0.4,0.5,0.8,,,0.6,0.4,0.5,0.5,0.4,0.5,0.8,0.8,0.5,,,0.3,0.3,0.4,0.6,0.3,,0.3,0.5,0.4,0.6,0.6,0.5,0.4,,0.4,0.7,0.7,,,0.7,0.8,,0.6,0.6,0.6,,0.6,,0.6,0.5,,,,0.4,,,0.6,0.4,0.4,,,0.3,0.3,0.2,0.2,0.3,0.3,0.3,0.3,0.4,0.3,0.4,0.5,0.4,0.2,0.4,0.5,0.5,0.4,0.5,0.4,0.3,0.3,0.5,0.4,,0.6,0.5,0.5,,0.4,0.4,0.5,0.5,0.6,0.6,0.5,0.4,0.4,0.5,0.4,0.4,,,0.5,0.6,0.7,0.6,0.4,2.4,0.2,1.2,0.2,1.6,1.6,0.7,0.5,0.5,0.5,0.6,0.5,,,0.4,0.7,0.7,0.6,0.3,0.2,,0.6,0.4,0.4,,0.6,0.5,0.4,,0.3,0.5,0.4,0.3,0.4,0.4,0.5,0.4,0.6,0.4,0.4,0.6,0.5,0.4,0.5,0.7,,0.3,0.4,0.3,,0.6,0.4,,0.6,,0.4,,,,0.3,0.4,0.5,0.4,0.5,0.7,,0.7,,0.4,0.4,0.4,0.5,0.6,0.5,0.5,0.3,0.6,0.6,0.6,0.7,0.1,0.4,0.4,0.3,0.5,0.5,0.4,0.5,0.3,,0.5,0.3,0.7,0.3,0.6,0.8,0.3,1.2,1.1,0.7,1.4,0.3,0.3,1.3,1.4,,0.4,0.5,0.6,0.5,0.6,1.1,0.9,0.6,1,1.3,0.4,0.6,0.8,0.5,0.5,,0.4,0.4,0.4,0.5,0.6,0.6,0.5,0.6,0.5,0.8,0.8,,1.4,0.3,0.2,,0.3,0.5,0.5,0.4,,0.4,0.4,0.6,,0.6,0.6,,0.7,0.7,0.8,0.9,0.7,0.6,0.6,0.6,0.5,0.5,,0.4,0.3,0.6,1.7,0.8,,0.8,1,0.4,0.7,0.9,0.7,0.6,0.8,0.8,0.7,0.7,0.7,,0.6,0.7,0.4,,1,1,,0.5,0.5,0.5,0.4,,0.6,0.6,0.7,0.7,1,0.8,0.6,0.6,0.7,0.4,0.6,0.5,0.6,0.6,0.6,0.5,,0.5,0.9,1,1.3,0.5,0.4,0.6,0.4,0.6,0.6,0.6,0.6,0.6,0.7,1.3,1,1,0.9,1.3,0.3,0.4,0.5,0.8,0.6,0.3,0.5,0.4,0.9,0.8,0.7,0.7,0.4,0.7,0.5,0.8,0.6,0.5,0.7,1,1.1,1,0.5,0.5,0.5,0.7,0.7,0.5,0.6,,0.6,0.8,0.9,0.9,0.5,0.4,0.5,0.3,,0.4,0.4,0.3,0.3,0.3,0.5,0.4,0.4,0.6,0.4,0.4,0.5,0.5,0.3,0.3,,,0.5,0.4,0.8,,0.7,0.4,0.3,0.3,0.3,0.3,,0.3,0.5,0.3,,,,,0.5,0.5,0.5,0.5,0.5,0.3,0.2,0.4,,0.3,0.5,0.5,0.3,0.7,0.5,0.3,0.7,0.9,0.9,0.2,,,,,0.3,0.4,0.4,0.6,0.4,0.5,0.4,,0.4,0.4,0.4,0.3,0.5,0.7,0.7,0.6,0.4,0.5,0.7,0.7,0.6,0.6,,0.7,0.6,0.2,0.2,0.2,0.4,0.6,0.5,0.5,,0.3,0.6,,0.6,0.6,,0.4,0.2,0.6,,0.3,,0.4,,0.6,0.6,0.4,0.6,0.5,0.6,,0.5,0.4,0.6,0.4,0.4,0.5,0.5,,0.5,0.4,0.2,0.5,0.7,0.3,,0.3,0.3,0.2,0.3,1,0.4,,0.7,0.8,0.4,0.1,0.6,,0.2,0.2,0.2,,0.4,0.7,0.6,0.3,0.5,0.4,0.3,,0.1,0.4,,0.5,0.4,0.5,0.3,1,0.7,0.2,0.2,0.2,,0.9,0.2,0.6,0.3,0.4,0.2,0.7,0.7,0.5,,,0.7,1,0.9,0.7,,0.3,0.8,1,0.3,1.5,0.3,0.4,0.7,1.1,0.3,0.5,0.6,0.6,,0.5,0.6,0.3,0.6,0.4,0.4,0.5,,0.4,,0.3,0.9,0.7,0.5,0.8,0.5,0.7,0.6,0.3,0.5,0.6,0.5,0.4,0.3,,,0.5,0.3,0.2,0.4,,0.8,0.6,0.6,0.6,,0.4,0.3,,,0.2,0.5,0.4,0.5,0.6,0.5,0.3,0.2,0.3,0.5,0.6,0.7,0.3,0.3,0.6,,1.2,0.4,,0.5,0.6,0.2,0.3,0.3,0.4,0.4,0.5,0.7,0.6,0.5,0.4,0.4,0.7,0.4,0.6,0.3,0.4,0.4,0.4,0.8,0.3,0.5,0.8,0.5,0.6,0.5,0.4,0.7,0.5,0.4,0.2,0.7,0.6,0.4,0.5,0.6,0.6,0.7,0.3,0.5,0.4,1,0.5,0.6,0.4,0.8,0.5,,0.5,0.5,,0.4,0.8,0.4,0.5,,0.5,0.4,0.3,0.3,0.2,0.3,0.4,0.5,0.3,0.9,0.3,0.7,0.4,0.4,0.5,0.3,0.6,0.4,0.7,,0.6,0.4,0.3,0.4,0.4,,0.7,0.4,0.4,0.3,0.4,0.2,0.5,0.4,0.4,0.6,0.4,0.5,0.7,0.4,0.3,0.1,,0.5,,0.5,0.6,0.6,0.5,0.4,0.6,0.6,0.8,0.8,0.6,0.6,0.6,0.4,0.5,0.5,0.5,0.5,0.5,0.4,0.5,0.7,0.6,0.8,0.7,0.2,0.3,0.4,0.9,0.2,0.9,0.3,0.5,0.6,0.5,0.7,0.7,0.3,0.5,0.6,0.5,,0.3,0.5,0.6,0.4,1.4,0.5,0.4,0.5,0.7,0.4,0.8,0.9,0.4,0.5,0.4,0.6,0.3,0.5,0.3,0.5,0.4,0.5,0.2,0.5,0.2,0.3,0.2,0.3,0.3,0.2,0.6,0.5,0.5,0.3,0.4,0.6,1.8,0.7,0.2,0.6,0.7,0.6,0.6,0.5,0.5,0.7,0.6,0.7,1.4,0.7,0.3,0.3,0.4,0.4,0.3,0.3,0.4,,0.3,0.4,0.6,0.4,0.2,0.6,0.6,0.4,0.5,0.2,,0.4,0.4,0.4,0.2,0.5,0.6,0.2,0.4,0.4,0.5,0.6,0.3,0.4,,0.6,0.5,0.7,,0.4,0.4,0.6,0.7,0.5,0.3,0.4,0.4,0.7,0.5,0.4,0.2,0.2,0.3,0.6,0.7,0.5,0.3,0.6,0.5,0.5,0.7,0.3,0.4,0.5,0.4,,0.2,0.4,0.5,0.6,1.9,0.6,0.5,0.4,0.4,0.6,0.6,0.6,0.3,0.4,0.7,0.7,0.5,0.4,0.5,0.4,0.5,,0.6,0.3,0.2,0.4,0.5,0.2,0.7,0.8,0.9,0.3,0.5,0.4,0.6,,0.5,0.5,0.8,0.8,0.6,0.5,0.4,0.4,0.4,,0.6,0.5,0.7,0.8,0.6,0.3,0.6,0.5,0.4,0.3,0.5,,0.5,,0.5,0.6,,1.3,0.5,0.2,0.4,0.4,0.5,0.4,0.3,,0.4,0.5,0.5,0.5,,,0.7,0.6,0.2,0.2,0.8,0.7,0.5,0.3,1.2,0.1,1,0.2,0.4,0.1,0.5,0.3,0.3,0.3,0.2,0.5,0.5,0.6,0.4,0.6,0.7,2.6,0.8,0.6,0.7,1,0.7,0.4,0.7,0.7,0.5,0.7,0.5,0.4,1,0.2,0.7,0.5,0.5,0.5,1.1,0.6,0.4,0.7,0.5,0.4,0.4,0.5,0.4,0.7,0.8,0.7,,1,0.4,0.5,0.5,0.5,0.3,0.8,0.5,,0.7,0.5,0.4,0.5,0.4,0.5,0.9,0.6,0.7,0.7,0.5,0.4,0.2,0.4,,0.5,0.6,0.2,0.3,0.7,0.7,0.3,0.7,0.5,0.6,0.5,0.5,0.5,0.5,0.5,0.7,0.4,0.9,0.6,0.3,0.3,0.5,0.7,0.5,0.5,0.4,0.7,0.4,0.3,0.3,0.2,0.3,2.8,0.1,0.4,0.2,0.4,0.4,0.4,0.4,0.5,,0.7,0.5
20210719,0,CO_24h,0.7,0.6,0.8,0.8,0.8,0.7,0.6,0.7,0.6,0.7,0.7,0.5,,,0.8,,0.9,0.8,0.5,,0.9,,0.4,0.5,,0.6,0.5,,0.5,0.6,0.4,0.6,0.6,0.3,0.5,,0.8,0.6,,0.8,0.5,0.3,0.1,0.3,,0.3,,0.4,0.3,0.3,0.1,0.3,0.3,0.1,0.1,0.1,0.3,,0.4,0.3,0.1,0.6,0.7,0.8,,0.7,0.6,0.3,,0.5,0.3,0.1,0.2,0.1,0.5,,,0.4,0.2,0.3,0.7,,0.5,0.6,0.5,0.6,0.4,0.7,,0.5,0.5,,,0.4,0.5,0.5,0.5,0.8,1.1,1.4,,0.7,1.2,1.2,1.2,1.2,,1.1,0.7,0.5,0.5,0.6,0.4,0.5,0.5,0.5,0.6,0.6,0.6,0.5,0.7,0.5,0.6,0.4,0.5,0.4,0.4,0.5,0.4,0.7,0.5,,0.5,0.6,0.4,0.6,0.6,0.6,0.3,0.4,0.3,0.4,0.3,0.4,0.5,,0.4,0.3,0.4,0.2,0.4,0.6,0.3,0.3,0.8,0.5,0.5,0.7,0.5,0.2,,0.3,0.5,0.3,0.2,0.2,0.5,0.4,0.3,0.4,0.5,0.5,0.3,,,,0.5,0.4,,0.5,0.3,0.3,,,,0.6,,0.4,0.2,0.4,0.3,0.4,0.3,,0.3,0.7,,,,0.7,0.6,,0.6,0.8,0.7,0.4,0.1,,0.2,0.2,0.3,0.1,0.2,,0.5,0.3,,0.3,,0.4,0.5,,0.4,0.4,,0.6,0.3,0.7,,0.5,0.4,0.4,0.3,0.4,0.6,0.4,,,0.3,0.4,0.4,0.4,0.4,0.4,0.4,,0.7,,,0.5,,0.6,0.5,,0.3,0.3,0.2,0.3,0.4,0.5,,0.3,0.4,0.4,0.3,0.4,0.3,0.3,0.4,0.5,0.5,0.6,0.5,0.4,0.5,0.5,0.4,0.6,0.5,0.3,,0.5,0.6,0.5,0.4,0.3,0.5,0.3,0.9,0.7,0.5,,0.7,0.5,,,0.6,0.4,0.2,0.6,,0.4,0.4,0.7,0.4,0.3,,,0.1,0.3,0.5,0.1,0.2,0.4,0.6,0.4,0.5,0.5,0.7,0.5,,0.5,0.5,0.9,0.9,0.7,1,0.8,0.7,0.9,,0.8,0.4,0.8,0.7,0.6,0.7,0.6,0.6,0.4,0.5,0.6,0.3,0.5,0.6,,0.5,0.4,0.6,0.6,0.6,0.5,0.6,0.4,0.4,0.6,0.6,0.5,0.6,0.4,,0.7,0.4,0.4,0.4,0.5,0.5,0.5,0.7,0.4,0.4,0.4,0.4,,0.4,0.4,0.5,0.7,0.6,0.5,0.5,0.5,0.6,0.5,0.5,,,0.6,0.5,0.7,0.4,0.6,0.6,0.7,0.5,0.5,0.5,0.3,0.4,0.5,0.5,0.5,0.6,0.4,0.6,0.6,0.5,0.3,0.4,0.4,0.4,0.4,0.6,,0.5,0.8,0.7,0.7,1.1,0.3,0.5,,,1,0.5,1,0.8,0.6,,0.4,0.4,0.5,0.5,,,0.5,0.3,0.3,0.3,0.4,0.6,0.6,0.4,0.6,0.4,0.7,,0.4,0.3,0.3,0.3,0.3,0.4,0.2,0.4,0.2,0.4,0.4,0.3,0.4,0.7,0.7,0.7,0.7,0.5,0.7,0.3,,0.7,0.8,0.6,0.7,,0.6,0.5,0.6,0.7,,,,0.7,0.3,,,,0.4,0.6,0.7,0.5,0.6,0.3,0.8,,0.8,0.7,0.6,0.7,0.5,0.7,0.8,0.6,0.5,0.7,0.5,0.4,0.5,0.7,0.8,0.7,,0.6,0.9,0.7,0.7,0.7,0.7,0.8,0.8,0.6,,0.4,0.9,0.4,0.5,0.5,0.4,0.6,0.6,0.5,0.6,0.4,0.6,0.3,0.5,0.2,0.3,0.3,0.3,,0.5,,0.3,0.6,0.3,0.7,0.5,,0.6,0.7,,,0.4,0.5,0.6,0.2,,0.2,0.4,0.2,,0.2,0.1,0.1,0.4,0.3,0.2,0.1,0.2,0.2,0.3,,,,0.3,,0.3,0.6,,0.4,0.4,0.4,0.6,0.5,0.2,0.3,0.3,0.4,0.4,,0.3,,,0.9,,0.9,0.7,0.6,0.4,0.6,0.5,0.2,0.4,,0.5,0.4,0.6,0.5,0.4,0.4,0.5,0.6,0.7,0.9,0.5,0.6,0.6,0.4,0.5,0.5,0.6,0.7,0.6,0.5,,0.5,0.5,0.4,,0.6,0.6,,0.4,0.7,0.6,0.6,0.6,,0.6,0.8,,,0.5,0.5,,0.6,,0.8,0.6,0.7,0.7,0.6,0.5,,0.8,0.7,,0.6,0.6,,0.6,,0.8,0.8,0.7,,0.7,0.7,0.3,0.2,0.1,,0.7,0.8,0.8,1.3,1,0.6,0.4,0.7,0.7,0.5,0.6,0.5,0.8,0.4,1.2,2.1,0.8,0.6,0.7,0.7,0.6,0.4,0.6,0.6,0.7,0.5,0.5,0.7,0.6,0.5,0.4,0.5,0.2,,0.1,0.4,0.4,0.3,0.4,0.3,0.4,0.3,0.5,0.3,0.4,0.6,0.6,0.5,,0.9,0.8,0.7,,0.5,0.6,0.5,0.5,0.7,,0.5,0.3,0.3,,0.6,,0.7,0.3,0.4,0.3,0.4,0.5,0.3,,,,0.5,,0.5,,0.4,0.4,0.3,,0.6,0.6,0.6,0.6,0.6,,0.7,,0.4,0.6,0.6,0.5,0.6,0.8,,0.7,0.6,0.4,0.7,0.6,0.5,,0.7,,,0.8,0.3,0.3,0.5,,0.6,0.7,0.6,0.7,0.7,0.4,0.5,0.7,0.5,0.6,0.7,1,0.8,0.7,0.3,0.3,0.4,0.5,0.8,0.4,0.6,0.7,0.7,0.5,0.8,,0.7,2.6,1.9,0.6,0.6,0.7,0.9,0.8,,,,,0.5,0.5,,0.6,1.3,0.4,0.3,0.3,0.4,0.4,0.6,0.4,0.5,0.4,0.4,0.6,0.5,0.8,0.6,0.8,,0.7,0.7,0.7,,0.7,0.6,,0.6,0.6,0.6,0.5,0.8,0.7,0.5,0.4,0.5,0.6,0.7,0.7,0.6,,0.5,0.7,0.4,0.4,0.7,0.4,0.6,0.6,0.5,,0.5,0.4,0.3,0.4,0.3,0.2,0.5,0.1,0.1,,0.5,,0.4,0.4,0.4,0.3,0.2,0.4,0.1,0.2,0.3,,,0.3,0.3,0.4,0.5,0.3,0.3,0.1,0.5,,,0.6,,0.7,0.3,0.6,0.5,0.5,0.7,0.3,0.5,0.4,,0.6,0.7,0.7,0.6,0.5,0.4,0.4,0.4,0.4,0.6,0.7,0.2,0.2,,0.5,0.3,,0.4,0.4,0.5,0.6,,,0.7,0.5,0.5,0.5,0.4,0.5,0.7,0.7,0.5,,,0.4,0.7,0.8,0.8,0.7,,0.6,0.7,0.5,0.8,0.7,0.6,0.3,,0.4,0.7,0.7,,,0.7,1,,0.6,0.6,0.5,,0.6,,1,0.9,,,,0.5,,,0.7,0.6,0.5,,,0.3,0.3,0.3,0.3,0.4,0.3,0.3,0.3,0.4,0.4,0.4,0.6,0.5,0.5,0.6,0.8,0.8,0.5,0.6,0.8,0.4,0.3,0.5,0.4,,0.6,0.5,0.5,,0.4,0.6,0.5,0.5,0.5,0.4,0.5,0.4,0.5,0.5,0.4,0.4,,,0.5,0.7,0.7,0.7,0.6,1,0.4,0.8,0.6,0.7,0.9,0.7,0.7,0.6,0.7,0.8,0.7,,,0.5,0.7,0.6,0.6,0.3,0.3,,0.7,0.5,0.5,,0.6,0.6,0.5,,0.4,0.5,0.5,0.5,0.6,0.5,0.6,0.5,0.7,0.5,0.5,0.7,0.7,0.4,0.4,0.7,,0.2,0.4,0.3,,0.6,0.4,,0.5,,0.4,,,,0.4,0.5,0.6,0.4,0.6,0.8,,0.7,,0.4,0.4,0.4,0.4,0.6,0.5,0.5,0.4,0.5,0.6,0.7,0.6,0.1,0.5,0.4,0.3,0.5,0.5,0.5,0.5,0.4,,0.4,0.3,0.7,0.4,0.6,0.7,0.5,1.3,1.4,1,1.1,0.3,0.4,0.6,1.1,,0.4,0.5,0.6,0.4,0.5,1,0.9,0.6,0.9,1.3,0.5,0.7,0.7,0.5,0.5,,0.5,0.6,0.6,0.5,0.6,0.5,0.5,0.6,0.5,0.8,0.8,,0.3,0.5,0.4,,0.4,0.5,0.5,0.5,,0.5,0.4,0.6,,0.6,0.5,0.4,0.6,0.6,0.8,0.9,0.7,0.6,0.6,0.6,0.5,0.5,,0.5,0.4,0.6,1.1,0.8,,0.9,1.1,0.5,0.7,0.9,0.7,0.6,0.8,0.8,0.7,0.7,0.6,,0.6,0.8,0.5,,1,1,,0.5,0.4,0.4,0.4,,0.7,0.6,0.7,0.8,1,0.6,0.6,0.6,0.7,0.5,0.6,0.5,0.6,0.7,0.5,0.5,,0.4,0.8,1,1.3,0.5,0.4,0.5,0.4,0.6,0.6,0.6,0.6,0.5,0.7,1.2,0.8,0.9,0.7,1.1,0.4,1,0.8,1,1.1,0.4,0.3,0.8,0.9,0.7,0.8,0.7,0.4,0.7,0.4,0.6,0.6,0.5,0.6,0.7,0.7,0.8,0.5,0.5,0.5,0.6,0.6,0.5,0.6,0.6,0.6,0.7,0.8,0.8,0.5,0.4,0.5,0.4,,0.3,0.3,0.3,0.3,0.3,0.6,0.5,0.5,0.5,0.6,0.6,0.7,0.8,0.3,0.4,,,0.4,0.4,0.7,,0.6,0.5,0.4,0.4,0.4,0.6,,0.3,0.5,0.3,,,,,0.4,0.4,0.5,0.5,0.5,0.3,0.2,0.5,,0.3,0.6,0.6,0.5,0.7,0.7,0.5,0.6,0.5,0.6,0.4,,,,,0.3,0.3,0.4,0.4,0.4,0.5,0.4,,0.5,0.5,0.4,0.3,0.4,0.8,0.7,0.6,0.5,0.4,0.7,0.7,0.6,0.6,,0.5,0.4,0.3,0.3,0.3,0.3,0.6,0.5,0.5,,0.4,0.7,,0.8,0.6,,0.4,0.2,0.5,,0.3,,0.3,,0.6,0.9,0.5,0.6,0.5,0.6,0.5,0.6,0.5,0.6,0.4,0.4,0.5,0.5,,0.6,0.6,0.2,0.4,0.6,0.3,,0.3,0.3,0.2,0.3,0.4,0.3,,0.6,0.8,0.3,0.2,0.6,,0.2,0.2,0.2,,0.4,0.7,0.6,0.4,0.5,0.4,0.4,,0.2,0.3,,0.4,0.3,0.4,0.3,0.8,0.7,0.3,0.4,0.3,,0.6,0.1,0.3,0.4,0.3,0.2,0.5,0.6,0.4,,,0.6,0.9,0.7,0.7,,0.3,0.5,0.6,0.4,1,0.3,0.5,0.6,0.6,0.4,0.7,0.7,0.6,,0.5,0.6,0.4,0.7,0.4,0.4,0.5,,0.4,,0.3,0.9,0.5,0.4,1,0.8,0.7,0.5,0.4,1.3,0.9,0.5,0.4,0.4,,,0.5,0.4,0.3,0.6,,0.7,0.5,0.5,0.6,,0.4,0.4,,,0.3,0.5,0.3,0.4,0.4,0.5,0.4,0.3,0.3,0.6,0.6,0.7,0.5,0.4,0.8,,0.8,0.5,,0.5,0.6,0.3,0.4,0.2,0.5,0.4,0.5,0.5,0.7,0.5,0.2,0.4,0.8,0.3,0.6,0.2,0.2,0.3,0.4,0.5,0.3,0.6,1.1,0.4,0.5,0.4,0.3,0.5,0.5,0.4,0.3,0.8,0.6,0.4,0.5,0.5,0.6,0.7,0.4,0.5,0.4,0.9,0.6,0.8,0.5,0.7,0.6,,0.5,0.5,0.3,0.4,0.7,0.5,0.6,,0.4,0.5,0.4,0.4,0.3,0.3,0.4,0.6,0.4,0.9,0.3,0.6,0.5,0.4,0.6,0.3,0.6,0.5,0.7,,0.6,0.4,0.3,0.5,0.4,,0.4,0.4,0.4,0.3,0.4,0.2,0.4,0.3,0.4,0.5,0.4,0.7,0.7,0.7,0.4,0.2,,0.5,,0.5,0.6,0.5,0.6,0.4,0.6,0.6,0.7,0.7,0.6,0.7,0.6,0.4,0.5,0.5,0.6,0.6,0.5,0.5,0.6,0.6,0.6,0.8,0.6,0.2,0.3,0.5,1,0.2,0.6,0.4,0.6,0.6,0.6,0.6,0.6,0.3,0.5,0.6,0.5,,0.3,0.6,0.3,0.5,0.6,0.6,0.4,0.6,0.6,0.5,0.7,0.7,0.5,0.6,0.4,0.6,0.4,0.5,0.3,0.4,0.6,0.9,0.3,0.4,0.1,0.3,0.1,0.4,0.3,0.3,0.6,0.5,0.5,0.4,0.6,0.5,1.1,0.7,0.2,0.6,0.7,0.6,0.6,0.5,0.4,0.6,0.5,0.6,0.8,0.6,0.3,0.3,0.4,0.4,0.3,0.2,0.4,,0.5,0.6,0.7,0.6,0.4,0.5,0.6,0.3,0.6,0.2,,0.3,0.5,0.5,0.2,0.5,0.5,0.3,0.5,0.3,0.4,0.6,0.3,0.3,,0.6,0.5,0.6,0.6,0.4,0.5,0.6,0.7,0.5,0.4,0.4,0.4,0.7,0.3,0.5,0.3,0.3,0.5,0.7,0.7,0.6,0.3,0.6,0.5,0.4,0.6,0.3,0.4,0.5,0.4,,0.2,0.4,0.5,0.6,1.4,0.5,0.5,0.3,0.5,0.5,0.5,0.6,0.3,0.3,0.8,0.6,0.4,0.5,0.4,0.4,0.5,,0.5,0.6,0.3,0.5,0.3,0.3,0.7,0.8,0.9,0.4,0.3,0.4,0.7,,0.4,0.6,0.7,0.7,0.6,0.4,0.4,0.4,0.4,0.7,0.6,0.6,0.6,0.8,0.5,0.4,0.6,0.4,0.4,0.3,0.4,,0.5,,0.5,0.7,,1.2,0.6,0.5,0.4,0.4,0.5,0.5,0.3,,0.3,0.7,0.7,0.5,,,0.9,0.7,0.3,0.2,0.5,0.4,0.6,0.6,0.7,0.4,0.6,0.2,0.3,,0.4,0.2,0.3,0.3,0.2,0.3,0.6,0.6,0.5,0.6,0.7,0.4,0.8,0.7,0.7,1.2,0.7,0.4,0.6,0.6,0.5,0.6,0.5,0.3,0.6,0.1,0.5,0.5,0.5,0.5,0.9,1.1,0.7,0.7,0.5,0.5,0.4,0.5,0.4,0.7,1,1.1,,0.8,0.4,0.5,0.6,0.6,0.4,0.5,0.5,,0.6,0.2,0.4,0.5,0.4,0.5,0.8,0.6,0.7,0.9,0.4,0.4,0.3,0.3,,0.6,0.5,0.3,0.4,0.8,0.7,0.3,0.7,0.5,0.5,0.7,0.4,0.7,0.7,0.6,0.6,0.4,0.9,0.8,0.4,0.3,0.6,0.7,0.6,0.5,0.7,0.6,0.5,0.5,0.5,0.2,0.4,0.6,0.1,0.5,0.1,0.4,0.4,0.4,0.5,0.6,0.8,0.7,0.5
20210719,1,AQI,25,24,36,20,,29,24,26,18,20,30,29,,,41,,30,32,57,,36,,33,46,,28,32,,29,23,24,18,25,39,35,,44,47,,51,55,26,49,32,,46,,27,26,23,27,25,33,39,22,33,24,,32,20,26,40,45,36,,45,33,25,,47,36,42,48,20,18,,25,25,24,24,29,,23,20,22,29,23,26,,29,20,,,17,,19,36,35,52,43,,53,32,41,38,37,,25,28,28,28,29,25,25,27,26,32,16,51,46,70,54,40,26,26,60,36,57,19,33,18,,24,21,19,,16,18,40,20,20,30,21,24,22,,21,19,20,22,49,46,44,52,51,,41,52,44,26,,21,23,,38,20,20,24,21,38,42,42,17,,,,31,38,,39,34,39,,,,34,,19,32,27,21,25,24,,19,31,,,,28,31,,43,36,50,33,,,32,20,20,25,29,19,25,22,,20,,47,23,,23,32,,41,36,33,,45,25,25,39,22,24,21,,,20,21,23,23,22,20,26,,18,,,26,,25,24,,19,26,23,25,18,19,,28,26,18,34,23,29,25,28,13,17,25,29,19,29,24,19,13,14,23,,19,19,19,23,30,26,23,29,37,37,,49,26,,,29,29,32,29,,32,29,29,37,24,,,23,25,28,25,25,19,28,23,,29,41,34,,20,26,24,21,22,23,26,25,22,,22,25,36,35,,36,21,19,22,23,37,22,37,29,,29,35,16,35,30,31,36,32,10,10,10,10,13,15,,15,12,12,22,10,10,10,20,35,29,35,9,,18,39,31,28,28,14,15,27,15,17,21,,,26,26,21,29,26,17,14,16,42,,54,33,41,41,44,32,42,25,,35,15,,35,16,12,32,,44,40,24,35,41,29,29,,,38,35,41,52,25,,31,28,27,31,,,26,35,22,27,44,39,41,54,41,35,39,,21,16,15,18,18,18,22,24,24,23,23,26,29,29,43,44,30,30,27,36,,38,34,32,41,,34,47,54,44,,,,20,45,,,,27,58,58,94,128,61,66,,57,42,20,33,28,30,17,19,,22,19,29,9,19,18,55,,61,58,52,53,48,27,40,46,44,,43,32,38,24,26,22,27,36,33,30,40,40,39,42,20,19,19,19,,34,,28,24,21,23,27,,29,38,,,33,31,28,58,,30,39,23,,24,37,24,29,25,20,28,22,24,27,,,,35,,22,37,,51,29,28,41,26,25,27,29,27,32,,28,,,29,,38,54,48,37,25,93,28,22,,33,15,13,17,26,17,27,18,17,36,26,29,32,17,28,21,49,26,27,18,,26,31,32,,24,24,,37,51,38,39,28,,44,13,,,36,39,,25,,22,20,20,22,20,21,,25,20,,23,39,,40,,43,38,33,,25,23,19,25,23,,25,29,23,31,32,18,19,60,28,16,31,22,45,16,40,54,30,17,34,74,49,43,43,53,26,26,22,22,30,22,21,20,24,,29,20,22,22,31,10,47,28,29,33,31,30,35,29,,42,53,67,,54,21,24,18,18,,34,21,27,,20,,28,21,23,25,24,26,25,,,,36,,33,,35,26,29,,46,40,40,27,23,,27,,23,20,22,19,32,25,,27,38,25,23,29,22,,25,,,34,18,20,18,,19,46,32,43,28,30,23,34,52,45,48,44,52,39,25,28,35,48,38,32,26,30,32,29,28,,22,23,21,38,27,26,22,18,,,,,37,28,,36,27,37,34,29,28,29,31,38,36,50,33,13,20,,35,30,,28,31,40,,26,23,,27,45,32,41,52,36,29,41,46,39,22,27,40,,28,25,39,80,57,34,52,28,33,,30,51,39,31,34,24,25,39,39,,35,,,25,25,18,22,30,,,,,,27,23,26,,,26,,25,,,22,,23,27,23,31,33,38,39,36,28,,41,40,37,38,44,21,24,30,30,24,22,28,19,,51,26,,29,27,23,19,,,18,40,16,18,20,24,31,23,25,,,22,22,20,22,31,,19,24,23,24,25,32,29,,30,23,23,,,25,24,,30,19,24,,22,,52,45,,,36,23,,,67,39,39,,,20,26,24,22,52,54,54,32,31,28,24,21,26,24,19,21,32,46,39,20,38,42,39,28,,57,52,28,,27,40,34,28,34,46,24,22,19,28,17,27,,,48,18,27,47,16,45,14,38,11,20,33,53,17,20,38,26,13,,,15,73,70,82,21,23,,,23,18,,39,19,24,,25,32,22,22,22,26,23,24,23,33,32,33,15,19,19,25,,18,16,15,16,27,26,,29,,23,,,,20,25,22,20,25,23,,21,,19,23,18,21,20,25,20,17,50,54,70,18,24,22,22,22,27,33,19,31,12,,27,30,32,39,32,44,8,30,18,18,18,17,34,35,23,,20,39,38,45,32,23,20,26,18,27,29,25,28,25,36,,34,39,27,32,28,37,31,31,47,55,47,,21,29,26,,25,26,26,28,,24,20,28,,30,29,,36,30,29,23,25,23,26,29,28,27,,35,30,26,29,35,,26,23,21,36,75,22,19,19,25,20,34,28,,22,25,26,,25,28,,32,21,18,14,,17,26,22,17,20,19,45,,,35,,33,,51,42,39,,14,15,17,13,20,21,18,25,25,35,43,38,38,43,28,39,55,60,54,23,28,15,45,20,35,17,16,43,50,36,40,25,15,16,31,49,31,109,130,128,122,29,39,29,27,62,27,32,,24,46,82,82,20,28,27,25,,24,20,20,18,28,24,29,35,25,15,16,17,18,23,24,,,32,42,37,,44,20,24,22,24,28,,23,19,18,,,,,42,27,24,20,20,27,30,29,,39,82,24,28,26,26,11,15,22,18,15,,,,,35,33,21,18,15,14,26,,31,27,26,28,37,27,19,24,10,22,29,26,17,16,,26,38,22,13,15,28,24,27,32,,18,13,,19,22,,18,17,15,,42,,36,,16,9,15,41,39,41,30,30,30,30,16,24,12,15,,33,32,26,39,34,23,,34,43,28,34,51,39,,31,,29,91,20,,36,42,34,,28,39,28,42,20,38,38,,41,48,,51,,,68,65,63,27,23,26,,53,52,55,31,33,28,21,,29,,,56,33,60,42,,44,58,64,42,28,18,21,32,30,29,26,16,31,,22,28,32,46,22,26,31,,24,,22,50,32,28,35,26,75,43,24,57,42,24,32,26,,,27,15,20,35,,37,33,63,19,,32,31,,,22,32,36,20,33,36,21,21,17,33,22,30,32,27,26,,43,22,,46,25,18,19,33,48,23,38,35,26,30,17,18,52,27,22,24,30,34,17,34,12,31,25,30,55,31,27,23,78,36,28,31,30,25,24,26,27,26,26,32,20,30,34,27,,35,34,,29,15,,16,19,16,17,,21,,24,36,21,20,36,32,36,42,35,51,65,29,28,24,37,21,18,,32,44,69,81,38,,35,22,20,23,24,22,21,29,20,25,23,17,50,45,27,21,,30,,31,22,23,26,28,14,39,42,31,27,16,11,10,18,12,18,36,37,22,22,15,29,21,34,48,44,51,26,32,38,26,26,32,25,17,21,26,30,27,30,,19,21,15,24,23,13,13,35,32,23,23,29,30,30,22,25,27,27,24,28,32,19,36,40,37,44,27,22,22,21,45,40,41,23,17,15,33,23,25,57,39,38,28,25,42,55,46,28,155,26,26,19,24,19,20,52,48,,24,28,28,50,33,43,32,22,25,20,,26,26,26,23,42,25,29,29,38,56,57,71,61,,34,22,15,,17,25,15,31,23,18,20,17,32,21,30,24,25,45,51,54,29,14,36,21,24,28,28,30,26,25,,24,27,42,43,52,34,32,22,13,31,51,31,27,25,28,32,54,42,27,22,32,,38,25,27,39,24,27,57,53,46,35,39,39,36,,32,67,48,30,15,39,27,20,37,,28,39,40,61,53,18,27,34,15,22,44,,20,,17,17,,13,38,19,19,25,36,34,18,,21,26,18,18,,,21,38,29,30,29,53,68,46,64,25,22,26,53,54,74,66,30,29,37,52,31,21,,24,32,25,26,22,48,38,29,22,29,35,59,39,35,25,60,442,500,19,19,25,35,33,49,35,18,19,12,24,27,27,21,56,,33,28,23,22,34,20,37,24,21,23,46,28,45,51,51,,23,14,67,21,43,22,29,,19,45,24,34,25,32,24,,32,36,50,27,29,23,35,44,27,45,34,46,28,18,69,64,24,18,35,32,80,27,30,,23,,54,27,39,25,52,36,22,16,29,46
20210719,1,PM2.5,17,7,21,13,,19,16,16,7,11,21,20,,,25,,15,14,37,,22,,22,32,,19,17,,20,16,10,12,16,27,21,,28,30,,33,34,18,29,17,,32,,4,3,6,14,17,7,20,15,8,12,,12,5,18,28,31,20,,31,13,10,,13,24,25,27,7,8,,11,12,,,17,,16,13,13,13,10,16,,10,9,,,4,,13,5,22,24,20,,20,20,25,24,23,,17,16,18,19,20,14,12,17,18,22,11,24,17,27,17,16,14,10,17,19,20,7,9,12,,9,7,7,,7,7,12,6,8,21,14,15,5,,14,13,12,15,22,19,22,17,34,30,5,36,27,18,,14,9,11,26,13,14,14,14,10,29,15,7,,,,20,14,,17,14,13,,,,20,,5,14,9,7,17,12,,12,14,,,,16,12,,27,20,35,23,17,,18,14,13,17,20,13,10,9,,14,,2,16,,13,22,,17,24,18,,18,17,13,18,15,2,11,,,3,6,8,12,8,10,14,,9,,,13,,14,12,,9,9,12,17,10,10,,19,16,12,12,14,18,9,19,9,2,9,5,2,12,5,7,,7,3,,9,8,4,6,16,12,9,13,16,23,,22,5,,,6,10,10,8,,22,12,15,20,12,,,9,7,5,7,12,12,19,16,18,18,23,15,,14,17,12,14,10,11,17,17,15,,7,8,25,24,20,25,9,11,15,16,18,15,15,16,,12,13,7,17,13,9,15,17,1,,,,2,5,,,2,2,7,2,3,2,14,8,13,14,5,,9,25,17,6,5,7,2,9,10,2,7,,,11,11,10,8,7,9,4,6,27,31,35,23,20,19,18,22,22,13,,19,10,6,10,4,5,13,,23,28,13,16,18,16,20,,,26,18,18,25,17,,17,18,12,15,,,11,10,7,17,17,22,17,22,19,24,9,,14,2,6,6,4,11,,6,1,4,8,,20,20,17,16,18,21,15,15,,14,18,18,25,,22,22,28,14,,,,6,10,,,,16,15,14,32,44,26,20,,8,22,14,15,14,16,10,13,,10,13,19,6,13,12,22,,30,32,20,31,5,12,9,17,12,,25,22,26,16,14,14,14,22,20,14,28,22,27,29,7,9,9,3,,16,,19,12,12,16,13,,11,25,,,19,17,18,23,,20,17,16,,9,14,12,17,12,14,19,5,16,9,,,,24,,15,12,,17,20,13,18,6,2,2,19,15,21,,19,,,16,,26,38,22,16,13,16,16,9,,11,10,9,5,15,3,12,12,7,5,18,20,22,7,4,9,11,10,9,8,,9,16,14,,16,15,,25,20,16,14,12,,10,8,,,25,20,,12,,7,14,7,12,2,6,,12,6,,16,27,,28,,16,26,23,,12,12,7,13,7,,11,12,11,11,18,10,9,40,16,10,16,9,26,8,18,30,10,7,9,54,26,22,30,35,13,10,4,12,15,15,12,14,5,,11,9,8,9,9,4,29,9,12,18,18,14,19,14,,26,16,28,,24,10,13,5,8,,12,11,7,,6,,3,6,6,10,6,6,7,,,,19,,23,,24,12,15,,30,28,17,14,12,,12,,5,2,5,13,13,8,,17,19,13,16,20,15,,17,,,15,9,7,6,,13,32,22,26,19,2,7,17,24,30,31,24,36,26,14,12,24,17,23,22,13,17,16,16,13,,11,9,13,22,14,17,15,12,,,,,20,9,,16,18,13,16,20,19,20,18,17,22,22,7,7,14,33,24,21,,19,18,18,,10,10,,14,18,21,23,26,23,17,18,27,14,9,12,9,,14,7,14,59,21,17,24,5,5,,14,14,10,7,6,14,17,10,10,,24,,,5,5,2,4,21,,,,,,8,13,8,,,11,,9,,,15,,14,18,11,20,21,25,27,24,18,,28,23,20,23,26,12,12,16,18,13,14,19,11,,17,12,,11,12,9,13,,,12,12,8,4,14,7,7,4,11,,,10,7,7,3,9,,,5,9,7,5,13,20,,21,13,10,,,10,4,,21,13,12,,10,,18,19,,,4,16,,,26,18,27,,,7,18,2,2,7,20,22,22,15,19,13,13,7,8,13,12,15,17,20,14,17,20,16,19,,28,22,19,,5,5,14,10,19,18,11,15,5,12,3,16,,,18,11,11,17,4,29,7,26,6,14,9,37,10,8,13,12,9,,,10,53,51,60,3,5,,,15,7,,9,9,14,,13,21,1,7,8,12,15,11,7,17,11,14,2,8,8,17,,8,3,10,9,16,16,,2,,16,,,,3,5,4,4,4,6,,9,,10,16,11,7,9,11,7,2,35,38,51,12,14,5,5,8,18,23,9,11,8,,8,18,13,20,15,16,3,21,12,8,12,10,10,22,13,,8,27,19,31,22,10,10,18,10,11,17,17,18,17,16,,17,4,10,15,16,19,15,15,25,26,27,,7,10,15,,12,9,18,15,,12,14,7,,6,20,,25,21,20,16,12,14,10,13,14,14,,24,21,18,16,17,,16,12,9,17,55,5,8,13,17,13,20,19,,12,11,18,,17,19,,16,7,12,8,,6,5,11,,6,13,13,,,24,,23,,26,28,27,,4,6,3,7,7,9,9,16,17,18,20,14,23,23,14,27,29,24,33,16,19,9,12,9,9,9,7,25,20,25,28,7,10,6,9,11,7,82,99,97,92,20,27,20,7,44,15,18,,15,16,60,60,14,14,17,17,,12,7,14,12,18,10,20,9,17,8,7,8,8,9,8,,,18,29,25,,30,10,7,2,3,19,,9,13,8,,,,,29,9,8,5,5,16,11,20,,14,60,5,6,5,8,2,10,15,6,10,,,,,13,10,10,8,5,5,18,,19,7,9,19,18,6,5,1,1,15,20,18,11,11,,18,26,12,7,10,7,12,10,22,,12,6,,8,7,,,4,10,,9,,5,,7,5,10,14,12,21,8,8,9,9,7,11,8,10,,23,7,6,8,9,16,,13,13,15,9,20,20,,16,16,10,23,6,,6,25,13,,19,23,14,17,5,16,14,,5,18,,18,,,13,24,24,12,9,2,,14,12,18,19,17,8,7,,20,,,14,20,12,22,,6,21,24,14,10,11,,14,21,19,14,11,11,,3,15,22,24,6,18,14,,16,,15,27,17,19,12,9,24,14,10,31,20,14,15,7,,,12,5,13,14,,15,22,17,8,,12,19,,,2,19,13,6,23,25,5,5,5,12,14,16,21,11,18,,22,12,,23,13,8,8,7,33,16,12,24,5,11,8,9,24,5,6,12,17,17,9,14,7,16,7,21,39,18,13,7,27,25,19,15,7,10,11,18,18,16,4,22,9,7,12,12,13,21,8,,14,9,,8,8,8,8,,13,,12,25,8,3,7,14,22,22,11,29,26,20,10,6,20,9,9,,22,19,19,19,2,,11,10,12,16,13,14,14,20,10,17,14,11,25,20,9,6,,21,,12,12,6,18,15,7,20,14,13,11,6,5,3,6,4,12,15,17,,12,4,15,9,23,7,27,26,16,20,19,12,14,16,4,8,8,13,21,4,4,,10,12,10,10,12,9,5,24,7,15,11,20,15,4,15,17,8,9,10,19,18,8,10,9,24,14,12,15,9,12,20,20,14,11,11,9,23,16,5,40,21,12,16,15,20,31,24,12,118,18,15,12,13,9,11,26,23,,9,16,14,16,21,24,20,15,17,14,15,14,15,18,13,29,17,20,5,7,9,16,20,17,,17,5,9,6,6,17,5,12,14,6,13,2,15,7,19,6,17,18,21,28,6,4,11,12,15,19,9,12,18,17,,16,10,29,30,36,20,10,15,1,8,28,13,11,16,16,15,38,20,12,12,22,,20,17,14,15,12,2,25,27,25,17,27,27,14,,16,9,19,21,8,19,16,8,18,,19,27,28,40,37,5,14,8,10,15,20,,12,,2,10,,6,16,2,10,17,23,14,12,,8,11,2,11,,,8,12,11,14,8,24,42,28,46,7,9,18,26,21,7,12,16,4,9,14,17,12,,6,22,17,14,14,33,26,10,7,20,21,42,19,11,17,27,161,138,7,10,15,22,9,18,18,5,12,5,9,10,9,8,18,,21,13,12,15,5,10,18,7,12,16,17,19,29,18,22,19,14,3,16,12,22,11,9,,5,31,7,6,17,22,6,,15,19,19,15,13,7,24,19,17,28,10,26,6,5,39,46,14,8,21,22,59,7,9,7,9,,24,4,15,6,34,25,12,,13,27
20210719,1,PM2.5_24h,16,10,22,16,22,18,12,24,18,15,20,12,,,23,,18,15,23,,21,,20,19,,21,19,,15,14,9,13,9,17,13,,18,22,,23,19,13,20,15,,16,,16,19,12,13,11,6,13,10,9,12,,11,4,14,24,22,17,,29,21,13,,12,21,14,19,16,17,,18,11,6,2,13,,7,12,13,10,12,10,,14,15,,,12,14,15,13,16,22,21,,18,20,27,28,26,,27,12,18,14,17,15,11,16,16,15,7,17,11,21,14,13,11,7,14,14,15,10,12,16,,10,12,12,,13,11,17,12,14,18,14,15,14,,15,15,14,16,14,12,17,11,20,19,7,18,14,18,,12,12,13,21,18,14,13,12,14,20,15,10,,,,18,15,,18,16,16,,,,20,,8,16,12,12,15,14,,13,12,,,,15,14,,21,22,26,16,18,,17,13,12,19,16,13,10,11,,12,,13,14,,15,17,,18,16,14,,15,15,16,13,12,10,9,,,9,9,9,14,10,8,13,,14,,,15,,14,15,,10,12,12,11,12,10,,14,16,12,14,12,13,13,13,11,7,10,7,8,11,11,10,6,9,5,,10,9,6,6,11,11,10,8,8,7,,8,6,,,9,18,12,15,,21,15,15,19,14,,,8,10,10,7,12,13,16,13,14,15,16,16,,12,16,21,23,19,16,28,17,24,,14,9,18,24,19,17,13,17,17,20,20,12,10,11,,11,12,10,12,11,11,9,11,5,9,6,6,6,7,,4,5,5,10,3,5,6,13,8,10,11,7,,10,15,10,7,9,7,3,10,11,6,12,,,9,9,8,9,10,12,7,7,17,16,14,11,17,20,18,19,20,17,18,20,6,5,8,7,4,24,,20,24,28,19,19,15,19,,,22,15,19,25,17,,12,16,11,11,,,10,16,7,9,11,18,9,12,16,13,7,,12,7,9,12,16,17,3,5,3,4,8,3,14,14,14,11,15,18,12,13,,13,12,11,15,,21,11,18,14,,,,8,11,,,,16,17,10,16,35,18,13,,22,22,18,14,19,20,11,15,20,15,16,20,11,14,19,23,,21,22,25,19,17,26,24,26,23,,18,15,19,18,13,15,16,15,14,11,14,11,17,18,8,9,9,8,,14,,17,14,17,15,17,,14,20,,,18,16,16,20,,16,15,14,,14,13,10,16,17,16,18,11,16,12,,,,17,,14,12,,15,21,17,17,10,9,8,23,21,25,,17,,,19,,20,25,16,11,11,10,11,7,,14,13,11,10,16,10,14,12,12,10,18,16,20,12,14,11,11,13,13,10,,14,14,13,,14,12,,18,15,13,18,14,,17,9,,,19,17,,9,,10,12,9,14,8,8,,11,13,,21,21,,31,,15,22,19,,12,13,9,9,7,,14,14,15,19,20,14,10,26,18,15,18,14,23,13,18,26,14,12,9,24,19,17,21,21,12,10,12,10,13,9,13,9,10,,9,10,8,7,13,8,16,10,13,13,13,13,13,12,,12,14,16,,18,12,13,7,8,,7,7,8,,12,,17,9,9,13,12,12,11,,,,15,,18,,12,14,17,,19,20,17,18,16,,14,,11,8,13,16,18,14,,20,19,13,19,20,17,,18,,,16,9,10,8,,19,31,23,24,20,4,5,14,21,26,25,25,27,24,8,8,14,12,15,18,12,16,15,15,12,,25,15,24,20,15,14,15,9,,,,,8,8,,10,16,17,11,16,13,19,11,11,11,12,8,9,10,11,13,11,,14,16,16,,13,15,,18,16,15,19,18,16,17,14,20,17,17,11,11,,15,17,11,39,21,13,17,6,4,,7,6,15,10,13,14,17,12,12,,14,,11,8,8,8,10,13,18,14,15,,,14,13,14,13,14,14,17,16,,,16,,14,18,11,18,18,17,18,20,16,,19,13,18,21,21,17,17,20,19,17,20,12,13,,14,12,,16,15,8,12,,,15,15,12,10,17,12,11,11,12,,,17,8,12,13,11,,5,18,21,21,17,19,16,,19,14,20,,,23,24,,12,10,9,,10,,28,23,,,6,17,,,27,29,31,,,9,15,5,4,17,15,16,16,16,15,14,11,11,14,15,15,19,16,19,18,13,13,15,12,,19,15,13,,8,9,12,13,13,11,12,9,8,14,3,13,,,13,29,26,33,22,34,24,35,26,22,19,46,36,34,36,33,36,,,11,53,51,63,9,11,,62,19,12,,13,16,14,,15,16,10,12,8,14,13,15,10,17,10,9,11,9,7,10,,6,7,7,7,17,14,,13,,13,,,,4,6,6,8,10,9,,10,,11,11,10,7,11,10,7,7,18,18,23,13,10,8,7,8,17,15,12,11,9,,7,10,16,14,15,13,5,20,12,10,15,12,13,19,16,,7,13,12,13,13,13,14,12,12,14,20,20,22,19,18,,20,9,18,12,11,10,11,8,16,20,16,,10,15,21,,12,12,15,17,,17,17,13,,13,17,16,17,17,17,16,17,16,16,13,11,13,,20,19,17,16,16,,19,17,17,18,21,10,20,23,23,23,16,21,,25,24,26,,13,18,,15,5,10,11,,13,10,11,1,7,19,17,,,23,,26,,30,28,31,,8,6,7,6,8,13,11,17,16,16,16,16,24,24,9,14,19,16,22,17,38,25,27,34,9,8,9,21,17,24,20,4,10,4,12,16,9,35,43,39,35,20,21,20,6,15,20,21,34,30,39,34,34,18,12,10,10,,9,7,12,8,10,8,12,14,15,11,8,8,9,8,8,,,17,18,20,,22,11,7,6,9,19,,9,10,6,,,,,10,6,6,6,7,12,10,15,,6,31,11,9,11,12,10,13,12,6,7,,,,,8,8,10,7,8,6,10,,8,8,9,12,13,9,6,5,13,9,15,15,17,12,,11,13,8,6,11,5,9,5,13,,11,8,,12,4,,4,5,2,,8,,5,,4,4,10,11,10,11,18,15,16,17,6,11,6,12,,17,11,5,8,8,22,,13,17,7,6,11,15,,10,12,8,8,5,,14,14,12,,13,16,13,16,5,9,14,,10,14,,18,12,,9,29,29,13,16,8,,11,5,9,17,17,18,26,19,36,,,11,16,15,8,,6,12,12,14,20,10,5,11,20,19,19,12,13,,10,12,18,21,10,16,13,,13,,13,20,13,13,9,8,15,8,13,32,20,13,16,7,,,19,13,13,17,,17,19,19,13,,15,23,,,6,22,19,9,20,15,12,9,9,22,24,20,23,14,26,,20,17,,16,13,14,14,5,32,17,22,14,20,11,7,6,16,8,13,13,13,14,15,16,5,20,10,10,12,10,8,5,22,13,13,16,14,9,8,16,22,22,11,17,12,15,17,20,20,13,9,,12,7,11,11,8,7,6,,15,11,10,20,11,11,7,25,20,15,20,18,19,11,9,8,15,16,10,,13,19,17,22,10,,9,13,13,14,11,14,14,13,12,15,9,11,16,18,13,7,,19,,14,12,7,17,14,9,13,11,11,12,10,8,7,7,7,7,16,15,4,13,8,11,8,14,6,18,21,22,20,12,17,14,10,7,9,10,12,9,13,11,,12,12,14,25,20,8,9,17,7,16,14,17,18,6,14,17,14,7,8,14,15,10,10,13,29,17,17,16,10,9,18,21,12,16,11,11,23,20,5,24,23,15,21,9,22,25,20,13,40,15,16,12,13,12,15,15,13,,12,23,17,20,20,18,20,16,15,17,18,15,18,17,14,19,14,17,3,10,10,14,11,18,,9,12,6,8,8,10,7,9,16,7,12,7,13,10,22,17,21,21,18,19,13,6,11,9,13,15,10,13,14,12,,16,13,20,27,22,11,8,9,11,9,16,9,11,11,14,11,17,19,13,13,16,,19,18,15,17,15,9,25,20,19,13,20,16,16,,11,11,15,13,7,12,12,11,18,17,19,22,22,31,22,7,8,8,7,9,10,,11,,14,21,,6,15,19,12,16,15,14,13,,9,19,18,9,,,12,26,7,7,10,15,17,26,24,20,14,8,14,18,12,25,18,12,19,14,13,14,15,13,15,19,18,18,22,40,25,10,12,11,14,13,12,9,14,135,94,8,11,13,15,13,25,17,6,16,7,8,8,8,18,22,,14,13,15,17,16,10,11,8,12,24,18,19,17,12,18,14,19,13,15,13,18,14,10,,7,62,13,20,28,24,12,20,8,10,23,10,19,12,11,16,20,20,12,20,12,7,27,35,9,18,12,20,17,13,12,15,11,12,16,5,13,8,21,19,6,1,14,27
20210719,1,PM10,19,24,36,20,,29,24,26,18,20,30,23,,,41,,30,32,63,,36,,33,44,,25,32,,28,20,24,11,25,17,16,,44,47,,52,59,24,49,32,,43,,6,9,16,27,25,33,39,20,33,24,,32,17,14,39,41,36,,41,33,25,,47,36,42,48,12,3,,8,12,4,11,29,,20,20,20,29,20,26,,29,7,,,15,21,16,36,35,53,43,,56,32,41,38,37,,19,28,28,22,24,20,22,18,26,29,16,52,46,89,58,40,26,26,70,36,64,4,33,17,,24,3,19,15,14,8,40,20,18,19,16,24,22,,17,19,19,19,49,46,44,53,51,47,41,46,44,17,,12,18,,37,19,20,23,11,38,22,42,17,,,,31,38,,39,34,39,,,,34,,19,32,27,19,22,24,,19,31,,,,28,31,,43,36,50,22,,,32,18,18,14,20,19,24,17,,13,,47,22,,23,31,,41,36,33,,45,22,25,39,17,7,21,,,12,15,16,23,18,19,26,,18,,,26,,25,24,,19,22,20,21,18,19,,27,26,17,34,23,29,25,18,12,17,25,29,14,29,24,19,9,,14,,19,19,19,23,30,26,23,29,37,37,,49,25,,,29,29,32,29,,27,29,22,37,9,,,12,14,12,12,12,19,25,18,39,29,41,34,,19,26,15,20,22,12,17,13,22,,22,12,18,20,29,14,21,19,15,21,37,20,37,29,,29,35,16,35,30,31,36,32,6,6,6,8,11,15,,7,8,12,22,7,10,6,8,35,29,35,7,,18,39,31,28,28,14,15,27,10,17,21,,,26,26,21,29,26,17,12,16,42,51,57,27,41,41,44,30,42,25,,35,10,,35,16,5,18,,44,33,24,35,41,29,17,,,31,35,41,53,25,,31,28,17,31,,,22,19,22,27,44,39,41,58,41,34,39,,21,2,10,10,4,15,4,12,5,5,9,8,29,28,43,44,30,23,27,36,,38,34,32,41,,33,31,58,44,,,,13,14,,,,27,66,65,137,205,66,81,,63,42,20,33,28,30,9,9,13,22,17,29,9,17,14,59,,72,65,53,56,48,27,40,46,44,,43,30,30,24,26,22,27,25,22,15,32,40,39,28,12,15,18,16,,34,,24,9,17,18,27,,29,38,,,33,31,28,66,,30,39,23,,24,37,24,29,24,17,14,14,24,27,,,,24,,17,37,,52,22,3,41,12,12,12,29,27,32,,22,,,29,,30,43,48,37,25,135,28,18,,33,12,8,17,26,3,27,17,17,36,25,17,27,17,28,21,49,26,27,6,,26,31,32,,12,18,,37,52,38,39,28,,44,10,,,33,39,,21,,10,13,20,14,17,21,,25,15,,22,14,,21,,43,25,28,,23,14,13,25,23,,25,29,23,31,32,18,19,69,28,16,31,22,45,16,40,57,30,17,34,69,49,43,43,55,26,26,22,22,30,12,16,13,24,,29,20,22,22,31,10,47,28,23,33,20,30,35,29,,42,55,83,,58,21,20,18,18,,34,20,8,,7,,28,8,10,25,14,14,14,,,,36,,32,,9,16,9,,46,37,40,27,23,,27,,12,9,22,16,11,19,,27,38,25,21,27,21,,21,,,34,18,20,18,,18,44,32,43,18,30,12,34,54,45,48,44,51,39,25,28,25,48,38,29,26,30,32,29,28,,17,20,21,38,27,26,12,10,,,,,34,26,,36,27,37,34,26,19,23,31,38,36,50,33,8,14,25,32,29,,19,31,40,,26,18,,16,45,32,41,54,36,29,41,46,39,22,24,40,,28,25,39,57,63,34,54,18,33,,30,51,21,12,5,24,22,39,39,,28,,,9,9,18,9,15,,,,,,27,23,26,,,11,,9,,,17,,23,27,23,31,33,38,28,36,28,,41,40,37,38,44,20,20,30,30,24,22,21,19,,51,26,,29,27,23,10,,,17,40,12,18,16,11,31,9,21,,,22,21,16,17,31,,16,14,17,24,22,32,18,,20,23,14,,,25,22,,29,18,24,,22,,34,45,,,36,15,,,83,39,38,,,19,16,17,18,24,23,17,27,31,20,24,21,14,11,10,21,32,46,39,18,38,42,39,23,,64,53,22,,27,40,34,28,31,46,24,20,19,28,17,27,,,48,18,27,47,16,45,14,27,11,18,33,44,17,20,38,26,9,,,5,62,59,66,12,12,,,13,8,,19,17,14,,25,32,2,18,7,26,12,24,10,33,11,33,15,19,19,14,,18,16,11,16,27,26,,29,,17,,,,11,6,13,15,9,11,,21,,19,16,18,21,13,25,12,15,49,31,88,15,11,12,8,16,27,31,19,31,12,,27,30,32,39,32,44,8,26,8,18,14,17,34,35,23,,20,34,38,42,16,23,20,18,18,27,29,25,28,25,36,,34,39,27,32,28,37,31,31,47,60,47,,10,29,26,,23,20,19,15,,16,17,24,,12,24,,27,24,13,14,8,18,21,29,28,27,,13,24,18,29,35,,26,23,18,36,16,22,14,13,20,20,34,16,,16,22,24,,21,20,,32,13,18,14,,7,26,22,15,20,17,45,31,20,25,18,27,28,51,42,38,,14,15,17,11,20,21,18,25,24,35,43,38,38,43,28,38,59,70,58,4,14,15,45,20,35,17,16,43,50,26,37,25,15,5,31,49,31,101,166,129,122,29,29,28,27,49,27,32,,6,46,102,73,13,28,27,19,,24,20,17,15,28,14,28,35,20,15,16,14,15,13,15,,,32,34,37,,44,16,4,4,24,23,,23,17,18,,,,,37,20,12,17,16,27,30,23,,39,27,16,7,14,26,11,10,19,18,12,,,,,35,33,12,13,15,14,26,,31,12,7,18,37,12,17,4,10,15,7,23,12,12,,23,20,22,7,10,28,17,3,16,,7,,,7,22,,7,4,15,,42,,13,,16,9,12,41,39,41,15,21,25,18,12,24,9,12,,29,24,12,29,29,23,,34,43,9,28,51,39,,14,34,29,131,20,,36,42,34,,21,22,21,20,14,23,33,,37,48,,51,21,28,86,80,76,14,14,11,,56,53,59,21,18,16,14,27,21,,,61,33,70,42,,44,65,77,42,28,18,2,32,28,29,26,14,31,,17,28,30,46,10,26,31,,1,,17,50,32,28,35,26,100,43,17,64,42,24,32,10,,,27,14,20,35,,37,33,76,19,,32,31,,,20,32,36,7,27,27,12,18,12,33,19,30,32,21,13,,43,10,,46,24,10,14,29,33,18,38,30,26,30,17,18,53,19,17,24,30,34,13,34,9,31,25,28,34,31,27,21,105,33,22,31,14,16,18,24,20,10,15,27,13,30,34,18,,35,34,,29,15,,16,12,14,13,,21,50,19,18,14,11,36,20,36,42,35,52,47,26,28,24,37,21,18,,28,44,88,112,10,,35,17,12,23,17,22,21,25,20,21,18,7,50,33,27,21,,30,,31,17,18,26,28,14,39,42,31,27,16,2,10,18,10,2,36,37,22,22,14,29,21,34,48,44,52,26,32,38,26,26,32,5,17,21,19,18,10,19,,9,21,12,24,23,9,13,21,32,23,23,20,19,30,18,22,10,22,19,19,32,13,36,40,37,44,27,17,22,14,45,40,41,23,14,12,22,11,4,14,39,38,28,16,42,59,46,28,184,16,26,17,24,12,20,53,48,,24,28,28,50,33,43,31,19,19,18,27,26,26,26,23,17,22,26,12,38,55,63,92,71,,34,22,14,14,17,5,9,31,23,18,20,17,32,21,30,11,23,45,51,57,29,14,36,21,19,27,28,30,21,20,,19,14,32,40,48,30,32,8,9,31,51,31,14,25,28,30,46,42,27,22,31,,38,24,15,39,12,9,64,55,46,35,39,35,36,,32,30,48,19,14,39,27,14,37,,22,28,33,72,50,8,27,34,14,10,44,,14,,10,15,,11,38,11,19,25,36,34,16,,13,26,15,12,,,16,38,29,30,29,55,86,46,65,4,13,17,56,57,97,82,30,29,37,53,31,10,,11,29,8,26,22,34,25,29,12,29,35,51,39,35,20,70,542,608,11,19,25,35,33,30,35,18,19,12,24,27,27,14,62,,33,28,10,12,34,18,37,15,17,19,46,24,45,51,52,,19,7,83,21,43,22,29,,4,22,12,34,16,24,5,23,32,36,50,27,29,6,14,44,24,45,34,46,13,18,88,49,18,18,35,27,26,9,16,17,19,30,58,27,39,15,53,28,22,5,29,46
20210719,1,PM10_24h,25,17,34,28,34,27,20,41,30,18,30,18,,,38,,34,37,42,,37,,32,31,,30,33,,22,14,15,12,17,15,14,,42,40,,37,40,20,34,31,,36,,23,29,34,15,17,18,20,15,14,17,,22,17,24,32,32,34,,33,39,37,,46,33,28,31,20,19,,11,18,18,18,22,,15,20,20,20,19,18,,34,30,,,26,32,33,33,28,42,41,,42,37,46,37,41,,45,25,28,20,18,16,19,15,24,23,12,41,42,63,40,33,23,24,44,29,46,26,33,35,,38,36,41,35,35,26,46,37,26,25,23,27,28,,30,22,23,25,31,23,34,28,34,35,27,32,26,23,,21,22,29,43,21,24,21,21,22,23,23,22,,,,28,27,,32,31,26,,,,47,,26,36,28,21,27,28,,27,33,,,,31,31,,36,39,38,29,27,,25,22,24,17,19,22,23,19,,19,,29,24,,37,24,,39,31,30,,40,42,33,32,19,16,15,,,14,16,16,29,26,27,35,,24,,,30,,26,26,,21,23,19,17,19,18,,28,26,31,35,39,22,29,24,16,17,20,20,21,23,21,17,20,16,14,,23,19,23,21,24,28,26,17,22,12,,25,18,,,15,26,29,30,,33,27,27,30,16,,,12,14,17,17,16,21,25,22,25,23,24,25,,26,25,31,35,36,27,35,26,36,,34,21,23,24,26,22,23,27,20,25,33,18,30,27,,28,34,26,29,28,33,24,22,14,17,17,17,16,19,,12,14,18,25,7,10,11,12,31,26,29,24,,26,29,26,21,26,19,18,27,24,23,20,,,22,20,21,26,24,26,24,23,28,27,22,24,34,29,32,29,36,31,38,35,14,11,19,15,13,30,,39,36,35,46,40,30,39,,,38,34,44,51,44,,24,31,22,23,,,21,23,18,16,28,27,28,28,24,17,26,,26,12,16,20,21,21,7,11,8,8,15,10,34,29,35,29,30,33,27,25,,31,27,29,30,,44,33,51,52,,,,21,15,,,,26,41,51,48,63,46,40,,71,30,21,31,34,26,9,18,18,22,20,26,14,20,23,36,,46,35,41,27,56,48,37,38,51,,28,35,22,30,27,25,31,23,21,13,23,26,29,34,22,26,29,25,,25,,29,18,21,24,34,,35,32,,,29,27,26,37,,23,28,24,,30,38,29,25,25,27,23,21,25,31,,,,26,,23,31,,31,31,16,34,13,16,14,33,31,32,,23,,,37,,35,37,31,26,27,30,25,22,,24,22,20,20,34,20,29,22,20,35,24,22,24,21,21,26,30,32,30,22,,25,25,27,,27,30,,28,28,29,31,24,,36,19,,,30,27,,18,,19,19,26,28,17,21,,19,19,,28,24,,31,,28,22,20,,22,15,17,22,16,,23,29,29,39,36,24,20,53,36,23,36,16,41,32,33,47,34,23,32,38,53,32,38,38,24,27,22,20,28,12,32,18,26,,24,24,19,23,29,17,28,21,20,25,16,26,25,24,,32,33,42,,29,20,18,22,14,,16,14,6,,11,,25,15,14,25,26,21,21,,,,27,,28,,17,16,18,,31,27,31,28,29,,27,,28,22,27,31,39,36,,27,32,21,24,29,25,,28,,,24,25,21,18,,28,36,35,29,29,25,15,27,36,37,37,39,41,35,17,16,23,29,26,24,22,26,27,24,22,,32,27,37,32,19,15,17,11,,,,,27,27,,25,27,21,31,21,17,20,18,19,22,21,20,17,12,27,27,25,,25,30,29,,27,27,,32,30,32,36,35,32,35,35,35,35,30,24,31,,47,48,33,40,41,29,37,10,16,,17,33,49,40,42,25,27,34,34,,22,,14,15,15,12,14,23,27,28,21,,,23,22,23,21,23,15,21,23,,,22,,29,28,24,27,30,29,32,31,26,,32,26,30,34,36,28,27,30,30,32,32,18,20,,43,29,,32,32,22,10,,,17,17,16,16,24,23,23,22,22,,,37,36,25,32,22,,34,28,31,34,34,37,20,,25,22,31,,,37,44,,24,21,23,,27,,52,54,,,26,29,,,57,56,39,,,17,20,14,8,26,22,18,30,32,24,32,27,22,33,31,37,45,30,38,34,31,24,36,34,,49,33,21,,19,26,36,29,25,19,17,18,21,25,23,28,,,36,36,42,46,38,42,44,39,31,23,32,51,56,47,53,47,40,,,18,63,59,76,21,22,,56,22,16,,20,28,23,,28,35,18,22,17,26,13,19,19,34,18,24,17,21,14,14,,12,20,11,19,29,24,,19,,16,,,,12,12,9,12,14,20,,18,,23,25,22,23,21,24,28,16,32,25,40,26,10,15,16,16,28,27,32,25,25,,21,19,22,20,24,26,8,37,21,25,23,20,31,27,29,,18,29,27,28,17,27,24,19,21,32,35,35,34,32,35,,38,38,33,20,24,23,24,20,37,44,37,,20,24,24,,22,34,28,28,,29,29,20,,20,25,24,26,26,28,25,29,24,25,22,22,24,,21,21,21,28,37,,35,33,23,28,17,22,24,25,26,28,36,24,,32,40,38,,22,25,,25,18,25,16,,17,18,22,18,26,38,36,34,28,33,33,37,43,42,44,41,,13,15,12,12,22,25,25,27,29,29,37,32,30,40,16,21,39,39,36,25,50,35,41,48,15,15,14,34,34,42,44,18,20,12,24,30,28,52,70,53,54,31,27,32,23,31,34,30,44,46,73,53,48,36,32,19,21,,19,16,12,16,21,18,24,27,30,18,18,19,20,16,18,,,26,29,34,,39,20,20,17,25,35,,17,14,15,,,,,19,14,13,14,14,18,21,23,,15,36,29,18,17,37,12,9,18,16,7,,,,,20,23,13,10,14,14,18,,15,17,16,17,19,13,22,13,12,12,17,20,20,21,,16,17,13,10,23,16,17,12,16,,13,18,,9,11,,7,8,4,,27,,18,,11,6,23,25,25,26,34,35,44,32,14,22,19,21,,39,36,9,19,26,50,,33,38,12,18,41,40,,16,22,33,33,12,,36,29,24,,17,18,24,19,14,21,36,,31,44,,42,28,22,23,120,104,62,68,13,,40,22,24,43,53,59,78,83,87,,,42,36,46,25,,12,44,46,56,36,25,15,29,28,30,33,11,17,,34,25,33,53,16,24,35,,8,,24,37,23,17,25,23,48,32,27,63,45,28,35,12,,,34,32,26,37,,34,27,42,26,,32,45,,,20,34,34,15,20,26,22,26,19,32,32,36,44,26,26,,42,27,,28,28,31,21,19,36,20,34,16,30,24,10,16,35,22,28,24,28,29,16,27,12,34,32,13,14,12,10,8,58,28,28,28,21,18,16,25,28,29,23,24,24,28,35,28,41,26,22,,21,14,23,23,16,14,12,,22,53,24,24,12,20,19,33,43,35,77,38,32,26,27,23,32,34,19,,21,52,48,80,38,,32,26,16,22,20,22,25,19,25,20,13,23,29,60,35,25,,32,,37,14,17,32,24,17,32,34,33,28,30,22,16,18,19,10,35,34,22,20,15,20,20,29,22,37,36,21,33,23,32,20,26,12,19,21,18,18,20,23,,8,25,25,31,39,17,18,27,17,20,26,16,31,23,19,23,25,19,12,20,33,20,22,29,30,30,35,23,28,18,36,35,27,26,16,12,39,32,9,22,26,33,31,15,36,43,33,25,57,26,25,25,28,21,29,25,28,,25,36,27,40,36,32,36,21,19,27,27,28,33,26,25,23,19,27,14,44,51,43,40,57,,23,24,12,18,21,11,25,26,25,19,23,16,24,21,31,26,24,39,39,39,28,17,22,20,23,21,22,23,25,21,,21,18,30,49,29,22,21,12,23,25,36,26,20,22,21,22,27,42,27,28,28,,35,34,29,35,19,19,48,41,34,30,29,26,29,,20,32,34,23,15,24,23,22,31,22,28,24,39,42,31,9,16,15,17,23,20,,25,,25,27,,16,29,28,22,25,29,31,20,,16,38,30,10,,,22,54,13,26,23,35,63,48,41,14,26,9,20,21,51,52,38,41,46,42,26,22,24,19,29,16,25,32,31,49,31,20,22,23,29,26,32,14,56,418,433,13,21,20,23,27,70,35,18,26,17,20,24,25,34,41,,31,36,14,15,39,29,29,14,14,35,28,27,28,28,41,34,38,28,35,26,36,29,24,,18,58,19,67,33,31,24,37,16,19,43,14,34,15,13,37,27,33,45,40,17,11,46,38,13,29,21,28,35,29,19,24,20,24,42,20,43,14,45,33,10,4,26,35
20210719,1,SO2,1,3,3,3,,2,3,3,3,1,3,3,,,8,,5,4,12,,4,,5,8,,6,4,,6,3,3,5,4,2,5,,2,7,,5,3,6,4,4,,2,,2,4,3,8,8,13,6,5,5,4,,6,5,7,8,9,8,,10,5,6,,7,4,4,3,8,4,,4,5,4,3,4,,4,1,2,3,2,1,,7,5,,,3,6,7,7,19,5,49,,18,26,41,38,38,,7,9,6,5,6,10,6,8,6,5,5,3,2,4,4,3,3,4,4,3,2,14,9,3,,14,19,25,23,14,18,11,15,1,4,6,3,7,,3,5,6,5,6,8,6,8,9,1,1,4,1,4,,2,10,4,3,1,3,5,10,10,7,7,6,,,,8,8,,5,8,7,,,,8,,6,3,3,6,2,3,,4,7,,,,6,6,,7,11,5,4,3,,4,2,2,3,7,3,7,5,,4,,4,4,,5,6,,7,4,5,,6,3,5,4,7,7,7,,,6,6,8,5,3,5,3,,6,,,4,,6,6,,2,1,4,5,3,4,,2,3,2,4,4,6,6,6,5,6,10,7,17,6,5,10,5,6,1,,4,4,4,3,2,3,6,16,6,6,,13,11,,,3,7,7,8,,8,6,9,4,5,,,5,4,5,5,5,5,3,3,,3,3,3,,3,3,3,2,4,4,6,5,5,,4,5,9,6,6,5,9,8,8,6,6,5,6,6,,7,8,5,5,8,5,6,5,4,4,5,5,8,3,,6,4,5,6,4,5,5,4,10,10,9,6,,5,6,4,3,3,5,1,8,8,4,8,,,8,9,8,6,6,7,5,8,13,,6,7,15,10,12,8,9,5,,6,7,2,4,5,4,4,,3,5,6,8,8,7,4,,,10,12,3,2,6,,4,2,6,3,,,5,12,6,1,7,6,4,4,5,4,5,,6,6,5,7,9,9,6,6,10,6,6,8,7,5,4,4,4,5,3,4,,4,5,5,5,,17,2,14,13,,,,6,7,,,,16,9,6,6,3,7,6,,6,11,3,10,6,6,6,6,9,8,6,2,4,5,4,3,,3,2,7,4,10,12,11,8,12,,2,1,4,3,4,2,4,5,2,2,2,9,3,3,3,4,3,4,,14,,9,5,4,8,3,,2,4,,,8,5,5,9,,6,4,1,,9,7,5,10,3,8,11,6,12,7,,,,1,,5,10,,8,11,7,9,4,5,1,4,2,3,,8,,,10,,7,7,8,8,8,7,19,9,,4,5,5,5,4,5,6,8,12,30,7,5,10,6,6,8,5,6,5,4,,4,6,4,,6,5,,10,6,16,13,8,,14,5,,,3,6,,3,,12,10,8,8,9,5,,9,9,,4,4,,7,,16,7,14,,21,7,11,10,5,,5,3,3,3,3,5,3,12,5,6,6,7,12,6,12,18,6,6,5,22,6,10,30,14,7,6,7,9,4,4,6,8,5,,4,4,4,4,2,3,3,5,1,8,3,9,7,6,,6,4,26,,8,8,6,4,5,,6,8,5,,4,,3,4,6,3,2,4,2,,,,2,,3,,1,3,2,,6,4,7,2,5,,18,,5,4,6,5,2,2,,10,6,8,6,7,7,,6,,,7,1,3,2,,6,12,8,8,7,5,5,5,12,10,12,8,8,8,3,4,10,6,6,4,13,7,12,4,4,,13,12,17,10,5,10,10,4,,,,,8,11,,5,2,4,12,2,6,3,6,7,5,5,5,6,4,,7,5,,9,2,3,,2,2,,2,3,3,2,4,4,5,4,2,6,9,4,3,,36,7,4,4,7,5,9,5,6,,7,5,4,5,4,5,9,4,4,,7,,,4,4,3,3,8,,,,,,5,4,2,,,5,,4,,,8,,5,8,9,6,8,9,9,8,6,,8,3,8,8,9,12,7,11,5,2,4,5,9,,5,6,,4,7,6,8,,,6,5,4,7,6,3,4,6,4,,,1,9,5,3,5,,7,12,4,10,8,10,4,,4,5,4,,,2,6,,10,14,8,,6,,8,22,,,6,5,,,12,15,15,,,1,4,12,12,11,10,8,7,12,1,6,5,6,5,8,5,6,3,5,3,4,8,3,6,,6,6,5,,29,13,10,8,3,4,8,6,6,6,5,7,,,9,4,5,5,4,20,6,2,3,11,16,6,7,8,5,6,2,,,2,3,3,4,5,7,,,13,10,,23,13,5,,4,7,13,9,6,2,2,6,3,13,3,12,11,6,4,9,,4,4,6,5,5,6,,5,,3,,,,5,6,6,5,4,2,,9,,12,7,5,4,4,3,2,7,8,11,7,4,4,5,4,5,4,8,7,2,5,,4,6,8,9,9,5,11,10,19,14,22,5,7,42,11,,4,15,25,14,10,4,10,14,8,19,8,6,12,7,8,,8,6,6,4,7,6,7,6,9,14,14,,5,2,2,,3,3,5,3,,3,2,1,,5,5,,5,6,6,5,6,6,7,6,7,2,,8,4,6,15,11,,9,7,4,4,5,5,5,5,8,5,2,7,,2,2,1,,5,4,,11,6,5,5,,7,4,2,6,9,17,8,4,7,10,7,8,10,18,24,12,,2,3,6,10,9,5,4,7,5,13,9,8,4,15,8,4,5,2,2,1,4,5,3,3,5,6,5,11,13,7,9,8,8,7,15,8,5,6,6,8,6,14,22,11,7,16,10,13,,6,8,7,12,7,4,5,5,,2,5,5,6,7,10,7,9,7,5,6,4,8,6,9,,,5,6,6,,7,8,12,7,6,4,,9,5,8,,,,,7,6,10,7,6,13,9,13,,6,7,10,7,6,6,2,2,5,5,4,,,,,5,7,4,6,7,5,2,,5,5,4,6,5,5,6,8,6,6,5,5,5,6,,10,9,5,4,6,8,3,8,2,,9,6,,6,7,,8,3,5,,7,,9,,7,9,5,10,9,16,5,5,8,8,5,9,2,4,,35,22,5,4,7,5,,5,5,3,1,4,3,,6,,6,2,16,,7,4,6,,10,9,11,17,10,15,7,,6,11,,9,2,3,1,4,7,3,4,7,,8,5,12,3,6,8,5,6,4,,,15,7,8,14,,3,6,6,8,34,4,9,8,5,5,5,10,5,,1,5,12,6,6,9,5,,3,,4,7,4,5,8,8,6,13,6,4,19,6,5,4,,,11,6,2,6,,18,50,10,10,,4,4,,,2,9,7,5,7,4,4,3,4,6,4,7,10,8,4,,5,2,,8,5,5,9,5,8,4,29,7,6,4,2,2,15,8,11,5,10,4,2,9,9,4,8,20,16,17,6,6,9,1,7,14,4,6,7,6,6,7,3,2,8,14,9,5,,10,1,,2,5,3,6,9,3,4,,3,11,6,7,4,6,9,2,8,5,6,5,249,5,10,5,2,5,4,,7,14,14,13,13,,17,4,8,4,3,6,10,5,2,6,3,10,8,4,9,6,,6,,6,4,5,8,1,8,8,8,5,11,8,7,6,8,4,8,8,20,6,14,6,7,8,13,5,5,3,4,3,12,8,3,9,5,5,5,2,2,3,2,,1,2,6,4,14,2,10,8,6,7,4,12,11,6,5,13,10,3,3,5,8,4,7,8,6,8,14,4,3,3,7,7,10,18,4,5,3,6,12,7,8,10,6,4,10,18,41,17,8,8,9,6,3,7,5,18,4,,2,3,3,10,9,3,6,3,5,4,3,8,8,13,3,2,2,5,1,8,8,6,7,8,,6,7,6,8,3,6,8,16,5,6,3,4,7,3,5,2,9,3,3,3,4,6,4,6,6,4,4,1,2,2,,1,1,3,5,38,12,8,5,12,14,5,2,7,5,6,5,10,8,7,5,9,,6,12,9,10,3,4,5,9,6,9,9,5,12,,5,265,5,8,4,3,3,2,4,,17,6,19,8,9,4,4,3,3,21,55,,4,,4,3,,7,7,2,7,4,8,6,3,,4,13,15,11,,,6,5,2,6,1,3,3,7,6,2,4,6,3,13,5,8,6,10,6,8,4,1,,2,9,1,3,4,6,11,12,5,4,7,6,5,8,8,10,2,3,4,4,4,12,3,10,6,7,11,4,9,8,8,7,11,,10,5,1,6,3,8,8,7,7,7,4,7,6,2,12,1,2,6,4,6,7,6,3,,3,2,4,3,3,1,2,2,3,3,1,3,3,5,6,8,6,3,8,16,6,4,4,2,1,3,3,3,5,7,7,6,1,7,6,5,7,6,7,5,8,5,14,7
20210719,1,SO2_24h,1,3,3,3,3,2,3,3,3,1,3,3,,,8,,5,5,8,,4,,5,10,,6,5,,6,3,3,5,4,1,4,,2,6,,5,2,7,5,4,,3,,3,4,3,5,7,4,5,4,4,4,,6,5,7,8,9,8,,10,5,7,,7,6,4,3,13,5,,5,6,4,3,4,,4,2,2,3,2,2,,9,8,,,4,6,8,8,9,7,19,,9,13,15,13,14,,8,9,6,5,6,8,6,8,6,6,5,3,3,4,4,3,4,4,3,4,3,12,9,18,,11,18,18,17,14,16,11,15,1,4,6,6,7,,3,5,6,5,4,7,4,8,8,2,2,4,2,6,,2,9,4,2,3,4,6,6,10,7,7,6,,,,8,8,,5,8,6,,,,9,,5,4,4,6,2,4,,4,7,,,,8,6,,6,8,7,5,4,,5,1,2,3,6,3,7,5,,5,,4,4,,5,7,,6,4,4,,6,3,5,5,7,7,7,,,7,6,8,5,3,5,3,,6,,,5,,7,5,,2,2,4,5,3,4,,3,3,4,4,4,6,5,6,4,6,6,5,8,6,4,5,4,6,2,,4,4,4,3,2,4,8,6,5,3,,9,4,,,3,6,8,7,,5,5,7,5,5,,,5,4,5,5,5,5,3,3,3,3,3,3,,3,3,5,4,6,6,8,6,6,,4,5,8,5,5,5,6,6,4,4,6,5,6,6,,6,8,7,6,8,5,5,5,4,4,5,5,8,3,,7,4,5,6,5,5,6,6,8,9,7,7,,6,8,7,4,3,5,2,7,7,4,7,,,8,8,7,6,7,9,6,8,12,17,9,9,9,8,9,8,8,6,7,5,6,3,4,4,4,6,,3,7,6,8,8,8,4,,,12,9,4,2,6,,4,2,7,3,,,5,12,6,3,7,6,5,4,8,4,5,,7,7,5,11,13,11,6,7,10,6,6,8,6,4,3,4,4,5,2,4,,4,5,5,5,,11,2,9,10,,,,7,5,,,,10,10,7,6,3,8,8,,8,10,6,9,10,10,7,7,5,7,6,3,5,5,6,6,,5,4,10,5,12,13,8,7,16,,3,2,4,4,5,3,5,4,3,3,3,7,3,2,3,4,3,4,,11,,9,5,5,7,5,,3,4,,,5,4,4,8,,6,5,1,,12,8,6,9,3,7,8,6,7,9,,,,2,,5,9,,8,8,6,8,4,5,1,4,2,3,,7,,,11,,12,8,8,8,9,8,11,9,,8,5,6,6,7,6,8,9,8,17,7,5,5,7,6,9,6,7,7,6,,6,6,5,,6,6,,10,5,5,25,9,,13,6,,,2,5,,3,,13,13,10,11,9,6,,9,9,,2,6,,7,,7,6,10,,11,7,8,11,6,,6,4,4,5,3,6,3,7,8,9,9,8,8,8,11,14,7,6,6,13,8,7,22,9,7,4,7,10,4,5,6,8,5,,4,5,4,4,2,3,3,6,4,8,3,8,5,6,,5,5,9,,9,7,7,7,5,,12,6,4,,4,,2,4,7,3,3,3,2,,,,2,,3,,2,3,2,,3,4,9,3,4,,5,,6,4,6,5,3,2,,8,6,9,6,8,9,,5,,,8,1,3,2,,11,10,9,8,12,5,5,7,8,9,8,6,8,5,4,3,10,7,5,5,11,10,12,3,8,,10,16,15,8,5,6,8,4,,,,,7,8,,6,2,6,9,9,3,6,6,5,5,5,5,6,5,6,6,5,,8,3,2,,3,2,,2,4,3,2,4,3,7,3,2,5,13,6,4,,28,57,10,6,18,8,7,5,5,,7,5,4,5,4,5,9,5,5,,7,,3,4,4,4,3,8,8,10,10,,,5,4,2,4,4,5,3,4,,,8,,5,8,8,7,9,10,10,9,8,,7,3,8,7,9,10,7,7,5,2,4,5,9,,5,6,,4,7,7,7,,,6,5,6,7,6,3,4,6,4,,,5,9,5,3,5,,9,12,7,13,10,10,4,,4,5,4,,,3,7,,12,10,8,,6,,30,30,,,6,5,,,10,12,17,,,2,4,12,11,5,7,5,7,6,3,7,4,6,7,8,7,6,3,6,5,4,7,2,8,,8,9,6,,16,13,11,13,4,4,9,6,6,7,5,7,,,9,5,5,6,8,8,5,2,5,10,8,6,7,11,5,6,6,,,3,3,5,5,6,11,,5,12,11,,12,14,3,,4,5,9,9,6,2,2,6,7,10,4,9,11,7,4,12,,6,4,7,5,7,7,,4,,5,,,,6,5,6,6,4,2,,11,,8,7,6,4,4,4,2,7,7,7,10,5,3,5,4,5,6,10,8,4,5,,5,9,8,7,10,7,10,14,19,19,17,6,13,18,15,,7,15,20,15,15,4,4,6,4,20,11,7,13,8,9,,10,7,7,11,6,6,5,5,12,16,22,,6,2,3,,4,3,5,3,,4,3,1,,5,3,7,5,5,8,6,7,7,8,6,7,2,,8,4,7,15,10,,20,6,4,4,5,5,3,3,7,4,6,8,,4,4,1,,6,4,,17,6,5,5,,5,4,2,7,8,20,11,8,11,13,11,9,16,16,13,13,,3,3,6,9,8,8,9,17,16,13,12,12,5,13,7,4,9,7,9,2,5,7,5,4,4,4,5,9,9,8,8,9,9,9,10,10,7,6,10,8,8,7,26,20,6,8,10,10,10,7,9,16,18,12,8,5,6,,2,6,5,6,6,11,7,9,7,6,5,4,5,6,9,,,5,6,6,,7,9,11,9,9,6,,8,6,7,,,,,5,5,6,6,4,13,10,12,,7,8,11,9,8,9,2,3,10,5,5,,,,,6,7,5,7,7,5,2,,4,5,4,5,7,5,7,8,6,6,6,6,12,10,,11,10,5,4,6,8,3,8,5,,9,6,,8,8,,8,5,4,,6,,9,,8,9,8,7,8,6,5,6,9,3,4,5,2,5,,35,29,6,6,8,6,,5,5,3,2,5,4,,6,7,7,2,22,,3,4,6,,10,9,12,8,11,15,10,,8,16,,10,1,3,2,5,7,10,8,9,,10,4,11,3,5,10,6,7,4,,,11,7,9,6,,2,7,8,9,13,5,9,8,6,5,6,9,5,,1,5,13,8,7,7,5,,3,,4,7,3,5,9,11,19,12,6,12,11,8,4,4,,,10,4,3,6,,14,18,8,13,,4,4,,,2,9,7,5,8,6,4,4,3,7,4,6,12,8,4,,6,4,,8,5,6,8,5,12,5,6,8,4,6,3,2,8,8,27,5,11,5,2,5,9,5,9,9,6,6,5,6,11,6,8,11,5,6,8,6,6,7,2,1,10,13,9,8,8,8,2,,2,5,4,7,9,3,4,,2,10,6,7,4,6,9,2,9,6,7,3,35,5,10,6,2,8,4,,16,12,13,15,20,,19,4,8,4,4,5,6,5,3,6,3,10,4,29,14,7,,6,,6,4,5,9,1,8,8,8,6,9,8,8,6,8,4,9,8,17,7,7,7,6,8,6,5,7,3,4,1,10,8,3,9,5,6,5,2,2,3,2,,2,2,5,3,12,10,10,8,8,8,6,11,11,9,5,11,11,3,2,6,6,5,7,11,5,8,13,4,4,3,8,5,6,9,5,6,4,6,10,6,7,13,8,5,8,9,25,14,10,7,7,6,4,7,5,19,3,,3,3,3,8,11,4,6,5,6,4,4,8,7,8,4,3,2,6,1,8,10,9,8,9,,6,8,6,9,3,6,8,9,7,7,3,4,6,3,6,3,9,3,2,3,4,6,4,7,6,4,4,1,2,1,,1,4,3,5,20,14,12,5,12,13,8,2,7,4,7,6,10,11,7,4,9,,4,17,8,11,3,4,7,9,6,6,7,5,15,,4,23,5,8,3,2,2,2,8,8,9,9,11,12,10,7,4,3,4,18,10,,5,,4,2,,6,6,4,8,4,8,6,3,,4,20,14,10,,,6,8,2,7,2,3,3,11,6,1,3,4,2,9,4,7,7,10,7,7,3,1,3,3,8,2,3,5,6,9,9,5,4,7,5,5,7,7,11,3,4,4,6,5,10,3,36,9,7,11,5,8,8,9,15,22,,10,6,1,6,3,8,8,7,7,7,3,7,5,4,13,3,2,6,10,6,6,5,4,,3,3,4,4,4,2,2,2,3,3,1,3,3,6,7,7,6,5,10,21,13,5,3,3,1,3,3,3,7,8,7,6,3,7,7,7,8,6,9,6,8,5,8,7
20210719,1,NO2,17,9,36,17,,31,30,12,5,20,36,18,,,8,,12,9,24,,16,,28,5,,6,13,,48,30,36,18,21,22,6,,23,30,,26,29,4,33,8,,47,,2,8,4,15,16,24,19,27,20,14,,14,12,20,27,26,20,,15,28,38,,34,8,14,10,18,22,,3,10,11,8,37,,8,25,18,29,16,19,,27,23,,,33,39,19,20,30,42,33,,23,26,27,29,21,,15,16,13,8,9,12,14,9,8,26,3,42,33,52,28,35,17,32,36,36,64,22,31,12,,10,19,19,18,26,17,35,28,12,14,9,11,12,,16,24,10,13,21,23,14,38,16,14,39,44,15,9,,6,14,8,8,13,15,7,25,2,5,7,10,,,,12,11,,7,14,8,,,,20,,13,22,9,12,15,19,,16,26,,,,18,29,,22,35,27,6,9,,7,4,6,6,8,2,5,7,,8,,3,1,,11,33,,28,24,27,,29,16,7,28,22,7,17,,,9,9,9,14,2,7,17,,10,,,19,,18,20,,13,1,6,11,17,15,,10,15,20,17,14,17,13,10,25,24,32,23,37,36,30,31,26,20,2,,6,1,4,4,9,11,6,36,34,29,,43,52,,,41,8,15,26,,7,14,4,10,9,,,4,5,2,7,10,25,13,14,10,11,12,8,,10,6,9,42,25,22,16,20,34,,24,11,24,35,48,23,20,14,28,19,43,16,42,25,,27,32,14,25,37,14,46,23,8,13,7,8,26,15,,4,13,6,12,12,8,9,12,43,42,39,18,,23,64,52,18,22,21,19,28,26,22,25,,,12,18,20,14,11,13,6,13,35,55,11,24,23,18,24,17,15,22,,33,10,10,19,14,12,6,,38,39,16,20,44,19,11,,,41,30,57,30,13,,48,35,18,51,,,21,7,18,46,48,26,29,53,38,45,28,,32,15,14,18,16,16,10,9,7,11,7,4,17,24,51,12,27,9,19,21,,9,18,32,32,,24,16,40,42,,,,25,6,,,,52,70,100,88,106,121,83,,55,26,14,27,12,19,16,26,16,16,15,3,9,21,5,52,,40,51,37,66,25,31,19,27,52,,16,15,14,14,8,13,20,14,10,9,7,10,7,13,7,7,7,7,,26,,7,6,12,15,10,,12,23,,,17,24,16,34,,12,16,17,,12,2,5,13,6,9,7,7,13,15,,,,8,,6,15,,13,11,10,22,3,3,2,9,9,23,,15,,,6,,5,19,39,12,10,6,12,7,,15,20,19,20,32,8,15,15,15,30,19,30,26,7,6,5,35,18,14,14,,9,22,15,,6,6,,9,12,20,12,6,,28,11,,,19,17,,50,,12,17,19,15,6,2,,14,4,,10,15,,9,,16,16,14,,11,13,8,16,4,,4,6,6,3,16,3,1,28,19,4,13,4,25,9,36,49,18,21,15,28,12,15,20,17,26,20,32,14,17,9,5,3,14,,12,10,10,23,19,8,7,7,10,5,6,42,45,55,,38,34,34,,16,21,47,36,3,,23,9,1,,4,,3,8,2,3,6,4,3,,,,16,,15,,4,1,1,,21,19,12,10,21,,12,,8,8,6,12,8,10,,14,24,16,11,11,12,,9,,,3,11,7,6,,13,23,18,17,19,6,4,10,20,22,20,19,16,22,18,16,9,10,19,16,35,42,41,39,29,,13,9,22,35,13,14,13,10,,,,,19,34,,36,8,10,13,9,15,21,27,26,30,27,19,16,17,,17,20,,8,6,20,,30,13,,10,8,16,18,22,19,9,21,18,14,18,11,15,,24,31,50,30,32,16,21,12,12,,30,39,4,11,10,11,21,20,20,,9,,,2,2,19,17,9,,,,,,12,17,6,,,7,,4,,,15,,11,18,17,24,24,20,20,25,30,,20,25,29,29,28,5,2,15,12,11,13,14,5,,25,8,,16,13,15,33,,,12,14,10,14,14,5,3,5,3,,,20,11,12,12,10,,9,13,15,16,15,20,12,,14,14,9,,,8,8,,10,15,27,,23,,5,18,,,12,9,,,38,15,19,,,4,5,6,9,5,5,6,15,12,9,11,15,2,5,8,2,20,26,30,19,6,4,10,11,,20,15,23,,6,11,18,11,10,6,6,5,5,3,6,22,,,60,8,16,13,8,20,6,13,3,14,16,4,27,15,42,22,10,,,16,13,5,6,5,8,,,9,20,,78,11,47,,7,8,8,5,5,4,2,4,45,31,64,50,26,16,24,13,,30,9,6,5,16,12,,13,,4,,,,10,13,4,18,4,5,,21,,22,25,25,5,5,6,9,8,33,15,24,12,2,6,5,5,22,38,18,19,9,,9,5,6,10,12,8,4,7,18,12,19,13,16,25,2,,10,15,14,31,21,7,6,8,6,5,9,8,8,17,13,,18,18,16,15,19,20,20,16,13,22,24,,11,10,9,,9,4,9,5,,8,5,10,,1,11,,8,8,5,5,6,8,7,17,8,8,,6,10,6,29,17,,25,16,4,24,6,6,12,10,18,18,21,22,,11,3,10,,14,15,,10,2,8,6,,5,5,13,5,5,15,8,16,10,11,10,10,10,18,17,13,,17,14,26,14,14,14,13,18,32,10,6,10,9,16,5,16,4,12,20,3,12,7,21,10,3,2,2,28,23,16,22,26,8,8,23,31,9,33,34,29,20,13,11,7,16,25,14,19,,13,21,22,23,6,9,6,8,,15,16,19,11,34,8,10,8,12,12,11,10,7,6,5,,,10,13,8,,11,7,5,3,19,5,,31,8,15,,,,,13,7,10,13,17,11,4,9,,44,13,6,3,5,5,10,9,25,19,17,,,,,20,9,8,15,19,20,27,,12,6,6,11,21,4,8,7,8,11,15,16,13,18,,8,13,5,9,6,16,16,5,11,,5,8,,8,8,,8,20,11,,6,,4,,8,6,9,15,38,24,10,15,17,16,4,10,5,12,,25,25,3,12,9,22,,19,15,18,17,52,31,,10,10,30,22,23,,27,24,22,,22,4,16,11,12,7,13,,10,41,,30,19,15,14,30,50,14,17,4,,81,24,30,15,16,5,20,,10,,,59,46,58,10,,18,82,93,20,36,11,3,30,7,5,8,20,13,,20,36,12,23,8,24,16,,5,,8,29,31,22,31,23,43,23,9,36,31,4,16,4,,,34,13,5,3,,47,25,81,7,,2,5,,,10,31,29,8,16,5,8,18,1,30,12,34,10,11,11,,14,7,,34,6,10,11,5,14,7,17,8,10,12,30,10,20,6,34,18,6,24,6,24,12,6,11,20,15,15,15,11,70,26,4,34,5,6,2,8,7,7,2,19,5,25,17,15,16,16,3,,11,14,13,26,7,10,8,,41,23,6,16,10,2,2,14,18,32,19,17,40,15,10,7,14,26,21,,15,60,28,82,10,,26,10,16,16,13,17,18,23,14,9,14,20,69,11,17,2,,10,,7,5,7,11,5,11,24,38,26,23,26,11,10,18,7,3,30,23,8,8,30,20,11,14,9,14,33,21,18,55,8,1,12,3,14,21,4,6,8,8,,10,3,14,10,10,16,14,10,13,18,18,15,24,17,2,27,7,54,22,10,13,4,6,27,17,13,19,14,11,4,21,21,15,29,17,12,11,14,14,10,23,9,10,3,15,16,34,35,17,16,20,9,14,7,7,16,37,,7,4,20,53,22,16,11,20,6,3,12,19,16,15,8,16,9,10,2,19,112,26,108,33,,25,12,9,10,10,7,30,17,13,6,40,23,16,6,8,9,11,16,19,26,10,12,33,16,8,13,25,4,15,9,,12,2,6,11,23,7,27,4,24,38,19,19,16,28,23,14,29,20,14,7,8,,12,15,4,26,6,3,12,35,28,16,24,13,41,,17,11,47,39,3,11,10,6,28,,15,12,29,24,21,6,11,13,16,18,21,,10,,16,7,,3,37,11,22,22,20,12,10,,5,17,12,5,,,2,11,53,23,36,28,36,14,24,3,9,19,36,54,60,42,29,15,34,49,4,5,,4,20,13,4,21,22,5,16,6,25,33,30,22,26,18,84,37,44,7,14,22,12,6,5,5,14,12,15,18,14,21,15,68,,32,8,5,4,15,10,26,10,5,21,42,14,24,5,27,56,13,23,12,10,36,13,7,,1,2,5,8,10,18,4,5,22,22,42,3,13,11,6,32,8,40,28,22,8,12,26,31,13,1,24,37,16,54,5,12,11,13,25,11,25,11,17,11,8,24,38,21
20210719,1,NO2_24h,16,8,24,14,15,19,24,14,10,12,18,16,,,15,,16,15,22,,21,,29,6,,7,9,,21,16,9,10,13,13,9,,13,16,,17,14,6,14,15,,10,,8,11,7,10,10,12,12,16,14,13,,11,8,15,21,16,17,,11,21,21,,25,11,15,12,14,11,,6,13,11,10,24,,8,21,19,14,14,17,,16,23,,,16,22,14,17,15,24,25,,13,23,25,21,25,,24,15,20,7,8,8,12,9,8,21,3,31,27,37,18,23,14,21,23,19,34,23,22,12,,23,30,31,26,33,20,24,34,14,17,14,9,16,,18,18,11,15,18,31,29,37,25,26,19,38,16,9,,6,16,8,9,11,16,7,15,2,3,7,10,,,,13,12,,8,12,8,,,,22,,12,21,10,10,18,15,,11,20,,,,18,20,,18,21,20,5,22,,7,5,7,3,5,2,4,6,,7,,4,3,,16,20,,22,15,20,,19,17,11,18,21,7,14,,,9,10,12,21,13,13,15,,10,,,18,,16,16,,7,3,7,9,14,12,,12,16,19,17,22,10,12,9,17,22,16,12,18,20,20,16,12,15,1,,10,4,5,4,7,14,11,15,13,12,,18,14,,,7,8,14,15,,14,13,10,11,7,,,7,8,6,8,8,13,16,16,9,11,14,12,,17,8,16,30,29,24,27,23,36,,25,14,19,22,21,11,14,14,22,15,23,10,29,24,,26,33,26,28,26,21,28,21,11,18,12,14,23,16,,5,14,9,12,19,14,15,15,25,26,25,24,,17,33,28,17,22,16,16,25,22,17,20,,,14,15,17,13,11,19,15,15,22,34,13,15,13,11,15,11,13,18,17,17,6,5,12,9,6,11,,25,41,25,28,35,30,16,,,47,31,43,28,22,,19,26,31,27,,,18,10,15,22,19,16,16,25,24,23,19,,22,10,15,15,16,18,10,11,12,9,17,15,24,24,36,20,30,23,28,19,,16,24,26,24,,33,12,42,47,,,,28,8,,,,22,28,42,43,39,53,30,,38,20,15,23,16,19,14,16,11,11,13,3,8,24,10,33,,22,26,31,19,19,20,17,16,22,,16,12,11,7,8,11,10,14,13,12,8,10,10,16,6,6,8,6,,12,,6,7,9,10,11,,13,15,,,7,8,8,14,,7,10,8,,11,3,6,10,7,12,11,9,14,14,,,,8,,7,10,,11,11,11,15,6,4,2,18,16,19,,7,,,14,,16,13,20,11,10,8,10,7,,13,14,12,14,21,10,10,9,10,16,10,18,15,7,9,7,18,15,14,11,,12,18,20,,7,8,,6,10,10,13,7,,26,13,,,14,13,,18,,18,11,19,22,5,2,,11,3,,16,21,,15,,16,16,12,,14,14,15,20,10,,7,10,15,17,20,10,3,16,18,7,15,7,20,10,25,26,12,9,13,16,17,13,16,14,19,18,18,12,18,8,11,5,9,,7,12,15,15,13,12,8,8,8,6,5,17,21,28,,25,22,24,,14,13,15,19,3,,17,12,2,,9,,6,10,5,7,6,7,6,,,,12,,10,,5,3,4,,17,12,8,12,14,,10,,16,13,11,13,15,12,,15,24,10,8,17,10,,17,,,4,11,9,8,,14,17,14,14,11,9,6,10,12,12,7,10,11,12,10,9,11,12,18,17,20,24,23,25,19,,15,9,26,15,11,14,14,13,,,,,11,18,,16,12,13,12,11,12,20,14,12,14,12,15,17,13,24,17,20,,17,17,20,,18,10,,14,7,11,17,15,14,10,11,15,20,27,24,23,,12,15,20,18,22,7,19,13,20,,12,12,11,12,11,7,16,19,19,,8,,7,4,4,12,11,7,6,11,9,,,10,10,8,6,7,7,7,10,,,10,,11,14,18,17,18,13,14,18,17,,14,19,20,19,21,5,3,16,15,12,12,10,3,,20,11,,15,14,10,14,,,13,7,4,7,11,5,4,8,3,,,19,16,16,17,13,,11,15,18,12,18,18,11,,14,12,9,,,13,17,,12,16,19,,21,,19,25,,,11,8,,,17,12,13,,,4,6,6,7,7,7,5,9,11,8,10,11,6,14,14,7,11,16,17,19,7,4,11,9,,20,12,18,,8,13,17,11,9,5,5,5,8,6,7,19,,,27,8,9,9,8,11,9,11,8,10,11,5,12,10,20,14,11,,,13,15,12,11,8,13,,7,25,19,,12,15,10,,8,8,7,8,4,12,3,7,21,22,28,32,16,14,14,11,,12,11,7,4,25,20,,9,,10,,,,10,14,6,17,4,5,,18,,17,18,17,8,6,7,8,8,17,12,19,11,2,6,6,4,20,24,21,18,9,,8,6,12,10,12,8,6,10,19,17,16,9,11,18,5,,12,15,11,13,16,10,10,10,9,11,7,8,9,12,14,,13,15,9,9,11,11,10,11,15,16,23,,11,8,7,,10,7,9,9,,13,8,14,,4,10,10,9,9,7,6,8,7,8,8,6,6,,7,9,7,27,20,,15,15,5,18,9,12,13,10,14,17,18,13,,14,12,12,,14,13,,11,2,7,6,,10,5,8,4,5,14,11,18,10,10,10,8,10,14,13,14,,11,9,13,9,15,16,13,18,25,6,6,7,11,19,5,8,2,5,6,3,21,14,21,17,6,4,5,18,22,16,18,13,8,13,15,15,14,18,23,17,14,10,11,11,8,11,13,16,13,14,19,12,11,10,10,6,11,,15,12,12,10,19,14,16,15,17,15,18,17,14,10,18,,,8,14,9,,13,9,7,7,12,14,,18,9,9,,,,,10,9,14,21,18,11,5,9,,27,10,10,9,11,12,9,11,11,13,11,,,,,11,13,10,10,17,19,21,,5,7,8,8,11,9,8,9,8,11,12,14,14,14,,7,8,12,12,7,13,14,8,14,,6,8,,10,7,,8,21,6,,6,,11,,6,5,7,8,13,12,17,26,29,23,5,8,9,11,,23,20,3,13,11,25,,15,18,20,21,18,16,,8,12,20,19,15,,24,13,14,,16,4,14,23,10,8,14,,14,27,,23,23,18,17,18,23,11,9,7,,34,12,14,20,20,9,15,14,12,,,31,24,28,7,,10,32,29,22,23,14,4,28,7,8,15,16,13,,26,23,13,20,10,14,12,,9,,6,18,19,10,22,17,19,17,11,21,21,7,12,6,,,18,15,7,10,,24,18,31,9,,2,5,,,12,23,24,6,18,6,11,23,2,23,13,36,21,19,22,,20,13,,24,8,16,14,6,14,10,10,8,12,15,8,7,17,7,21,19,8,12,5,10,18,11,10,8,7,6,8,11,35,17,16,41,9,10,11,12,15,10,5,11,14,14,16,20,21,21,6,,6,10,9,23,8,11,11,,21,37,8,11,13,2,6,23,18,19,19,11,17,20,11,5,8,16,15,,12,39,21,28,18,,19,16,16,16,14,12,16,14,15,7,6,9,22,20,12,13,,8,,10,4,3,12,4,11,26,30,26,27,29,19,14,17,13,8,26,20,10,7,14,20,11,11,6,13,18,20,13,22,7,2,20,5,11,14,5,6,12,10,,12,5,8,6,8,20,13,11,10,16,16,8,20,18,3,26,21,23,14,11,18,11,5,19,12,10,19,12,9,4,13,16,10,23,18,16,17,16,10,12,14,10,9,4,12,12,14,12,16,11,11,12,14,8,9,8,16,,9,5,6,31,17,31,19,16,5,4,19,16,19,17,5,10,3,10,2,15,50,23,35,25,,16,8,9,14,13,13,26,12,16,7,16,17,16,11,14,9,9,14,18,22,7,10,20,11,8,9,18,5,11,7,,10,4,6,8,13,10,15,8,18,22,18,11,13,12,14,14,10,13,7,6,6,,9,13,5,12,9,5,12,20,18,7,8,7,18,,16,12,18,22,2,5,8,7,15,7,13,12,14,12,18,7,7,10,10,12,8,,11,,13,10,,5,23,19,22,19,14,14,13,,9,14,12,4,,,6,13,18,9,11,11,16,13,15,9,6,15,12,15,28,24,17,14,21,23,4,6,19,7,22,6,7,15,21,10,19,7,21,20,21,23,18,8,35,10,14,10,12,20,14,11,26,14,15,12,20,14,15,15,24,28,,22,8,10,6,18,18,16,9,5,15,20,11,14,9,21,26,13,14,14,10,23,13,10,,3,4,4,9,11,16,4,8,13,7,16,4,13,16,8,21,13,28,17,19,5,12,11,16,9,6,9,13,18,21,5,9,8,10,28,13,29,13,18,16,5,16,23,10
20210719,1,O3,24,31,24,31,,21,19,28,41,28,14,30,,,68,,71,75,53,,76,,48,73,,68,69,,22,32,13,30,29,53,111,,38,29,,34,25,83,19,73,,5,,84,82,71,66,53,43,58,38,63,54,,64,62,28,35,16,47,,10,26,10,,14,80,67,60,61,56,,78,80,75,74,39,,61,57,68,44,71,28,,52,61,,,48,47,56,61,17,2,26,,14,42,37,28,41,,51,61,82,79,78,79,79,84,33,58,51,49,57,35,26,49,12,25,18,21,10,60,43,50,,65,66,58,52,49,56,31,46,62,61,66,55,67,,66,46,64,63,45,57,74,49,60,,24,54,56,58,,66,72,62,62,63,64,74,66,69,59,67,54,,,,41,49,,56,52,50,,,,46,,60,57,68,66,54,57,,53,58,,,,72,44,,45,23,34,64,66,,68,57,62,59,53,60,78,70,,58,,67,60,,58,33,,36,19,38,,32,49,60,20,54,74,63,,,61,66,72,59,69,61,40,,57,,,48,,53,48,,37,83,71,44,39,39,,71,72,46,49,57,23,49,6,36,35,22,41,33,17,30,26,28,43,71,,53,60,53,44,22,62,62,24,13,10,,8,10,,,7,86,66,52,,85,72,92,79,74,,,71,78,87,77,77,28,54,56,49,60,50,55,,50,64,76,46,68,72,82,72,46,,56,79,45,26,,12,35,47,38,35,6,19,17,29,,28,24,43,42,27,40,12,19,31,31,30,29,14,31,,45,38,38,30,32,32,32,25,8,12,11,24,,27,7,2,22,16,19,23,25,25,28,21,,,38,33,29,35,38,35,43,40,56,44,67,57,37,42,40,38,42,39,,15,20,46,29,37,36,102,,13,40,60,70,48,74,57,,,52,50,27,34,64,,42,65,85,31,,,81,112,6,10,4,5,7,2,4,13,5,,25,51,46,56,56,57,69,74,74,72,71,82,75,57,12,77,68,91,79,64,,86,39,45,33,,108,148,90,88,,,,62,141,,,,61,41,4,2,6,3,18,,52,30,31,33,46,25,53,32,41,50,55,42,12,42,18,45,,56,24,79,10,86,81,97,60,49,,74,78,76,60,44,51,23,113,103,96,72,57,56,60,62,59,58,58,,46,,60,74,65,53,65,,70,43,,,56,48,57,52,,50,64,50,,60,74,64,52,80,60,70,69,70,44,,,,58,,59,64,,72,72,88,65,81,78,86,52,66,42,,56,,,44,,48,21,8,69,76,69,73,69,,40,35,37,47,11,53,44,35,41,18,38,4,25,49,47,47,4,22,27,56,,58,39,54,,74,74,,59,60,47,53,66,,37,40,,,45,59,,7,,70,58,62,68,64,64,,59,64,,64,66,,72,,70,61,63,,79,72,60,53,65,,26,23,47,54,28,41,7,16,38,38,23,40,25,36,6,12,42,29,6,27,75,40,36,41,21,21,7,16,23,31,67,55,46,,52,16,18,15,21,11,107,86,92,92,98,6,5,3,,22,29,48,,83,37,24,31,36,,21,66,85,,64,,69,66,72,65,75,81,78,,,,54,,49,,86,82,91,,53,52,50,51,39,,45,,73,63,48,47,101,80,,45,29,33,43,63,21,,80,,,83,55,61,29,,34,34,37,34,33,78,71,66,61,48,40,52,57,48,19,13,71,78,91,82,21,2,8,,2,,68,63,59,16,15,55,34,51,,,,,117,87,,68,49,59,55,44,33,44,24,46,18,5,31,41,40,43,70,64,,73,58,66,,43,73,,86,80,83,87,85,95,88,88,91,62,68,84,69,,57,59,43,48,84,94,76,88,93,,63,41,122,97,107,57,58,67,67,,63,,,77,77,57,68,62,,,,,,56,34,78,,,83,,79,,,60,,66,57,63,46,48,46,43,49,47,,51,44,50,49,48,66,74,80,79,61,59,66,57,,52,64,,55,62,14,12,,,32,43,51,42,43,75,71,72,80,,,54,68,64,69,67,,59,75,72,69,78,46,66,,60,61,73,,,76,74,,72,58,54,,62,,161,128,,,61,50,,,47,111,72,,,61,61,75,70,161,163,163,47,59,59,66,44,83,75,56,60,42,27,26,28,49,55,37,36,,75,74,20,,26,15,7,11,108,123,62,62,39,44,36,59,,,8,27,16,25,18,3,22,15,19,16,10,4,13,40,1,34,18,,,41,47,46,46,65,73,,,72,57,,11,59,46,,64,63,69,68,70,69,73,72,13,15,4,3,9,30,17,45,,8,24,27,18,71,67,,54,,72,,,,61,78,68,62,77,71,,20,,41,32,29,66,61,69,64,54,9,33,13,57,75,70,70,68,7,5,34,16,32,,54,4,22,22,21,16,16,46,42,47,33,8,36,24,35,,26,41,42,17,14,46,51,51,56,62,48,57,52,35,38,,29,35,38,2,39,44,24,49,37,42,43,,53,64,63,,79,83,76,89,,75,62,89,,93,71,,74,80,72,69,77,72,81,44,49,53,,69,59,76,30,52,,32,47,67,19,29,35,60,57,51,52,44,36,,70,77,55,,69,71,,61,66,49,44,,52,52,33,53,51,36,48,43,54,51,56,18,54,41,46,52,,42,39,30,41,40,42,42,34,26,19,54,15,41,53,27,5,24,7,14,10,31,38,16,19,5,15,11,61,72,61,62,25,30,49,32,20,51,43,33,42,56,73,87,83,28,23,62,61,,76,61,54,43,37,45,67,61,,75,18,20,47,9,74,68,68,46,37,47,54,56,71,74,,,51,72,70,,68,61,75,70,71,66,,13,21,38,,,,,84,85,76,61,64,64,51,55,,5,70,74,88,82,79,35,46,33,51,34,,,,,4,8,67,57,37,31,21,,11,85,83,76,46,84,59,74,24,22,26,21,52,48,,48,36,46,41,21,18,75,84,26,,56,41,,60,52,,55,53,47,,71,,115,,28,22,37,55,25,46,94,94,95,96,49,30,29,37,,94,100,81,124,106,67,,88,109,89,106,32,52,,99,91,71,83,50,,88,84,84,,61,122,88,134,64,119,119,,130,83,,92,81,95,100,70,47,84,71,82,,6,79,70,98,104,89,65,80,76,,,44,43,19,35,,49,16,9,41,53,53,66,25,68,74,75,51,66,,69,19,53,40,68,44,55,,76,,56,40,67,18,23,37,43,55,76,20,26,62,51,81,,,23,45,59,78,,65,98,31,60,,64,51,,,69,48,48,62,45,62,65,65,53,50,68,48,82,86,72,,68,69,,35,78,56,60,104,74,61,67,47,55,35,17,54,56,84,68,52,60,49,53,46,37,67,33,19,38,33,25,73,2,55,80,47,93,77,76,80,86,83,82,43,64,37,39,84,49,81,83,,54,28,48,44,60,51,54,,32,98,76,70,65,62,114,102,46,21,78,58,19,69,62,49,40,23,20,,31,51,86,32,119,,60,69,64,62,76,51,58,57,58,51,71,52,26,142,52,59,,56,,66,69,71,51,63,44,42,21,23,34,24,35,28,31,38,47,23,49,35,57,7,53,36,54,21,66,35,58,65,8,68,69,76,80,18,12,82,79,84,94,,60,62,5,13,23,33,38,60,42,36,49,40,93,59,67,30,86,48,75,78,67,59,75,57,65,70,54,56,57,66,71,60,46,32,53,47,61,60,80,68,38,52,48,78,44,61,17,11,46,32,45,58,52,58,55,40,9,,66,31,15,52,56,79,101,56,59,63,50,64,79,81,60,60,61,54,90,111,6,83,6,59,,12,59,46,39,31,45,21,42,44,44,28,16,37,29,77,76,64,24,43,51,74,25,1,34,76,58,15,67,45,67,,76,86,76,67,4,106,10,58,40,5,58,78,84,48,32,102,32,56,50,61,74,,56,67,84,58,75,85,68,27,45,60,64,72,57,,91,125,31,44,47,55,29,64,5,,89,74,36,33,30,56,24,26,23,40,29,,63,,54,53,,36,24,60,47,60,76,55,57,,66,52,57,55,,,67,83,16,32,13,28,17,51,29,78,69,76,23,16,8,20,33,41,18,,41,66,,74,55,58,82,56,28,61,31,68,50,32,44,52,46,79,6,48,53,60,49,46,58,68,155,38,26,60,28,34,37,45,67,40,,28,68,71,70,44,61,108,74,65,47,42,67,43,132,102,44,73,44,45,34,35,50,78,,58,70,75,96,68,63,75,73,6,9,16,27,40,71,31,58,86,53,14,40,89,46,25,26,75,56,13,6,89,20,94,,71,58,37,63,32,77,68,63,57,50,1,54
20210719,1,O3_24h,81,87,115,92,39,93,94,86,84,99,97,94,,,117,,108,120,125,,107,,71,116,,88,130,,96,94,94,90,71,106,111,,106,85,,91,83,87,100,100,,103,,90,93,79,113,113,119,106,108,120,104,,104,108,108,72,78,81,,68,113,113,,117,128,128,119,125,116,,83,95,79,82,106,,113,98,99,112,102,100,,162,151,,,172,169,153,158,154,163,148,,155,153,165,163,151,,136,110,99,111,106,108,117,125,106,104,91,102,102,99,106,113,119,88,105,100,116,144,143,117,,144,160,139,141,127,142,133,144,107,105,114,104,111,,114,95,109,98,128,123,121,133,124,85,121,140,143,113,,137,127,129,126,118,114,126,110,113,115,113,94,,,,77,90,,95,87,86,,,,190,,163,150,162,162,125,148,,150,169,,,,166,160,,199,174,184,112,122,,132,104,109,96,101,97,110,102,,106,,93,81,,132,151,,155,140,144,,151,154,124,139,78,95,95,,,91,80,94,101,92,79,85,,99,,,153,,152,152,,97,92,97,92,86,94,,107,110,129,128,134,119,112,103,83,85,88,88,89,94,82,82,82,85,81,,83,80,94,67,160,115,106,98,107,93,,102,98,,,100,108,129,108,,113,130,117,144,97,,,84,89,94,94,95,92,81,84,80,83,82,81,,68,85,147,146,153,152,147,126,132,,132,140,89,88,87,87,81,77,75,86,88,81,141,182,,158,135,173,109,147,77,124,112,77,73,78,74,83,113,,85,81,98,102,92,79,85,94,180,160,177,149,,188,169,156,104,126,114,107,132,141,161,120,,,107,113,107,83,76,72,88,88,191,189,212,202,127,135,133,125,114,150,58,128,74,75,72,75,75,125,,118,151,151,213,172,222,170,,,151,170,170,150,156,,169,191,171,162,,,185,143,75,86,101,97,86,86,89,85,89,,102,94,78,93,83,81,125,114,116,121,115,128,97,93,96,91,86,103,103,110,,116,86,95,89,,212,164,191,179,,,,181,180,,,,183,226,123,114,126,120,128,,125,93,88,96,104,78,90,84,76,91,88,91,74,89,84,184,,165,166,185,159,182,178,188,187,184,,109,116,118,113,116,111,124,119,104,106,103,98,103,101,124,121,106,119,,94,,93,105,99,108,143,,146,102,,,117,121,115,126,,91,100,104,,100,101,101,104,112,102,92,96,100,102,,,,112,,111,98,,104,129,124,122,100,101,112,66,78,77,,124,,,161,,146,125,127,105,109,101,109,86,,110,107,107,96,116,100,103,97,116,116,85,96,81,88,80,86,85,75,81,98,,92,113,106,,136,109,,126,127,123,117,123,,134,88,,,89,107,,110,,120,122,125,124,84,88,,86,90,,105,92,,101,,83,81,82,,87,86,88,83,89,,135,153,129,128,121,129,67,146,143,157,132,147,136,101,97,92,89,87,93,102,104,93,98,100,112,105,120,106,115,84,78,75,78,,82,93,73,81,84,98,116,103,107,100,107,126,106,123,,116,113,118,,118,106,117,94,96,,98,96,85,,86,,92,92,102,87,104,100,89,,,,99,,101,,87,87,92,,84,82,89,99,103,,106,,140,132,155,136,144,120,,151,157,163,126,137,155,,100,,,120,99,97,65,,132,115,138,112,76,95,80,88,116,118,110,126,125,118,70,70,152,160,166,145,82,81,80,72,75,,149,170,145,150,92,115,124,87,,,,,247,197,,183,71,80,106,80,78,94,117,108,109,109,116,89,100,104,113,121,,96,102,120,,139,146,,146,158,167,147,146,153,157,162,158,123,121,128,106,,143,157,148,183,196,166,167,112,127,,110,107,133,121,128,112,113,110,110,,83,,91,106,106,102,117,97,70,64,81,,,107,92,126,75,52,93,43,79,,,146,,132,134,138,164,168,160,168,182,123,,149,140,196,204,195,157,163,144,144,115,143,93,85,,92,119,,130,129,85,92,,,87,106,90,95,89,92,90,93,101,,,155,88,87,90,85,,77,122,123,119,127,112,89,,87,89,136,,,134,127,,108,97,117,,116,,211,224,,,91,88,,,168,183,166,,,71,78,119,116,182,184,173,88,85,87,87,80,136,132,124,145,200,192,157,162,76,80,70,75,,192,186,94,,75,74,95,100,115,127,92,86,87,75,85,105,,,110,134,109,125,215,130,131,127,136,93,92,80,97,87,86,89,108,,,185,68,64,68,107,113,,69,147,158,,149,148,148,,125,119,123,118,117,76,85,76,112,118,112,98,88,141,72,103,,90,95,92,87,143,146,,113,,107,,,,92,92,94,90,117,109,,119,,116,129,129,94,96,91,85,89,94,100,121,89,102,99,98,100,113,121,123,106,84,,84,78,65,66,66,71,84,98,94,96,91,82,98,106,101,,82,95,95,89,82,125,117,117,109,128,142,139,141,147,92,,101,102,99,92,87,89,88,86,85,83,92,,72,98,92,,95,94,96,107,,121,114,89,,93,91,60,93,98,116,109,117,116,124,95,90,94,,91,89,98,115,123,,141,140,124,111,109,127,145,136,126,123,141,138,,123,125,108,,122,124,,134,143,135,131,,101,104,114,92,88,126,120,123,119,126,118,98,105,106,108,97,,112,114,124,109,140,165,155,156,143,122,133,116,134,120,69,109,128,104,110,75,63,85,83,80,82,89,75,183,170,163,174,56,68,63,101,112,58,128,127,130,135,140,130,132,124,145,165,185,64,130,122,127,127,107,98,151,154,,160,114,99,115,93,110,106,110,89,114,130,143,139,131,149,,,125,120,120,,115,100,104,102,129,111,,129,107,111,,,,,128,122,115,106,116,153,132,127,,96,109,131,120,122,117,83,74,91,77,83,,,,,101,92,102,93,60,55,91,,85,98,101,108,102,84,80,84,54,61,69,71,87,88,,84,84,68,64,55,62,100,97,64,,74,67,,76,112,,84,81,78,,132,,132,,87,77,133,138,152,133,170,154,158,156,105,127,114,117,,150,150,145,171,159,156,,141,158,151,148,138,140,,136,129,158,155,141,,153,167,158,,148,219,145,158,119,145,222,,243,172,,173,146,146,145,117,115,151,148,141,,127,125,119,158,138,111,124,136,129,,,126,127,133,92,,99,137,129,123,135,108,86,126,94,108,114,96,90,,119,127,198,188,86,170,156,,112,,115,107,185,122,81,83,136,144,131,141,160,122,150,105,,,113,167,103,116,,172,177,216,138,,91,171,,,95,171,162,88,78,96,89,85,92,154,112,187,171,217,92,,120,115,,112,136,105,107,126,159,69,128,78,104,126,98,72,97,102,196,91,81,100,95,92,106,134,91,82,86,87,82,131,150,109,92,152,93,144,150,105,103,115,99,99,141,139,94,144,186,116,86,,96,73,116,92,81,96,102,,96,186,105,116,101,86,130,143,204,113,157,86,101,156,108,89,98,156,122,,94,188,161,178,175,,134,117,106,112,118,104,108,115,103,96,91,119,176,218,155,88,,100,,135,96,96,176,99,83,104,113,136,148,144,142,82,92,94,81,159,225,94,84,97,118,105,125,102,120,122,140,135,122,120,88,138,114,108,115,86,82,87,94,,82,85,95,93,86,208,116,90,79,116,126,96,184,169,112,98,130,176,163,165,115,145,91,121,112,118,94,111,98,99,148,135,94,94,99,89,117,117,155,135,124,129,127,87,128,120,150,112,139,119,133,102,118,98,99,100,98,,117,95,79,179,155,136,163,123,127,86,186,173,152,152,122,113,101,124,96,139,130,137,117,124,,89,89,77,85,86,77,147,102,170,93,108,110,108,82,91,113,107,110,98,88,125,87,110,131,117,111,128,86,96,94,,99,90,94,95,101,110,102,85,137,107,177,157,195,137,137,161,138,138,107,113,109,,116,119,120,123,77,106,162,114,107,113,133,130,187,,144,188,134,123,66,128,143,122,159,49,153,141,175,136,121,89,96,66,82,71,69,,110,,145,122,,103,93,127,102,139,138,106,79,,104,141,137,120,,,78,142,100,87,84,108,85,95,81,92,83,106,118,107,96,109,115,119,127,108,80,81,62,84,101,89,89,113,84,133,88,95,113,97,93,88,108,133,128,122,132,91,151,106,79,90,210,170,85,91,164,113,113,127,177,178,,123,110,87,92,214,102,234,86,91,110,121,127,105,239,177,134,144,149,128,135,149,109,112,,72,120,93,135,124,108,101,123,89,79,90,72,78,130,76,100,114,182,209,80,106,112,86,103,88,86,89,72,159,168,126,123,97,93,115,97,106,93,166,146,108,61,81,124
20210719,1,O3_8h,24,31,24,31,,21,19,28,41,28,14,30,,,68,,71,75,53,,76,,48,73,,68,69,,22,32,13,30,29,53,111,,38,29,,34,25,83,19,73,,5,,84,82,71,66,53,43,58,38,63,54,,64,62,28,35,16,47,,10,26,10,,14,80,67,60,61,56,,78,80,75,74,39,,61,57,68,44,71,28,,52,61,,,48,47,56,61,17,2,26,,14,42,37,28,41,,51,61,82,79,78,79,79,84,33,58,51,49,57,35,26,49,12,25,18,21,10,60,43,50,,65,66,58,52,49,56,31,46,62,61,66,55,67,,66,46,64,63,45,57,74,49,60,,24,54,56,58,,66,72,62,62,63,64,74,66,69,59,67,54,,,,41,49,,56,52,50,,,,46,,60,57,68,66,54,57,,53,58,,,,72,44,,45,23,34,64,66,,68,57,62,59,53,60,78,70,,58,,67,60,,58,33,,36,19,38,,32,49,60,20,54,74,63,,,61,66,72,59,69,61,40,,57,,,48,,53,48,,37,83,71,44,39,39,,71,72,46,49,57,23,49,6,36,35,22,41,33,17,30,26,28,43,71,,53,60,53,44,22,62,62,24,13,10,,8,10,,,7,86,66,52,,85,72,92,79,74,,,71,78,87,77,77,28,54,56,49,60,50,55,,50,64,76,46,68,72,82,72,46,,56,79,45,26,,12,35,47,38,35,6,19,17,29,,28,24,43,42,27,40,12,19,31,31,30,29,14,31,,45,38,38,30,32,32,32,25,8,12,11,24,,27,7,2,22,16,19,23,25,25,28,21,,,38,33,29,35,38,35,43,40,56,44,67,57,37,42,40,38,42,39,,15,20,46,29,37,36,102,,13,40,60,70,48,74,57,,,52,50,27,34,64,,42,65,85,31,,,81,112,6,10,4,5,7,2,4,13,5,,25,51,46,56,56,57,69,74,74,72,71,82,75,57,12,77,68,91,79,64,,86,39,45,33,,108,148,90,88,,,,62,141,,,,61,41,4,2,6,3,18,,52,30,31,33,46,25,53,32,41,50,55,42,12,42,18,45,,56,24,79,10,86,81,97,60,49,,74,78,76,60,44,51,23,113,103,96,72,57,56,60,62,59,58,58,,46,,60,74,65,53,65,,70,43,,,56,48,57,52,,50,64,50,,60,74,64,52,80,60,70,69,70,44,,,,58,,59,64,,72,72,88,65,81,78,86,52,66,42,,56,,,44,,48,21,8,69,76,69,73,69,,40,35,37,47,11,53,44,35,41,18,38,4,25,49,47,47,4,22,27,56,,58,39,54,,74,74,,59,60,47,53,66,,37,40,,,45,59,,7,,70,58,62,68,64,64,,59,64,,64,66,,72,,70,61,63,,79,72,60,53,65,,26,23,47,54,28,41,7,16,38,38,23,40,25,36,6,12,42,29,6,27,75,40,36,41,21,21,7,16,23,31,67,55,46,,52,16,18,15,21,11,107,86,92,92,98,6,5,3,,22,29,48,,83,37,24,31,36,,21,66,85,,64,,69,66,72,65,75,81,78,,,,54,,49,,86,82,91,,53,52,50,51,39,,45,,73,63,48,47,101,80,,45,29,33,43,63,21,,80,,,83,55,61,29,,34,34,37,34,33,78,71,66,61,48,40,52,57,48,19,13,71,78,91,82,21,2,8,,2,,68,63,59,16,15,55,34,51,,,,,117,87,,68,49,59,55,44,33,44,24,46,18,5,31,41,40,43,70,64,,73,58,66,,43,73,,86,80,83,87,85,95,88,88,91,62,68,84,69,,57,59,43,48,84,94,76,88,93,,63,41,122,97,107,57,58,67,67,,63,,,77,77,57,68,62,,,,,,56,34,78,,,83,,79,,,60,,66,57,63,46,48,46,43,49,47,,51,44,50,49,48,66,74,80,79,61,59,66,57,,52,64,,55,62,14,12,,,32,43,51,42,43,75,71,72,80,,,54,68,64,69,67,,59,75,72,69,78,46,66,,60,61,73,,,76,74,,72,58,54,,62,,161,128,,,61,50,,,47,111,72,,,61,61,75,70,161,163,163,47,59,59,66,44,83,75,56,60,42,27,26,28,49,55,37,36,,75,74,20,,26,15,7,11,108,123,62,62,39,44,36,59,,,8,27,16,25,18,3,22,15,19,16,10,4,13,40,1,34,18,,,41,47,46,46,65,73,,,72,57,,11,59,46,,64,63,69,68,70,69,73,72,13,15,4,3,9,30,17,45,,8,24,27,18,71,67,,54,,72,,,,61,78,68,62,77,71,,20,,41,32,29,66,61,69,64,54,9,33,13,57,75,70,70,68,7,5,34,16,32,,54,4,22,22,21,16,16,46,42,47,33,8,36,24,35,,26,41,42,17,14,46,51,51,56,62,48,57,52,35,38,,29,35,38,2,39,44,24,49,37,42,43,,53,64,63,,79,83,76,89,,75,62,89,,93,71,,74,80,72,69,77,72,81,44,49,53,,69,59,76,30,52,,32,47,67,19,29,35,60,57,51,52,44,36,,70,77,55,,69,71,,61,66,49,44,,52,52,33,53,51,36,48,43,54,51,56,18,54,41,46,52,,42,39,30,41,40,42,42,34,26,19,54,15,41,53,27,5,24,7,14,10,31,38,16,19,5,15,11,61,72,61,62,25,30,49,32,20,51,43,33,42,56,73,87,83,28,23,62,61,,76,61,54,43,37,45,67,61,,75,18,20,47,9,74,68,68,46,37,47,54,56,71,74,,,51,72,70,,68,61,75,70,71,66,,13,21,38,,,,,84,85,76,61,64,64,51,55,,5,70,74,88,82,79,35,46,33,51,34,,,,,4,8,67,57,37,31,21,,11,85,83,76,46,84,59,74,24,22,26,21,52,48,,48,36,46,41,21,18,75,84,26,,56,41,,60,52,,55,53,47,,71,,115,,28,22,37,55,25,46,94,94,95,96,49,30,29,37,,94,100,81,124,106,67,,88,109,89,106,32,52,,99,91,71,83,50,,88,84,84,,61,122,88,134,64,119,119,,130,83,,92,81,95,100,70,47,84,71,82,,6,79,70,98,104,89,65,80,76,,,44,43,19,35,,49,16,9,41,53,53,66,25,68,74,75,51,66,,69,19,53,40,68,44,55,,76,,56,40,67,18,23,37,43,55,76,20,26,62,51,81,,,23,45,59,78,,65,98,31,60,,64,51,,,69,48,48,62,45,62,65,65,53,50,68,48,82,86,72,,68,69,,35,78,56,60,104,74,61,67,47,55,35,17,54,56,84,68,52,60,49,53,46,37,67,33,19,38,33,25,73,2,55,80,47,93,77,76,80,86,83,82,43,64,37,39,84,49,81,83,,54,28,48,44,60,51,54,,32,98,76,70,65,62,114,102,46,21,78,58,19,69,62,49,40,23,20,,31,51,86,32,119,,60,69,64,62,76,51,58,57,58,51,71,52,26,142,52,59,,56,,66,69,71,51,63,44,42,21,23,34,24,35,28,31,38,47,23,49,35,57,7,53,36,54,21,66,35,58,65,8,68,69,76,80,18,12,82,79,84,94,,60,62,5,13,23,33,38,60,42,36,49,40,93,59,67,30,86,48,75,78,67,59,75,57,65,70,54,56,57,66,71,60,46,32,53,47,61,60,80,68,38,52,48,78,44,61,17,11,46,32,45,58,52,58,55,40,9,,66,31,15,52,56,79,101,56,59,63,50,64,79,81,60,60,61,54,90,111,6,83,6,59,,12,59,46,39,31,45,21,42,44,44,28,16,37,29,77,76,64,24,43,51,74,25,1,34,76,58,15,67,45,67,,76,86,76,67,4,106,10,58,40,5,58,78,84,48,32,102,32,56,50,61,74,,56,67,84,58,75,85,68,27,45,60,64,72,57,,91,125,31,44,47,55,29,64,5,,89,74,36,33,30,56,24,26,23,40,29,,63,,54,53,,36,24,60,47,60,76,55,57,,66,52,57,55,,,67,83,16,32,13,28,17,51,29,78,69,76,23,16,8,20,33,41,18,,41,66,,74,55,58,82,56,28,61,31,68,50,32,44,52,46,79,6,48,53,60,49,46,58,68,155,38,26,60,28,34,37,45,67,40,,28,68,71,70,44,61,108,74,65,47,42,67,43,132,102,44,73,44,45,34,35,50,78,,58,70,75,96,68,63,75,73,6,9,16,27,40,71,31,58,86,53,14,40,89,46,25,26,75,56,13,6,89,20,94,,71,58,37,63,32,77,68,63,57,50,1,54
20210719,1,O3_8h_24h,24,31,24,31,39,21,19,28,41,28,14,30,,,68,,71,75,53,,76,,48,73,,68,69,,22,32,13,30,29,53,111,,38,29,,34,25,83,19,73,,5,,84,82,71,66,53,43,58,38,63,54,,64,62,28,35,16,47,,10,26,10,,14,80,67,60,61,56,,78,80,75,74,39,,61,57,68,44,71,28,,52,61,,,48,47,56,61,17,2,26,,14,42,37,28,41,,51,61,82,79,78,79,79,84,33,58,51,49,57,35,26,49,12,25,18,21,10,60,43,50,,65,66,58,52,49,56,31,46,62,61,66,55,67,,66,46,64,63,45,57,74,49,60,,24,54,56,58,,66,72,62,62,63,64,74,66,69,59,67,54,,,,41,49,,56,52,50,,,,46,,60,57,68,66,54,57,,53,58,,,,72,44,,45,23,34,64,66,,68,57,62,59,53,60,78,70,,58,,67,60,,58,33,,36,19,38,,32,49,60,20,54,74,63,,,61,66,72,59,69,61,40,,57,,,48,,53,48,,37,83,71,44,39,39,,71,72,46,49,57,23,49,6,36,35,22,41,33,17,30,26,28,43,71,,53,60,53,44,22,62,62,24,13,10,,8,10,,,7,86,66,52,,85,72,92,79,74,,,71,78,87,77,77,28,54,56,49,60,50,55,,50,64,76,46,68,72,82,72,46,,56,79,45,26,,12,35,47,38,35,6,19,17,29,,28,24,43,42,27,40,12,19,31,31,30,29,14,31,,45,38,38,30,32,32,32,25,8,12,11,24,,27,7,2,22,16,19,23,25,25,28,21,,,38,33,29,35,38,35,43,40,56,44,67,57,37,42,40,38,42,39,46,15,20,46,29,37,36,102,,13,40,60,70,48,74,57,,,52,50,27,34,64,,42,65,85,31,,,81,112,6,10,4,5,7,2,4,13,5,,25,51,46,56,56,57,69,74,74,72,71,82,75,57,12,77,68,91,79,64,,86,39,45,33,,108,148,90,88,,,,62,141,,,,61,41,4,2,6,3,18,,52,30,31,33,46,25,53,32,41,50,55,42,12,42,18,45,,56,24,79,10,86,81,97,60,49,,74,78,76,60,44,51,23,113,103,96,72,57,56,60,62,59,58,58,,46,,60,74,65,53,65,,70,43,,,56,48,57,52,,50,64,50,,60,74,64,52,80,60,70,69,70,44,,,,58,,59,64,,72,72,88,65,81,78,86,52,66,42,,56,,,44,,48,21,8,69,76,69,73,69,,40,35,37,47,11,53,44,35,41,18,38,4,25,49,47,47,4,22,27,56,,58,39,54,,74,74,,59,60,47,53,66,,37,40,,,45,59,,7,,70,58,62,68,64,64,,59,64,,64,66,,72,,70,61,63,,79,72,60,53,65,,26,23,47,54,28,41,7,16,38,38,23,40,25,36,6,12,42,29,6,27,75,40,36,41,21,21,7,16,23,31,67,55,46,,52,16,18,15,21,11,107,86,92,92,98,6,5,3,,22,29,48,,83,37,24,31,36,,21,66,85,,64,,69,66,72,65,75,81,78,,,,54,,49,,86,82,91,,53,52,50,51,39,,45,,73,63,48,47,101,80,,45,29,33,43,63,21,,80,,,83,55,61,29,,34,34,37,34,33,78,71,66,61,48,40,52,57,48,19,13,71,78,91,82,21,2,8,,2,,68,63,59,16,15,55,34,51,,,,,117,87,,68,49,59,55,44,33,44,24,46,18,5,31,41,40,43,70,64,,73,58,66,,43,73,,86,80,83,87,85,95,88,88,91,62,68,84,69,,57,59,43,48,84,94,76,88,93,,63,41,122,97,107,57,58,67,67,,63,,89,77,77,57,68,62,65,48,70,,,56,34,78,63,52,83,36,79,,,60,,66,57,63,46,48,46,43,49,47,,51,44,50,49,48,66,74,80,79,61,59,66,57,,52,64,,55,62,14,12,,,32,43,51,42,43,75,71,72,80,,,54,68,64,69,67,,59,75,72,69,78,46,66,,60,61,73,,,76,74,,72,58,54,,62,,161,128,,,61,50,,,47,111,72,,,61,61,75,70,161,163,163,47,59,59,66,44,83,75,56,60,42,27,26,28,49,55,37,36,,75,74,20,,26,15,7,11,108,123,62,62,39,44,36,59,,,8,27,16,25,18,3,22,15,19,16,10,4,13,40,1,34,18,,,41,47,46,46,65,73,,63,72,57,,11,59,46,,64,63,69,68,70,69,73,72,13,15,4,3,9,30,17,45,,8,24,27,18,71,67,,54,,72,,,,61,78,68,62,77,71,,20,,41,32,29,66,61,69,64,54,9,33,13,57,75,70,70,68,7,5,34,16,32,,54,4,22,22,21,16,16,46,42,47,33,8,36,24,35,,26,41,42,17,14,46,51,51,56,62,48,57,52,35,38,,29,35,38,2,39,44,24,49,37,42,43,,53,64,63,,79,83,76,89,,75,62,89,,93,71,54,74,80,72,69,77,72,81,44,49,53,,69,59,76,30,52,,32,47,67,19,29,35,60,57,51,52,44,36,,70,77,55,,69,71,,61,66,49,44,,52,52,33,53,51,36,48,43,54,51,56,18,54,41,46,52,,42,39,30,41,40,42,42,34,26,19,54,15,41,53,27,5,24,7,14,10,31,38,16,19,5,15,11,61,72,61,62,25,30,49,32,20,51,43,33,42,56,73,87,83,28,23,62,61,59,76,61,54,43,37,45,67,61,,75,18,20,47,9,74,68,68,46,37,47,54,56,71,74,,,51,72,70,,68,61,75,70,71,66,,13,21,38,,,,,84,85,76,61,64,64,51,55,,5,70,74,88,82,79,35,46,33,51,34,,,,,4,8,67,57,37,31,21,,11,85,83,76,46,84,59,74,24,22,26,21,52,48,,48,36,46,41,21,18,75,84,26,,56,41,,60,52,,55,53,47,,71,,115,,28,22,37,55,25,46,94,94,95,96,49,30,29,37,,94,100,81,124,106,67,,88,109,89,106,32,52,,99,91,71,83,50,,88,84,84,,61,122,88,134,64,119,119,,130,83,,92,81,95,100,70,47,84,71,82,,6,79,70,98,104,89,65,80,76,,,44,43,19,35,,49,16,9,41,53,53,66,25,68,74,75,51,66,,69,19,53,40,68,44,55,,76,,56,40,67,18,23,37,43,55,76,20,26,62,51,81,,,23,45,59,78,,65,98,31,60,,64,51,,,69,48,48,62,45,62,65,65,53,50,68,48,82,86,72,,68,69,,35,78,56,60,104,74,61,67,47,55,35,17,54,56,84,68,52,60,49,53,46,37,67,33,19,38,33,25,73,2,55,80,47,93,77,76,80,86,83,82,43,64,37,39,84,49,81,83,,54,28,48,44,60,51,54,,32,98,76,70,65,62,114,102,46,21,78,58,19,69,62,49,40,23,20,,31,51,86,32,119,,60,69,64,62,76,51,58,57,58,51,71,52,26,142,52,59,,56,,66,69,71,51,63,44,42,21,23,34,24,35,28,31,38,47,23,49,35,57,7,53,36,54,21,66,35,58,65,8,68,69,76,80,18,12,82,79,84,94,,60,62,5,13,23,33,38,60,42,36,49,40,93,59,67,30,86,48,75,78,67,59,75,57,65,70,54,56,57,66,71,60,46,32,53,47,61,60,80,68,38,52,48,78,44,61,17,11,46,32,45,58,52,58,55,40,9,,66,31,15,52,56,79,101,56,59,63,50,64,79,81,60,60,61,54,90,111,6,83,6,59,,12,59,46,39,31,45,21,42,44,44,28,16,37,29,77,76,64,24,43,51,74,25,1,34,76,58,15,67,45,67,,76,86,76,67,4,106,10,58,40,5,58,78,84,48,32,102,32,56,50,61,74,,56,67,84,58,75,85,68,27,45,60,64,72,57,,91,125,31,44,47,55,29,64,5,56,89,74,36,33,30,56,24,26,23,40,29,,63,,54,53,,36,24,60,47,60,76,55,57,,66,52,57,55,,,67,83,16,32,13,28,17,51,29,78,69,76,23,16,8,20,33,41,18,,41,66,60,74,55,58,82,56,28,61,31,68,50,32,44,52,46,79,6,48,53,60,49,46,58,68,155,38,26,60,28,34,37,45,67,40,,28,68,71,70,44,61,108,74,65,47,42,67,43,132,102,44,73,44,45,34,35,50,78,,58,70,75,96,68,63,75,73,6,9,16,27,40,71,31,58,86,53,14,40,89,46,25,26,75,56,13,6,89,20,94,,71,58,37,63,32,77,68,63,57,50,1,54
20210719,1,CO,0.6,0.4,0.8,0.6,,0.7,0.6,0.4,0.3,0.5,0.5,0.6,,,0.8,,1,0.5,1.1,,0.8,,0.4,0.4,,0.5,0.4,,0.5,0.6,0.5,0.6,0.6,0.3,0.5,,0.5,0.6,,0.7,0.5,0.3,0.2,0.3,,0.4,,0.3,0.4,0.4,0.1,0.4,0.3,0.1,0.1,0.1,0.2,,0.4,0.3,0.1,0.6,0.8,0.8,,0.7,0.5,0.2,,0.4,0.3,0.1,0.2,0.2,0.5,,0.1,0.5,1.2,0.5,0.5,,0.5,0.4,0.4,0.5,0.4,0.6,,0.5,0.3,,,0.3,0.4,0.3,0.4,0.9,0.6,0.9,,0.7,0.6,0.5,0.6,0.5,,0.5,0.7,0.4,0.5,0.6,0.4,0.5,0.5,0.5,0.7,0.6,0.7,0.7,0.8,0.5,0.6,0.4,0.4,0.4,0.4,0.5,0.2,0.6,0.4,,0.4,0.5,0.3,0.5,0.2,0.4,0.2,0.4,0.5,0.5,0.3,0.4,0.5,,0.4,0.3,0.4,0.2,0.5,0.6,0.2,0.2,0.8,0.5,1,0.7,0.5,0.2,,0.3,0.4,0.2,0.1,0.3,0.5,0.4,0.3,0.4,0.5,0.5,0.3,,,,0.6,0.5,,0.6,0.5,0.4,,,,0.5,,0.4,0.2,0.3,0.4,0.4,0.3,,0.2,0.7,,,,0.6,0.6,,0.6,0.8,0.6,0.3,0.4,,0.2,0.2,0.3,0.1,0.2,,0.5,0.3,,0.3,,0.3,0.4,,0.3,0.4,,0.6,0.4,0.7,,0.6,0.4,0.4,0.3,0.4,0.6,0.4,,,0.3,0.4,0.4,0.3,0.3,0.3,0.4,,0.7,,,0.5,,0.5,0.5,,0.3,0.3,0.2,0.3,0.4,0.5,,0.3,0.4,0.2,0.2,0.4,0.4,0.3,0.5,0.4,0.3,0.4,0.5,0.3,0.4,0.4,0.4,,0.4,0.4,,0.4,0.6,0.4,0.3,0.3,0.5,0.3,1.5,1.1,0.8,,1,1.3,,,1.8,0.3,0.1,0.7,,0.3,0.4,0.5,0.3,0.3,,,0.1,0.3,0.4,,0.2,0.5,0.5,0.4,0.5,0.4,0.5,0.5,,0.5,0.5,0.7,0.8,0.5,0.8,0.6,0.7,0.7,,0.9,0.4,0.7,0.8,0.7,0.9,0.7,0.6,0.4,0.5,0.8,0.4,0.6,0.6,,0.5,0.5,0.5,0.6,0.6,0.5,0.6,0.5,0.4,0.6,0.6,0.5,0.4,0.4,,0.7,0.4,0.3,0.4,0.5,0.5,0.4,0.5,0.4,0.5,0.4,0.3,,0.5,0.6,0.6,0.6,0.5,0.5,0.5,0.5,0.6,0.4,0.5,,,0.6,0.5,0.6,0.5,0.6,0.5,0.6,0.5,0.6,0.7,0.3,0.5,0.5,0.6,0.6,0.7,0.4,0.7,,0.6,0.3,0.4,0.5,0.4,0.4,0.5,,0.6,0.7,0.6,0.7,0.9,0.2,0.4,,,0.8,0.4,0.9,0.2,0.6,,0.5,0.5,0.5,0.7,,,0.5,0.3,0.4,0.5,0.6,0.7,0.7,0.6,0.7,0.5,0.7,,0.4,0.3,0.3,0.3,0.3,0.4,0.2,0.3,0.2,0.4,0.4,0.2,0.4,0.8,0.8,0.7,0.7,0.5,0.7,0.4,,0.7,0.9,0.7,0.9,,0.6,0.6,0.4,0.4,,,,0.6,0.3,,,,0.6,0.6,1,0.7,1,0.6,0.9,,0.7,0.6,0.6,0.6,0.4,0.7,1,0.7,0.9,1,0.7,0.4,0.5,0.6,0.7,0.6,,0.4,0.7,0.6,0.8,0.6,0.6,0.8,0.6,0.6,,0.4,0.6,0.5,0.5,0.5,0.5,0.7,0.7,0.6,0.6,0.4,0.5,0.3,0.4,0.3,0.3,0.3,0.3,,0.9,,0.2,0.6,0.3,0.7,0.4,,0.5,0.7,,,0.5,0.7,0.7,1.2,,0.2,0.6,0.2,,0.2,,0.2,0.4,0.2,0.2,0.1,0.1,0.2,0.3,,,,0.3,,0.5,0.8,,0.5,0.2,0.3,0.5,0.5,0.2,0.3,0.4,0.4,0.4,,0.3,,,0.8,,0.7,0.6,0.7,0.4,0.6,0.4,0.2,0.4,,0.5,0.3,0.6,0.4,0.4,0.4,0.5,0.6,0.7,0.8,0.4,0.7,0.6,0.3,0.5,0.4,0.8,0.6,0.6,0.5,,0.4,0.5,0.4,,0.6,0.6,,0.5,0.7,0.7,0.6,0.5,,0.7,0.5,,,0.5,0.5,,0.6,,0.6,0.5,0.5,0.5,0.7,0.5,,0.7,0.7,,0.6,0.6,,0.6,,1,0.7,1,,0.7,0.8,0.3,0.2,0.1,,0.5,0.6,0.5,1,0.9,0.3,0.2,0.7,0.7,0.4,0.6,0.4,0.7,0.2,1.1,2.9,0.6,0.5,0.6,0.9,0.6,0.5,0.7,0.6,0.7,0.6,0.6,0.7,0.6,0.4,0.3,0.5,0.2,,0.2,0.4,0.3,0.3,0.4,0.3,0.5,0.4,0.7,0.3,0.5,1.1,1,0.7,,1,1,1,,0.5,0.7,0.5,0.4,0.6,,0.9,0.2,0.3,,0.7,,0.7,0.3,0.4,0.3,0.3,0.4,0.2,,,,0.5,,0.5,,0.4,0.3,0.2,,0.7,0.6,0.6,0.5,0.6,,0.7,,0.3,0.6,0.5,0.5,0.5,0.8,,0.8,0.7,0.5,0.7,0.6,0.6,,0.7,,,0.8,0.3,0.3,0.5,,0.6,0.8,0.6,0.7,0.6,0.4,0.5,0.7,0.6,0.7,0.8,1.1,0.9,0.8,0.5,0.4,,0.6,0.9,0.5,0.6,0.8,0.8,0.6,0.9,,0.7,2.3,1.9,2.9,0.6,0.7,0.9,0.7,,,,,0.7,0.6,,0.6,0.6,0.5,0.4,0.3,0.5,0.4,0.7,0.5,0.7,0.6,0.4,0.6,0.6,1.1,0.7,0.9,,0.7,0.6,0.8,,0.6,0.6,,0.6,0.6,0.8,0.7,0.9,0.8,0.5,0.6,0.6,0.6,0.6,0.7,0.7,,0.6,0.6,0.5,0.5,0.5,0.2,1,0.6,0.6,,0.7,0.4,0.2,0.4,0.3,0.2,0.5,0.1,0.1,,0.5,,,0.4,0.4,0.2,0.2,0.4,,,,,,0.3,0.4,0.4,,,0.4,,0.5,,,0.6,,0.8,0.3,0.7,0.5,0.4,0.6,0.3,0.5,0.4,,0.7,0.8,0.7,0.7,0.6,0.3,0.3,0.3,0.3,0.6,0.6,0.1,0.3,,0.5,0.3,,0.4,0.4,0.5,0.7,,,0.6,0.5,0.5,0.5,0.4,0.4,0.8,0.8,0.5,,,0.3,0.3,0.5,0.6,0.4,,0.3,0.5,0.4,0.6,0.6,0.5,0.5,,0.4,0.7,0.6,,,0.6,0.7,,0.6,0.5,0.5,,0.5,,0.6,0.6,,,,0.4,,,0.6,0.5,0.4,,,0.2,0.3,0.2,0.2,0.5,0.4,0.4,0.3,0.4,0.3,0.3,0.5,0.4,0.2,0.4,0.5,0.8,0.4,0.6,0.5,0.4,0.3,0.5,0.4,,0.5,0.4,0.5,,0.4,0.4,0.5,0.5,0.7,0.5,0.5,0.4,0.4,0.4,0.4,0.4,,,0.6,0.6,0.7,0.7,0.5,2.7,0.2,1.2,0.2,1.5,1.6,0.5,0.5,0.5,0.5,0.6,0.5,,,0.4,0.7,0.6,0.7,0.3,0.2,,,0.4,0.4,,0.6,0.6,0.4,,0.3,0.6,0.4,0.3,0.4,0.3,0.5,0.4,0.6,0.5,0.5,0.7,0.5,0.4,0.6,0.7,,0.3,0.3,0.3,,0.5,0.3,,0.6,,0.4,,,,0.3,0.4,0.5,0.4,0.6,0.7,,0.7,,0.4,0.4,0.5,0.5,0.7,0.5,0.5,0.3,0.7,0.7,0.6,0.5,0.1,0.4,0.4,0.3,0.6,0.6,0.4,0.5,0.3,,0.5,0.3,0.6,0.3,0.5,0.8,0.3,0.9,0.8,0.4,1.4,0.3,0.3,0.6,0.8,,0.4,0.5,0.7,0.5,0.5,1.1,0.9,0.7,1,1.3,0.5,0.6,0.6,0.4,0.6,,0.6,0.6,0.5,0.5,0.7,0.5,0.6,0.6,0.4,0.8,0.7,,2.1,0.6,0.4,,0.3,0.5,0.5,0.4,,0.4,0.4,0.6,,0.6,0.6,,0.7,0.7,0.8,0.9,0.7,0.6,0.6,0.7,0.5,0.6,,0.4,0.4,0.6,1.2,0.7,,0.9,1,0.4,0.9,0.9,0.7,0.6,0.8,0.8,0.7,0.6,0.7,,0.5,0.8,0.3,,1,1,,0.4,0.4,0.5,0.5,,0.6,0.6,0.7,0.8,1,0.9,0.6,0.6,0.8,0.5,0.5,0.4,0.6,0.6,0.6,0.5,,0.5,0.9,1,1.3,0.6,0.4,0.5,0.5,0.7,0.6,0.6,0.6,0.5,0.7,1.3,1,1,0.9,1.4,0.4,0.4,0.5,1.1,0.6,0.4,0.4,0.4,0.8,0.7,0.7,0.6,0.4,0.7,0.4,0.7,0.6,0.5,0.8,1,1.2,1,0.5,0.5,0.5,0.7,0.8,0.5,0.6,,0.6,0.7,0.9,0.9,0.5,0.7,0.5,0.3,,0.4,0.3,0.3,0.3,0.2,0.5,0.4,0.4,0.6,0.4,0.4,0.5,0.5,0.3,0.3,,,0.5,0.4,0.7,,0.7,0.4,0.3,0.3,0.3,0.3,,0.3,0.5,0.3,,,,,0.5,0.5,0.5,0.5,0.6,0.4,0.2,0.4,,0.3,0.5,0.5,0.3,0.5,0.5,0.4,0.7,1.3,0.9,0.2,,,,,0.3,0.3,0.4,0.5,0.4,0.5,0.5,,0.4,0.4,0.4,0.3,0.5,0.7,0.8,0.6,0.5,0.4,0.7,0.7,0.5,0.6,,0.7,0.6,0.2,0.2,0.2,0.3,0.6,0.5,0.4,,0.3,0.6,,0.7,0.6,,0.4,0.2,0.6,,0.4,,0.3,,0.6,0.6,0.4,0.6,0.5,0.7,0.5,0.5,0.4,0.6,0.4,0.4,0.5,0.5,,0.8,0.8,0.2,0.4,0.7,0.2,,0.3,0.3,0.2,0.3,0.6,0.3,,0.7,0.8,0.3,0.1,0.5,,0.2,0.2,0.2,,0.3,0.7,0.6,0.4,0.5,0.3,0.3,,0.3,0.4,,0.4,0.4,0.5,0.3,0.8,0.7,0.2,0.2,0.2,,1.1,0.1,0.5,0.2,0.4,0.2,0.6,0.6,0.4,,,0.8,1.2,0.9,0.8,,0.4,0.7,0.9,0.4,1.7,0.3,0.4,0.7,0.5,0.3,0.5,0.6,0.6,,0.4,0.6,0.3,0.7,0.5,0.5,0.5,,0.4,,0.3,0.9,0.6,0.5,1.4,0.5,0.2,0.6,0.4,0.5,0.7,0.5,0.5,0.3,,,0.4,0.3,0.2,0.4,,0.9,0.5,0.6,0.5,,0.3,0.3,,,0.2,0.4,0.3,0.5,0.5,0.5,0.3,0.2,0.3,0.6,0.7,0.6,0.3,0.4,0.7,,1.2,0.4,,0.5,0.6,0.2,0.3,0.2,0.4,0.4,0.6,0.8,0.6,0.5,0.4,0.4,0.7,0.4,0.6,0.2,0.4,0.5,0.3,0.8,0.2,0.5,0.8,0.5,0.5,0.5,0.4,0.6,0.4,0.4,0.2,0.7,0.6,0.4,0.5,0.6,0.6,0.7,0.3,0.6,0.3,0.9,0.4,0.6,0.4,0.8,0.6,,0.6,0.5,0.5,0.4,0.7,0.5,0.5,,0.5,0.5,0.3,0.3,0.3,0.3,0.4,0.5,0.4,0.9,0.2,0.7,0.4,0.3,0.5,0.3,0.6,0.5,0.8,,0.7,0.5,0.2,0.5,0.4,,0.1,0.3,0.4,0.3,0.4,0.3,0.5,0.3,0.4,0.6,0.4,0.5,0.7,0.4,0.3,0.1,,0.5,,0.5,0.6,0.6,0.5,0.4,0.6,0.6,0.8,0.8,0.6,0.6,0.5,0.4,0.5,0.5,0.5,0.5,0.5,0.4,0.5,0.7,0.6,0.8,0.6,0.2,0.3,0.5,0.8,0.1,1.2,0.3,0.5,0.6,0.5,0.9,0.8,0.3,0.5,0.6,0.4,,0.3,0.5,1.1,0.5,1.3,0.5,0.4,0.5,0.6,0.4,0.6,0.6,0.3,0.5,0.3,0.5,0.3,0.6,0.3,0.5,0.5,0.5,0.3,0.8,0.2,0.3,0.1,0.3,0.3,0.2,0.5,0.5,0.6,0.4,0.6,0.4,0.9,0.7,0.2,0.6,0.7,0.6,0.6,0.6,0.5,0.6,0.6,0.8,1.1,0.7,0.4,0.3,0.4,0.4,0.3,0.3,0.4,,0.3,0.4,0.5,0.6,0.2,0.5,0.6,0.4,0.5,0.2,,0.4,0.4,0.4,0.2,0.5,0.7,0.2,0.4,0.4,0.7,0.5,0.3,0.4,,0.6,0.5,0.7,,0.3,0.4,0.5,0.7,0.5,0.3,0.4,0.4,0.7,0.5,0.5,0.2,0.2,0.3,0.6,0.9,0.6,0.3,0.6,0.5,0.4,0.7,0.3,0.4,0.4,0.7,,0.2,0.4,0.5,0.7,2.6,0.6,0.5,0.3,0.5,0.5,0.4,0.6,0.5,0.4,0.7,0.7,0.5,0.4,0.4,0.4,0.5,,0.6,0.3,0.2,0.4,0.3,0.2,0.6,0.8,0.9,0.4,0.6,0.4,0.9,,0.5,0.5,0.8,0.7,0.6,0.5,0.4,0.3,0.4,,0.6,0.6,0.8,0.8,0.6,0.4,0.6,0.5,0.4,0.4,0.5,,0.5,,0.5,0.6,,1.3,0.5,0.2,0.4,0.4,0.6,0.4,0.3,,0.4,0.6,0.6,0.5,,,0.9,0.6,0.4,0.2,0.4,0.6,0.8,0.2,1,0.4,0.6,0.2,0.3,0.1,0.3,0.2,0.2,0.2,0.2,0.3,0.5,0.6,,0.6,0.7,2,0.8,0.6,0.6,1,0.6,0.4,0.6,0.7,0.5,0.6,0.5,0.3,1.1,0.3,0.7,0.4,0.5,0.4,0.8,0.5,0.4,0.6,0.5,0.4,0.4,0.5,0.4,0.8,0.8,0.8,,1,0.3,0.5,0.5,0.4,0.3,0.7,0.5,,0.5,1.1,0.5,0.5,0.4,0.4,0.9,0.6,0.7,0.9,0.5,0.4,0.3,0.4,,0.5,0.5,0.2,0.3,0.6,0.6,0.3,0.6,0.5,0.6,0.5,0.4,0.5,0.5,0.4,0.7,0.3,0.6,0.7,0.3,0.3,0.6,0.8,0.5,0.5,0.4,0.8,0.4,0.3,0.4,0.2,0.4,1.5,0.2,0.4,0.2,0.4,0.3,0.3,0.4,0.5,0.5,0.7,0.5
20210719,1,CO_24h,0.7,0.6,0.8,0.8,0.8,0.7,0.6,0.7,0.6,0.7,0.7,0.5,,,0.8,,0.9,0.8,0.6,,1,,0.4,0.5,,0.6,0.5,,0.5,0.6,0.5,0.6,0.6,0.3,0.5,,0.8,0.6,,0.8,0.5,0.3,0.1,0.3,,0.3,,0.4,0.3,0.3,0.1,0.3,0.3,0.1,0.1,0.1,0.3,,0.4,0.3,0.1,0.6,0.7,0.8,,0.7,0.6,0.3,,0.5,0.3,0.1,0.2,0.1,0.5,,,0.4,0.2,0.3,0.7,,0.5,0.6,0.5,0.6,0.4,0.7,,0.5,0.5,,,0.4,0.5,0.5,0.5,0.9,1.1,1.3,,0.7,1.2,1.2,1.2,1.1,,1.1,0.7,0.5,0.5,0.6,0.4,0.5,0.5,0.5,0.6,0.6,0.6,0.5,0.7,0.5,0.6,0.4,0.5,0.4,0.4,0.5,0.4,0.7,0.5,,0.5,0.6,0.4,0.6,0.6,0.6,0.3,0.4,0.3,0.4,0.3,0.4,0.5,,0.4,0.3,0.4,0.2,0.4,0.6,0.3,0.3,0.8,0.5,0.5,0.7,0.5,0.2,,0.3,0.5,0.3,0.2,0.2,0.5,0.4,0.3,0.4,0.5,0.5,0.3,,,,0.5,0.4,,0.5,0.3,0.3,,,,0.6,,0.4,0.2,0.4,0.3,0.4,0.3,,0.3,0.6,,,,0.6,0.6,,0.6,0.8,0.7,0.4,0.1,,0.2,0.2,0.3,0.1,0.2,,0.5,0.3,,0.3,,0.4,0.5,,0.4,0.4,,0.6,0.3,0.7,,0.5,0.4,0.4,0.3,0.4,0.6,0.4,,,0.3,0.4,0.4,0.4,0.4,0.4,0.4,,0.7,,,0.5,,0.6,0.5,,0.3,0.3,0.2,0.3,0.4,0.5,,0.3,0.4,0.4,0.3,0.4,0.3,0.3,0.4,0.4,0.5,0.6,0.5,0.4,0.5,0.5,0.4,0.6,0.5,0.3,,0.5,0.6,0.5,0.4,0.3,0.5,0.3,0.9,0.7,0.6,,0.7,0.5,,,0.6,0.4,0.2,0.6,,0.4,0.4,0.6,0.4,0.3,,,0.1,0.3,0.5,0.1,0.2,0.4,0.6,0.4,0.5,0.5,0.7,0.5,,0.5,0.5,0.9,0.9,0.7,1,0.8,0.7,0.9,,0.9,0.4,0.8,0.7,0.6,0.7,0.6,0.6,0.4,0.5,0.6,0.3,0.6,0.6,,0.5,0.4,0.6,0.6,0.6,0.5,0.6,0.4,0.4,0.6,0.6,0.5,0.6,0.4,,0.7,0.4,0.4,0.4,0.5,0.5,0.5,0.7,0.4,0.5,0.4,0.4,,0.4,0.4,0.5,0.7,0.6,0.5,0.5,0.5,0.6,0.5,0.5,,,0.6,0.5,0.7,0.4,0.6,0.6,0.7,0.5,0.5,0.5,0.3,0.4,0.5,0.6,0.5,0.6,0.4,0.6,0.6,0.5,0.3,0.4,0.4,0.4,0.4,0.6,,0.5,0.8,0.7,0.7,1.1,0.3,0.5,,,1,0.5,1,0.7,0.6,,0.4,0.4,0.5,0.5,,,0.5,0.3,0.3,0.3,0.5,0.6,0.6,0.4,0.6,0.4,0.7,,0.4,0.3,0.3,0.3,0.3,0.4,0.2,0.4,0.2,0.4,0.4,0.3,0.4,0.7,0.7,0.7,0.7,0.5,0.7,0.4,,0.7,0.8,0.6,0.7,,0.6,0.5,0.6,0.7,,,,0.7,0.3,,,,0.4,0.6,0.7,0.5,0.6,0.3,0.8,,0.8,0.7,0.6,0.7,0.5,0.7,0.8,0.7,0.5,0.7,0.5,0.4,0.5,0.7,0.8,0.7,,0.6,0.9,0.7,0.7,0.7,0.7,0.8,0.7,0.6,,0.4,0.9,0.4,0.4,0.5,0.3,0.6,0.7,0.5,0.6,0.4,0.6,0.3,0.5,0.2,0.3,0.3,0.3,,0.5,,0.3,0.6,0.3,0.8,0.5,,0.6,0.7,,,0.4,0.5,0.6,0.3,,0.2,0.5,0.2,,0.2,0.1,0.1,0.4,0.3,0.2,0.1,0.2,0.2,0.3,,,,0.3,,0.3,0.6,,0.4,0.4,0.4,0.6,0.5,0.2,0.3,0.3,0.4,0.4,,0.3,,,0.9,,0.9,0.7,0.6,0.3,0.6,0.5,0.2,0.4,,0.5,0.4,0.6,0.5,0.4,0.4,0.5,0.6,0.7,0.9,0.5,0.6,0.6,0.3,0.5,0.5,0.7,0.7,0.6,0.5,,0.5,0.5,0.4,,0.6,0.6,,0.4,0.7,0.6,0.6,0.5,,0.6,0.8,,,0.5,0.5,,0.6,,0.8,0.6,0.7,0.7,0.6,0.5,,0.8,0.7,,0.6,0.6,,0.6,,0.9,0.8,0.7,,0.7,0.7,0.3,0.2,0.1,,0.7,0.8,0.7,1.3,1,0.6,0.3,0.7,0.7,0.5,0.6,0.5,0.8,0.4,1.3,2,0.8,0.6,0.7,0.7,0.6,0.4,0.6,0.6,0.7,0.5,0.5,0.7,0.6,0.5,0.4,0.5,0.2,,0.1,0.4,0.4,0.3,0.4,0.3,0.4,0.3,0.5,0.3,0.4,0.6,0.7,0.6,,0.9,0.8,0.8,,0.5,0.6,0.5,0.5,0.7,,0.5,0.3,0.3,,0.6,,0.7,0.3,0.4,0.3,0.4,0.5,0.3,,,,0.5,,0.5,,0.4,0.4,0.3,,0.7,0.6,0.6,0.6,0.6,,0.7,,0.4,0.6,0.6,0.5,0.6,0.8,,0.7,0.6,0.4,0.7,0.6,0.5,,0.7,,,0.8,0.3,0.3,0.5,,0.6,0.7,0.6,0.7,0.7,0.4,0.5,0.7,0.5,0.6,0.7,1,0.8,0.7,0.3,0.3,0.4,0.5,0.8,0.4,0.6,0.7,0.7,0.5,0.8,,0.7,2.6,1.9,0.7,0.6,0.7,0.9,0.8,,,,,0.5,0.5,,0.6,1.3,0.5,0.3,0.3,0.4,0.4,0.6,0.4,0.5,0.4,0.4,0.6,0.5,0.8,0.6,0.8,,0.7,0.7,0.7,,0.7,0.6,,0.6,0.6,0.7,0.5,0.8,0.7,0.5,0.4,0.5,0.6,0.7,0.7,0.6,,0.5,0.7,0.4,0.4,0.6,0.4,0.6,0.6,0.5,,0.5,0.4,0.3,0.4,0.3,0.2,0.5,0.1,0.1,,0.5,,0.4,0.4,0.4,0.3,0.2,0.4,0.1,0.2,0.3,,,0.3,0.3,0.4,0.5,0.3,0.3,0.1,0.5,,,0.6,,0.7,0.3,0.6,0.5,0.5,0.7,0.3,0.5,0.4,,0.7,0.7,0.7,0.6,0.5,0.4,0.4,0.4,0.4,0.6,0.7,0.2,0.2,,0.5,0.3,,0.4,0.4,0.5,0.6,,,0.7,0.5,0.5,0.5,0.4,0.5,0.8,0.7,0.5,,,0.4,0.7,0.8,0.8,0.6,,0.6,0.7,0.5,0.8,0.7,0.6,0.3,,0.4,0.7,0.7,,,0.7,1,,0.6,0.6,0.5,,0.5,,0.9,0.8,,,,0.5,,,0.7,0.6,0.5,,,0.3,0.3,0.3,0.3,0.4,0.3,0.3,0.3,0.4,0.4,0.4,0.6,0.5,0.5,0.6,0.8,0.8,0.5,0.6,0.8,0.4,0.3,0.5,0.4,,0.6,0.5,0.5,,0.4,0.6,0.5,0.5,0.5,0.4,0.5,0.4,0.4,0.5,0.4,0.4,,,0.5,0.7,0.7,0.7,0.6,1,0.4,0.8,0.5,0.8,0.9,0.7,0.7,0.6,0.7,0.8,0.7,,,0.5,0.7,0.7,0.6,0.3,0.3,,0.7,0.5,0.5,,0.6,0.6,0.5,,0.4,0.5,0.5,0.5,0.5,0.5,0.6,0.5,0.7,0.5,0.5,0.7,0.7,0.4,0.4,0.6,,0.2,0.4,0.3,,0.6,0.4,,0.5,,0.4,,,,0.4,0.5,0.6,0.4,0.6,0.8,,0.6,,0.4,0.4,0.4,0.4,0.6,0.5,0.5,0.4,0.6,0.6,0.7,0.6,0.1,0.5,0.4,0.3,0.5,0.6,0.5,0.5,0.4,,0.4,0.3,0.7,0.4,0.6,0.7,0.5,1.3,1.3,1,1.2,0.3,0.4,0.6,1.1,,0.4,0.5,0.6,0.4,0.5,1,0.9,0.6,0.9,1.3,0.5,0.7,0.7,0.5,0.6,,0.5,0.7,0.6,0.5,0.6,0.5,0.5,0.6,0.5,0.8,0.8,,0.4,0.5,0.4,,0.4,0.5,0.5,0.5,,0.5,0.4,0.6,,0.6,0.6,0.4,0.6,0.6,0.8,0.9,0.7,0.6,0.6,0.6,0.5,0.5,,0.5,0.4,0.6,1.1,0.8,,0.9,1.1,0.5,0.7,0.9,0.7,0.6,0.8,0.8,0.7,0.7,0.6,,0.6,0.8,0.5,,1,1,,0.5,0.4,0.5,0.4,,0.6,0.6,0.7,0.8,1,0.7,0.6,0.6,0.7,0.5,0.6,0.5,0.6,0.7,0.5,0.5,,0.4,0.8,1,1.3,0.5,0.4,0.5,0.4,0.6,0.6,0.6,0.6,0.5,0.7,1.2,0.8,0.9,0.7,1.1,0.4,0.9,0.8,1,1.1,0.4,0.3,0.8,0.9,0.7,0.8,0.7,0.4,0.7,0.4,0.6,0.6,0.5,0.6,0.7,0.7,0.8,0.5,0.5,0.5,0.6,0.6,0.5,0.6,0.6,0.6,0.7,0.8,0.8,0.5,0.4,0.5,0.4,,0.3,0.3,0.3,0.2,0.3,0.5,0.5,0.5,0.5,0.6,0.6,0.7,0.7,0.3,0.4,,,0.4,0.4,0.7,,0.6,0.5,0.4,0.4,0.4,0.6,,0.3,0.5,0.3,,,,,0.4,0.4,0.5,0.5,0.5,0.3,0.2,0.5,,0.3,0.6,0.6,0.5,0.7,0.7,0.5,0.6,0.6,0.6,0.4,,,,,0.3,0.3,0.4,0.4,0.4,0.5,0.4,,0.5,0.5,0.4,0.3,0.4,0.8,0.7,0.6,0.5,0.4,0.7,0.7,0.6,0.6,,0.5,0.4,0.3,0.3,0.3,0.3,0.6,0.5,0.5,,0.4,0.7,,0.8,0.6,,0.4,0.2,0.5,,0.3,,0.3,,0.6,0.8,0.5,0.6,0.5,0.6,0.5,0.6,0.4,0.6,0.4,0.4,0.5,0.5,,0.6,0.6,0.2,0.4,0.6,0.3,,0.3,0.3,0.2,0.3,0.4,0.3,,0.6,0.8,0.3,0.2,0.6,,0.2,0.2,0.2,,0.4,0.7,0.6,0.4,0.5,0.3,0.4,,0.2,0.3,,0.4,0.3,0.4,0.3,0.8,0.7,0.3,0.4,0.3,,0.6,0.1,0.3,0.4,0.3,0.2,0.5,0.6,0.4,,,0.6,0.9,0.7,0.7,,0.3,0.5,0.6,0.4,1.1,0.3,0.5,0.6,0.6,0.4,0.7,0.7,0.6,,0.5,0.6,0.4,0.7,0.4,0.4,0.5,,0.4,,0.3,0.9,0.5,0.4,1.1,0.8,0.7,0.5,0.4,1.2,0.9,0.5,0.4,0.4,,,0.5,0.4,0.3,0.6,,0.7,0.5,0.5,0.6,,0.4,0.4,,,0.3,0.5,0.3,0.4,0.4,0.5,0.4,0.3,0.3,0.5,0.6,0.7,0.5,0.4,0.8,,0.9,0.5,,0.5,0.6,0.3,0.4,0.2,0.5,0.4,0.5,0.5,0.7,0.5,0.2,0.4,0.8,0.3,0.6,0.3,0.2,0.3,0.5,0.5,0.3,0.6,1,0.4,0.5,0.4,0.3,0.5,0.5,0.4,0.2,0.8,0.6,0.4,0.5,0.5,0.6,0.7,0.4,0.5,0.4,0.9,0.6,0.8,0.5,0.7,0.6,,0.5,0.4,0.3,0.4,0.7,0.5,0.6,,0.5,0.5,0.4,0.4,0.3,0.3,0.4,0.6,0.4,0.9,0.3,0.6,0.5,0.4,0.6,0.3,0.6,0.5,0.7,,0.6,0.4,0.3,0.5,0.4,,0.4,0.4,0.4,0.3,0.4,0.2,0.4,0.3,0.4,0.5,0.4,0.7,0.7,0.7,0.4,0.2,,0.5,,0.5,0.6,0.5,0.6,0.4,0.6,0.6,0.7,0.8,0.6,0.7,0.6,0.4,0.5,0.5,0.6,0.6,0.5,0.4,0.6,0.6,0.6,0.8,0.6,0.2,0.3,0.5,1,0.2,0.7,0.4,0.6,0.6,0.6,0.6,0.6,0.3,0.5,0.6,0.5,,0.3,0.6,0.4,0.5,0.6,0.6,0.4,0.6,0.6,0.5,0.7,0.7,0.5,0.6,0.4,0.5,0.4,0.5,0.3,0.4,0.6,0.8,0.3,0.4,0.1,0.3,0.1,0.4,0.3,0.3,0.6,0.5,0.5,0.4,0.6,0.5,1.1,0.7,0.2,0.6,0.7,0.6,0.6,0.5,0.4,0.6,0.5,0.6,0.8,0.6,0.3,0.3,0.4,0.4,0.3,0.2,0.4,,0.5,0.6,0.7,0.6,0.4,0.5,0.6,0.3,0.6,0.2,,0.3,0.4,0.4,0.2,0.5,0.4,0.3,0.5,0.3,0.4,0.6,0.3,0.3,,0.6,0.5,0.6,0.6,0.4,0.5,0.6,0.7,0.5,0.4,0.4,0.4,0.7,0.3,0.5,0.3,0.3,0.5,0.7,0.7,0.6,0.3,0.6,0.5,0.4,0.6,0.3,0.4,0.5,0.5,,0.2,0.4,0.5,0.6,1.5,0.5,0.5,0.3,0.5,0.5,0.5,0.6,0.3,0.3,0.8,0.6,0.4,0.5,0.4,0.4,0.5,,0.5,0.6,0.3,0.5,0.3,0.3,0.7,0.8,0.9,0.4,0.3,0.4,0.7,,0.4,0.6,0.7,0.7,0.6,0.4,0.4,0.4,0.4,0.7,0.6,0.6,0.6,0.8,0.5,0.4,0.6,0.4,0.4,0.3,0.4,,0.5,,0.5,0.7,,1.2,0.6,0.5,0.4,0.4,0.5,0.5,0.3,,0.3,0.7,0.7,0.5,,,0.9,0.7,0.3,0.2,0.5,0.4,0.6,0.6,0.8,0.4,0.6,0.2,0.3,0.1,0.4,0.2,0.3,0.3,0.2,0.4,0.5,0.6,0.5,0.6,0.7,0.5,0.8,0.7,0.6,1.2,0.7,0.4,0.6,0.6,0.5,0.6,0.5,0.3,0.6,0.1,0.5,0.5,0.5,0.5,0.9,1.1,0.7,0.7,0.5,0.5,0.4,0.5,0.4,0.7,1,1.1,,0.8,0.3,0.5,0.6,0.6,0.4,0.5,0.5,,0.6,0.2,0.4,0.5,0.4,0.5,0.8,0.6,0.7,0.9,0.4,0.4,0.3,0.3,,0.6,0.5,0.3,0.4,0.8,0.7,0.3,0.7,0.5,0.5,0.7,0.4,0.7,0.7,0.6,0.6,0.4,0.9,0.8,0.4,0.3,0.6,0.7,0.6,0.5,0.7,0.6,0.5,0.5,0.5,0.2,0.4,0.7,0.1,0.4,0.2,0.4,0.4,0.4,0.5,0.6,0.7,0.7,0.5
20210719,2,AQI,23,22,22,22,,32,26,24,24,16,27,28,,,37,,34,35,51,,37,,27,52,,26,35,,31,24,23,26,24,36,34,,48,52,,52,55,30,49,40,,66,,26,26,23,26,31,37,31,28,30,19,,29,22,24,40,43,36,,45,39,31,,46,30,40,46,13,15,,25,25,23,25,30,,19,19,21,32,29,28,,22,17,,,20,32,19,23,37,43,33,,39,34,38,35,36,,26,26,28,28,29,29,29,28,29,29,22,61,55,68,44,41,26,14,42,46,56,20,28,20,,19,19,19,,15,14,47,23,19,19,19,20,21,,20,18,20,26,42,39,36,46,52,,39,52,25,25,,20,28,19,39,19,21,21,29,20,40,22,19,,,,27,44,,32,31,27,,,,44,,18,30,26,20,25,22,,19,32,,,,31,32,,42,40,51,26,30,,32,20,21,26,26,21,26,20,,28,,41,23,,19,38,,49,33,28,,38,25,23,38,29,22,20,,,18,20,22,30,23,26,35,,18,,,22,,25,24,,19,24,22,22,13,16,,29,24,19,33,18,38,29,30,17,15,21,31,19,22,14,31,24,13,23,,19,20,18,15,32,36,26,36,42,31,,47,29,,,30,26,27,29,,32,23,27,22,26,,,21,23,26,25,25,22,30,26,35,29,39,45,,34,27,25,23,21,24,25,23,22,,22,21,32,25,,96,19,18,20,23,31,22,34,27,,29,37,18,29,29,19,32,33,10,10,10,10,11,15,,14,13,12,21,12,13,10,19,45,48,31,16,,28,53,31,21,14,10,13,22,14,23,16,,,30,28,22,24,17,12,15,15,36,,26,30,41,42,39,36,32,38,,53,13,13,16,15,20,27,,36,35,21,36,34,27,18,,,36,36,41,51,28,,25,24,25,25,,,23,34,22,36,41,36,44,51,45,39,36,,28,17,18,19,20,19,23,23,20,23,21,24,28,33,33,54,26,29,26,31,,52,35,38,39,,36,44,47,43,,,,18,44,,,,56,67,56,98,,70,76,,84,32,32,28,24,26,16,19,,15,,29,12,20,16,56,,72,54,49,63,51,53,,48,52,,29,26,29,25,23,22,26,36,43,27,45,48,40,45,19,18,17,19,,23,,28,23,21,26,29,,33,45,,,31,48,36,33,,31,23,36,,31,29,22,28,29,20,30,24,26,27,,,,28,,24,36,,36,29,27,39,26,25,27,32,29,38,,22,,,20,,29,38,38,37,26,,25,25,,25,23,25,15,31,18,27,24,19,48,,32,28,16,33,15,45,30,25,18,,18,32,25,,25,25,,40,39,34,38,20,,45,13,,,32,48,,26,,20,54,21,21,20,21,,25,21,,25,30,,40,,37,38,25,,25,22,21,18,21,,24,29,21,30,31,19,19,59,24,18,23,18,40,20,33,53,34,13,28,64,40,47,49,46,26,25,20,20,30,23,18,16,22,,28,16,22,25,37,19,37,29,28,37,29,36,47,27,,52,39,60,,38,22,20,21,25,,22,23,27,,20,,26,19,21,23,24,26,25,,,,36,,38,,30,25,28,,48,43,34,29,30,,32,,18,18,15,22,23,26,,35,31,20,20,30,26,,26,,,25,24,20,15,,23,52,36,38,20,25,21,39,44,48,55,43,46,42,28,22,36,36,33,32,24,32,32,31,24,,20,24,25,39,25,25,19,18,,,,,34,23,,39,28,30,28,25,30,30,24,35,40,50,39,20,25,57,28,32,,29,34,44,,24,21,,27,31,34,36,38,33,31,43,33,27,23,25,32,,50,31,31,87,39,30,53,30,27,,33,44,39,32,34,19,26,42,42,,21,,,24,24,33,20,20,,,,,,28,29,24,,,21,,27,,,28,,20,30,26,29,35,38,36,32,23,,40,39,41,40,44,21,22,27,25,23,24,28,20,,50,29,,28,28,23,20,,,25,20,13,25,18,22,21,21,24,,,22,21,24,38,20,,17,23,21,26,23,28,25,,33,26,25,,,23,24,,24,20,23,,20,,46,48,,,32,20,,,54,40,48,,,19,27,23,20,52,54,57,29,29,32,22,32,28,24,20,26,48,28,46,32,46,42,44,32,,50,41,29,,15,34,32,34,34,36,25,23,17,18,14,28,,,61,20,24,66,19,50,12,28,14,32,37,49,16,15,35,38,13,,,16,74,64,77,18,22,,,26,22,,44,20,27,,23,33,25,20,22,26,21,22,20,40,23,23,32,20,21,28,,23,18,7,22,43,26,,24,,20,,,,17,22,20,19,27,24,,20,,20,29,19,21,21,20,27,18,63,62,102,21,22,22,22,21,33,33,33,30,21,,31,29,28,30,33,32,6,37,28,25,27,19,39,33,26,,21,46,45,45,35,20,16,18,22,34,29,23,26,28,31,,36,35,26,28,22,36,30,24,44,55,44,,17,21,33,,26,29,25,27,,20,25,25,,28,25,,36,33,26,25,26,26,28,41,41,39,,33,33,30,32,37,,32,27,24,38,73,24,18,20,29,22,44,30,,20,25,27,,20,25,,26,24,18,15,,17,19,27,13,16,36,45,,,38,,33,,43,51,39,,14,16,13,13,21,24,21,24,26,36,46,35,40,42,29,36,52,60,54,23,20,13,51,21,38,14,10,43,37,36,38,27,19,16,24,21,37,135,79,76,100,30,43,32,41,57,31,29,,23,37,77,71,25,39,28,18,,21,,19,15,20,20,35,37,28,15,16,16,17,20,19,,,30,39,35,,45,20,22,19,24,23,,20,18,18,,,,,40,20,19,19,17,25,27,39,,29,83,26,27,24,27,20,15,20,21,12,,,,,32,32,19,14,19,18,26,,29,25,24,29,26,27,21,32,20,13,26,22,17,18,,29,30,17,13,28,25,20,27,28,,16,12,,17,17,,16,15,19,,30,,37,,14,8,21,34,48,50,27,27,27,28,17,26,13,26,,42,37,25,39,30,28,,39,39,20,33,54,27,,30,,26,78,22,,40,54,30,,20,36,29,37,19,36,34,,34,36,,52,,,56,54,51,41,22,26,,53,57,54,34,33,24,23,25,24,,,67,51,70,37,,44,65,58,54,27,34,21,31,29,26,29,14,30,,21,34,34,53,20,25,24,,28,,19,46,24,35,45,30,78,43,38,58,39,34,31,24,,,32,17,20,37,,47,31,65,26,,30,36,,,20,31,38,20,31,27,21,19,18,32,21,30,29,28,33,,41,23,,37,24,16,16,35,46,18,37,36,27,21,17,19,52,25,29,24,28,34,25,27,13,29,30,28,46,31,19,21,59,41,35,27,27,22,24,28,28,31,25,30,20,31,31,26,,28,32,,36,17,27,17,20,15,15,,28,51,24,22,21,20,36,32,41,38,48,52,51,29,20,40,48,30,18,,28,45,56,99,38,,35,20,19,18,23,23,24,22,19,26,19,22,49,42,45,20,,30,,28,20,24,32,31,19,35,43,37,28,18,10,10,12,11,15,35,36,12,44,13,28,23,39,24,48,53,26,30,44,33,26,34,25,17,25,29,28,23,26,,16,20,19,28,26,12,12,38,27,28,22,30,25,27,20,26,26,21,24,24,32,16,24,36,39,28,29,20,27,20,35,40,36,26,17,23,33,29,23,19,29,38,21,24,37,40,52,33,108,40,25,19,23,18,19,47,40,,24,35,22,51,39,31,27,32,23,23,,25,26,24,22,28,22,29,27,39,60,46,59,58,,36,32,14,,16,26,22,24,22,16,35,10,33,19,40,23,26,54,53,38,26,15,33,19,22,25,23,31,33,29,,29,25,45,49,53,32,31,22,13,34,45,32,24,23,26,35,52,37,25,27,41,,40,22,27,31,24,27,44,57,44,36,33,45,43,,32,38,48,33,17,38,27,21,37,,32,40,46,63,55,15,25,19,12,35,26,,20,,17,24,,13,51,20,21,28,34,31,18,,24,27,18,16,,,21,30,32,30,30,54,68,55,62,23,23,35,59,49,68,61,57,39,45,46,27,21,,22,36,26,25,23,39,43,29,23,26,48,46,27,35,31,63,500,500,16,18,24,44,20,46,29,9,22,9,26,31,25,22,32,,43,56,22,22,16,18,38,23,18,30,41,33,47,59,53,,27,13,69,23,38,23,23,,16,45,24,46,20,38,23,21,28,30,50,23,28,21,36,45,27,35,32,43,27,16,65,64,16,24,26,28,23,39,30,,25,28,49,29,46,24,32,28,19,16,32,52
20210719,2,PM2.5,16,7,15,15,7,17,18,15,8,11,18,19,,,24,,17,15,29,,23,,17,36,,18,20,,18,14,12,18,12,25,14,,29,34,,34,25,17,31,22,,34,,10,2,2,16,17,15,21,19,9,12,,10,5,15,28,30,20,,31,20,8,,10,21,26,32,7,6,,8,10,,,18,,12,12,12,14,13,19,,8,4,,,6,5,10,,24,20,16,,19,19,18,19,20,,18,15,17,19,20,14,12,19,20,20,12,35,28,40,21,24,14,8,19,30,29,6,8,14,,9,7,7,,7,7,12,8,9,11,12,14,6,,12,12,12,18,14,24,19,17,22,28,14,27,17,17,,13,19,12,27,13,14,7,20,12,28,15,7,,,,14,14,,13,18,18,,,,20,,7,12,14,9,17,9,,9,9,,,,19,14,,27,28,28,18,14,,19,14,12,18,18,14,12,9,,19,,10,11,,12,15,,20,22,16,,16,17,12,17,20,2,11,,,3,5,8,14,7,13,17,,8,,,14,,15,12,,8,9,12,15,8,8,,17,15,13,12,12,26,10,20,7,2,7,7,2,9,7,7,2,5,3,,10,9,5,6,15,14,14,19,17,19,,22,5,,,14,15,12,12,,22,12,12,7,12,,,2,7,5,7,10,10,20,18,22,20,25,16,,16,16,10,16,10,11,17,16,14,,10,8,22,17,,17,9,10,14,16,15,13,13,14,,10,13,8,14,11,8,14,16,1,,,,1,4,,2,3,2,8,1,1,1,13,5,11,11,2,,7,29,19,5,7,4,,8,8,1,6,,,13,12,9,10,6,8,5,5,24,26,17,21,18,16,16,22,22,13,,18,9,5,10,5,4,12,,18,24,14,17,18,17,12,,,25,15,21,21,14,,16,15,10,12,,,12,10,5,14,19,19,14,19,31,22,9,,12,8,7,7,6,12,,4,2,4,4,2,16,17,16,20,16,20,13,15,,18,20,17,22,,25,20,23,10,,,,6,13,,,,22,16,9,40,86,31,31,,21,21,12,12,12,15,11,12,,9,,19,5,14,11,23,,33,30,29,30,12,19,,22,17,,14,14,20,16,10,13,14,22,30,16,31,33,28,31,6,7,10,4,,16,,19,14,12,17,17,,19,27,,,18,18,19,20,,16,12,17,,19,17,9,19,20,9,21,5,18,14,,,,19,,13,12,,14,20,13,18,7,6,3,22,20,26,,14,,,13,,20,26,25,21,13,15,15,12,,13,11,13,8,15,6,9,12,11,9,,22,17,6,3,8,11,10,9,11,,10,17,17,,17,14,,20,17,18,26,12,,12,7,,,20,18,,11,,2,38,3,10,,4,,17,8,,17,21,,28,,18,26,17,,11,11,9,11,11,,9,11,10,10,16,11,9,23,14,10,16,8,20,9,15,29,10,7,12,46,27,27,34,32,14,10,4,13,16,16,11,7,6,,13,6,7,9,10,4,23,11,19,18,13,17,22,13,,36,18,32,,23,15,14,7,8,,12,16,12,,7,,5,6,8,9,4,5,6,,,,16,,22,,21,15,19,,23,25,19,16,13,,13,,2,,7,12,9,6,,24,19,12,14,21,16,,16,,,14,11,3,5,,14,36,25,26,14,2,5,15,23,33,36,24,32,25,12,8,25,7,21,22,12,16,15,16,11,,12,10,17,22,11,17,13,12,,,,,16,6,,15,18,17,14,13,21,21,16,17,23,22,16,9,17,27,18,21,,20,20,18,,11,10,,15,20,22,19,24,20,18,15,23,14,14,10,17,,17,10,9,64,16,20,23,2,7,,6,10,3,4,7,12,18,5,5,,11,,,12,12,,10,14,,,,,,14,20,14,,,13,,11,,,14,,14,17,17,17,21,26,25,22,15,,28,23,22,24,26,14,13,16,15,12,15,19,14,,16,13,,12,13,9,14,,,17,14,9,5,12,7,7,4,9,,,7,,7,26,7,,,7,11,5,2,17,17,,23,11,12,,,11,6,,12,8,6,,13,,25,18,,,6,14,,,27,13,33,,,11,18,2,2,7,19,14,20,15,22,13,14,8,8,13,11,17,18,17,18,18,22,18,22,,25,22,20,,10,16,16,8,22,21,13,12,6,12,4,18,,,23,14,15,17,5,28,8,17,9,22,12,34,11,8,11,14,9,,,5,54,46,56,3,4,,,12,9,,29,14,14,,13,15,17,5,2,15,13,12,10,14,10,14,22,13,7,19,,10,4,2,2,20,16,,10,,13,,,,4,2,1,5,5,7,,9,,12,16,10,7,6,14,12,2,40,44,76,11,13,6,5,7,15,21,10,12,9,,10,8,11,21,15,14,4,21,12,8,13,10,7,22,12,,7,24,19,31,24,3,10,12,12,9,16,14,18,18,16,,16,3,11,14,14,18,16,10,22,22,24,,7,14,21,,14,17,13,16,,14,17,11,,9,17,,25,23,17,14,12,10,12,24,16,22,,23,23,16,17,14,,16,13,10,17,53,5,9,14,20,15,20,21,,11,12,17,,9,17,,15,8,11,6,,10,5,10,1,4,14,17,,,14,,23,,27,26,27,,6,8,7,6,9,11,8,16,18,11,22,15,26,19,17,23,27,23,38,16,14,2,12,5,8,8,7,23,17,25,26,7,9,11,7,10,7,103,58,51,75,20,30,21,8,40,16,13,,15,17,43,39,17,15,19,12,,7,7,2,9,14,6,24,18,17,8,6,7,9,13,7,,,16,27,23,,28,9,5,5,3,16,,7,12,8,,,,,28,7,6,7,8,10,10,27,,10,61,5,6,6,8,14,10,13,6,3,,,,,15,11,12,8,6,4,18,,17,4,6,20,18,8,6,4,14,9,18,11,11,7,,18,21,10,3,11,6,8,6,19,,9,4,,7,2,,2,4,,,11,,3,,6,4,9,19,14,25,6,6,7,7,7,11,9,10,,19,5,4,10,7,19,,8,13,12,11,22,15,,18,17,7,21,6,,14,31,8,,14,15,9,14,7,11,14,,7,18,,21,,,12,22,22,14,7,,,16,11,17,12,14,2,8,11,10,,,18,29,22,16,,22,21,23,16,10,15,,13,20,18,16,,10,,5,18,21,28,6,16,14,,19,,10,27,14,22,11,12,17,14,26,31,18,17,16,6,,,21,6,13,16,,17,20,23,6,,10,19,,,2,19,16,11,21,18,5,12,5,8,14,16,20,19,23,,20,16,,17,13,7,7,5,32,12,17,25,6,11,9,9,24,12,20,14,17,12,17,12,8,16,7,19,32,16,13,5,29,21,20,12,10,10,8,13,16,14,3,21,6,8,10,13,16,18,18,,16,10,12,9,9,8,8,,15,25,11,15,7,7,5,13,22,19,28,30,24,12,8,6,19,13,8,,17,15,18,19,7,,11,11,10,12,12,16,15,15,11,18,12,15,19,14,9,7,,21,,12,12,3,22,18,10,17,16,14,11,6,5,3,2,2,7,11,18,,19,4,15,10,25,6,26,25,18,19,19,15,13,17,6,8,9,14,19,7,6,,8,10,8,7,6,8,7,26,8,14,15,21,10,3,9,18,6,7,10,12,16,9,9,14,27,19,14,14,11,9,22,28,12,14,10,16,23,20,3,4,20,11,12,12,19,28,34,14,81,21,14,13,13,9,11,25,28,,9,15,14,17,22,17,17,22,16,16,15,15,13,15,14,19,12,20,,12,9,22,20,21,,19,3,9,7,7,18,6,7,13,6,18,2,16,7,28,12,18,19,23,21,7,4,14,13,8,15,10,14,19,12,,20,12,31,34,35,22,6,15,1,4,25,13,11,14,18,7,36,20,17,17,14,,28,14,14,16,9,7,23,25,29,17,20,31,16,,18,9,21,23,9,19,15,12,17,,18,28,32,39,39,7,17,9,8,12,14,,9,,6,9,,5,22,7,11,19,23,14,12,,11,13,7,10,,,10,9,16,21,12,23,43,35,41,13,3,24,28,20,11,33,13,5,19,12,15,14,,8,25,18,10,10,24,30,16,7,16,19,32,15,20,7,34,321,233,7,8,16,24,7,16,12,1,14,5,11,11,10,10,17,,26,13,10,15,5,5,20,5,9,21,20,17,17,12,22,18,17,3,16,12,18,11,9,,3,31,6,20,4,23,6,2,16,19,20,13,13,8,25,22,17,13,8,28,13,5,47,46,10,9,17,19,16,9,4,9,10,16,24,3,12,6,22,18,10,,15,24
20210719,2,PM2.5_24h,16,10,22,16,22,18,13,24,17,15,20,12,,,23,,18,15,24,,21,,20,20,,21,19,,15,14,9,13,9,17,13,,18,22,,24,19,14,21,16,,16,,16,18,12,13,12,7,13,10,9,12,,11,4,14,24,22,17,,30,21,13,,12,21,15,20,16,17,,18,11,6,2,13,,8,12,13,11,12,11,,14,15,,,12,13,15,13,17,22,21,,19,20,27,27,26,,27,13,18,15,17,15,12,16,16,15,7,18,11,22,14,13,12,8,14,15,16,10,12,16,,10,12,12,,12,11,17,12,13,18,14,15,14,,14,15,13,16,14,12,17,12,20,20,8,19,15,18,,12,12,13,22,17,14,13,12,13,20,14,9,,,,19,15,,19,16,16,,,,20,,8,16,13,11,15,13,,13,12,,,,15,14,,22,23,26,16,18,,17,13,12,19,17,13,10,11,,12,,13,15,,15,17,,19,16,15,,15,16,17,14,12,10,9,,,9,9,9,14,10,9,14,,14,,,15,,14,15,,10,12,12,11,11,10,,14,16,12,14,13,14,13,14,10,7,9,7,8,10,10,9,6,9,5,,10,9,6,6,11,11,10,8,9,8,,8,6,,,10,17,12,15,,21,15,15,18,14,,,8,10,10,7,12,13,16,13,14,15,16,15,,12,16,20,23,19,16,28,17,24,,14,9,18,22,18,17,12,16,16,19,19,12,11,12,,11,12,10,13,11,11,10,11,5,8,6,6,5,7,,4,5,5,10,3,5,6,13,9,10,11,7,,11,15,10,7,9,7,3,10,11,6,12,,,9,9,9,9,10,13,7,7,17,17,14,12,17,20,18,19,21,17,18,20,6,5,8,7,4,23,,20,24,28,19,19,15,19,,,22,15,19,25,16,,12,16,11,11,,,10,16,7,9,11,18,9,12,17,13,7,,12,7,9,12,15,17,3,5,3,4,7,3,14,15,14,11,15,18,12,13,,14,12,12,15,,21,12,18,14,,,,9,11,,,,16,18,9,17,36,19,13,,21,21,18,14,18,19,11,15,19,14,16,21,11,14,18,23,,22,22,25,19,17,26,24,26,23,,18,15,19,17,12,15,15,15,15,11,15,12,18,19,8,9,9,8,,15,,17,15,17,15,17,,15,21,,,18,16,17,20,,16,16,15,,15,14,11,16,17,15,18,11,16,12,,,,17,,14,12,,15,21,17,17,10,9,8,23,21,26,,17,,,19,,19,25,16,11,11,10,11,8,,14,13,11,10,16,9,14,12,12,10,17,16,18,11,13,11,12,13,13,10,,13,14,13,,14,12,,18,15,13,18,14,,17,9,,,19,18,,10,,10,13,9,14,7,8,,11,12,,20,21,,31,,14,22,19,,12,13,10,9,7,,14,14,15,19,20,13,9,26,18,15,18,14,23,13,18,26,13,12,10,25,19,17,21,21,12,10,12,10,13,9,12,9,10,,9,9,8,7,12,7,16,10,13,14,13,14,13,12,,13,14,17,,19,12,14,7,8,,7,7,8,,11,,16,9,8,13,12,12,11,,,,16,,18,,12,14,17,,19,20,17,18,16,,14,,11,8,14,16,18,14,,20,19,13,20,20,17,,18,,,16,9,10,7,,19,32,23,24,19,4,5,14,21,25,25,25,27,24,8,8,14,12,16,18,12,15,15,15,12,,24,15,24,21,16,14,15,9,,,,,8,8,,10,16,17,11,15,12,18,11,11,12,12,8,8,10,12,13,12,,15,16,16,,13,15,,18,16,15,19,18,16,17,14,20,17,16,11,11,,15,17,11,44,20,14,17,5,4,,7,6,15,10,13,14,17,12,12,,14,,11,9,9,7,9,13,18,14,14,,,14,13,14,13,13,13,16,15,,,15,,14,17,11,18,18,18,18,20,16,,19,14,18,19,21,17,17,20,18,17,20,12,13,,14,12,,15,15,8,12,,,15,15,12,10,17,12,11,11,12,,,17,8,11,13,10,,4,18,21,20,17,18,16,,19,14,20,,,22,23,,12,10,8,,10,,28,22,,,6,16,,,27,28,31,,,9,15,5,4,16,15,16,16,16,15,14,11,11,14,15,15,19,16,19,18,13,14,16,13,,19,16,14,,8,9,12,13,13,12,12,9,8,13,3,13,,,13,28,25,32,21,34,24,35,25,22,19,45,35,34,35,32,36,,,11,53,51,63,9,10,,61,19,12,,14,16,14,,15,17,11,12,8,15,13,15,10,17,10,10,11,10,7,11,,6,7,7,7,18,14,,13,,13,,,,4,5,5,8,10,9,,10,,11,11,10,7,11,10,7,7,19,19,25,13,10,8,7,8,17,15,12,11,9,,7,10,16,14,16,14,5,20,11,10,15,11,13,19,16,,8,14,13,14,14,12,14,12,12,13,20,20,22,19,18,,19,9,17,12,11,10,11,8,17,20,17,,11,16,21,,12,12,15,18,,17,17,13,,13,17,16,17,17,17,16,17,15,16,13,11,13,,20,19,17,16,16,,19,16,16,18,22,10,19,22,22,22,17,21,,25,23,26,,13,18,,15,5,10,11,,13,10,11,1,7,18,17,,,23,,26,,30,28,30,,8,6,7,6,8,13,11,17,16,16,16,16,24,23,9,14,20,16,23,16,35,23,26,32,9,8,9,21,17,24,20,5,10,4,12,16,9,38,44,39,37,20,21,20,6,16,20,21,34,29,37,35,34,18,12,10,10,,9,7,11,7,10,8,12,14,15,10,7,7,9,9,8,,,17,18,20,,22,10,7,6,9,19,,9,10,6,,,,,11,6,6,6,8,12,10,15,,7,33,10,9,11,12,11,13,12,6,7,,,,,8,8,10,7,8,6,10,,9,8,9,12,13,9,6,5,13,9,15,15,16,12,,11,13,7,6,11,5,9,5,13,,11,8,,11,4,,4,5,2,,9,,5,,4,5,10,12,10,12,17,15,16,16,6,11,6,12,,17,11,5,9,8,22,,13,17,8,6,12,15,,11,12,8,8,5,,14,15,12,,13,16,12,16,5,9,14,,10,14,,18,12,,9,30,29,13,16,8,,11,5,10,16,17,18,26,18,35,,,11,16,15,8,,6,13,12,14,19,10,4,11,20,19,19,12,13,,10,12,18,22,10,16,14,,13,,13,20,13,14,10,9,15,9,14,31,20,14,16,7,,,19,13,14,17,,17,19,20,13,,16,24,,,6,22,19,9,21,16,11,9,9,21,24,21,24,14,26,,20,17,,15,13,14,14,5,33,17,21,14,20,11,7,6,17,8,14,13,14,14,15,16,5,20,9,10,13,10,8,6,22,13,14,16,14,9,8,16,22,22,11,17,11,15,17,20,21,13,9,,12,7,11,11,8,7,6,,15,12,10,20,11,11,7,25,21,16,21,19,19,11,9,8,15,16,10,,13,19,18,22,10,,10,12,13,13,11,14,14,13,12,15,9,12,16,18,13,7,,20,,14,12,7,18,14,9,13,12,11,12,10,9,7,7,7,7,16,15,4,14,7,11,9,14,6,19,21,22,20,13,17,14,10,7,9,10,12,9,12,11,,12,12,14,24,19,8,9,18,7,15,14,17,17,6,14,18,13,7,8,14,15,10,10,13,29,17,16,16,10,9,18,21,13,16,11,10,23,20,5,22,22,15,21,10,22,25,20,13,42,15,16,13,13,12,15,15,14,,12,22,17,20,21,19,20,17,15,17,18,15,17,17,14,19,14,17,3,10,10,15,11,18,,9,12,6,8,8,10,7,9,15,7,12,6,13,10,23,17,22,21,18,19,14,5,11,9,13,15,10,13,14,12,,17,12,20,27,23,12,8,9,11,9,17,9,10,11,14,12,18,19,14,13,16,,19,18,15,17,14,8,25,20,19,14,20,17,16,,11,11,16,13,7,12,12,12,18,16,19,22,23,31,23,7,9,8,7,9,10,,11,,14,21,,6,15,19,12,16,16,14,13,,9,19,17,10,,,12,25,7,8,10,16,19,26,25,20,14,8,14,18,13,25,17,12,19,14,13,13,16,13,16,19,17,18,23,39,25,10,12,12,15,14,12,9,15,143,99,7,10,14,15,12,25,17,6,16,8,8,9,8,18,22,,15,13,15,17,16,10,11,8,12,24,18,19,17,12,18,14,18,13,15,13,18,14,10,,7,59,12,20,27,24,11,19,8,11,22,10,19,12,11,16,20,20,12,21,12,7,28,35,10,18,13,20,17,12,12,15,11,12,16,5,13,8,21,19,6,,14,27
20210719,2,PM10,19,22,10,21,,32,21,24,24,12,27,28,,,37,,34,35,51,,37,,27,48,,22,35,,31,24,23,18,24,19,14,,48,53,,54,59,21,49,40,,82,,2,2,20,26,31,37,31,19,30,19,,29,22,24,39,36,36,,39,39,31,,46,24,40,46,9,4,,7,18,4,7,30,,19,19,19,32,29,28,,22,7,,,20,32,19,23,37,43,33,,39,34,38,35,36,,24,26,28,21,27,20,24,20,26,26,18,72,60,85,44,41,26,14,42,46,61,6,28,10,,19,19,19,14,14,11,47,23,14,16,16,20,21,,18,17,18,19,42,39,36,46,53,48,39,53,24,19,,16,17,17,34,18,21,18,20,20,23,19,9,,,,27,44,,32,31,27,,,,44,,17,30,26,12,24,22,,19,32,,,,31,32,,42,39,52,24,30,,32,18,21,12,22,21,23,19,,8,,41,23,,19,38,,49,33,28,,38,22,23,38,20,6,19,,,10,15,16,30,15,26,35,,15,,,22,,25,24,,19,23,19,18,13,16,,29,24,13,33,13,26,29,30,17,9,21,31,19,22,14,31,24,12,12,,19,16,14,15,32,36,26,36,42,31,,47,28,,,30,24,27,29,,24,22,27,22,14,,,14,12,19,14,12,22,30,22,35,27,39,45,,34,27,14,19,17,13,14,13,22,,22,10,29,17,,141,19,18,17,20,31,22,34,27,,29,37,18,29,29,19,32,33,6,3,5,7,9,15,,12,10,8,21,6,9,6,7,45,48,31,16,,28,56,31,21,14,4,13,22,14,23,16,,,30,28,22,24,17,3,15,15,36,46,26,26,41,42,39,36,30,38,,55,12,13,16,12,20,19,,36,32,21,36,34,27,15,,,31,36,41,51,28,,25,24,14,25,,,22,18,22,36,41,36,44,51,41,39,36,,28,7,13,11,6,16,6,6,11,9,8,4,28,33,33,57,26,25,21,31,,53,35,38,39,,32,41,47,43,,,,13,11,,,,61,83,61,146,,90,102,,117,32,32,28,24,26,14,19,13,14,,29,12,14,16,61,,93,57,49,76,51,56,24,48,53,,29,26,27,25,23,22,26,26,32,11,37,41,38,39,14,14,17,19,,22,,22,14,12,26,29,,33,45,,,31,48,36,33,,31,23,36,,31,29,22,27,14,17,22,17,22,27,,,,27,,24,36,,36,29,,39,9,9,7,22,24,29,,22,,,20,,16,30,38,37,26,,20,23,,25,23,25,15,31,18,27,24,19,48,,30,28,14,33,12,45,30,25,4,,18,32,25,,24,25,,40,39,34,31,20,,45,13,,,32,48,,26,,14,27,21,15,13,14,,19,19,,16,22,,16,,37,24,24,,22,15,15,14,19,,24,29,21,30,31,19,19,68,24,18,17,18,40,20,33,56,34,13,28,64,40,47,41,42,26,25,20,20,30,15,18,14,22,,28,16,22,25,37,19,37,29,26,37,23,36,47,27,,47,39,69,,38,18,19,13,25,,22,17,10,,7,,26,10,6,23,8,10,4,,,,36,,38,,11,23,15,,48,43,34,29,30,,32,,9,5,13,22,9,25,,27,31,20,20,22,26,,21,,,19,24,17,15,,23,42,36,36,18,18,12,39,44,47,60,43,38,42,28,22,27,36,33,14,24,32,32,31,24,,14,24,25,39,25,20,15,9,,,,,34,21,,39,28,30,28,25,13,16,24,35,40,50,39,20,14,63,28,32,,23,34,44,,22,21,,27,31,34,36,38,33,31,43,30,27,17,17,32,,50,31,31,59,39,19,56,15,20,,33,44,15,6,11,16,19,42,42,,19,,,14,14,33,17,15,,,,,,28,25,20,,,16,,20,,,28,,20,30,26,29,35,36,22,28,23,,40,39,41,40,44,21,20,27,25,23,24,16,19,,50,29,,28,28,23,6,,,17,20,8,25,18,18,20,12,23,,,22,21,24,14,19,,16,22,19,26,20,28,22,,32,26,17,,,23,24,,24,20,23,,20,,26,48,,,32,15,,,58,40,41,,,19,27,5,14,23,23,14,24,29,27,20,32,14,14,20,26,48,28,46,32,46,42,44,31,,50,41,24,,15,34,32,34,29,35,25,23,17,14,14,28,,,71,20,24,82,19,50,12,28,14,22,37,42,16,14,35,38,12,,,6,58,60,62,11,11,,,12,11,,44,17,27,,23,33,22,16,8,26,3,22,20,40,16,23,16,20,21,21,,23,18,3,22,43,26,,24,,10,,,,6,1,2,10,11,13,,20,,20,29,19,19,16,19,27,5,76,41,116,12,5,11,21,19,33,33,33,30,21,,31,29,28,28,33,32,6,37,28,25,27,19,39,33,26,,21,46,45,43,21,20,16,18,22,34,29,23,25,28,31,,36,35,26,28,22,36,30,24,44,59,44,,7,12,33,,24,29,22,17,,17,21,16,,15,24,,24,27,13,9,11,15,12,41,41,39,,14,16,22,32,37,,32,27,21,38,12,24,14,9,15,14,44,18,,18,21,27,,18,18,,26,11,18,15,,8,19,27,12,16,36,45,38,26,38,31,28,31,43,51,38,,13,16,10,12,21,24,21,24,23,36,46,35,40,42,29,36,54,69,58,19,15,13,52,21,38,14,10,43,37,36,38,27,19,8,24,21,37,141,101,101,95,30,28,32,41,62,31,29,,12,37,103,92,19,39,19,11,,10,18,19,15,19,12,21,37,28,15,16,14,17,17,10,,,30,34,35,,45,20,14,13,13,22,,20,15,18,,,,,36,20,15,19,16,25,27,14,,29,24,15,6,15,25,14,4,20,21,12,,,,,32,32,19,14,14,12,25,,29,12,14,19,24,12,16,6,11,13,20,22,12,13,,29,16,17,6,28,25,19,6,13,,6,8,,3,17,,8,6,7,,30,,8,,14,8,21,34,48,50,11,16,22,21,17,26,12,26,,42,33,14,27,29,27,,39,39,11,33,58,27,,19,28,26,106,22,,40,57,30,,16,21,16,19,19,16,26,,26,36,,53,24,24,62,58,52,41,13,12,,56,63,57,15,17,14,22,22,13,,,84,52,89,37,,44,80,66,57,27,34,4,31,25,26,29,,30,,16,34,34,55,10,25,24,,9,,19,46,24,35,45,30,105,43,21,66,39,34,31,13,,,32,17,20,37,,47,31,80,26,,30,36,,,18,31,38,7,31,27,12,9,17,32,13,30,27,21,13,,41,22,,37,24,16,16,20,36,17,37,28,27,21,17,19,54,25,27,24,28,34,17,27,10,29,30,28,32,31,19,14,68,41,19,27,15,16,17,19,24,11,6,29,9,31,31,15,36,28,32,,36,17,27,17,10,13,13,,26,52,24,10,14,20,12,15,41,38,48,54,51,29,20,40,48,30,18,,28,45,62,147,15,,35,20,14,16,19,23,24,22,19,19,14,21,49,32,45,13,,30,,28,14,16,25,31,19,35,43,37,28,18,8,7,9,7,,35,36,12,44,13,28,23,39,24,48,56,24,30,44,33,26,34,5,17,25,29,19,9,7,,6,20,19,28,26,8,11,26,27,28,19,16,24,27,14,18,13,17,19,17,32,14,18,36,34,27,29,19,27,17,35,36,36,26,13,19,26,18,3,9,13,38,21,16,37,37,53,33,112,40,25,16,23,12,19,47,37,,24,35,22,52,39,31,27,31,14,18,18,25,26,21,22,14,15,23,9,39,69,46,67,65,,36,32,14,16,16,5,22,24,22,15,35,5,33,19,34,21,22,57,55,38,26,15,33,17,13,25,23,31,33,29,,19,17,35,35,56,26,31,11,10,34,45,32,13,23,24,16,34,37,24,27,41,,34,17,12,31,9,14,44,64,44,36,33,34,43,,32,37,48,30,17,38,27,21,37,,32,29,30,75,51,10,22,19,11,35,26,,14,,13,17,,12,52,11,21,25,34,31,16,,24,27,18,16,,,8,22,32,29,30,57,86,59,73,5,13,18,68,49,85,71,64,39,45,46,27,20,,14,25,9,16,14,39,27,29,12,26,48,35,27,35,22,75,1158,1233,10,18,24,44,17,26,29,8,20,9,26,31,25,22,32,,43,61,10,10,14,18,38,12,9,29,41,33,47,68,56,,27,4,88,23,38,23,22,,14,20,11,46,20,38,6,19,28,30,50,23,28,4,14,45,24,35,32,43,19,16,78,57,13,24,26,27,6,39,22,14,12,28,49,29,46,15,32,28,19,4,32,53
20210719,2,PM10_24h,24,17,33,28,34,26,20,40,29,18,30,18,,,38,,34,36,42,,37,,32,31,,30,33,,23,14,15,12,17,15,14,,43,41,,38,40,20,35,32,,37,,23,28,34,16,18,19,20,16,15,17,,22,17,24,33,32,34,,33,39,37,,46,33,28,32,20,18,,11,18,18,17,23,,15,20,20,21,19,19,,34,29,,,26,33,33,33,29,41,41,,42,37,45,38,40,,44,26,29,21,19,17,19,16,25,23,13,42,43,63,40,33,22,23,44,29,45,25,32,31,,36,35,40,34,33,26,44,35,26,25,23,27,28,,30,22,23,25,31,25,35,29,36,36,28,34,27,22,,21,22,30,43,20,24,21,21,22,22,22,21,,,,29,28,,32,32,27,,,,47,,26,36,28,21,27,28,,27,33,,,,31,31,,36,39,38,29,27,,25,22,24,17,19,22,23,19,,19,,30,25,,37,25,,40,31,30,,41,42,33,32,19,16,16,,,14,16,16,29,26,27,35,,24,,,30,,26,26,,21,23,19,17,19,18,,28,26,30,35,38,22,30,25,16,17,20,20,20,23,20,17,20,16,14,,23,19,23,21,24,28,26,18,22,13,,26,19,,,15,26,29,31,,33,28,27,30,16,,,13,14,17,16,16,21,24,22,25,23,24,25,,27,24,30,35,36,27,35,25,36,,34,21,24,23,25,27,22,26,19,24,32,18,31,28,,29,35,26,29,29,32,25,23,14,17,17,17,15,19,,12,14,18,25,7,10,11,11,32,27,30,24,,26,31,26,22,26,19,18,27,24,23,20,,,22,20,22,26,24,26,24,23,28,28,23,24,34,29,32,29,36,31,37,36,13,11,19,15,13,30,,40,36,35,46,40,31,39,,,39,34,44,51,44,,23,30,21,21,,,21,23,18,16,29,28,29,29,25,18,27,,26,12,16,19,21,21,7,11,8,9,15,10,33,29,34,30,30,32,27,24,,32,27,30,30,,43,33,50,51,,,,21,15,,,,27,42,51,53,61,48,43,,73,30,21,30,33,25,10,18,18,22,20,26,14,19,22,37,,48,36,41,28,55,48,35,39,50,,28,33,23,30,27,25,31,23,22,13,24,26,29,34,22,25,29,25,,25,,29,18,21,24,34,,35,32,,,29,29,27,37,,24,28,25,,31,39,29,26,25,26,23,21,25,30,,,,26,,23,31,,32,31,15,35,13,15,13,32,30,32,,23,,,36,,34,37,30,26,26,30,24,22,,24,22,20,19,34,20,29,23,20,35,24,23,24,20,22,25,30,32,30,21,,24,25,27,,27,30,,29,28,30,31,24,,36,19,,,31,29,,19,,20,19,26,28,17,21,,19,19,,27,24,,31,,28,22,19,,22,15,17,22,16,,23,29,29,38,36,24,20,52,36,23,36,16,42,32,32,47,34,23,32,39,52,32,38,38,24,26,22,20,28,12,31,18,26,,24,24,19,23,29,17,29,21,20,25,16,26,26,25,,34,33,44,,30,20,18,22,14,,17,13,6,,11,,25,15,14,25,26,21,21,,,,28,,29,,16,16,17,,31,28,31,28,29,,27,,27,22,27,31,38,36,,27,32,21,24,29,25,,28,,,24,25,21,18,,28,37,35,30,28,25,15,28,36,36,37,39,40,34,17,16,23,29,27,24,22,25,27,24,22,,31,27,36,33,19,16,18,11,,,,,27,26,,26,27,21,31,20,16,19,19,20,23,22,21,17,12,29,27,26,,25,30,30,,26,27,,32,31,32,36,36,32,36,36,36,32,28,23,30,,47,48,33,42,41,29,38,11,15,,18,33,49,40,41,24,26,35,35,,21,,14,15,15,13,14,23,27,28,21,,,24,22,23,21,21,15,20,22,,,22,,29,28,24,27,30,29,32,31,26,,33,27,30,32,36,28,27,30,30,32,32,18,20,,43,29,,32,32,22,8,,,17,18,16,17,23,23,23,22,22,,,37,35,24,31,21,,32,29,31,34,35,36,19,,25,22,30,,,36,43,,24,21,23,,26,,52,54,,,27,28,,,57,55,39,,,17,21,14,9,25,22,17,30,32,24,32,27,22,31,30,37,45,31,38,34,32,25,37,34,,49,34,22,,19,26,36,30,26,20,18,18,21,25,23,28,,,38,35,41,47,37,42,44,39,31,24,33,51,55,46,53,47,40,,,18,63,59,76,21,21,,54,22,16,,21,27,23,,28,35,19,23,16,26,13,20,19,35,18,24,17,21,14,14,,12,21,11,19,30,24,,19,,16,,,,12,11,9,12,14,20,,18,,23,25,21,23,21,24,28,16,34,26,44,26,10,15,16,17,29,28,32,25,26,,22,20,23,21,25,27,8,36,21,24,23,19,31,27,29,,19,30,29,29,18,27,23,18,21,32,35,35,34,32,35,,38,38,32,21,24,23,24,20,38,44,37,,20,24,25,,22,34,28,28,,29,27,20,,19,25,24,26,26,27,24,28,23,24,23,23,25,,21,21,22,28,37,,35,32,22,28,16,22,23,24,25,27,36,24,,31,40,38,,22,25,,25,18,25,16,,17,18,22,17,25,38,36,35,28,33,33,37,42,42,44,40,,13,15,12,13,22,26,25,27,29,29,37,32,31,40,16,22,40,41,38,24,44,32,41,47,16,15,14,34,34,43,43,18,20,12,24,31,29,56,72,55,56,32,27,32,22,30,34,30,44,45,70,54,49,33,32,19,20,,18,16,12,16,20,18,24,27,29,17,17,18,19,15,18,,,26,29,34,,39,20,20,17,25,34,,18,14,15,,,,,20,14,13,14,14,18,21,23,,16,36,28,17,18,37,12,9,18,16,7,,,,,21,23,13,10,14,14,18,,16,16,16,17,19,13,21,13,12,12,17,20,19,21,,16,17,13,10,24,16,17,12,16,,13,18,,8,11,,7,8,4,,27,,18,,11,6,23,26,27,28,31,34,42,32,14,23,19,21,,39,36,9,19,26,49,,33,38,12,19,43,40,,16,23,33,36,13,,36,30,24,,17,18,24,19,14,20,36,,30,44,,42,28,22,25,119,104,62,67,13,,40,24,25,42,50,59,76,81,84,,,42,35,47,26,,14,46,47,57,36,26,15,29,28,30,33,11,18,,34,25,33,54,16,24,35,,9,,23,37,23,18,26,24,48,33,26,61,45,28,35,12,,,34,32,26,36,,34,27,44,26,,33,44,,,20,33,34,15,22,26,22,25,19,32,31,36,44,26,25,,42,27,,28,28,31,21,19,36,21,35,17,30,23,10,17,36,23,28,24,28,30,15,28,12,34,31,13,14,13,10,8,54,28,28,28,20,18,16,24,28,28,23,24,22,28,35,28,42,26,22,,22,14,24,23,15,14,12,,22,53,24,24,12,20,19,32,43,35,76,39,32,26,26,24,33,34,19,,21,52,50,83,37,,33,26,16,22,20,22,25,20,25,19,13,23,29,60,36,25,,33,,37,14,17,32,24,17,31,34,34,29,30,22,16,18,19,9,35,34,21,21,15,20,20,30,22,38,37,23,33,24,32,21,27,12,19,21,18,18,20,22,,8,25,25,30,38,16,18,27,17,20,25,16,30,23,19,22,25,17,12,19,33,19,22,30,31,31,35,23,28,18,36,35,28,26,16,11,39,31,9,21,25,34,31,16,36,41,33,26,60,25,25,25,28,21,29,26,28,,25,36,27,40,36,33,36,22,19,27,27,27,33,26,25,22,19,27,14,45,52,44,40,57,,24,24,12,18,21,10,25,26,25,19,23,16,24,21,32,26,24,40,39,38,28,17,23,21,23,22,22,23,26,21,,21,18,30,49,30,23,21,12,23,26,36,26,19,21,22,23,28,43,27,28,28,,36,33,29,35,18,18,48,42,34,31,29,26,29,,20,33,35,23,15,24,23,22,32,23,28,24,39,43,32,9,17,15,17,24,21,,25,,24,27,,16,30,27,22,25,29,31,20,,17,38,29,11,,,21,53,14,26,23,36,63,48,43,13,26,10,23,22,54,53,40,41,46,43,26,22,24,19,28,16,25,31,31,48,31,20,22,24,29,26,33,14,57,449,469,12,20,20,23,26,69,35,18,25,17,21,24,24,33,40,,32,38,14,15,39,28,29,14,13,35,29,27,29,29,41,34,38,27,37,26,36,30,24,,19,55,18,67,32,31,23,37,17,19,43,15,34,15,13,38,27,33,44,41,17,12,47,39,13,29,21,28,34,30,19,24,20,24,42,21,43,14,45,33,11,4,26,36
20210719,2,SO2,1,3,3,13,1,3,3,1,3,1,1,38,,,7,,5,4,9,,4,,5,8,,6,4,,6,3,3,5,4,3,5,,2,6,,5,3,6,5,5,,3,,3,4,3,8,8,7,7,5,6,5,,6,6,7,8,9,8,,10,5,7,,7,4,4,3,9,4,,4,5,3,3,4,,4,3,2,3,3,1,,7,5,,,4,6,7,7,20,6,22,,12,32,26,12,34,,13,10,5,5,6,9,6,8,6,5,5,4,3,4,4,3,3,4,4,4,2,12,8,3,,16,21,31,21,14,17,12,15,1,4,6,3,7,,3,5,6,5,6,8,6,8,9,1,2,4,1,4,,2,10,4,3,1,3,6,10,10,7,8,6,,,,8,8,,5,8,7,,,,8,,6,3,2,6,2,2,,4,7,,,,4,5,,7,12,6,5,3,,4,1,3,3,6,3,6,5,,3,,4,4,,5,6,,7,4,5,,6,3,5,4,6,7,6,,,6,6,8,6,3,5,3,,5,,,5,,7,5,,2,1,4,5,3,4,,2,3,2,4,4,7,6,6,6,6,7,6,11,6,5,7,5,11,2,,4,4,4,2,2,4,6,9,3,5,,10,12,,,3,6,7,9,,7,5,8,4,5,,,5,4,5,5,5,5,3,3,3,2,3,3,,3,3,3,2,4,4,5,5,5,,4,5,8,7,,5,6,7,5,5,7,6,5,6,,6,8,6,5,7,5,6,5,4,4,5,4,8,3,,7,4,5,7,4,3,5,4,9,11,9,6,,6,7,4,5,3,5,1,8,7,5,8,,,8,9,7,6,6,7,5,8,8,23,7,8,8,10,8,8,11,5,,5,7,2,6,5,5,5,,3,5,6,13,7,8,3,,,10,13,3,2,9,,4,2,6,3,,,6,12,6,1,7,6,4,5,5,5,5,,8,6,5,7,7,8,6,7,10,6,6,8,7,5,4,4,5,5,3,5,,4,5,5,5,,12,4,13,13,,,,6,6,,,,11,10,6,5,3,7,7,,8,11,3,8,7,5,10,6,10,9,,1,4,5,4,7,,3,2,21,3,12,16,11,8,14,,3,1,4,4,4,1,4,5,2,2,2,7,3,1,3,4,3,6,,12,,9,5,4,11,7,,6,4,,,8,5,5,5,,6,4,1,,6,7,7,10,2,8,8,6,16,8,,,,2,,5,9,,8,12,6,10,4,5,1,3,2,3,,6,,,6,,5,6,9,7,8,7,14,9,,4,5,5,6,3,5,6,13,13,48,,5,8,7,6,8,5,6,5,5,,4,8,8,,6,5,,8,5,9,8,8,,9,5,,,4,11,,3,,12,12,9,8,9,5,,9,8,,3,3,,6,,11,6,14,,13,7,8,10,5,,5,3,3,3,3,5,3,11,5,6,6,6,9,6,11,15,6,6,5,9,8,12,18,7,6,6,7,9,4,4,6,8,5,,4,4,4,4,2,3,3,5,2,8,3,10,8,6,,5,3,26,,9,6,4,5,5,,6,6,5,,4,,1,4,6,3,2,3,3,,,,3,,4,,1,3,2,,2,4,9,1,9,,17,,5,4,7,5,2,2,,9,6,9,6,7,7,,6,,,8,1,3,2,,6,14,9,9,6,6,5,5,9,11,13,10,7,7,4,3,8,6,6,4,10,6,9,3,4,,14,13,18,9,4,6,9,4,,,,,7,8,,9,3,5,11,15,6,2,6,6,5,5,5,6,4,6,7,6,,9,2,3,,3,2,,3,4,4,2,4,4,5,3,2,6,9,4,3,,19,17,4,4,10,5,9,5,6,,7,5,3,5,4,4,9,4,4,,7,,,5,5,3,3,8,,,,,,5,4,2,,,5,,4,,,6,,5,10,9,6,8,9,9,12,6,,7,3,8,7,8,13,7,6,5,2,4,5,10,,5,6,,4,8,7,7,,,11,5,5,7,6,3,4,5,4,,,1,8,5,2,5,,8,12,5,10,7,9,4,,4,5,4,,,2,6,,10,14,8,,6,,15,19,,,7,4,,,9,12,15,,,1,4,11,12,8,10,7,5,11,1,6,5,6,5,8,5,10,3,5,3,4,9,3,6,,6,7,5,,17,12,9,9,3,4,7,6,6,6,5,7,,,9,4,6,5,5,16,6,2,3,9,15,6,7,6,4,6,2,,,2,3,4,4,5,7,,,11,10,,25,12,6,,4,7,19,7,6,2,2,6,3,11,2,6,16,6,4,28,,4,4,7,5,6,7,,6,,4,,,,6,5,6,4,4,2,,14,,14,6,5,4,4,4,1,7,7,10,6,4,4,5,4,5,4,7,6,2,5,,5,9,8,8,7,5,12,8,19,13,19,4,7,16,10,,4,20,26,16,11,3,14,18,12,24,9,5,13,5,13,,11,8,6,4,6,6,7,5,9,11,22,,5,2,2,,3,3,5,3,,3,2,1,,5,6,,6,6,6,5,6,6,7,6,7,2,,7,4,6,22,10,,9,5,4,4,5,5,5,4,8,5,3,7,,1,3,1,,7,6,,14,6,5,5,,5,7,1,9,10,30,22,5,7,10,6,8,13,26,23,13,,1,2,6,8,8,5,5,7,5,14,12,8,6,19,7,4,5,8,2,3,5,5,3,3,3,5,5,15,16,6,10,9,8,10,14,5,13,6,5,5,5,14,41,31,10,18,10,10,,6,9,16,18,7,5,4,5,,2,5,5,6,6,10,8,8,6,7,5,5,9,6,9,,,5,5,6,,6,7,12,7,7,3,,8,5,7,,,,,14,5,9,8,7,12,9,13,,6,7,11,7,6,6,2,3,7,5,4,,,,,5,7,4,6,7,5,2,,5,5,3,5,7,5,7,8,6,6,5,5,5,5,,10,17,5,4,5,8,3,8,4,,9,6,,7,7,,8,6,4,,6,,9,,7,9,5,18,8,24,5,6,9,7,5,7,2,4,,85,110,4,4,8,5,,5,5,2,2,4,4,,6,,6,2,16,,8,3,5,,8,10,12,17,11,16,9,,6,10,,10,2,3,2,4,6,4,4,7,,8,5,11,3,7,9,5,7,4,,,15,8,8,14,,2,6,6,7,32,5,8,8,5,5,5,14,6,,3,5,12,6,6,8,5,,4,,4,7,4,5,9,10,6,13,8,11,14,6,6,3,,,11,4,3,5,,14,38,8,10,,4,4,,,2,9,7,5,8,3,4,4,4,6,5,9,10,7,3,,5,3,,8,5,5,8,5,10,3,37,8,4,4,2,2,12,8,12,5,8,5,2,7,9,6,9,14,16,14,7,5,8,1,6,15,5,6,7,6,7,8,3,2,14,13,10,5,,9,1,,2,5,3,6,9,3,4,,1,11,6,7,4,5,9,2,8,5,6,3,44,5,9,5,2,4,2,,10,15,12,12,17,,21,4,8,4,4,5,12,5,2,6,3,8,6,9,9,6,,6,,5,4,5,9,1,8,8,8,5,13,8,7,6,8,4,8,8,54,7,7,6,8,9,9,5,6,4,4,3,12,9,3,9,5,5,5,1,2,3,2,,1,2,5,3,12,2,10,8,6,6,4,9,12,6,6,12,10,3,3,5,7,8,6,7,5,8,12,4,4,4,6,4,7,22,5,5,2,6,12,9,8,11,6,4,12,11,65,17,8,7,9,6,3,7,5,16,4,,2,3,3,18,10,3,6,4,5,4,3,8,8,7,3,2,2,5,1,8,8,6,7,8,,6,7,6,8,3,6,9,11,5,6,3,4,9,3,6,2,8,3,2,3,4,6,4,6,6,4,3,1,2,1,,1,1,3,7,39,15,7,4,13,15,4,2,7,5,6,6,10,8,7,6,9,,7,16,8,10,3,3,8,12,6,8,7,5,12,,5,15,5,8,4,2,2,3,7,,21,6,15,8,11,4,4,3,3,20,39,,4,,4,3,,6,6,2,5,4,9,6,5,,6,17,11,10,,,6,4,2,6,3,2,6,8,6,2,3,5,3,8,5,8,6,10,6,7,3,1,,2,10,3,4,4,7,12,16,5,4,7,6,5,8,8,10,2,1,4,4,4,29,3,23,6,7,10,3,8,9,8,6,15,,9,6,1,6,3,8,9,7,7,7,2,6,6,2,12,2,3,7,8,6,7,6,4,,3,2,3,3,3,2,1,2,3,3,19,3,3,5,16,8,5,3,8,13,2,4,2,2,1,3,3,3,5,6,8,6,3,9,6,6,7,6,8,5,8,5,12,6
20210719,2,SO2_24h,1,3,3,3,3,2,3,3,3,1,3,4,,,8,,5,5,8,,4,,5,9,,6,5,,6,3,3,5,4,1,4,,2,6,,5,3,7,5,4,,3,,3,4,3,5,7,4,6,4,4,4,,6,5,7,8,9,8,,10,5,7,,7,6,4,3,13,5,,5,6,4,3,4,,4,2,2,3,2,2,,8,8,,,4,6,8,8,10,7,19,,9,13,15,13,14,,8,9,6,5,6,8,6,8,6,6,5,3,3,4,4,3,4,4,3,4,3,12,9,17,,11,18,18,17,14,16,11,15,1,4,6,6,7,,3,5,6,5,4,7,4,8,8,2,2,4,2,6,,2,9,4,2,3,4,6,7,10,7,7,6,,,,8,8,,5,8,6,,,,9,,5,4,4,6,2,4,,4,7,,,,8,6,,6,8,7,5,4,,5,1,2,3,6,3,7,5,,5,,4,4,,5,7,,6,4,5,,6,3,5,5,7,7,7,,,7,6,8,5,3,5,3,,6,,,5,,7,5,,2,2,4,5,3,4,,3,3,4,4,4,6,6,6,4,6,6,5,8,6,5,6,4,6,2,,4,4,4,3,2,4,8,7,5,3,,9,4,,,3,6,8,7,,6,5,7,5,5,,,5,4,5,5,5,5,3,3,3,3,3,3,,3,3,5,4,6,6,7,6,6,,4,5,8,5,5,5,6,6,4,4,6,5,6,6,,6,8,7,6,8,5,5,5,4,4,5,5,8,3,,7,4,5,6,5,5,6,6,8,9,7,7,,6,8,6,4,3,5,2,7,7,4,7,,,8,8,7,6,7,9,6,8,11,17,9,9,9,8,9,8,8,6,7,5,6,3,4,4,4,6,,3,7,6,8,8,8,4,,,12,9,4,2,6,,4,2,6,3,,,5,12,6,2,7,6,5,4,7,4,5,,7,7,5,10,12,11,6,7,10,6,6,8,6,4,3,4,4,5,2,4,,4,5,5,5,,11,2,9,10,,,,7,5,,,,10,10,7,6,3,8,8,,8,10,6,9,10,10,7,7,6,7,6,3,5,5,6,6,,5,4,11,5,12,13,8,7,16,,3,2,4,4,5,3,5,4,3,3,3,7,3,2,3,4,3,4,,11,,9,5,5,7,5,,3,4,,,5,4,4,8,,6,5,1,,12,8,6,9,3,7,8,6,7,9,,,,2,,5,9,,8,8,6,8,4,5,1,4,2,3,,7,,,11,,11,8,8,8,9,8,11,9,,8,5,6,6,7,6,7,10,8,19,7,5,5,7,6,9,6,7,7,6,,6,6,5,,7,6,,10,5,5,23,9,,13,6,,,2,6,,3,,13,13,10,10,9,6,,9,9,,2,6,,7,,8,6,10,,12,7,8,11,6,,6,4,4,5,3,6,3,7,8,9,9,8,8,8,11,14,7,6,6,13,8,7,23,10,7,4,7,10,4,5,6,8,5,,4,5,4,4,2,3,3,6,3,8,3,9,5,6,,5,5,10,,9,7,7,7,5,,11,7,4,,4,,2,4,7,3,3,3,2,,,,2,,3,,2,3,2,,3,4,9,3,4,,5,,6,4,7,5,3,2,,8,6,9,6,8,8,,5,,,8,1,3,2,,11,10,9,8,12,6,5,7,8,9,8,7,8,5,3,3,10,7,5,4,11,10,12,3,7,,11,16,15,8,5,6,8,4,,,,,7,8,,6,2,6,9,8,3,6,6,5,5,5,5,6,5,6,6,5,,8,3,2,,3,2,,2,4,3,2,4,3,7,3,2,5,12,6,4,,27,58,10,6,18,8,7,5,5,,7,5,4,5,4,5,9,5,5,,7,,3,4,4,4,3,8,8,10,10,,,5,4,2,4,4,5,3,4,,,8,,5,8,8,7,9,10,10,9,8,,7,3,8,7,9,10,7,7,5,2,4,5,9,,5,6,,4,7,7,7,,,6,5,6,7,6,3,4,5,4,,,5,9,5,3,5,,9,12,7,13,10,10,4,,4,5,4,,,3,7,,12,11,8,,6,,29,29,,,6,5,,,10,12,17,,,2,4,12,10,6,8,5,7,7,3,7,4,6,7,8,7,7,3,6,5,4,7,2,8,,8,9,6,,16,13,11,13,4,4,9,6,6,7,5,7,,,9,5,5,6,8,8,5,2,5,10,8,6,7,11,5,6,6,,,3,3,5,5,6,11,,5,12,11,,12,14,3,,4,5,9,9,6,2,2,6,7,10,4,9,10,7,4,12,,6,4,7,5,7,7,,4,,5,,,,6,5,6,6,4,2,,11,,9,7,6,4,4,4,2,7,7,8,10,5,3,5,4,5,6,10,8,4,5,,5,9,8,7,10,7,10,14,18,19,17,6,12,17,15,,7,16,20,16,15,4,5,6,5,19,10,7,13,7,9,,10,7,7,11,6,6,5,5,12,16,23,,6,2,3,,4,3,5,3,,4,3,1,,5,4,7,6,5,8,6,7,7,8,6,7,2,,8,4,7,15,10,,20,6,4,4,5,5,3,3,7,4,6,8,,4,4,1,,6,4,,17,6,5,5,,5,4,2,7,9,20,11,8,11,13,11,9,15,16,13,13,,2,3,6,9,8,7,9,16,15,13,12,11,5,14,7,4,9,7,9,2,5,7,5,4,4,5,5,9,9,8,8,9,9,9,10,10,7,6,9,8,7,7,27,21,6,8,10,10,11,7,9,17,18,12,8,5,6,,2,5,5,6,6,11,7,9,7,6,5,4,4,6,9,,,5,6,6,,7,9,11,9,9,6,,8,6,7,,,,,6,5,6,6,4,13,10,12,,7,8,11,9,8,8,2,3,10,5,5,,,,,6,7,5,7,6,5,2,,4,5,4,5,7,5,7,8,6,6,6,6,11,10,,11,10,5,4,6,8,3,8,5,,9,6,,8,8,,8,5,4,,6,,9,,8,9,8,8,8,7,5,6,9,4,4,5,2,5,,38,33,6,6,8,6,,5,5,3,2,5,4,,6,7,7,2,21,,3,4,6,,10,9,12,9,11,15,10,,8,15,,10,1,3,2,5,7,8,7,9,,10,4,11,3,5,10,6,7,4,,,11,7,9,7,,2,7,8,9,14,5,9,8,6,5,6,10,5,,1,5,13,8,6,7,5,,3,,4,7,3,5,9,11,19,12,6,11,11,8,4,4,,,10,4,3,6,,14,19,8,13,,4,4,,,2,9,7,5,8,6,4,4,3,7,4,6,11,8,4,,6,4,,8,5,6,8,5,12,5,8,8,4,5,3,2,8,8,26,5,11,5,2,5,9,5,9,9,7,6,5,6,11,6,8,11,5,6,8,6,7,7,2,1,10,13,9,8,9,8,2,,2,5,4,7,9,3,4,,2,10,6,7,4,6,9,2,9,6,7,3,36,5,10,6,2,8,4,,16,12,13,15,20,,19,4,8,4,4,5,7,5,3,6,3,10,4,28,14,7,,6,,6,4,5,9,1,8,8,8,6,9,8,8,6,8,4,9,8,19,7,7,7,6,8,6,5,7,3,4,1,10,8,3,9,5,6,5,2,2,3,2,,2,2,5,3,12,9,10,8,8,8,6,10,11,9,5,11,11,3,2,6,6,5,7,11,5,8,12,4,4,3,8,5,6,10,5,6,4,6,10,6,7,13,8,5,8,9,23,14,10,7,7,6,4,7,5,17,3,,3,3,3,9,11,4,6,5,6,4,4,8,7,8,4,3,2,6,1,8,9,8,8,9,,6,7,6,9,3,6,8,9,7,7,3,4,6,3,6,3,9,3,2,3,4,6,4,7,6,4,3,1,2,1,,1,3,3,5,21,14,11,5,12,13,8,2,7,4,7,6,10,11,7,4,9,,4,17,9,11,3,4,7,10,6,6,7,5,15,,4,23,5,8,3,2,2,2,8,9,10,9,11,12,10,7,4,3,4,18,10,,5,,4,2,,6,6,4,7,4,8,6,4,,4,21,14,10,,,6,8,2,7,2,3,3,11,6,1,3,4,2,9,4,7,7,10,7,7,3,1,3,3,8,2,3,4,6,9,9,5,4,7,5,5,7,7,11,3,3,4,6,5,10,3,34,9,7,11,5,8,8,9,15,21,,10,6,1,6,3,8,8,7,7,7,3,7,5,4,12,3,2,6,10,6,6,5,4,,3,3,4,4,4,2,2,2,3,3,2,3,3,6,8,7,6,5,10,21,13,5,3,3,1,3,3,3,7,8,7,6,3,7,7,7,8,6,9,6,8,5,8,7
20210719,2,NO2,16,3,28,19,12,30,25,13,6,11,31,17,,,5,,10,12,19,,18,,34,5,,2,13,,58,37,39,28,21,24,7,,18,26,,21,23,3,39,25,,38,,2,8,4,17,22,25,17,27,24,15,,15,9,22,44,21,22,,14,36,35,,43,7,12,8,21,29,,5,10,9,8,30,,8,36,18,26,24,25,,31,27,,,37,36,16,18,28,36,34,,19,29,26,33,19,,15,13,12,6,6,7,11,10,7,17,3,33,30,36,30,23,30,24,26,21,58,16,25,8,,15,25,26,21,26,24,32,34,11,12,10,10,10,,16,22,8,12,18,14,12,17,6,12,28,21,13,8,,6,13,8,8,15,16,7,26,2,3,7,10,,,,10,10,,6,14,8,,,,22,,12,20,13,11,14,18,,10,24,,,,18,29,,22,42,32,5,7,,7,3,6,5,8,2,4,15,,8,,2,1,,10,20,,29,21,27,,27,17,7,28,41,8,14,,,8,9,8,24,1,14,24,,10,,,21,,23,17,,10,3,6,8,19,11,,9,14,20,13,17,17,18,9,23,29,26,30,33,24,22,52,25,22,2,,8,2,1,3,10,20,10,44,34,22,,33,58,,,39,8,13,55,,9,12,6,18,7,,,6,5,2,6,7,30,13,13,10,8,15,10,,9,5,7,26,23,17,28,24,33,,14,11,24,29,,16,17,12,30,23,34,18,40,23,,26,33,19,22,32,18,40,19,9,13,8,7,21,14,,5,13,6,12,9,2,10,8,28,27,28,21,,29,52,49,14,15,9,8,21,19,20,17,,,14,22,19,16,7,12,5,12,41,,12,20,16,11,18,19,20,20,,23,9,10,16,6,8,7,,27,31,16,17,34,25,9,,,38,24,57,35,15,,31,32,19,40,,,23,6,16,41,50,23,31,49,36,39,25,,18,13,9,16,9,11,7,8,11,6,6,3,12,21,45,19,27,13,15,31,,26,24,35,31,,34,19,48,45,,,,24,6,,,,51,46,93,86,99,127,91,,70,21,13,16,10,16,18,25,16,16,,3,8,35,6,33,,45,37,44,50,19,26,17,23,30,,11,11,18,4,8,11,15,10,12,8,8,6,5,9,8,7,9,8,,19,,6,6,12,15,15,,15,24,,,18,25,19,15,,16,8,14,,12,2,6,14,5,9,8,5,13,15,,,,9,,10,13,,13,10,8,24,3,2,2,6,11,15,,13,,,2,,4,13,25,9,9,4,9,6,,26,23,20,23,31,7,13,12,12,24,,30,13,6,6,6,32,17,15,11,,9,19,19,,8,7,,7,9,14,13,8,,52,12,,,13,16,,41,,16,30,19,16,6,1,,12,2,,9,14,,8,,12,14,10,,10,12,6,13,5,,3,5,5,1,12,4,1,21,16,4,16,3,18,16,31,34,26,11,15,26,11,15,22,18,24,18,27,12,18,10,8,2,15,,14,12,7,19,20,8,7,7,10,5,6,38,46,48,,28,29,23,,15,6,16,3,3,,25,5,1,,4,,3,10,2,7,6,4,4,,,,20,,14,,2,1,3,,14,12,10,9,13,,10,,7,11,5,7,28,7,,12,23,14,8,12,10,,8,,,4,13,7,5,,15,31,30,17,15,6,4,11,15,19,18,20,13,33,15,13,6,2,14,5,26,37,33,36,22,,16,13,32,29,18,16,15,12,,,,,15,35,,36,8,10,14,11,11,22,28,25,24,26,19,13,14,37,16,22,,6,5,26,,48,26,,21,12,15,16,17,15,8,11,12,11,7,6,12,,15,17,15,28,26,14,21,9,14,,22,33,4,9,8,7,19,20,20,,6,,,5,5,16,16,9,,,,,,11,16,5,,,8,,3,,,13,,10,17,17,22,22,20,17,20,16,,19,21,27,27,25,5,2,16,11,9,12,15,7,,24,9,,13,13,19,24,,,13,5,8,11,15,5,4,6,3,,,21,13,13,12,9,,13,13,41,16,15,14,12,,14,15,7,,,8,14,,9,17,34,,27,,8,16,,,12,5,,,41,11,27,,,5,6,6,12,5,5,5,11,11,7,12,16,2,5,10,2,22,29,23,31,6,5,7,11,,13,9,18,,8,13,15,10,9,5,5,6,8,4,5,31,,,53,7,16,18,9,17,5,13,2,14,16,5,27,14,41,18,12,,,14,11,4,5,5,8,,,6,9,,69,6,32,,9,7,11,10,5,6,2,3,31,27,46,46,30,16,26,27,,19,10,7,4,17,14,,11,,5,,,,9,13,4,14,2,3,,19,,31,25,23,4,4,10,7,7,33,21,25,6,2,5,5,5,21,50,20,18,10,,17,5,8,4,8,8,3,6,23,12,22,12,14,16,2,,16,29,29,27,10,6,8,15,11,9,8,6,7,10,15,,20,16,16,16,18,18,20,15,17,20,24,,12,7,6,,8,6,6,6,,10,7,11,,1,10,,7,7,2,4,5,5,6,11,4,6,,2,5,2,42,19,,20,8,4,21,5,9,11,9,21,19,16,20,,10,4,8,,12,11,,15,2,5,6,,6,6,12,4,5,14,14,22,13,11,9,10,11,17,19,16,,13,16,21,14,28,19,13,17,35,10,10,9,10,17,4,7,6,15,17,5,15,8,22,10,3,3,1,38,63,18,34,24,9,12,28,17,30,34,20,16,7,12,9,14,14,21,14,16,,12,29,37,39,5,8,9,14,,13,16,16,13,24,8,13,11,10,9,13,10,8,6,8,,,9,12,8,,12,6,4,2,16,5,,18,6,10,,,,,11,7,12,11,17,10,4,9,,43,14,3,4,7,4,9,10,30,21,14,,,,,15,10,9,18,8,11,19,,12,5,5,10,14,5,8,5,6,15,13,12,10,9,,6,14,5,8,6,10,19,5,14,,5,8,,9,15,,7,19,5,,4,,3,,5,5,8,19,29,34,10,13,17,14,8,6,6,12,,18,22,3,11,7,37,,16,13,40,33,44,20,,8,8,24,13,25,,24,32,20,,17,3,14,13,14,7,10,,10,39,,41,17,14,12,27,36,16,18,4,,76,16,28,12,9,9,11,11,6,,,73,59,56,9,,16,89,86,23,43,19,3,26,5,7,11,23,12,,20,35,13,27,10,19,16,,3,,8,24,26,21,34,30,17,20,20,30,24,6,18,5,,,38,28,6,5,,53,26,53,7,,2,5,,,13,22,25,7,17,5,6,23,2,26,11,23,11,10,10,,14,8,,29,7,12,16,5,17,7,18,10,9,17,34,8,13,8,37,21,5,17,5,14,14,11,15,20,18,17,9,10,62,22,2,30,5,8,2,6,6,6,1,16,5,13,18,14,17,17,5,,7,13,13,22,6,9,9,,56,71,6,15,6,2,2,17,18,29,47,11,22,24,20,6,15,29,22,,16,55,25,71,9,,14,12,16,20,13,16,22,21,15,8,6,24,72,12,14,2,,8,,8,6,6,12,6,15,24,45,28,23,21,12,10,12,7,4,25,27,8,10,20,20,11,9,6,12,36,19,11,47,8,2,14,3,15,21,3,3,9,9,,11,3,10,13,7,16,10,10,18,11,15,14,23,13,1,28,7,41,18,8,16,6,6,29,16,16,24,14,11,4,14,15,12,21,15,13,4,10,14,12,16,8,11,2,16,16,31,28,14,25,18,10,13,8,6,16,21,,7,6,6,64,27,11,12,21,5,3,13,18,18,14,7,11,7,10,2,21,109,17,56,27,,30,10,15,9,8,6,35,13,13,5,36,11,18,6,11,8,12,18,19,15,6,10,36,22,8,10,22,3,14,8,,7,1,5,10,21,8,25,8,26,35,12,24,11,24,19,5,28,22,17,9,10,,16,11,2,19,6,3,10,44,34,21,27,15,28,,17,9,35,30,3,10,9,9,26,,22,11,17,14,22,7,8,11,22,18,18,,9,,15,4,,4,32,11,19,18,25,12,11,,15,17,10,4,,,2,6,51,19,43,30,32,11,25,4,5,16,38,30,48,31,47,40,51,50,2,4,,7,23,10,4,9,27,7,14,6,12,28,17,12,18,7,81,13,9,8,12,23,22,6,9,4,10,11,13,19,16,27,7,50,,22,14,4,3,8,17,34,10,6,23,33,14,19,4,32,23,32,14,30,13,31,13,6,,2,2,4,18,8,13,3,6,20,17,35,3,14,14,13,22,6,37,23,17,12,20,20,27,8,1,16,28,8,50,5,12,8,13,41,10,30,11,14,5,7,23,36,23
20210719,2,NO2_24h,15,8,24,15,15,20,24,14,9,12,18,16,,,15,,15,14,22,,21,,29,6,,6,9,,23,17,10,11,14,14,9,,13,17,,17,15,6,14,15,,11,,8,11,7,10,11,13,12,16,14,13,,12,8,15,22,17,18,,11,22,21,,26,11,15,12,14,12,,6,13,11,10,25,,8,21,19,15,14,18,,16,23,,,17,22,14,17,16,24,24,,13,22,25,21,25,,22,15,19,6,7,8,12,9,8,20,3,30,26,36,18,22,14,20,23,18,34,23,22,11,,22,30,30,25,32,20,23,31,14,17,14,9,16,,18,18,11,15,18,31,28,36,25,26,20,38,16,9,,6,16,8,9,12,16,7,16,2,3,7,10,,,,13,12,,8,12,8,,,,22,,12,21,10,10,18,15,,10,19,,,,17,19,,17,20,20,5,21,,7,4,7,3,5,2,4,6,,7,,4,3,,16,20,,22,16,20,,19,17,11,19,22,7,14,,,9,10,12,20,12,12,15,,11,,,18,,16,16,,7,3,7,9,15,12,,12,16,19,16,21,10,13,9,17,22,16,12,18,20,20,18,13,15,1,,10,4,5,4,7,14,10,16,14,13,,18,16,,,8,8,14,17,,14,13,10,11,7,,,7,8,6,8,8,13,15,15,9,11,14,12,,17,7,16,30,28,24,27,22,36,,25,14,20,22,21,11,14,14,23,15,23,10,30,24,,26,33,25,26,26,21,28,21,11,18,12,13,23,16,,5,14,9,12,19,13,15,15,24,25,24,23,,18,34,29,17,22,16,16,25,22,17,20,,,14,15,17,13,11,19,15,15,23,33,13,15,13,11,15,11,13,18,17,17,6,5,12,8,6,11,,24,39,24,28,35,29,16,,,45,30,42,28,22,,20,25,29,27,,,18,10,15,23,21,17,17,26,24,23,20,,22,10,14,14,15,17,10,12,12,9,17,15,24,24,35,20,30,22,27,20,,16,24,27,24,,32,12,40,47,,,,27,8,,,,23,29,42,43,39,54,33,,38,20,15,22,16,18,14,16,11,11,13,3,8,24,10,32,,23,26,31,20,19,21,16,16,22,,15,11,12,7,8,11,9,14,13,11,8,10,8,14,6,6,8,6,,12,,6,7,9,10,11,,13,15,,,7,9,8,14,,8,10,8,,11,3,6,10,7,12,11,9,14,14,,,,8,,7,10,,11,11,11,16,5,4,2,18,16,19,,7,,,13,,15,13,19,11,10,8,9,7,,13,14,13,14,22,10,11,10,11,17,10,18,15,7,8,7,18,15,13,11,,12,18,20,,7,8,,6,10,10,12,7,,27,13,,,14,14,,19,,18,12,19,22,5,2,,11,3,,16,21,,15,,16,16,12,,14,14,15,19,9,,6,9,15,17,19,9,2,16,17,7,15,6,20,10,26,26,12,9,13,16,16,12,16,13,19,18,18,12,18,8,11,5,9,,7,12,15,15,13,11,8,8,8,6,5,18,22,29,,25,23,24,,14,13,15,18,3,,17,11,2,,9,,6,10,4,8,6,7,6,,,,12,,11,,5,2,4,,17,12,8,12,14,,10,,16,13,10,13,15,11,,14,24,10,8,16,10,,16,,,4,11,8,8,,15,18,15,14,11,9,6,10,12,12,7,11,11,12,10,9,10,12,18,17,20,24,24,25,19,,15,10,26,16,11,14,15,13,,,,,11,19,,17,12,13,12,11,12,20,15,13,15,12,15,16,13,25,17,20,,16,17,20,,19,11,,14,7,11,17,15,14,10,11,15,19,25,23,21,,12,15,19,19,22,7,19,13,19,,13,13,10,12,11,7,16,19,19,,7,,7,4,4,12,12,7,6,11,9,,,10,10,8,6,7,7,7,9,,,10,,11,14,18,17,18,14,14,18,17,,14,19,20,19,21,5,3,15,14,12,11,11,3,,20,11,,15,14,11,15,,,12,7,5,7,11,5,4,8,3,,,19,16,16,17,13,,11,15,19,13,18,17,11,,14,12,9,,,13,17,,12,16,19,,21,,18,24,,,11,8,,,18,11,14,,,4,6,7,7,7,7,5,9,11,7,10,11,6,13,14,7,11,17,17,19,7,4,11,9,,20,11,17,,7,13,17,11,9,5,5,5,8,6,7,19,,,28,8,9,9,9,11,8,10,7,11,11,5,13,10,22,14,11,,,12,15,12,11,8,12,,7,24,19,,15,14,11,,8,8,7,8,4,12,3,7,21,22,29,33,17,14,15,12,,12,11,7,4,25,20,,9,,10,,,,10,14,6,17,3,5,,18,,17,18,17,8,6,8,8,8,18,12,19,11,2,6,6,5,20,25,21,18,9,,9,6,12,10,12,8,6,10,19,17,16,9,11,18,5,,12,15,12,14,16,10,10,11,9,11,7,8,9,12,14,,14,15,10,9,12,12,10,11,15,16,23,,11,8,7,,10,7,9,9,,13,8,14,,4,10,9,9,8,7,6,8,7,8,8,6,7,,7,9,7,27,20,,15,14,5,18,9,12,13,10,14,17,17,13,,13,11,12,,14,13,,11,2,7,6,,9,5,8,4,5,14,11,18,11,10,10,8,10,14,13,15,,12,10,14,9,14,15,13,17,24,6,6,7,11,19,5,9,2,6,7,3,19,13,21,17,6,4,5,18,23,16,19,13,9,13,15,15,15,19,22,17,13,10,11,10,8,11,13,16,12,14,19,13,12,9,10,6,11,,15,11,11,10,18,14,15,14,15,14,17,16,14,10,18,,,8,14,9,,13,9,7,6,12,13,,19,9,9,,,,,10,9,13,20,17,11,5,9,,27,10,9,9,11,12,10,11,12,13,11,,,,,11,12,10,11,16,19,21,,6,7,7,8,11,9,8,9,8,11,12,14,13,13,,7,9,12,11,7,13,14,8,14,,6,8,,10,8,,8,21,6,,6,,11,,6,5,7,9,14,13,15,24,27,22,5,8,10,11,,23,20,3,13,11,24,,15,18,20,21,19,16,,8,12,20,18,16,,24,13,14,,16,4,14,22,9,8,14,,14,27,,24,23,17,17,19,24,11,9,7,,34,12,16,20,19,9,15,14,12,,,30,24,29,7,,10,34,31,21,24,14,4,28,7,8,14,17,13,,25,23,13,20,10,14,12,,9,,6,18,20,11,22,17,18,18,11,20,21,7,12,6,,,19,16,7,9,,25,18,32,9,,2,5,,,12,22,23,6,18,6,10,24,2,22,13,34,21,19,21,,20,12,,24,8,16,14,6,14,10,11,8,12,15,9,6,17,7,21,19,8,12,5,10,18,10,10,9,8,6,8,11,34,17,15,39,9,10,11,11,14,10,5,11,14,14,16,20,21,21,5,,6,11,10,22,8,11,10,,23,38,8,11,12,2,6,23,17,19,20,11,17,20,10,5,8,16,16,,12,38,22,30,17,,18,17,16,16,14,12,16,15,15,7,6,9,24,19,12,13,,8,,10,5,3,12,4,10,25,30,26,27,29,19,14,17,13,8,26,20,9,7,14,20,11,11,5,13,19,19,13,24,7,2,20,5,11,14,4,6,12,10,,12,5,8,7,8,19,12,11,10,15,16,8,20,18,3,25,20,24,14,11,18,10,5,20,12,11,19,12,9,4,13,15,10,22,17,15,16,15,10,12,14,10,9,4,12,12,15,12,16,12,11,12,15,8,9,8,17,,9,5,6,32,17,31,19,16,5,4,19,16,19,15,5,10,3,9,2,15,50,23,34,24,,16,8,9,13,13,13,27,12,16,7,16,17,16,10,14,9,9,13,18,22,7,10,20,11,8,9,17,5,11,7,,10,4,6,8,13,10,15,8,18,23,17,11,13,12,14,14,11,13,8,6,6,,9,13,5,12,9,5,12,21,18,8,9,8,18,,16,12,19,23,2,5,8,7,15,8,13,12,14,12,18,7,7,10,10,12,8,,11,,13,10,,5,23,18,21,19,14,14,13,,9,14,12,4,,,6,12,19,9,12,11,17,13,15,9,6,15,13,16,30,25,18,15,23,24,3,6,18,7,22,6,7,15,21,10,19,7,20,21,21,22,19,8,35,10,13,9,12,20,14,11,25,13,15,12,19,14,15,15,22,29,,23,9,9,6,18,18,18,9,5,15,20,11,14,9,21,26,14,14,14,10,24,13,10,,3,4,4,9,11,16,4,8,12,7,17,4,14,16,8,21,13,28,17,19,5,13,11,17,9,6,10,14,18,22,5,9,8,10,28,12,29,13,18,16,5,17,23,10
20210719,2,O3,24,36,42,27,60,22,27,28,26,37,15,30,,,75,,66,70,61,,64,,26,72,,52,62,,9,27,12,23,28,46,108,,43,31,,37,29,96,7,66,,2,,82,81,71,62,46,70,59,25,62,40,,67,67,21,9,15,32,,10,15,10,,3,76,69,60,40,41,,77,80,72,77,48,,48,35,66,48,45,20,,45,54,,,39,41,54,63,16,4,22,,16,30,36,19,40,,49,74,87,86,84,90,91,83,61,81,68,74,75,69,45,87,9,32,44,72,31,64,44,52,,51,56,46,46,48,42,28,35,60,58,60,53,64,,63,45,62,63,51,66,64,70,71,,37,74,60,54,,63,71,59,58,57,60,65,58,60,55,60,58,,,,41,46,,52,52,46,,,,39,,56,57,58,62,53,56,,57,54,,,,62,40,,37,12,28,61,62,,63,55,60,59,50,58,82,62,,59,,64,55,,59,41,,34,17,32,,30,46,58,12,34,68,63,,,57,62,70,39,72,48,26,,56,,,40,,43,51,,41,76,70,41,39,39,,69,66,44,51,50,19,28,4,37,24,23,25,30,27,34,4,28,40,71,,50,61,57,46,21,47,56,7,15,22,,17,2,,,8,82,55,28,,77,72,85,65,81,,,67,72,81,77,79,24,50,51,45,59,41,45,,46,64,78,56,67,76,57,60,48,,69,67,36,35,,21,33,46,29,27,14,16,15,28,,27,20,32,44,26,35,15,12,32,29,29,29,20,32,,43,40,38,21,38,41,31,28,19,20,18,19,,16,18,3,23,22,32,36,29,26,26,26,,,35,26,28,27,40,35,46,43,41,45,51,52,38,42,38,30,31,34,,23,18,32,32,47,40,84,,15,35,54,66,60,54,53,,,44,54,21,20,54,,48,61,77,37,,,71,107,6,11,4,6,8,2,2,14,5,,44,52,55,58,62,59,72,72,61,72,65,76,78,60,16,52,64,78,83,19,,41,33,30,37,,70,138,69,79,,,,57,138,,,,55,64,8,3,4,4,6,,21,33,43,61,43,27,48,21,35,45,,40,8,21,11,68,,43,31,64,12,85,78,99,56,66,,75,80,59,63,26,31,26,115,90,86,70,61,62,66,59,57,54,56,,51,,59,73,65,51,59,,66,40,,,47,39,47,65,,41,68,47,,59,72,60,45,78,62,69,74,67,43,,,,53,,52,56,,62,68,86,55,82,79,86,54,60,53,,50,,,50,,49,36,22,74,77,79,77,77,,24,26,32,41,14,56,37,42,41,15,,8,45,50,44,45,3,25,25,57,,49,39,39,,70,70,,61,67,58,51,56,,8,36,,,55,54,,6,,61,35,60,65,61,65,,59,66,,70,71,,77,,75,47,71,,80,68,67,56,66,,34,24,54,59,34,48,7,28,30,34,13,37,28,24,9,12,20,35,6,28,73,41,31,39,16,22,9,11,21,32,55,50,46,,45,11,12,14,19,9,107,79,81,86,91,9,7,9,,50,45,68,,80,65,58,67,33,,24,64,85,,62,,66,59,67,60,75,82,79,,,,43,,50,,82,78,87,,69,61,54,57,40,,39,,56,55,45,34,71,82,,44,33,38,44,59,22,,81,,,78,52,61,28,,22,23,21,34,24,79,66,60,68,48,45,52,67,29,20,14,115,100,92,96,20,2,10,,12,,62,50,40,15,8,43,22,43,,,,,86,71,,54,48,49,53,45,33,40,17,33,20,4,23,46,46,47,73,59,,78,72,55,,11,41,,60,83,84,82,77,96,85,90,95,56,73,80,66,,59,55,91,47,94,96,72,93,86,,63,43,123,101,108,59,56,63,63,,67,,,76,76,53,64,59,,,,,,59,40,76,,,66,,84,,,59,,64,55,57,45,48,44,47,54,58,,47,52,46,48,49,62,69,69,72,60,55,60,49,,46,58,,55,56,6,8,,,30,42,40,39,42,70,65,67,76,,,46,59,58,65,63,,54,72,26,64,72,64,61,,56,54,77,,,72,58,,75,56,39,,46,,146,144,,,60,52,,,37,116,53,,,56,50,71,62,161,163,165,49,63,60,68,40,88,76,57,66,31,17,20,18,47,53,38,32,,72,71,32,,22,13,10,8,106,113,62,60,36,41,36,28,,,9,28,8,17,16,3,18,14,18,12,5,4,15,46,,38,9,,,49,46,42,44,57,69,,,81,70,,19,63,53,,62,87,70,61,69,58,66,67,14,18,11,3,6,26,16,33,,16,19,20,18,44,44,,55,,64,,,,53,69,62,58,84,75,,18,,28,25,28,67,66,61,65,56,4,20,7,67,70,68,68,66,7,3,22,13,28,,37,4,16,26,22,13,13,44,30,44,22,10,31,26,23,,15,30,30,21,18,43,43,36,43,49,49,57,51,43,36,,23,34,33,1,35,40,30,50,31,36,41,,52,67,64,,83,78,77,84,,64,56,79,,87,71,,75,79,82,79,83,82,87,49,49,52,,83,74,93,19,48,,33,57,76,21,32,33,56,54,40,46,49,38,,63,77,53,,64,72,,56,76,41,30,,54,44,35,39,47,22,29,33,47,49,48,11,51,40,36,41,,42,32,39,36,7,33,38,32,20,16,42,19,27,44,56,8,24,5,14,9,20,28,12,16,4,10,12,49,20,55,51,26,26,39,22,36,24,33,46,54,68,70,82,74,29,24,63,67,,71,44,26,18,45,47,51,48,,67,,22,38,14,63,53,53,38,38,39,50,50,61,60,,,42,63,65,,60,60,68,58,74,53,,24,17,30,,,,,82,61,58,54,54,59,48,51,,4,76,81,84,75,84,28,40,31,47,29,,,,,6,6,53,40,58,57,25,,6,80,76,83,63,85,65,101,30,19,26,31,53,57,,52,29,44,39,20,23,61,86,21,,51,38,,53,45,,51,48,58,,79,,116,,24,21,36,40,21,28,84,84,84,87,51,34,24,36,,98,97,79,123,93,39,,82,104,58,74,34,68,,95,84,83,98,43,,86,62,72,,60,114,92,117,56,115,108,,107,76,,69,76,96,97,69,56,78,68,82,,6,75,49,106,103,74,72,80,76,,,16,24,12,47,,47,2,10,36,42,46,66,25,63,59,69,44,62,,65,16,47,31,62,51,50,,72,,53,41,69,18,15,17,64,54,87,21,27,48,44,75,,,16,8,59,72,,43,89,53,59,,60,49,,,64,53,47,63,41,57,67,59,57,46,66,55,76,76,74,,72,66,,26,76,43,43,109,61,56,59,39,55,23,11,49,64,77,45,39,62,51,51,54,39,59,31,12,25,22,37,66,3,66,110,46,84,70,76,89,89,98,79,41,64,49,35,83,43,79,77,,55,29,43,48,62,47,47,,17,36,61,66,65,58,113,100,42,9,29,69,19,53,44,46,38,13,18,,21,50,83,31,120,,84,63,58,55,73,46,49,55,55,49,59,44,11,134,61,63,,55,,62,62,76,46,58,31,40,11,13,31,28,30,29,36,35,45,26,39,36,51,25,46,35,62,21,70,33,65,73,10,89,66,49,79,19,12,82,79,73,82,,50,63,3,7,21,27,37,51,32,45,44,36,80,60,61,22,81,54,74,76,57,50,75,48,62,54,52,51,51,62,74,67,53,41,52,46,69,55,73,60,45,52,42,74,40,62,19,12,42,12,44,56,52,56,53,37,26,,65,21,25,36,42,80,82,59,56,61,45,60,65,74,57,58,69,50,86,98,5,89,51,68,,2,67,34,40,32,46,15,36,31,50,16,30,29,27,73,72,59,28,38,54,72,32,1,24,69,57,18,62,43,64,,83,78,75,67,3,96,10,42,32,4,58,58,75,45,28,111,70,50,43,55,64,,39,68,84,54,75,86,63,24,36,48,52,57,76,,89,119,36,50,46,47,27,56,9,,65,73,44,55,25,48,24,31,13,41,24,,61,,52,75,,31,23,62,51,54,68,52,52,,44,48,32,50,,,67,95,15,33,9,22,20,51,26,71,73,65,23,27,5,20,13,15,7,3,43,67,,68,49,63,77,72,21,50,34,72,56,34,58,59,46,98,4,95,111,50,57,31,56,64,145,44,28,69,28,30,32,31,68,37,,62,53,68,67,50,45,73,71,56,35,49,56,49,107,83,60,26,41,29,29,35,49,73,,49,69,76,64,64,68,73,66,8,11,16,23,25,66,20,53,86,45,13,47,84,34,33,29,51,45,19,5,69,21,93,,77,57,10,63,22,74,69,70,56,50,,42
20210719,2,O3_24h,81,87,115,92,102,93,94,86,84,99,97,94,,,117,,108,120,125,,107,,71,116,,88,130,,96,94,94,90,71,106,111,,106,85,,91,83,96,100,100,,103,,90,93,79,113,113,119,106,108,120,104,,104,108,108,72,78,81,,68,113,113,,117,128,128,119,125,116,,78,95,76,82,106,,113,98,99,112,102,100,,162,151,,,172,169,153,158,154,163,148,,155,153,165,163,151,,136,110,99,111,106,108,117,125,106,104,91,102,102,99,106,113,119,88,105,100,116,144,143,117,,144,160,139,141,127,142,133,144,107,105,114,104,111,,114,95,109,98,128,123,121,133,124,85,121,140,143,113,,137,127,129,126,118,114,126,110,113,115,113,94,,,,77,90,,95,87,86,,,,190,,163,150,162,162,125,148,,150,169,,,,166,160,,199,174,184,112,122,,132,104,109,96,101,97,110,102,,106,,93,81,,132,151,,155,140,144,,151,154,124,139,78,95,95,,,91,80,94,101,92,79,85,,99,,,153,,152,152,,97,92,97,92,86,94,,107,110,129,128,134,119,112,103,83,85,88,88,89,94,82,82,82,85,81,,83,80,94,67,160,115,106,98,107,93,,102,98,,,100,108,129,108,,113,130,117,144,97,,,84,89,94,94,95,92,81,84,80,83,82,81,,68,85,147,146,153,152,147,126,132,,132,140,89,88,71,87,81,77,75,86,88,81,141,182,,158,135,173,109,147,77,124,112,77,73,78,74,83,113,,85,81,98,102,92,79,85,94,180,160,177,149,,188,169,156,104,126,114,107,132,141,161,120,,,107,113,107,83,76,72,88,88,191,189,212,202,127,135,133,125,114,150,60,128,74,75,72,75,75,125,,118,151,151,213,172,222,170,,,151,170,170,150,156,,169,191,171,162,,,185,143,75,86,101,97,86,86,89,85,89,,102,94,78,93,83,81,125,114,116,121,115,128,97,93,96,91,86,103,103,110,,116,86,95,89,,212,164,191,179,,,,181,180,,,,183,226,123,114,126,120,128,,125,93,88,96,104,78,90,84,76,91,65,91,74,89,84,184,,165,166,185,159,182,178,188,187,184,,109,116,118,113,116,111,124,119,104,106,103,98,103,101,124,121,106,119,,94,,93,105,99,108,143,,146,102,,,117,121,115,126,,91,100,104,,100,101,101,104,112,102,92,96,100,102,,,,112,,111,98,,104,129,124,122,100,101,112,66,78,77,,124,,,161,,146,125,127,105,109,101,109,86,,110,107,107,96,116,100,103,97,116,116,52,96,81,88,80,86,85,75,81,98,,92,113,106,,136,109,,126,127,123,117,123,,134,88,,,89,107,,110,,120,122,125,124,84,88,,86,90,,105,92,,101,,83,81,82,,87,86,88,83,89,,135,153,129,128,121,129,67,146,143,157,132,147,136,101,97,92,89,87,93,102,104,93,98,100,112,105,120,106,115,84,78,75,76,,82,93,73,81,84,98,116,103,107,100,107,126,106,123,,116,113,118,,118,106,117,94,96,,98,96,85,,86,,92,92,102,87,104,100,89,,,,99,,101,,87,87,92,,84,82,89,99,103,,106,,140,132,155,136,144,120,,151,157,163,126,137,155,,100,,,120,99,97,65,,132,115,138,112,76,95,80,88,116,118,110,126,125,118,70,70,152,160,166,145,82,81,80,72,75,,149,170,145,150,92,115,124,87,,,,,247,197,,183,71,80,106,80,78,94,117,108,109,109,116,89,100,104,113,121,,96,102,120,,139,146,,146,158,167,147,146,153,157,162,158,123,121,128,106,,143,157,148,183,196,166,167,112,127,,110,107,133,121,128,112,113,110,110,,83,,92,106,106,102,117,97,70,68,83,,,107,92,126,78,52,93,44,84,,,146,,132,134,138,164,168,160,168,182,123,,149,140,196,204,195,157,163,144,144,115,143,93,85,,92,119,,130,129,85,92,,,87,106,90,95,89,92,90,93,101,,,155,88,87,90,85,,77,122,123,119,127,112,89,,87,89,136,,,134,127,,108,97,117,,116,,211,224,,,91,88,,,168,183,166,,,71,78,119,116,182,184,173,88,85,87,87,80,136,132,124,145,200,192,157,162,76,80,70,75,,192,186,94,,75,74,95,100,115,127,92,86,87,75,85,105,,,110,134,109,125,215,130,131,127,136,93,92,80,97,87,86,89,108,,,185,68,64,68,107,113,,72,147,158,,149,148,148,,125,119,123,118,117,74,85,76,112,118,112,98,88,141,72,103,,90,95,92,87,143,146,,113,,107,,,,92,92,94,90,117,109,,119,,116,129,129,94,96,91,85,89,94,100,121,89,102,99,98,100,113,121,123,106,84,,84,78,65,66,66,71,84,98,94,96,91,82,98,106,101,,82,95,95,89,82,125,117,117,109,128,142,139,141,147,92,,101,102,99,92,87,89,88,86,85,83,92,,72,98,92,,95,94,96,107,,121,114,89,,93,91,60,93,98,116,109,117,116,124,95,90,94,,91,89,98,115,123,,141,140,109,111,109,127,145,136,126,123,141,138,,123,125,108,,122,124,,134,143,135,131,,101,104,114,92,88,126,120,123,119,126,118,98,105,106,108,97,,112,114,124,109,140,165,155,156,143,122,133,116,134,120,69,109,128,104,110,75,63,85,83,80,82,89,75,183,170,163,174,56,68,63,101,112,58,128,127,130,135,140,130,132,124,145,165,185,66,130,122,127,127,107,98,151,154,,160,114,99,115,93,110,106,110,89,114,130,143,139,131,149,,,125,120,120,,115,100,104,102,129,111,,129,107,111,,,,,128,122,115,106,116,153,132,127,,96,109,131,120,122,117,83,74,91,77,83,,,,,101,92,102,93,60,57,91,,85,98,101,108,102,85,80,101,54,61,69,71,87,88,,84,84,68,64,55,62,100,97,64,,74,67,,76,112,,84,81,78,,119,,132,,87,77,133,138,152,133,170,154,158,156,105,127,114,117,,150,150,145,171,159,156,,141,158,151,148,138,140,,136,129,158,155,141,,153,167,158,,148,219,145,158,119,145,222,,243,172,,173,146,146,145,117,115,151,148,141,,127,125,119,158,138,111,124,136,129,,,126,127,133,92,,99,137,129,123,135,108,86,126,94,108,114,96,90,,119,127,198,188,86,170,156,,112,,115,107,185,122,81,83,136,144,131,141,160,122,150,105,,,113,167,103,116,,172,177,216,138,,91,171,,,95,171,162,88,78,96,89,85,92,154,112,187,171,217,92,,120,115,,112,136,105,107,126,159,69,128,78,104,126,98,72,97,102,196,91,81,100,95,92,106,134,91,82,86,87,82,125,150,109,110,152,93,144,150,105,103,115,99,99,141,139,94,144,186,116,86,,96,73,116,92,81,96,102,,96,186,105,116,101,86,130,143,204,113,157,86,101,156,108,89,98,156,122,,94,188,161,178,175,,134,117,106,112,118,104,108,115,103,96,91,119,176,218,155,88,,100,,135,96,96,176,99,83,104,113,136,148,144,142,82,92,94,81,159,225,94,84,97,118,105,125,102,120,122,140,135,122,120,88,138,114,108,115,86,82,87,94,,82,85,95,93,86,208,116,90,79,116,126,96,184,169,112,98,130,176,163,165,115,145,91,121,112,118,94,111,98,99,148,135,94,94,99,89,117,117,155,135,124,129,127,87,128,120,150,112,139,119,133,102,118,98,99,100,98,,117,95,79,179,155,136,163,123,127,86,186,173,152,152,122,113,101,124,96,139,130,137,117,124,,89,89,77,85,86,77,147,102,170,93,108,110,108,82,91,113,107,110,98,88,125,87,110,131,117,111,128,86,96,94,,99,90,94,95,101,110,102,85,137,107,177,157,195,137,137,161,138,138,107,113,109,,116,119,120,123,77,106,162,114,107,113,133,130,187,,144,188,134,123,66,128,143,122,159,47,153,141,175,136,121,89,96,66,82,71,69,,110,,145,122,,103,93,127,102,139,138,106,79,,104,141,137,120,,,78,142,100,87,84,108,85,95,81,92,83,106,118,107,96,109,115,119,127,108,80,81,63,84,101,89,89,113,84,133,88,95,113,97,93,88,108,133,128,122,132,91,151,106,79,90,210,170,85,91,164,113,113,127,177,178,,123,110,87,92,214,102,234,86,91,110,121,127,105,239,177,134,144,149,128,135,149,109,112,,72,120,93,135,124,108,101,123,89,79,90,72,78,130,76,100,114,182,209,80,106,112,86,103,88,86,89,72,159,168,126,123,97,93,115,97,106,93,166,146,108,61,81,124
20210719,2,O3_8h,24,34,33,29,60,22,23,28,34,32,14,30,,,72,,68,72,57,,70,,37,72,,60,66,,16,30,12,26,28,50,110,,40,30,,36,27,90,13,70,,4,,83,82,71,64,50,56,58,32,62,47,,66,64,24,22,16,40,,10,20,10,,8,78,68,60,50,48,,78,80,74,76,44,,54,46,67,46,58,24,,48,58,,,44,44,55,62,16,3,24,,15,36,36,24,40,,50,68,84,82,81,84,85,84,47,70,60,62,66,52,36,68,10,28,31,46,20,62,44,51,,58,61,52,49,48,49,30,40,61,60,63,54,66,,64,46,63,63,48,62,69,60,66,,30,64,58,56,,64,72,60,60,60,62,70,62,64,57,64,56,,,,41,48,,54,52,48,,,,42,,58,57,63,64,54,56,,55,56,,,,67,42,,41,18,31,62,64,,66,56,61,59,52,59,80,66,,58,,66,58,,58,37,,35,18,35,,31,48,59,16,44,71,63,,,59,64,71,49,70,54,33,,56,,,44,,48,50,,39,80,70,42,39,39,,70,69,45,50,54,21,38,5,36,30,22,33,32,22,32,15,28,42,71,,52,60,55,45,22,54,59,16,14,16,,12,6,,,8,84,60,40,,81,72,88,72,78,,,69,75,84,77,78,26,52,54,47,60,46,50,,48,64,77,51,68,74,70,66,47,,62,73,40,30,,16,34,46,34,31,10,18,16,28,,28,22,38,43,26,38,14,16,32,30,30,29,17,32,,44,39,38,26,35,36,32,26,14,16,14,22,,22,12,2,22,19,26,30,27,26,27,24,,,36,30,28,31,39,35,44,42,48,44,59,54,38,42,39,34,36,36,,19,19,39,30,42,38,93,,14,38,57,68,54,64,55,,,48,52,24,27,59,,45,63,81,34,,,76,110,6,10,4,6,8,2,3,14,5,,34,52,50,57,59,58,70,73,68,72,68,79,76,58,14,64,66,84,81,42,,64,36,38,35,,89,143,80,84,,,,60,140,,,,58,52,6,2,5,4,12,,36,32,37,47,44,26,50,26,38,48,,41,10,32,14,56,,50,28,72,11,86,80,98,58,58,,74,79,68,62,35,41,24,114,96,91,71,59,59,63,60,58,56,57,,48,,60,74,65,52,62,,68,42,,,52,44,52,58,,46,66,48,,60,73,62,48,79,61,70,72,68,44,,,,56,,56,60,,67,70,87,60,82,78,86,53,63,48,,53,,,47,,48,28,15,72,76,74,75,73,,32,30,34,44,12,54,40,38,41,16,,6,35,50,46,46,4,24,26,56,,54,39,46,,72,72,,60,64,52,52,61,,22,38,,,50,56,,6,,66,46,61,66,62,64,,59,65,,67,68,,74,,72,54,67,,80,70,64,54,66,,30,24,50,56,31,44,7,22,34,36,18,38,26,30,8,12,31,32,6,28,74,40,34,40,18,22,8,14,22,32,61,52,46,,48,14,15,14,20,10,107,82,86,89,94,8,6,6,,36,37,58,,82,51,41,49,34,,22,65,85,,63,,68,62,70,62,75,82,78,,,,48,,50,,84,80,89,,61,56,52,54,40,,42,,64,59,46,40,86,81,,44,31,36,44,61,22,,80,,,80,54,61,28,,28,28,29,34,28,78,68,63,64,48,42,52,62,38,20,14,93,89,92,89,20,2,9,,7,,65,56,50,16,12,49,28,47,,,,,102,79,,61,48,54,54,44,33,42,20,40,19,4,27,44,43,45,72,62,,76,65,60,,27,57,,73,82,84,84,81,96,86,89,93,59,70,82,68,,58,57,67,48,89,95,74,90,90,,63,42,122,99,108,58,57,65,65,,65,,,76,76,55,66,60,,,,,,58,37,77,,,74,,82,,,60,,65,56,60,46,48,45,45,52,52,,49,48,48,48,48,64,72,74,76,60,57,63,53,,49,61,,55,59,10,10,,,31,42,46,40,42,72,68,70,78,,,50,64,61,67,65,,56,74,49,66,75,55,64,,58,58,75,,,74,66,,74,57,46,,54,,154,136,,,60,51,,,42,114,62,,,58,56,73,66,161,163,164,48,61,60,67,42,86,76,56,63,36,22,23,23,48,54,38,34,,74,72,26,,24,14,8,10,107,118,62,61,38,42,36,44,,,8,28,12,21,17,3,20,14,18,14,8,4,14,43,,36,14,,,45,46,44,45,61,71,,,76,64,,15,61,50,,63,75,70,64,70,64,70,70,14,16,8,3,8,28,16,39,,12,22,24,18,58,56,,54,,68,,,,57,74,65,60,80,73,,19,,34,28,28,66,64,65,64,55,6,26,10,62,72,69,69,67,7,4,28,14,30,,46,4,19,24,22,14,14,45,36,46,28,9,34,25,29,,20,36,36,19,16,44,47,44,50,56,48,57,52,39,37,,26,34,36,2,37,42,27,50,34,39,42,,52,66,64,,81,80,76,86,,70,59,84,,90,71,,74,80,77,74,80,77,84,46,49,52,,76,66,84,24,50,,32,52,72,20,30,34,58,56,46,49,46,37,,66,77,54,,66,72,,58,71,45,37,,53,48,34,46,49,29,38,38,50,50,52,14,52,40,41,46,,42,36,34,38,24,38,40,33,23,18,48,17,34,48,42,6,24,6,14,10,26,33,14,18,4,12,12,55,46,58,56,26,28,44,27,28,38,38,40,48,62,72,84,78,28,24,62,64,,74,52,40,30,41,46,59,54,,71,18,21,42,12,68,60,60,42,38,43,52,53,66,67,,,46,68,68,,64,60,72,64,72,60,,18,19,34,,,,,83,73,67,58,59,62,50,53,,4,73,78,86,78,82,32,43,32,49,32,,,,,5,7,60,48,48,44,23,,8,82,80,80,54,84,62,88,27,20,26,26,52,52,,50,32,45,40,20,20,68,85,24,,54,40,,56,48,,53,50,52,,75,,116,,26,22,36,48,23,37,89,89,90,92,50,32,26,36,,96,98,80,124,100,53,,85,106,74,90,33,60,,97,88,77,90,46,,87,73,78,,60,118,90,126,60,117,114,,118,80,,80,78,96,98,70,52,81,70,82,,6,77,60,102,104,82,68,80,76,,,30,34,16,41,,48,9,10,38,48,50,66,25,66,66,72,48,64,,67,18,50,36,65,48,52,,74,,54,40,68,18,19,27,54,54,82,20,26,55,48,78,,,20,26,59,75,,54,94,42,60,,62,50,,,66,50,48,62,43,60,66,62,55,48,67,52,79,81,73,,70,68,,30,77,50,52,106,68,58,63,43,55,29,14,52,60,80,56,46,61,50,52,50,38,63,32,16,32,28,31,70,2,60,95,46,88,74,76,84,88,90,80,42,64,43,37,84,46,80,80,,54,28,46,46,61,49,50,,24,67,68,68,65,60,114,101,44,15,54,64,19,61,53,48,39,18,19,,26,50,84,32,120,,72,66,61,58,74,48,54,56,56,50,65,48,18,138,56,61,,56,,64,66,74,48,60,38,41,16,18,32,26,32,28,34,36,46,24,44,36,54,16,50,36,58,21,68,34,62,69,9,78,68,62,80,18,12,82,79,78,88,,55,62,4,10,22,30,38,56,37,40,46,38,86,60,64,26,84,51,74,77,62,54,75,52,64,62,53,54,54,64,72,64,50,36,52,46,65,58,76,64,42,52,45,76,42,62,18,12,44,22,44,57,52,57,54,38,18,,66,26,20,44,49,80,92,58,58,62,48,62,72,78,58,59,65,52,88,104,6,86,28,64,,7,63,40,40,32,46,18,39,38,47,22,23,33,28,75,74,62,26,40,52,73,28,1,29,72,58,16,64,44,66,,80,82,76,67,4,101,10,50,36,4,58,68,80,46,30,106,51,53,46,58,69,,48,68,84,56,75,86,66,26,40,54,58,64,66,,90,122,34,47,46,51,28,60,7,,77,74,40,44,28,52,24,28,18,40,26,,62,,53,64,,34,24,61,49,57,72,54,54,,55,50,44,52,,,67,89,16,32,11,25,18,51,28,74,71,70,23,22,6,20,23,28,12,2,42,66,,71,52,60,80,64,24,56,32,70,53,33,51,56,46,88,5,72,82,55,53,38,57,66,150,41,27,64,28,32,34,38,68,38,,45,60,70,68,47,53,90,72,60,41,46,62,46,120,92,52,50,42,37,32,35,50,76,,54,70,76,80,66,66,74,70,7,10,16,25,32,68,26,56,86,49,14,44,86,40,29,28,63,50,16,6,79,20,94,,74,58,24,63,27,76,68,66,56,50,,48
20210719,2,O3_8h_24h,24,34,33,31,60,22,23,28,41,32,14,30,,,72,,71,75,57,,76,,48,73,,68,69,,22,32,13,30,29,53,111,,40,30,,36,27,90,19,73,,5,,84,82,71,66,53,56,58,38,63,54,,66,64,28,35,16,47,,10,26,10,,14,80,68,60,61,56,,78,80,75,76,44,,61,57,68,46,71,28,,52,61,,,48,47,56,62,17,3,26,,15,42,37,28,41,,51,68,84,82,81,84,85,84,47,70,60,62,66,52,36,68,12,28,31,46,20,62,44,51,,65,66,58,52,49,56,31,46,62,61,66,55,67,,66,46,64,63,48,62,74,60,66,,30,64,58,58,,66,72,62,62,63,64,74,66,69,59,67,56,,,,41,49,,56,52,50,,,,46,,60,57,68,66,54,57,,55,58,,,,72,44,,45,23,34,64,66,,68,57,62,59,53,60,80,70,,58,,67,60,,58,37,,36,19,38,,32,49,60,20,54,74,63,,,61,66,72,59,70,61,40,,57,,,48,,53,50,,39,83,71,44,39,39,,71,72,46,50,57,23,49,6,36,35,22,41,33,22,32,26,28,43,71,,53,60,55,45,22,62,62,24,14,16,,12,10,,,8,86,66,52,,85,72,92,79,78,,,71,78,87,77,78,28,54,56,49,60,50,55,,50,64,77,51,68,74,82,72,47,,62,79,45,30,72,16,35,47,38,35,10,19,17,29,,28,24,43,43,27,40,14,19,32,31,30,29,17,32,,45,39,38,30,35,36,32,26,14,16,14,24,,27,12,2,22,19,26,30,27,26,28,24,,,38,33,29,35,39,35,44,42,56,44,67,57,38,42,40,38,42,39,48,19,20,46,30,42,38,102,,14,40,60,70,54,74,57,,,52,52,27,34,64,,45,65,85,34,,,81,112,6,10,4,6,8,2,4,14,5,,34,52,50,57,59,58,70,74,74,72,71,82,76,58,14,77,68,91,81,64,,86,39,45,35,,108,148,90,88,,,,62,141,,,,61,52,6,2,6,4,18,,52,32,37,47,46,26,53,32,41,50,67,42,12,42,18,56,,56,28,79,11,86,81,98,60,58,,74,79,76,62,44,51,24,114,103,96,72,59,59,63,62,59,58,58,,48,,60,74,65,53,65,,70,43,,,56,48,57,58,,50,66,50,,60,74,64,52,80,61,70,72,70,44,,,,58,,59,64,,72,72,88,65,82,78,86,53,66,48,,56,,,47,,48,28,15,72,76,74,75,73,,40,35,37,47,12,54,44,38,41,18,45,6,35,50,47,47,4,24,27,56,,58,39,54,,74,74,,60,64,52,53,66,,37,40,,,50,59,,7,,70,58,62,68,64,64,,59,65,,67,68,,74,,72,61,67,,80,72,64,54,66,,30,24,50,56,31,44,7,22,38,38,23,40,26,36,8,12,42,32,6,28,75,40,36,41,21,22,8,16,23,32,67,55,46,,52,16,18,15,21,11,107,86,92,92,98,8,6,6,,36,37,58,,83,51,41,49,36,,22,66,85,,64,,69,66,72,65,75,82,78,,,,54,,50,,86,82,91,,61,56,52,54,40,,45,,73,63,48,47,101,81,,45,31,36,44,63,22,,80,,,83,55,61,29,,34,34,37,34,33,78,71,66,64,48,42,52,62,48,20,14,93,89,92,89,21,2,9,,7,,68,63,59,16,15,55,34,51,,,,,117,87,,68,49,59,55,44,33,44,24,46,19,5,31,44,43,45,72,64,,76,65,66,,43,73,,86,82,84,87,85,96,88,89,93,62,70,84,69,,58,59,67,48,89,95,76,90,93,,63,42,122,99,108,58,58,67,67,,65,,89,77,77,57,68,62,65,50,71,,,58,37,78,65,52,83,37,82,,,60,,66,57,63,46,48,46,45,52,52,,51,48,50,49,48,66,74,80,79,61,59,66,57,,52,64,,55,62,14,12,,,32,43,51,42,43,75,71,72,80,,,54,68,64,69,67,,59,75,72,69,78,55,66,,60,61,75,,,76,74,,74,58,54,,62,,161,136,,,61,51,,,47,114,72,,,61,61,75,70,161,163,164,48,61,60,67,44,86,76,56,63,42,27,26,28,49,55,38,36,,75,74,26,,26,15,8,11,108,123,62,62,39,44,36,59,,,8,28,16,25,18,3,22,15,19,16,10,4,14,43,1,36,18,,,45,47,46,46,65,73,,65,76,64,,15,61,50,,64,75,70,68,70,69,73,72,14,16,8,3,9,30,17,45,,12,24,27,18,71,67,,54,,72,,,,61,78,68,62,80,73,,20,,41,32,29,66,64,69,64,55,9,33,13,62,75,70,70,68,7,5,34,16,32,,54,4,22,24,22,16,16,46,42,47,33,9,36,25,35,,26,41,42,19,16,46,51,51,56,62,48,57,52,39,38,,29,35,38,2,39,44,27,50,37,42,43,,53,66,64,,81,83,76,89,,75,62,89,,93,71,54,74,80,77,74,80,77,84,46,49,53,,76,66,84,30,52,,32,52,72,20,30,35,60,57,51,52,46,37,,70,77,55,,69,72,,61,71,49,44,,53,52,34,53,51,36,48,43,54,51,56,18,54,41,46,52,,42,39,34,41,40,42,42,34,26,19,54,17,41,53,42,6,24,7,14,10,31,38,16,19,5,15,12,61,72,61,62,26,30,49,32,28,51,43,40,48,62,73,87,83,28,24,62,64,60,76,61,54,43,41,46,67,61,,75,18,21,47,12,74,68,68,46,38,47,54,56,71,74,,,51,72,70,,68,61,75,70,72,66,,18,21,38,,,,,84,85,76,61,64,64,51,55,,5,73,78,88,82,82,35,46,33,51,34,,,,,5,8,67,57,48,44,23,,11,85,83,80,54,84,62,88,27,22,26,26,52,52,,50,36,46,41,21,20,75,85,26,,56,41,,60,52,,55,53,52,,75,,116,,28,22,37,55,25,46,94,94,95,96,50,32,29,37,,96,100,81,124,106,67,,88,109,89,106,33,60,,99,91,77,90,50,,88,84,84,,61,122,90,134,64,119,119,,130,83,,92,81,96,100,70,52,84,71,82,,6,79,70,102,104,89,68,80,76,,,44,43,19,41,,49,16,10,41,53,53,66,25,68,74,75,51,66,,69,19,53,40,68,48,55,,76,,56,40,68,18,23,37,54,55,82,20,26,62,51,81,,,23,45,59,78,,65,98,42,60,,64,51,,,69,50,48,62,45,62,66,65,55,50,68,52,82,86,73,,70,69,,35,78,56,60,106,74,61,67,47,55,35,17,54,60,84,68,52,61,50,53,50,38,67,33,19,38,33,31,73,2,60,95,47,93,77,76,84,88,90,82,43,64,43,39,84,49,81,83,,54,28,48,46,61,51,54,,32,98,76,70,65,62,114,102,46,21,78,64,19,69,62,49,40,23,20,,31,51,86,32,120,,72,69,64,62,76,51,58,57,58,51,71,52,26,142,56,61,,56,,66,69,74,51,63,44,42,21,23,34,26,35,28,34,38,47,24,49,36,57,16,53,36,58,21,68,35,62,69,9,78,69,76,80,18,12,82,79,84,94,,60,62,5,13,23,33,38,60,42,40,49,40,93,60,67,30,86,51,75,78,67,59,75,57,65,70,54,56,57,66,72,64,50,36,53,47,65,60,80,68,42,52,48,78,44,62,18,12,46,32,45,58,52,58,55,40,18,,66,31,20,52,56,80,101,58,59,63,50,64,79,81,60,60,65,54,90,111,6,86,28,64,,12,63,46,40,32,46,21,42,44,47,28,23,37,29,77,76,64,26,43,52,74,28,1,34,76,58,16,67,45,67,,80,86,76,67,4,106,10,58,40,5,58,78,84,48,32,106,51,56,50,61,74,,56,68,84,58,75,86,68,27,45,60,64,72,66,,91,125,34,47,47,55,29,64,7,54,89,74,40,44,30,56,24,28,23,40,29,,63,,54,64,,36,24,61,49,60,76,55,57,,66,52,57,55,,,67,89,16,32,13,28,18,51,29,78,71,76,23,22,8,20,33,41,18,2,42,66,60,74,55,60,82,64,28,61,32,70,53,33,51,56,46,88,6,72,82,60,53,46,58,68,155,41,27,64,28,34,37,45,68,40,,45,68,71,70,47,61,108,74,65,47,46,67,46,132,102,52,73,44,45,34,35,50,78,,58,70,76,96,68,66,75,73,7,10,16,27,40,71,31,58,86,53,14,44,89,46,29,28,75,56,16,6,89,20,94,,74,58,37,63,32,77,68,66,57,50,1,54
20210719,2,CO,0.5,0.4,0.5,0.6,0.5,0.6,0.5,0.4,0.3,0.5,0.5,0.5,,,0.6,,0.8,0.6,0.8,,0.9,,0.4,0.4,,0.5,0.4,,0.6,0.6,0.5,0.7,0.6,0.4,0.5,,0.7,0.5,,0.6,0.5,0.3,0.2,0.4,,0.4,,0.4,0.7,0.6,0.1,0.4,0.3,0.1,0.1,0.1,0.2,,0.4,0.4,0.1,0.6,0.7,0.8,,0.7,0.5,0.2,,0.4,0.3,0.1,0.2,0.2,0.5,,0.2,0.6,0.4,0.5,0.5,,0.4,0.4,0.4,0.5,0.4,0.6,,0.5,0.4,,,0.4,0.4,0.3,0.4,1,0.7,0.9,,0.7,0.8,0.7,0.7,0.6,,0.4,0.7,0.4,0.5,0.6,0.4,0.5,0.5,0.6,0.6,0.6,0.8,0.7,0.9,0.6,0.8,0.4,0.4,0.5,0.6,0.6,0.1,0.6,0.3,,0.4,0.5,0.3,0.5,0.2,0.4,0.2,0.5,0.5,0.5,0.3,0.4,0.5,,0.4,0.3,0.3,0.2,0.4,0.6,0.3,0.1,0.8,0.5,0.5,0.5,0.5,0.2,,0.3,0.4,0.3,0.1,0.3,0.5,0.4,0.3,0.4,0.5,0.5,0.3,,,,0.5,0.4,,0.5,0.4,0.4,,,,0.6,,0.5,0.2,0.4,0.4,0.3,0.3,,0.2,0.8,,,,0.6,0.5,,0.6,0.8,0.6,0.3,0.5,,0.2,0.2,0.3,0.1,0.2,,0.5,0.4,,0.3,,0.3,0.4,,0.3,0.4,,0.6,0.4,0.7,,0.5,0.4,0.4,0.3,0.4,0.6,0.4,,,0.3,0.4,0.4,0.4,0.3,0.4,0.4,,0.7,,,0.5,,0.6,0.5,,0.3,0.4,0.2,0.3,0.4,0.5,,0.3,0.4,0.2,0.1,0.4,0.4,0.4,0.5,0.4,0.3,0.4,0.5,0.3,0.4,0.4,0.4,0.1,0.4,0.4,,0.4,0.6,0.4,0.3,0.3,0.5,0.3,1.4,0.9,0.7,,0.9,1.8,,,1.5,0.3,0.1,0.7,,0.3,0.3,0.5,0.3,0.3,,,0.1,0.3,0.4,,0.2,0.5,0.5,0.4,0.5,0.4,0.4,0.5,,0.5,0.5,0.7,0.8,0.5,0.8,0.6,0.8,0.8,,0.8,0.4,0.8,0.7,,0.8,0.6,0.6,0.4,0.5,0.7,0.4,0.6,0.6,,0.5,0.5,0.5,0.6,0.6,0.5,0.6,0.5,0.4,0.6,0.6,0.5,0.4,0.4,,0.7,0.4,0.4,0.4,0.5,0.5,0.4,0.5,0.3,0.4,0.4,0.3,,0.5,0.6,0.6,0.6,0.5,0.5,0.4,0.5,0.5,0.4,0.5,,,0.6,0.5,0.6,0.5,0.5,0.5,0.6,0.5,0.6,0.7,0.3,0.4,0.5,0.5,0.5,0.6,0.4,0.6,,0.5,0.3,0.4,0.5,0.4,0.4,0.5,,0.5,0.6,0.6,0.7,0.8,0.2,0.5,,,0.8,0.4,1,0.4,0.6,,0.4,0.5,0.4,0.6,,,0.5,0.2,0.4,0.4,0.6,0.7,0.7,0.5,0.7,0.5,0.8,,0.4,0.3,0.3,0.3,0.2,0.4,0.2,0.3,0.2,0.4,0.4,0.2,0.4,0.9,0.7,0.8,0.8,0.5,0.7,0.4,,0.7,0.9,0.7,0.8,,0.5,0.6,0.4,0.4,,,,0.6,0.3,,,,0.5,0.6,0.9,0.6,0.9,0.5,0.8,,0.8,0.6,0.5,0.5,0.4,0.6,1.3,0.7,1,1,,0.4,0.5,0.7,0.7,0.7,,0.5,0.6,1.1,0.7,0.7,0.7,0.8,0.6,0.7,,0.4,0.6,0.5,0.4,0.4,0.4,0.7,0.7,0.6,0.6,0.4,0.5,0.3,0.4,0.2,0.3,0.3,0.3,,0.6,,0.2,0.6,0.3,0.7,0.5,,0.6,0.7,,,0.5,0.7,0.6,0.3,,0.2,0.5,0.2,,0.2,,0.2,0.4,0.2,0.2,0.1,0.1,0.2,0.3,,,,0.3,,0.7,0.8,,0.5,0.2,0.3,0.5,0.4,0.2,0.3,0.4,0.5,0.5,,0.3,,,0.7,,0.6,0.6,0.6,0.3,0.6,0.4,0.2,0.4,,0.6,0.3,0.6,0.4,0.4,0.4,0.5,0.6,0.7,0.8,,0.6,0.5,0.3,0.5,0.4,0.8,0.6,0.6,0.4,,0.4,0.5,0.5,,0.6,0.6,,0.4,0.6,0.6,0.6,0.5,,0.7,0.5,,,0.4,0.5,,0.7,,0.6,0.6,0.5,0.4,0.5,0.4,,0.6,0.6,,0.6,0.6,,0.5,,0.7,0.8,0.8,,0.6,0.7,0.2,0.2,0.1,,0.4,0.6,0.4,0.7,0.9,0.3,0.2,0.6,0.6,0.4,0.7,0.4,0.7,0.3,0.7,1.9,0.7,0.5,0.5,0.7,0.6,0.5,0.6,0.5,0.7,0.6,0.6,0.7,0.6,0.5,0.3,0.5,0.3,,0.2,0.3,0.3,0.3,0.4,0.3,0.6,0.4,0.7,0.4,0.5,1.3,1.2,0.9,,0.8,0.8,0.8,,0.5,0.6,0.5,0.3,0.7,,0.6,0.3,0.3,,0.7,,0.7,0.3,0.4,0.3,0.4,0.5,0.3,,,,0.5,,0.5,,0.3,0.3,0.2,,0.6,0.6,0.6,0.5,0.6,,0.7,,0.3,0.6,0.5,0.5,0.5,0.7,,0.7,0.6,0.5,0.7,0.6,0.6,,0.7,,,0.8,0.3,0.3,0.5,,0.6,0.9,0.8,0.8,0.6,0.3,0.5,0.8,0.5,0.7,0.8,1.1,0.8,0.8,0.5,0.3,0.4,0.5,0.8,0.4,0.6,0.8,0.7,0.6,0.8,,0.5,2.4,2.2,2.2,0.6,0.7,0.9,0.7,,,,,0.6,0.5,,0.6,0.6,0.5,0.4,0.4,0.5,0.4,0.7,0.5,0.7,0.6,0.4,0.5,0.5,0.9,0.7,0.9,,0.7,0.6,0.8,,0.6,0.6,,0.6,0.7,0.8,0.6,0.9,0.7,0.5,0.5,0.6,0.6,0.6,0.7,0.7,,0.5,0.6,0.3,0.7,0.2,0.1,0.8,0.6,0.6,,0.6,0.5,0.2,0.4,0.3,0.2,0.5,0.1,0.1,,0.5,,,0.4,0.4,0.2,0.2,0.4,,,,,,0.3,0.4,0.3,,,0.3,,0.5,,,0.6,,0.8,0.3,0.7,0.5,0.4,0.6,0.3,0.5,0.3,,0.7,0.7,0.7,0.6,0.6,0.3,0.2,0.3,0.3,0.6,0.6,0.1,0.3,,0.5,0.3,,0.4,0.4,0.5,0.7,,,0.6,0.5,0.5,0.5,0.4,0.4,0.8,0.8,0.4,,,0.3,0.4,0.5,0.6,0.4,,0.7,0.5,0.4,0.6,0.6,0.5,0.5,,0.4,0.7,0.6,,,0.5,0.7,,0.6,0.5,0.4,,0.5,,0.7,0.6,,,,0.3,,,0.6,0.5,0.4,,,0.4,0.3,0.3,0.2,0.4,0.3,0.4,0.3,0.3,0.4,0.3,0.5,0.4,0.2,0.4,0.4,0.9,0.4,0.6,0.8,0.4,0.3,0.5,0.4,,0.4,0.4,0.5,,0.3,0.4,0.5,0.5,0.7,0.5,0.5,0.4,0.4,0.4,0.4,0.4,,,0.6,0.6,0.7,0.9,0.5,2.4,0.2,0.8,0.2,1.4,1.5,0.6,0.5,0.5,0.5,0.6,0.5,,,0.4,0.6,0.6,0.6,0.3,0.2,,,0.4,0.4,,0.6,0.5,0.4,,0.4,0.7,0.6,0.5,0.4,0.4,0.5,0.4,0.6,0.4,0.5,0.7,0.5,0.4,0.6,0.8,,0.3,0.3,0.3,,0.5,0.3,,0.6,,0.4,,,,0.3,0.4,0.5,0.4,0.5,0.7,,0.8,,0.4,0.4,0.4,0.5,0.6,0.5,0.5,0.3,0.7,0.9,0.6,0.4,0.1,0.5,0.4,0.3,0.5,0.6,0.4,0.5,0.4,,0.6,0.4,0.6,0.2,0.5,0.7,0.3,0.8,1.5,0.3,1,0.4,0.3,0.5,0.7,,0.4,0.6,0.7,0.5,0.5,1,0.9,0.6,1,1.3,0.5,0.5,0.7,0.4,0.7,,0.6,0.8,0.6,0.6,0.7,0.5,0.6,0.6,0.4,0.9,0.7,,1.5,0.7,0.5,,0.3,0.4,0.5,0.4,,0.4,0.4,0.6,,0.6,0.6,,0.6,0.6,0.8,0.9,0.7,0.6,0.6,0.7,0.6,0.6,,0.4,0.4,0.5,1.9,0.7,,0.7,0.9,0.4,0.9,0.9,0.7,0.6,0.8,0.8,0.7,0.5,0.7,,0.5,0.8,0.4,,0.9,1,,0.4,0.4,0.5,0.5,,0.6,0.6,0.7,1,1,0.9,0.6,0.6,0.7,0.4,0.6,0.4,0.6,0.6,0.6,0.5,,0.4,0.9,1,1.3,0.5,0.4,0.5,0.4,0.7,0.5,0.6,0.6,0.5,0.7,1.4,1,0.9,0.9,1.4,0.6,0.4,0.5,1.1,0.6,0.4,0.5,0.4,0.8,0.7,0.7,0.6,0.4,0.7,0.5,0.7,0.6,0.5,1,0.7,0.8,0.8,0.5,0.5,0.5,0.7,0.8,0.5,0.5,,0.6,0.8,0.9,0.8,0.5,0.7,0.5,0.3,,0.4,0.3,0.3,0.3,0.2,0.5,0.4,0.4,0.5,0.5,0.4,0.5,0.5,0.3,0.3,,,0.4,0.4,0.7,,0.7,0.4,0.3,0.3,0.3,0.3,,0.3,0.5,0.3,,,,,0.5,0.5,0.5,0.6,0.6,0.4,0.2,0.4,,0.3,0.5,0.5,0.3,0.5,0.5,0.4,0.7,1.9,0.8,0.2,,,,,0.2,0.3,0.4,0.5,0.4,0.4,0.4,,0.4,0.4,0.4,0.3,0.4,0.7,0.8,0.6,0.4,0.4,0.7,0.6,0.5,0.5,,0.6,0.4,0.2,0.3,0.2,0.3,0.6,0.5,0.4,,0.3,0.6,,0.8,0.6,,0.4,0.2,0.5,,0.3,,0.3,,0.6,0.6,0.4,0.7,0.5,0.8,0.5,0.5,0.4,0.5,0.4,0.4,0.5,0.5,,0.5,0.8,0.2,0.4,0.7,0.3,,0.3,0.3,0.2,0.3,0.4,0.3,,0.7,0.8,0.4,,0.5,,0.2,0.3,0.2,,0.3,0.7,0.6,0.4,0.5,0.3,0.3,,0.3,0.4,,0.5,0.4,0.5,0.3,0.8,0.6,0.2,0.3,0.2,,1,0.1,0.5,0.2,0.4,0.3,0.5,0.5,0.3,,,1,1.3,1,0.7,,0.4,0.9,0.9,0.4,1.7,0.4,0.3,0.7,0.5,0.3,0.5,0.6,0.6,,0.4,0.6,0.3,0.7,0.5,0.4,0.5,,0.4,,0.3,0.9,0.6,0.5,1.4,1.7,0.1,0.5,0.4,0.5,0.8,0.5,0.5,0.3,,,0.4,0.4,0.2,0.4,,0.9,0.5,0.5,0.5,,0.3,0.3,,,0.2,0.4,0.3,0.5,0.4,0.5,0.3,0.2,0.3,0.6,0.6,0.6,0.3,0.4,0.6,,1.1,0.4,,0.5,0.6,0.2,0.3,0.2,0.4,0.4,0.6,0.7,0.6,0.5,0.5,0.4,0.6,0.3,0.7,0.3,0.4,0.3,0.3,0.6,0.2,0.5,0.8,0.4,0.5,0.5,0.3,0.5,0.4,0.4,0.3,0.6,0.6,0.4,0.5,0.6,0.6,0.7,0.4,0.6,0.3,0.8,0.6,0.6,0.4,0.7,0.6,,0.6,0.5,0.4,0.4,0.7,0.4,0.5,,0.6,0.6,0.3,0.3,0.3,0.3,0.4,0.5,0.4,0.9,0.3,0.6,0.4,0.3,0.5,0.3,0.6,0.5,1,,0.7,0.4,0.3,0.5,0.5,,0.1,0.4,0.4,0.3,0.4,0.3,0.5,0.4,0.4,0.6,0.4,0.5,0.7,0.5,0.2,0.1,,0.6,,0.5,0.6,0.6,0.5,0.5,0.6,0.5,0.8,0.8,0.6,0.6,0.6,0.4,0.5,0.5,0.5,0.5,0.5,0.4,0.5,0.6,0.6,0.8,0.6,0.2,0.2,0.6,0.8,0.1,1.2,0.4,0.5,0.6,0.5,1.1,0.8,0.3,0.4,0.6,0.4,,0.3,0.5,0.6,0.5,0.9,0.5,0.4,0.6,0.5,0.4,0.5,0.7,0.4,0.6,0.3,0.5,0.3,0.5,0.3,0.4,0.5,0.5,0.2,0.9,0.2,0.4,0.2,0.3,0.3,0.2,0.4,0.5,0.5,0.4,0.5,0.4,0.8,0.7,0.2,0.6,0.7,0.5,0.5,0.5,0.5,0.6,0.6,0.7,1.1,0.7,0.3,0.3,0.4,0.4,0.3,0.3,0.4,,0.3,0.4,0.5,2,0.2,0.4,0.5,0.4,0.5,0.2,,0.4,0.4,0.3,0.2,0.5,0.5,0.3,0.4,0.4,0.7,0.5,0.3,0.3,,0.6,0.5,0.7,,0.3,0.4,0.5,0.7,0.6,0.3,0.5,0.4,0.7,0.5,0.5,0.3,0.2,0.3,0.5,0.8,0.4,0.3,0.9,0.5,0.4,0.6,0.3,0.4,0.4,0.8,,0.2,0.4,0.5,0.7,2.7,0.6,0.5,0.5,0.4,0.5,0.3,0.6,0.3,0.4,0.7,0.6,0.4,0.4,0.3,0.4,0.5,,0.6,0.4,0.2,0.4,0.3,0.2,0.6,0.8,0.9,0.5,0.6,0.4,0.7,,0.5,0.5,0.8,0.7,0.6,0.5,0.4,0.3,0.6,,0.6,0.5,0.6,0.8,0.6,0.4,0.6,0.5,0.4,0.4,0.5,,0.5,,0.5,0.7,,1.3,0.6,0.2,0.4,0.4,0.6,0.4,0.3,,0.4,0.6,0.6,0.5,,,0.7,0.6,0.4,0.3,0.6,0.4,1.2,0.3,1.3,0.3,0.6,0.2,0.4,0.1,0.4,0.2,0.3,0.3,0.2,0.4,0.5,0.6,,0.6,0.8,1.2,0.8,0.6,0.7,1.1,0.6,0.4,0.6,0.7,0.5,0.6,0.5,0.3,1.2,,0.4,0.4,0.5,0.4,0.9,0.2,0.5,0.5,0.5,0.4,0.4,0.4,0.4,0.8,0.8,0.8,,0.8,0.3,0.5,0.6,0.4,0.4,0.6,0.5,,0.5,0.7,0.4,0.4,0.4,0.5,0.9,0.6,0.7,1.4,0.5,0.4,0.3,0.4,,0.5,0.5,0.2,0.5,0.6,0.8,0.3,0.6,0.5,0.6,0.5,0.4,0.5,0.5,0.5,0.7,0.3,0.6,0.7,0.4,0.4,0.7,0.7,0.5,0.5,0.4,0.7,0.4,0.4,0.4,0.2,0.3,1.2,0.2,0.5,0.2,0.4,0.4,0.3,0.4,0.5,0.4,0.7,0.5
20210719,2,CO_24h,0.7,0.6,0.8,0.8,0.8,0.7,0.6,0.7,0.5,0.7,0.7,0.5,,,0.8,,0.9,0.8,0.6,,1,,0.4,0.5,,0.6,0.5,,0.5,0.6,0.5,0.6,0.6,0.3,0.5,,0.8,0.6,,0.8,0.5,0.3,0.1,0.3,,0.3,,0.4,0.4,0.3,0.1,0.4,0.3,0.1,0.1,0.1,0.3,,0.4,0.3,0.1,0.6,0.7,0.8,,0.7,0.6,0.3,,0.5,0.3,0.1,0.2,0.1,0.5,,,0.4,0.2,0.3,0.7,,0.5,0.6,0.5,0.6,0.4,0.6,,0.5,0.5,,,0.4,0.5,0.4,0.4,0.9,1,1.3,,0.7,1.2,1.1,1.1,1.1,,1,0.7,0.5,0.5,0.6,0.4,0.5,0.5,0.5,0.6,0.6,0.6,0.5,0.7,0.5,0.6,0.4,0.5,0.4,0.4,0.5,0.4,0.7,0.5,,0.5,0.6,0.4,0.6,0.5,0.6,0.3,0.4,0.4,0.4,0.3,0.4,0.5,,0.4,0.3,0.4,0.2,0.4,0.6,0.3,0.3,0.8,0.5,0.5,0.7,0.5,0.2,,0.3,0.5,0.3,0.2,0.2,0.5,0.4,0.3,0.4,0.5,0.5,0.3,,,,0.5,0.4,,0.5,0.3,0.3,,,,0.6,,0.4,0.2,0.4,0.3,0.4,0.3,,0.3,0.6,,,,0.6,0.5,,0.6,0.8,0.7,0.4,0.2,,0.2,0.2,0.3,0.1,0.2,,0.5,0.3,,0.3,,0.4,0.5,,0.4,0.4,,0.6,0.3,0.7,,0.5,0.4,0.4,0.3,0.4,0.6,0.4,,,0.3,0.4,0.4,0.4,0.4,0.4,0.4,,0.7,,,0.5,,0.6,0.5,,0.3,0.3,0.2,0.3,0.4,0.5,,0.3,0.4,0.3,0.3,0.4,0.3,0.3,0.4,0.4,0.5,0.6,0.5,0.4,0.5,0.5,0.4,0.5,0.4,0.3,,0.5,0.6,0.5,0.4,0.3,0.5,0.3,1,0.7,0.6,,0.8,0.6,,,0.7,0.4,0.2,0.6,,0.4,0.4,0.6,0.4,0.3,,,0.1,0.3,0.5,0.1,0.2,0.4,0.6,0.4,0.5,0.5,0.7,0.5,,0.5,0.5,0.9,0.9,0.7,1,0.8,0.7,0.9,,0.9,0.4,0.8,0.7,0.6,0.7,0.6,0.6,0.4,0.5,0.6,0.3,0.6,0.6,,0.5,0.5,0.6,0.6,0.6,0.5,0.6,0.4,0.4,0.6,0.6,0.5,0.6,0.4,,0.7,0.4,0.4,0.4,0.5,0.5,0.5,0.6,0.4,0.5,0.4,0.4,,0.5,0.4,0.5,0.7,0.6,0.5,0.5,0.5,0.6,0.5,0.5,,,0.6,0.5,0.7,0.4,0.6,0.6,0.7,0.5,0.5,0.5,0.3,0.4,0.5,0.5,0.5,0.6,0.4,0.6,0.6,0.5,0.3,0.4,0.4,0.4,0.4,0.6,,0.5,0.8,0.7,0.7,1.1,0.3,0.5,,,0.9,0.5,1,0.7,0.6,,0.4,0.4,0.5,0.5,,,0.5,0.3,0.3,0.3,0.5,0.6,0.6,0.4,0.6,0.4,0.7,,0.4,0.3,0.3,0.3,0.3,0.4,0.2,0.4,0.2,0.4,0.4,0.3,0.4,0.8,0.7,0.7,0.7,0.5,0.7,0.4,,0.7,0.8,0.6,0.7,,0.6,0.5,0.6,0.6,,,,0.7,0.3,,,,0.5,0.6,0.7,0.5,0.6,0.3,0.8,,0.8,0.7,0.6,0.6,0.5,0.6,0.9,0.7,0.5,0.7,0.5,0.4,0.5,0.7,0.7,0.7,,0.6,0.9,0.7,0.7,0.7,0.7,0.8,0.7,0.6,,0.4,0.9,0.4,0.4,0.5,0.3,0.6,0.7,0.5,0.6,0.4,0.6,0.3,0.5,0.2,0.3,0.3,0.3,,0.5,,0.3,0.6,0.3,0.8,0.5,,0.6,0.7,,,0.4,0.5,0.6,0.3,,0.2,0.5,0.2,,0.2,0.1,0.1,0.4,0.3,0.2,0.1,0.2,0.2,0.3,,,,0.3,,0.3,0.6,,0.4,0.4,0.4,0.6,0.5,0.2,0.3,0.3,0.4,0.4,,0.3,,,0.9,,0.9,0.7,0.6,0.3,0.6,0.5,0.2,0.4,,0.5,0.4,0.6,0.5,0.4,0.4,0.5,0.6,0.7,0.9,0.5,0.6,0.6,0.3,0.5,0.5,0.7,0.7,0.6,0.5,,0.5,0.5,0.4,,0.6,0.6,,0.4,0.7,0.6,0.6,0.5,,0.6,0.8,,,0.5,0.5,,0.6,,0.8,0.6,0.7,0.7,0.6,0.5,,0.7,0.7,,0.6,0.6,,0.6,,0.8,0.8,0.7,,0.7,0.7,0.3,0.2,0.1,,0.6,0.8,0.7,1.2,1,0.6,0.3,0.6,0.7,0.5,0.6,0.5,0.7,0.4,1.2,2,0.8,0.6,0.7,0.7,0.6,0.4,0.6,0.6,0.7,0.5,0.5,0.7,0.6,0.5,0.4,0.5,0.2,,0.1,0.4,0.4,0.3,0.4,0.3,0.4,0.3,0.5,0.3,0.4,0.6,0.7,0.6,,0.9,0.8,0.8,,0.5,0.6,0.5,0.5,0.7,,0.5,0.3,0.3,,0.6,,0.7,0.3,0.4,0.3,0.4,0.5,0.3,,,,0.5,,0.5,,0.4,0.4,0.3,,0.7,0.6,0.6,0.6,0.6,,0.7,,0.4,0.6,0.6,0.5,0.6,0.8,,0.7,0.6,0.4,0.7,0.6,0.5,,0.7,,,0.8,0.3,0.3,0.5,,0.6,0.7,0.6,0.7,0.7,0.4,0.5,0.7,0.5,0.6,0.7,1,0.8,0.7,0.4,0.3,0.3,0.5,0.8,0.4,0.6,0.7,0.7,0.5,0.8,,0.7,2.6,2,0.8,0.6,0.7,0.9,0.8,,,,,0.5,0.5,,0.6,1.3,0.5,0.3,0.3,0.4,0.4,0.6,0.4,0.5,0.4,0.4,0.6,0.5,0.8,0.6,0.8,,0.7,0.7,0.7,,0.7,0.6,,0.6,0.6,0.7,0.5,0.8,0.7,0.5,0.4,0.5,0.6,0.7,0.7,0.6,,0.5,0.7,0.4,0.4,0.6,0.3,0.6,0.6,0.5,,0.5,0.4,0.3,0.4,0.3,0.2,0.5,0.1,0.1,,0.5,,0.4,0.4,0.4,0.3,0.2,0.4,0.1,0.2,0.3,,,0.3,0.3,0.4,0.5,0.3,0.3,0.1,0.5,,,0.6,,0.7,0.3,0.6,0.5,0.5,0.7,0.3,0.5,0.4,,0.7,0.7,0.7,0.5,0.5,0.4,0.4,0.3,0.3,0.6,0.7,0.2,0.2,,0.5,0.3,,0.4,0.4,0.5,0.6,,,0.7,0.5,0.5,0.5,0.4,0.5,0.8,0.7,0.5,,,0.4,0.6,0.8,0.8,0.6,,0.6,0.7,0.5,0.8,0.7,0.6,0.3,,0.4,0.7,0.7,,,0.7,1,,0.6,0.6,0.5,,0.5,,0.9,0.8,,,,0.5,,,0.7,0.6,0.5,,,0.3,0.3,0.3,0.3,0.4,0.3,0.3,0.3,0.4,0.4,0.4,0.6,0.5,0.5,0.5,0.8,0.8,0.5,0.6,0.8,0.4,0.3,0.5,0.4,,0.6,0.5,0.5,,0.4,0.6,0.5,0.5,0.5,0.4,0.5,0.4,0.4,0.5,0.4,0.4,,,0.5,0.7,0.7,0.7,0.6,1.1,0.4,0.8,0.5,0.8,1,0.7,0.7,0.6,0.7,0.8,0.7,,,0.5,0.7,0.7,0.6,0.3,0.3,,0.7,0.5,0.5,,0.6,0.6,0.5,,0.4,0.5,0.5,0.5,0.5,0.5,0.6,0.5,0.7,0.5,0.5,0.7,0.7,0.4,0.4,0.6,,0.2,0.4,0.3,,0.6,0.4,,0.5,,0.4,,,,0.4,0.5,0.6,0.4,0.6,0.8,,0.6,,0.4,0.4,0.4,0.4,0.6,0.5,0.5,0.4,0.6,0.6,0.7,0.6,0.1,0.5,0.4,0.3,0.5,0.6,0.5,0.5,0.4,,0.4,0.3,0.7,0.4,0.6,0.7,0.4,1.3,1.3,0.9,1.2,0.3,0.4,0.6,1.1,,0.4,0.5,0.6,0.4,0.5,1,0.9,0.6,0.9,1.3,0.5,0.7,0.7,0.5,0.6,,0.5,0.7,0.6,0.5,0.6,0.5,0.5,0.6,0.5,0.8,0.8,,0.4,0.5,0.4,,0.4,0.5,0.5,0.5,,0.5,0.4,0.6,,0.6,0.6,0.4,0.6,0.6,0.8,0.9,0.7,0.6,0.6,0.6,0.5,0.6,,0.4,0.4,0.6,1.1,0.8,,0.9,1.1,0.4,0.7,0.9,0.7,0.6,0.8,0.8,0.7,0.7,0.6,,0.6,0.8,0.5,,1,1,,0.5,0.4,0.5,0.4,,0.6,0.6,0.7,0.9,1,0.7,0.6,0.6,0.7,0.5,0.6,0.5,0.6,0.6,0.5,0.5,,0.4,0.9,1,1.3,0.5,0.4,0.5,0.4,0.6,0.6,0.6,0.6,0.5,0.7,1.2,0.9,0.9,0.7,1.2,0.4,0.8,0.7,1,1.1,0.4,0.3,0.7,0.9,0.7,0.8,0.7,0.4,0.7,0.4,0.6,0.6,0.5,0.6,0.7,0.7,0.8,0.5,0.5,0.5,0.6,0.6,0.5,0.6,0.6,0.6,0.7,0.8,0.8,0.5,0.4,0.5,0.4,,0.3,0.3,0.3,0.2,0.2,0.5,0.4,0.5,0.5,0.5,0.5,0.6,0.7,0.3,0.4,,,0.4,0.4,0.7,,0.6,0.5,0.4,0.4,0.4,0.5,,0.3,0.5,0.3,,,,,0.4,0.4,0.5,0.5,0.5,0.3,0.2,0.5,,0.3,0.6,0.6,0.5,0.7,0.6,0.5,0.7,0.6,0.6,0.4,,,,,0.3,0.3,0.4,0.4,0.4,0.5,0.4,,0.5,0.5,0.4,0.3,0.4,0.8,0.7,0.6,0.5,0.4,0.7,0.7,0.6,0.6,,0.5,0.4,0.3,0.3,0.3,0.3,0.6,0.5,0.5,,0.4,0.6,,0.8,0.6,,0.4,0.2,0.5,,0.3,,0.3,,0.6,0.8,0.5,0.6,0.5,0.6,0.5,0.6,0.4,0.6,0.4,0.4,0.5,0.5,,0.6,0.6,0.2,0.4,0.6,0.3,,0.3,0.3,0.2,0.3,0.4,0.3,,0.6,0.8,0.3,0.2,0.6,,0.2,0.2,0.2,,0.4,0.7,0.6,0.4,0.5,0.3,0.4,,0.2,0.3,,0.4,0.3,0.4,0.3,0.8,0.7,0.2,0.4,0.3,,0.6,0.1,0.3,0.4,0.3,0.2,0.5,0.6,0.4,,,0.6,0.9,0.7,0.7,,0.3,0.5,0.6,0.4,1.1,0.3,0.5,0.6,0.6,0.4,0.6,0.7,0.6,,0.5,0.6,0.4,0.7,0.4,0.4,0.5,,0.4,,0.3,0.9,0.5,0.4,1.1,0.9,0.7,0.5,0.4,1.2,0.9,0.5,0.4,0.4,,,0.5,0.4,0.3,0.6,,0.8,0.5,0.5,0.6,,0.4,0.4,,,0.3,0.4,0.3,0.4,0.4,0.5,0.4,0.3,0.3,0.5,0.6,0.7,0.5,0.4,0.8,,0.9,0.5,,0.5,0.6,0.3,0.4,0.2,0.5,0.4,0.5,0.6,0.7,0.5,0.2,0.4,0.8,0.3,0.6,0.3,0.2,0.3,0.5,0.5,0.3,0.6,1,0.4,0.5,0.4,0.3,0.5,0.5,0.4,0.2,0.8,0.6,0.4,0.5,0.5,0.6,0.7,0.4,0.5,0.4,0.9,0.6,0.8,0.5,0.7,0.6,,0.6,0.4,0.3,0.4,0.7,0.5,0.6,,0.5,0.5,0.4,0.4,0.3,0.3,0.4,0.6,0.4,0.9,0.3,0.6,0.5,0.4,0.6,0.3,0.6,0.5,0.7,,0.6,0.4,0.3,0.5,0.4,,0.4,0.4,0.4,0.3,0.4,0.2,0.4,0.3,0.4,0.5,0.4,0.7,0.7,0.7,0.3,0.2,,0.5,,0.5,0.6,0.5,0.6,0.4,0.6,0.6,0.7,0.7,0.6,0.7,0.6,0.4,0.5,0.5,0.6,0.6,0.5,0.4,0.6,0.6,0.6,0.8,0.6,0.2,0.3,0.5,1,0.2,0.7,0.4,0.6,0.6,0.6,0.6,0.6,0.3,0.5,0.6,0.5,,0.3,0.6,0.4,0.5,0.7,0.6,0.4,0.6,0.6,0.5,0.7,0.7,0.5,0.6,0.4,0.5,0.4,0.5,0.3,0.4,0.6,0.7,0.3,0.4,0.1,0.3,0.1,0.4,0.3,0.3,0.6,0.5,0.5,0.4,0.6,0.5,1,0.7,0.2,0.6,0.7,0.6,0.6,0.5,0.4,0.6,0.5,0.6,0.8,0.6,0.3,0.3,0.4,0.4,0.3,0.2,0.4,,0.5,0.6,0.7,0.7,0.4,0.5,0.6,0.3,0.6,0.2,,0.3,0.4,0.4,0.2,0.5,0.4,0.3,0.5,0.3,0.4,0.6,0.3,0.3,,0.6,0.5,0.6,0.6,0.4,0.5,0.6,0.7,0.5,0.4,0.4,0.4,0.7,0.3,0.5,0.3,0.3,0.5,0.7,0.7,0.6,0.3,0.6,0.5,0.4,0.6,0.3,0.4,0.5,0.5,,0.2,0.4,0.5,0.6,1.5,0.5,0.5,0.3,0.5,0.5,0.5,0.6,0.3,0.3,0.8,0.6,0.4,0.5,0.4,0.4,0.5,,0.5,0.6,0.3,0.5,0.3,0.3,0.7,0.8,0.9,0.4,0.3,0.4,0.7,,0.4,0.6,0.7,0.7,0.6,0.4,0.4,0.4,0.4,0.7,0.6,0.6,0.6,0.8,0.5,0.4,0.6,0.4,0.4,0.3,0.4,,0.5,,0.5,0.7,,1.2,0.6,0.5,0.4,0.4,0.5,0.5,0.3,,0.3,0.7,0.7,0.5,,,0.8,0.7,0.3,0.2,0.5,0.4,0.6,0.6,0.8,0.4,0.6,0.2,0.3,0.1,0.4,0.2,0.3,0.3,0.2,0.4,0.5,0.6,0.5,0.6,0.7,0.5,0.8,0.7,0.6,1.1,0.7,0.4,0.6,0.6,0.5,0.6,0.5,0.3,0.7,,0.4,0.5,0.5,0.5,0.9,1.1,0.7,0.7,0.5,0.5,0.4,0.5,0.4,0.7,1,1,,0.8,0.3,0.5,0.6,0.6,0.4,0.5,0.5,,0.6,0.3,0.4,0.5,0.4,0.5,0.8,0.6,0.7,1,0.4,0.4,0.3,0.4,,0.6,0.5,0.3,0.4,0.8,0.7,0.3,0.7,0.5,0.5,0.7,0.4,0.7,0.7,0.5,0.6,0.4,0.9,0.8,0.4,0.3,0.6,0.7,0.6,0.5,0.6,0.6,0.5,0.5,0.5,0.2,0.4,0.7,0.1,0.4,0.1,0.4,0.4,0.4,0.5,0.6,0.7,0.7,0.5
20210719,3,AQI,22,29,19,21,18,12,20,22,27,17,15,23,,,37,,28,32,55,,30,,27,41,,23,32,,25,23,28,28,27,28,34,,48,48,,54,49,30,50,43,,60,,26,26,22,32,37,43,34,29,37,14,,27,29,28,44,43,36,,49,49,36,,51,26,36,44,12,13,,25,26,23,25,33,,19,23,20,39,34,31,,19,22,,,32,23,15,20,23,40,39,,45,29,36,34,35,,33,26,34,30,28,30,30,28,32,29,19,66,57,69,51,55,26,12,51,46,59,16,22,18,,19,22,24,,22,17,40,30,24,25,22,22,19,,20,22,20,30,36,32,35,27,47,,31,36,31,25,,20,22,27,39,20,22,20,33,22,43,33,18,,,,31,33,,32,29,29,,,,36,,19,19,27,19,20,17,,19,38,,,,33,38,,42,40,51,27,26,,32,24,26,30,24,23,26,19,,35,,26,24,,20,18,,47,31,28,,33,28,24,35,23,21,20,,,15,20,21,30,21,30,49,,18,,,20,,26,25,,17,22,23,18,13,16,,24,26,22,32,20,33,34,29,17,19,20,26,22,19,17,29,12,17,23,,15,20,18,15,31,36,37,36,50,31,,41,30,,,36,25,24,46,,35,22,24,32,26,,,22,23,27,25,25,31,38,26,35,32,38,49,,33,31,23,26,21,18,28,23,35,,24,18,25,23,23,22,21,26,23,20,24,24,33,29,,33,41,20,26,30,22,30,35,11,10,9,9,11,18,,15,14,14,18,10,13,9,18,36,24,22,18,,47,56,34,9,13,11,10,22,15,26,16,,,32,31,27,28,19,15,15,13,38,,25,32,41,31,23,29,37,23,,34,15,15,16,14,14,25,,28,46,25,35,31,28,15,,,38,32,37,41,32,,24,21,23,17,,,31,32,24,34,39,35,46,52,39,36,34,,19,18,19,20,20,20,20,21,19,22,19,22,26,29,40,38,27,29,24,36,,54,32,31,31,,38,46,59,44,,,,17,41,,,,46,34,57,97,,69,79,,91,38,19,35,24,26,18,19,,17,,28,8,22,21,48,,66,41,47,60,58,53,30,41,57,,29,28,23,25,23,21,26,32,30,28,45,47,43,52,19,17,20,20,,44,,29,22,20,29,39,,41,36,,,32,40,35,45,,35,34,38,,29,32,24,29,25,19,29,24,35,34,,,,26,,22,37,,42,27,25,36,26,25,27,24,29,35,,24,,,18,,25,29,28,30,25,22,24,26,,28,21,23,20,39,19,24,27,27,31,,32,28,17,26,17,37,35,26,18,,18,35,26,,30,26,,40,43,42,39,24,,40,14,,,33,36,,39,,20,28,23,20,20,23,,23,20,,35,29,,33,,29,48,26,,26,22,22,22,22,,23,29,20,30,43,20,20,46,22,16,31,20,28,21,27,53,37,14,31,62,52,42,46,43,24,26,17,22,31,20,17,16,24,,25,21,13,25,48,16,35,28,29,33,35,38,45,28,,57,42,59,,34,26,20,16,28,,18,23,26,,20,,28,20,21,25,26,28,20,,,,36,,32,,26,32,38,,44,35,38,27,31,,29,,14,18,15,29,21,25,,31,31,23,23,29,33,,28,,,20,21,17,22,,24,59,50,48,32,26,21,34,38,46,45,41,38,41,22,22,40,41,40,37,21,32,32,30,27,,33,29,36,27,22,30,33,22,,,,,35,22,,34,28,38,44,34,35,40,29,41,40,45,32,15,14,51,25,26,,26,29,42,,31,24,,34,38,32,30,33,30,33,36,35,31,21,23,30,,55,40,34,73,32,35,50,31,23,,23,24,39,33,33,23,23,34,34,,20,,,25,25,16,20,25,,,,,,26,36,21,,,22,,29,,,28,,20,26,18,25,33,36,35,31,22,,48,43,44,36,46,22,22,29,25,24,24,23,25,,48,39,,26,26,22,18,,,15,15,15,23,23,21,19,20,22,,,20,19,18,26,20,,19,18,24,23,21,23,25,,28,22,23,,,26,20,,25,22,23,,40,,40,44,,,30,20,,,54,37,48,,,24,32,22,21,50,54,58,32,28,38,23,35,29,25,22,23,41,28,27,33,46,42,45,47,,37,35,24,,19,23,28,30,33,40,29,23,12,19,16,32,,,59,23,26,58,17,46,12,40,9,38,30,46,21,15,35,47,15,,,12,64,63,72,16,20,,,25,21,,34,20,25,,22,41,35,25,20,31,21,40,23,30,28,51,30,23,20,35,,22,18,6,22,43,29,,23,,17,,,,16,20,17,17,26,24,,19,,24,30,23,22,21,25,22,17,59,54,63,22,23,20,20,20,30,31,31,31,47,,27,29,24,17,31,26,9,37,18,22,31,21,39,27,24,,20,42,43,49,55,17,21,23,18,25,28,23,29,26,31,,30,32,21,27,23,30,32,22,43,55,45,,19,21,23,,28,30,25,28,,27,29,22,,25,27,,28,26,26,24,27,25,28,40,40,40,,26,22,25,32,37,,41,26,22,32,73,18,16,29,54,32,36,30,,21,23,25,,25,26,,20,25,15,16,,17,16,23,18,15,38,34,,,20,,33,,46,40,38,,14,18,15,13,19,22,17,25,17,35,49,31,36,51,40,40,57,61,57,23,20,15,41,19,,18,13,43,37,37,38,26,41,20,19,37,25,97,74,68,64,37,45,35,37,46,28,24,,20,64,77,64,28,26,22,18,,19,,17,13,28,19,36,36,40,15,16,14,18,15,17,,,27,35,38,,46,17,21,19,24,25,,21,18,19,,,,,38,15,18,13,13,21,28,33,,24,83,22,25,23,25,16,23,31,21,20,,,,,38,31,24,14,20,20,25,,29,24,22,21,22,33,23,34,18,15,28,17,18,16,,33,29,13,12,13,16,18,27,25,,15,12,,18,15,,15,16,18,,24,,34,,16,7,31,51,49,47,25,25,24,25,18,25,14,19,,29,32,25,27,30,44,,37,39,21,31,500,500,,31,,28,28,21,,38,46,29,,23,35,21,31,18,36,40,,29,37,,53,,,45,49,42,25,22,29,,52,54,45,35,33,35,23,23,22,,,72,56,69,40,,26,69,52,66,29,40,21,33,25,25,27,15,26,,20,41,34,52,16,25,21,,23,,22,36,23,29,41,50,62,40,26,43,38,34,29,14,,,36,26,20,34,,50,29,62,30,,32,36,,,20,31,38,20,23,29,20,19,18,37,22,31,26,28,40,,42,25,,38,25,27,20,33,55,20,33,35,22,23,22,18,47,24,39,27,32,38,22,31,15,40,30,32,46,31,17,22,64,44,,23,23,18,23,27,29,29,28,31,21,29,29,23,,29,35,,36,25,30,17,19,14,12,,47,58,27,20,17,26,35,28,39,35,81,50,40,29,30,24,40,37,19,,27,48,58,31,38,,,21,19,19,24,25,24,29,20,29,15,26,54,40,36,21,,38,,26,19,24,40,26,23,34,38,33,31,19,15,10,11,11,,34,,14,31,13,23,28,38,27,40,53,33,29,37,38,24,38,27,19,25,26,25,19,22,,17,23,13,20,11,10,13,35,26,26,22,32,25,23,18,36,24,17,19,22,32,19,25,51,45,39,24,29,22,20,39,30,29,19,18,19,32,28,16,15,19,42,39,,42,41,55,29,73,38,25,19,22,15,19,45,39,,21,37,22,53,40,33,25,37,23,28,,25,28,20,20,39,21,32,26,37,62,55,69,69,,28,26,16,,20,16,23,31,23,16,24,10,32,22,36,25,18,59,56,42,26,22,33,21,20,22,24,30,36,23,,28,25,32,40,45,37,32,22,23,27,38,24,21,21,25,42,42,32,20,25,39,,50,24,24,31,24,26,,56,57,31,35,32,37,,29,32,54,42,19,28,28,21,31,,35,38,36,,55,17,20,26,10,34,30,,18,,18,21,,14,48,21,19,32,32,32,19,,20,30,25,19,,,22,29,39,44,31,46,63,68,70,23,35,30,50,47,67,58,69,86,48,45,20,23,,22,30,28,21,20,41,44,39,23,26,31,40,23,32,34,65,500,500,12,22,30,29,18,40,27,,25,9,30,34,28,20,35,,45,39,21,23,12,19,39,23,17,40,40,36,36,54,52,50,46,10,69,26,36,25,27,,16,36,23,35,20,25,26,26,35,27,19,26,32,23,19,41,27,29,30,45,24,19,67,70,13,24,22,24,,29,29,,31,30,51,29,44,22,23,29,17,16,32,44
20210719,3,PM2.5,15,9,7,14,5,8,14,15,9,10,7,16,,,24,,14,14,34,,18,,17,28,,16,18,,16,13,16,19,11,19,21,,30,32,,38,26,15,27,29,,38,,14,6,13,22,20,23,23,20,8,8,,15,5,19,26,30,21,,34,25,6,,9,18,20,27,5,4,,13,9,2,,20,,12,12,14,18,14,21,,6,8,,,9,9,9,11,15,17,18,,17,14,16,17,17,,20,15,20,18,19,14,14,19,22,20,13,41,32,41,27,28,13,8,21,31,32,7,6,12,,9,8,8,,8,7,12,7,15,17,15,15,6,,12,15,11,21,17,22,24,12,27,23,14,14,19,17,,13,12,11,27,12,14,14,23,15,30,23,5,,,,19,14,,14,14,18,,,,21,,9,9,17,12,14,9,,12,12,,,,22,14,,29,22,23,13,18,,21,14,12,21,14,14,14,10,,24,,14,10,,13,12,,19,17,16,,14,19,13,16,16,2,10,,,3,4,8,12,8,14,19,,9,,,13,,15,14,,8,8,11,12,9,8,,15,13,13,12,10,23,8,20,9,,7,5,7,5,5,17,7,7,3,,10,12,9,7,14,14,15,16,16,17,,17,6,,,15,17,7,16,,24,12,15,15,7,,,,5,5,5,10,15,20,16,24,22,25,17,,16,17,10,18,12,12,19,16,16,,10,12,17,16,16,15,10,11,16,14,13,14,12,16,,12,16,8,13,12,10,15,14,,,,,2,5,,1,4,2,7,1,1,1,12,4,10,10,5,,17,28,19,2,5,3,,7,6,1,6,,,16,14,9,8,8,10,4,5,25,23,17,22,19,16,16,20,18,13,,17,10,5,8,7,4,9,,16,22,12,19,12,14,10,,,26,16,22,19,20,,15,12,10,9,,,18,10,7,14,24,24,17,17,27,22,9,,10,11,6,7,9,14,1,2,1,1,2,3,17,16,18,15,17,20,12,21,,18,22,20,18,,26,19,19,10,,,,6,9,,,,25,12,18,44,82,34,29,,22,16,13,24,14,15,12,12,,9,,19,5,14,11,13,,25,11,25,22,17,27,12,22,17,,20,15,15,15,9,10,15,22,20,13,31,20,30,36,6,6,11,3,,22,,20,14,13,15,19,,24,19,,,22,16,19,25,,20,18,21,,12,17,12,17,12,9,20,9,24,9,,,,18,,12,9,,14,18,15,18,9,5,7,14,17,24,,14,,,12,,17,20,16,21,10,12,13,12,,12,10,9,9,16,4,12,12,15,9,,18,16,5,4,7,12,11,9,12,,9,17,16,,15,13,,28,27,21,27,12,,10,6,,,18,18,,4,,8,4,16,12,2,15,,12,12,,24,20,,23,,15,33,18,,10,8,11,12,9,,10,11,9,11,30,11,8,30,13,10,16,8,16,8,12,29,10,7,5,44,28,23,32,30,14,11,5,15,15,14,11,11,4,,13,4,5,7,13,4,24,14,20,23,24,17,21,15,,40,18,30,,22,18,14,5,8,,12,16,9,,8,,6,6,10,9,18,19,10,,,,15,,22,,13,16,26,,25,24,17,14,14,,16,,2,,5,17,3,6,,18,19,14,16,20,14,,14,,,13,14,4,15,,15,42,32,33,22,2,2,17,23,32,31,24,26,26,10,8,17,5,16,20,10,17,15,15,12,,21,13,25,15,15,21,23,15,,,,,15,7,,11,19,26,16,16,24,28,14,11,18,24,20,6,8,23,17,15,,18,20,19,,12,10,,13,26,20,19,23,20,18,15,24,14,14,10,14,,13,9,9,53,15,24,21,6,6,,6,12,13,10,5,16,16,5,5,,2,,,7,7,6,12,17,,,,,,17,25,8,,,7,,9,,,15,,14,16,9,15,20,25,24,21,14,,33,26,25,23,26,14,14,18,14,14,16,16,17,,16,16,,11,12,9,12,,,10,9,10,10,8,7,8,4,9,,,8,,5,18,5,,,11,16,7,2,12,17,,19,15,9,,,13,2,,10,9,6,,7,,20,17,,,9,14,,,20,21,33,,,7,18,3,2,20,17,15,22,15,26,14,14,8,9,13,10,15,17,16,16,22,25,24,27,,18,9,16,,10,15,9,15,23,28,20,12,6,13,4,22,,,26,14,11,19,6,26,4,20,6,26,16,32,13,8,12,16,10,,,2,46,45,52,4,5,,,8,4,,22,9,17,,14,14,24,4,5,16,11,14,4,14,13,20,21,9,8,24,,10,5,1,2,22,13,,3,,11,,,,5,4,2,5,7,9,,8,,14,14,10,7,4,17,15,2,38,38,35,10,9,6,6,8,15,20,10,13,11,,10,7,12,8,16,18,4,15,12,10,13,12,9,15,11,,4,29,29,34,39,3,13,15,12,12,17,16,20,17,16,,16,5,13,14,14,15,19,8,26,24,24,,9,4,16,,19,9,16,19,,15,20,12,,10,14,,19,18,3,9,9,9,6,22,17,20,,18,14,11,13,19,,17,12,9,17,53,3,11,20,38,22,19,21,,12,12,17,,2,12,,14,8,10,4,,8,6,10,1,3,22,12,,,13,,23,,25,26,26,,5,6,4,5,6,15,11,14,10,14,25,17,24,17,16,28,30,27,37,15,10,2,14,11,,4,6,19,18,20,26,7,14,14,9,18,5,72,54,49,46,20,31,21,8,27,12,14,,14,20,44,43,19,9,15,12,,7,6,4,5,19,7,25,11,22,8,6,8,10,9,7,,,15,24,25,,28,2,2,1,4,17,,8,12,8,,,,,20,4,5,4,9,8,12,23,,8,61,4,5,6,7,6,16,19,7,14,,,,,11,10,14,8,7,5,17,,14,4,15,14,15,4,6,7,12,7,19,9,12,7,,23,20,8,3,6,6,12,6,17,,9,7,,6,5,,2,3,4,,6,,3,,6,3,10,20,12,22,7,8,8,8,7,11,8,10,,13,9,4,10,11,22,,12,19,13,11,137,113,,19,20,5,19,5,,14,28,8,,16,14,12,11,7,8,16,,11,18,,18,,,12,24,21,8,6,1,,18,8,13,8,9,3,10,11,14,,,25,31,28,11,,3,26,20,18,11,13,2,14,17,16,16,6,18,,7,17,22,31,8,17,13,,16,,13,24,12,18,8,15,12,9,16,21,16,22,16,8,,,20,8,12,14,,17,18,29,8,,11,19,,,2,19,14,13,16,13,4,7,7,12,15,20,15,19,28,,20,17,,18,13,7,14,5,39,14,19,24,7,11,10,8,22,12,17,15,22,14,15,18,3,28,10,19,32,17,9,3,26,19,,12,11,10,6,12,14,14,19,21,12,10,14,16,16,14,13,,16,11,21,6,8,8,8,,28,23,5,9,10,15,4,10,24,13,36,33,16,9,11,6,19,19,9,,13,18,17,16,7,,,9,12,11,13,17,16,20,11,20,10,14,20,12,12,8,,22,,12,9,3,28,18,12,16,14,13,14,6,6,2,2,3,,12,,,17,4,13,13,23,5,18,23,21,19,18,18,14,17,5,9,8,15,17,10,8,,8,11,6,6,4,7,4,24,11,9,15,22,11,2,11,25,6,7,11,12,18,12,6,18,31,17,14,18,10,14,22,20,12,10,10,13,21,19,5,4,13,9,27,,18,28,39,15,53,21,14,13,13,10,10,24,27,,9,19,15,15,17,19,17,25,16,19,16,16,14,14,14,27,11,22,,9,14,9,22,19,,16,14,8,8,9,11,3,14,12,5,10,2,16,10,25,17,12,21,27,24,11,8,16,8,8,11,13,15,18,7,,19,17,22,28,31,19,5,15,7,3,17,11,11,12,17,3,18,10,10,17,17,,35,12,14,16,10,5,31,30,29,11,13,22,13,,17,12,34,20,10,14,15,11,15,,20,26,22,,39,8,14,9,7,14,15,,11,,6,10,,4,20,9,11,22,22,16,13,,10,15,17,13,,,11,4,4,14,13,26,45,49,51,11,24,21,25,20,25,34,17,18,22,13,12,16,,10,18,19,11,12,21,19,27,5,15,16,28,15,15,8,29,509,346,8,10,19,20,9,20,11,,17,2,13,14,12,12,16,,28,11,13,16,1,6,19,2,9,28,16,19,14,11,28,19,21,4,19,12,18,12,8,,2,25,6,6,4,17,18,6,16,18,12,15,13,16,13,17,17,17,7,22,14,5,48,51,9,8,15,16,,10,5,9,12,15,22,6,16,6,16,16,9,,16,27
20210719,3,PM2.5_24h,16,10,20,16,21,17,13,23,17,15,19,12,,,23,,18,15,24,,21,,20,21,,20,19,,16,14,9,13,9,18,13,,19,22,,25,20,14,22,16,,17,,16,18,12,13,12,8,13,11,9,12,,11,4,15,24,23,17,,30,21,13,,12,21,15,21,16,17,,18,11,6,2,13,,8,12,13,11,12,11,,14,15,,,12,13,14,13,17,22,21,,19,20,27,27,25,,26,13,18,15,16,15,12,17,17,15,8,19,12,23,15,14,12,8,14,15,16,10,12,15,,10,12,12,,12,11,16,12,13,18,14,15,13,,14,14,13,16,15,13,18,12,21,20,8,19,15,18,,12,12,13,22,16,13,13,13,12,20,14,9,,,,19,16,,19,17,17,,,,21,,8,16,13,11,15,13,,13,12,,,,15,14,,22,24,25,16,18,,17,13,12,19,17,13,10,11,,13,,13,15,,15,18,,19,17,15,,15,16,17,14,13,10,9,,,8,9,9,14,10,9,14,,14,,,16,,14,15,,10,12,12,11,12,10,,14,16,13,14,13,14,13,14,10,6,9,6,8,10,10,9,6,8,5,,10,9,6,6,12,11,10,8,9,8,,9,6,,,10,18,12,15,,22,15,15,19,14,,,8,10,9,7,11,13,16,13,14,16,17,15,,12,16,20,23,19,16,28,18,24,,14,10,18,21,18,16,12,15,16,19,17,12,11,12,,11,12,11,13,11,10,10,12,5,8,6,6,5,7,,4,5,5,10,3,5,6,13,9,10,12,7,,11,16,11,7,9,7,3,10,11,6,12,,,9,10,9,9,10,13,7,7,16,16,14,12,17,20,18,19,21,18,19,20,6,5,8,7,4,22,,20,24,27,19,18,15,19,,,22,15,20,25,17,,13,16,11,11,,,11,15,7,9,12,19,10,13,18,14,7,,11,7,8,12,14,16,3,5,3,4,7,3,14,15,14,12,15,18,12,13,,14,13,12,15,,21,12,18,13,,,,9,10,,,,16,17,9,18,37,19,14,,22,21,17,13,18,19,11,14,18,14,15,21,10,14,17,22,,22,22,24,19,17,26,23,25,22,,17,15,19,16,12,14,15,15,15,11,16,13,18,20,8,9,10,8,,15,,17,15,17,15,18,,15,21,,,19,17,17,21,,16,16,15,,15,15,11,17,17,15,18,11,17,12,,,,16,,14,12,,15,21,18,17,10,9,8,22,20,25,,18,,,18,,19,24,16,11,10,10,11,8,,14,13,11,10,16,9,14,13,12,10,17,16,17,11,13,10,12,12,12,10,,12,14,13,,14,12,,18,15,14,18,14,,17,9,,,19,18,,10,,10,12,9,14,7,8,,11,12,,20,21,,31,,14,23,18,,11,12,10,10,7,,14,13,15,18,20,13,9,27,18,15,18,14,22,13,17,26,13,11,10,26,19,17,22,21,12,10,12,10,13,9,12,9,10,,10,9,8,7,12,7,17,10,14,14,13,14,14,12,,15,15,18,,19,13,14,7,8,,7,8,8,,11,,16,9,8,13,12,12,11,,,,16,,19,,12,14,17,,19,20,17,17,15,,13,,11,8,14,16,18,14,,21,19,14,20,21,17,,18,,,16,9,10,7,,19,32,23,24,19,4,5,14,21,26,25,25,27,23,8,8,14,12,16,18,11,15,15,15,12,,24,15,24,21,16,15,16,10,,,,,9,8,,10,15,17,11,15,13,19,11,11,12,13,9,8,10,12,14,12,,15,16,16,,13,15,,18,17,16,19,19,17,17,14,20,16,16,10,10,,16,17,11,48,20,15,17,5,4,,7,6,15,10,13,14,16,12,12,,13,,11,8,8,8,9,13,18,14,14,,,14,13,14,12,12,13,15,15,,,15,,14,17,11,17,18,18,18,19,16,,20,14,18,19,21,17,17,20,18,18,20,12,13,,14,13,,14,15,8,12,,,14,15,12,10,17,12,11,10,12,,,17,7,10,13,10,,3,17,20,20,17,18,16,,19,14,19,,,22,22,,11,10,8,,9,,28,22,,,6,16,,,26,27,31,,,9,15,5,4,16,15,15,16,16,15,14,11,11,14,14,14,19,17,19,18,14,15,17,14,,19,16,14,,8,9,12,14,14,13,12,9,8,13,3,13,,,14,27,24,31,20,34,23,34,25,22,19,44,34,32,35,31,35,,,11,53,51,63,8,10,,59,18,11,,14,16,14,,16,17,12,12,8,15,13,15,10,17,10,11,11,10,7,11,,6,7,7,7,18,14,,13,,13,,,,4,6,5,8,10,9,,10,,11,12,10,7,11,11,7,7,19,19,26,13,10,9,7,8,17,16,12,11,9,,8,11,16,14,16,14,5,20,11,10,14,11,13,19,16,,8,15,14,16,15,12,14,12,11,13,20,20,22,19,18,,19,9,17,12,11,10,12,8,17,21,17,,11,15,21,,13,12,15,18,,17,17,13,,13,17,16,17,17,16,15,16,15,15,14,11,14,,20,19,17,16,17,,19,16,15,18,23,9,18,21,22,22,17,21,,24,23,26,,13,18,,15,6,10,11,,13,10,11,1,6,19,17,,,23,,26,,30,28,30,,8,6,7,6,8,13,10,17,15,15,16,16,24,23,10,15,21,17,24,16,32,21,26,31,9,8,9,21,17,24,20,5,10,5,12,16,9,40,45,40,38,20,21,21,6,17,19,21,33,29,36,35,35,18,12,10,9,,9,7,10,7,10,8,13,14,15,10,7,7,9,9,8,,,17,18,20,,22,10,7,5,9,19,,9,10,6,,,,,11,6,6,6,8,12,10,16,,7,36,10,9,11,12,10,13,12,6,7,,,,,8,8,10,7,8,6,11,,9,8,9,12,13,9,6,5,13,9,15,15,16,12,,11,13,7,6,11,5,9,5,13,,11,8,,11,5,,4,5,2,,9,,5,,4,4,10,12,11,13,16,14,15,16,6,11,6,11,,16,11,5,8,8,22,,12,17,8,7,17,19,,11,13,8,9,5,,14,16,12,,13,15,12,15,5,8,14,,10,14,,17,12,,9,30,29,12,16,8,,11,5,10,16,16,18,25,18,34,,,11,16,15,9,,7,13,13,14,19,10,4,11,20,19,18,12,13,,10,12,19,22,10,16,14,,14,,13,21,14,14,10,9,15,9,14,30,19,14,16,7,,,19,13,14,17,,17,19,20,13,,16,24,,,5,21,18,9,21,16,11,8,9,20,23,21,24,15,26,,20,17,,15,13,13,14,5,33,17,21,15,19,11,7,6,17,9,14,13,14,14,15,16,5,20,9,10,14,11,8,6,22,13,14,16,14,9,8,16,22,22,11,18,11,14,17,20,20,14,9,,12,7,11,10,8,7,6,,15,12,10,20,11,12,7,24,21,15,22,20,19,12,9,8,16,16,10,,13,19,18,21,10,,10,12,13,13,11,14,14,13,12,15,10,12,16,18,13,7,,20,,14,12,7,18,15,9,13,12,11,13,11,9,7,7,7,7,16,15,4,14,7,11,9,14,6,19,21,22,20,13,17,15,11,7,9,10,12,10,12,11,,12,12,14,22,17,8,8,18,6,15,14,17,17,5,14,18,13,7,8,14,15,10,10,14,30,17,16,16,10,9,18,21,13,16,11,10,23,20,5,20,22,15,21,10,22,25,21,13,43,15,15,13,13,12,15,16,15,,12,22,17,19,21,19,20,17,15,17,19,15,17,17,14,20,14,18,3,10,10,15,11,18,,9,12,6,8,8,11,7,9,15,7,11,6,12,10,23,17,22,21,19,19,14,6,11,9,13,15,10,13,15,12,,17,12,20,26,23,12,8,10,10,9,17,9,11,11,15,12,19,19,14,13,17,,20,18,15,18,14,8,26,20,20,14,20,18,16,,11,11,17,14,7,12,13,12,18,12,20,23,23,30,24,7,10,8,7,9,11,,11,,14,21,,5,15,18,12,16,16,14,13,,9,19,17,10,,,12,24,7,8,10,17,20,27,26,19,15,9,15,18,13,26,18,12,19,15,13,13,16,12,15,19,17,17,23,39,25,10,12,12,16,14,13,9,15,158,110,7,10,14,15,11,25,16,6,16,8,8,9,8,17,21,,15,13,15,17,15,10,12,8,12,24,18,19,17,12,18,14,19,12,16,13,18,14,10,,7,56,11,19,26,23,12,18,9,11,21,10,19,12,11,16,20,19,12,21,12,7,29,36,10,18,13,20,17,12,11,15,12,12,16,5,12,8,21,19,6,,14,27
20210719,3,PM10,18,29,,21,4,6,14,20,27,17,6,21,,,37,,28,32,59,,30,,27,41,,19,32,,18,23,28,27,27,26,18,,48,48,,49,49,20,50,43,,69,,2,2,13,32,37,43,34,13,37,14,,27,29,22,44,34,36,,39,49,36,,51,22,36,44,7,8,,9,12,6,10,33,,19,21,20,39,34,31,,12,9,,,32,23,15,18,23,40,39,,45,29,36,34,35,,33,25,34,21,28,19,27,19,29,26,19,82,63,87,52,60,26,4,51,46,68,9,22,11,,19,22,24,22,22,17,40,30,24,25,16,21,18,,20,16,16,17,36,29,34,27,47,47,31,36,31,19,,17,17,27,36,20,22,17,15,22,24,26,17,,,,31,33,,32,29,29,,,,36,,19,19,27,17,17,17,,19,38,,,,33,38,,41,40,52,27,22,,32,24,26,19,24,23,22,19,,16,,26,24,,20,13,,47,31,28,,33,22,24,35,17,5,19,,,11,13,15,30,21,30,49,,17,,,20,,26,25,,17,20,17,17,12,16,,24,26,22,32,20,24,34,29,14,14,20,26,22,19,17,29,12,17,4,,14,6,14,14,31,36,37,36,50,31,,41,30,,,36,19,24,46,,22,22,24,32,17,,,7,12,9,14,12,31,38,26,28,28,38,49,,33,31,10,18,19,12,15,22,18,,24,15,20,18,19,16,21,26,22,19,24,24,33,29,,33,41,20,26,30,22,30,35,5,4,1,6,9,18,,10,11,9,18,4,7,5,7,36,24,22,18,,47,61,34,8,13,6,5,22,15,26,16,,,32,31,27,28,19,12,9,9,38,43,24,28,41,31,23,24,37,23,,34,13,5,16,6,14,16,,28,46,25,35,31,20,15,,,37,32,37,41,32,,24,19,15,16,,,31,18,24,34,39,31,46,53,39,36,34,,19,11,6,12,8,14,5,4,10,8,7,6,26,29,40,38,27,26,19,36,,57,28,31,31,,35,46,67,44,,,,11,12,,,,46,34,63,144,,87,108,,132,38,7,32,24,26,2,19,19,17,,27,7,22,21,48,,82,41,47,70,66,56,24,41,63,,28,28,23,25,23,21,26,20,30,13,38,47,42,54,16,16,20,17,,44,,29,9,14,29,39,,41,36,,,31,40,35,45,,35,34,38,,29,32,24,29,24,19,24,14,27,34,,,,24,,22,37,,42,27,5,36,5,12,7,24,29,17,,24,,,18,,13,19,28,17,19,19,24,24,,28,21,23,20,39,19,24,27,27,31,,32,28,15,26,17,37,35,26,18,,18,35,26,,30,26,,33,43,42,35,24,,40,14,,,33,36,,39,,16,28,23,20,10,23,,23,17,,27,14,,21,,29,24,22,,18,13,9,15,16,,23,29,19,30,37,20,20,46,22,16,31,20,28,21,27,56,37,14,31,46,53,42,43,38,24,26,17,20,31,14,17,9,24,,25,21,13,25,48,16,33,28,24,30,26,38,45,28,,52,42,67,,34,20,6,16,28,,18,18,10,,7,,28,12,7,25,11,11,10,,,,36,,32,,15,32,20,,44,25,38,27,31,,29,,12,3,10,29,17,21,,31,31,23,20,22,33,,23,,,17,21,17,22,,24,48,50,42,19,20,13,34,38,42,44,41,33,41,22,22,28,18,19,13,21,32,32,30,27,,33,29,30,27,21,13,21,15,,,,,35,20,,34,25,26,44,34,25,36,29,41,40,45,32,15,9,52,20,26,,19,26,42,,31,24,,34,38,32,30,30,30,33,36,32,31,17,19,30,,60,40,34,73,30,22,50,11,16,,23,24,19,10,11,20,22,34,34,,15,,,9,9,15,18,21,,,,,,26,26,20,,,7,,29,,,28,,20,26,17,25,33,32,30,31,22,,45,43,44,36,46,22,22,29,25,24,24,21,22,,48,39,,26,26,22,10,,,12,7,9,23,23,13,15,12,17,,,20,19,14,16,20,,19,12,24,23,21,23,19,,27,20,17,,,26,17,,23,22,23,,40,,31,44,,,30,16,,,57,34,48,,,24,32,6,8,20,20,16,29,28,28,18,35,14,18,19,20,41,28,27,33,46,42,45,47,,37,35,24,,19,23,28,30,28,33,29,23,10,19,16,31,,,67,23,26,66,17,46,12,40,9,24,30,38,21,15,35,47,13,,,6,54,58,60,11,12,,,11,11,,34,19,19,,21,41,19,20,2,31,12,40,23,30,28,51,25,23,20,26,,22,18,6,22,43,29,,23,,4,,,,7,12,5,10,13,14,,19,,24,30,23,14,12,19,20,12,68,50,75,14,12,14,19,14,30,31,31,31,47,,27,29,24,17,31,25,9,37,13,22,31,21,39,27,24,,20,40,43,41,4,17,21,23,16,25,28,23,21,26,31,,30,32,21,27,23,30,32,22,43,59,45,,8,9,14,,26,30,25,21,,27,26,19,,19,27,,27,20,10,7,10,12,8,40,40,40,,11,11,16,32,37,,41,26,21,32,13,18,15,8,18,16,36,22,,21,19,22,,21,20,,20,17,11,16,,8,16,23,18,15,38,34,33,29,20,29,26,32,46,40,33,,14,18,9,10,19,16,17,25,17,35,49,31,36,51,40,36,64,72,63,23,20,15,41,19,,18,13,43,37,37,36,26,41,16,19,37,25,128,76,74,58,37,26,35,37,46,28,23,,12,78,104,78,25,26,18,14,,19,18,17,8,20,12,15,36,40,15,16,14,18,10,17,,,27,29,38,,46,17,5,11,11,24,,21,14,19,,,,,38,12,18,9,11,21,28,9,,22,21,14,6,16,24,16,13,31,21,17,,,,,38,31,24,14,11,12,24,,29,4,4,16,19,11,16,4,12,15,12,17,7,8,,25,13,4,7,13,16,16,1,11,,12,10,,7,15,,7,3,3,,22,,7,,16,7,31,52,49,47,10,15,16,14,18,25,14,19,,29,32,9,27,30,44,,37,39,8,31,1245,1248,,19,29,20,16,21,,38,46,29,,16,17,19,14,18,17,40,,26,37,,56,26,23,45,49,42,25,20,12,,53,58,45,16,14,35,12,19,12,,,94,61,88,40,,26,87,53,82,29,40,10,33,21,25,27,4,20,,20,41,34,54,11,25,21,,4,,22,36,19,29,41,50,73,40,22,43,38,34,29,14,,,36,26,20,34,,50,29,73,30,,32,36,,,17,31,38,9,12,29,11,14,9,37,13,31,26,23,20,,42,25,,38,25,27,17,17,40,14,33,19,22,23,22,18,47,18,39,27,32,38,17,31,11,40,30,32,33,31,17,13,77,44,,23,18,18,13,17,18,11,20,31,21,29,29,12,32,29,35,,36,25,29,17,9,14,12,,47,65,27,11,17,26,4,28,39,35,112,50,40,29,30,24,40,37,19,,27,48,66,31,15,,,17,13,19,16,19,24,28,20,17,13,26,58,39,36,10,,38,,26,19,16,31,26,23,34,38,33,31,19,15,7,11,6,,34,,9,31,12,23,28,38,27,40,55,33,29,37,38,24,38,6,19,25,26,23,12,14,,7,23,13,20,11,10,13,28,26,26,19,16,23,23,13,16,9,12,19,14,32,19,12,52,37,39,24,29,22,12,39,30,29,19,13,17,32,20,11,10,14,42,30,,42,41,56,29,87,38,25,16,22,14,19,45,32,,17,37,21,55,40,33,22,37,16,18,30,25,28,20,20,22,14,24,14,37,74,60,88,88,,28,26,16,18,20,2,23,31,23,16,24,2,32,22,27,19,9,67,62,42,26,22,33,21,9,22,24,30,36,18,,28,24,32,30,44,37,32,11,23,27,38,24,13,21,22,7,12,32,20,24,39,,33,24,17,31,17,14,41,61,63,31,35,28,37,,29,32,58,42,19,28,28,21,31,,35,22,36,,50,12,19,26,6,34,30,,15,,15,12,,14,48,12,19,28,32,32,19,,20,30,24,12,,,11,16,39,44,31,46,67,65,59,4,16,19,50,47,83,65,87,122,48,45,20,22,,15,30,23,18,15,41,44,25,12,26,31,25,23,32,19,80,1839,1866,12,22,30,28,8,37,27,,24,7,30,34,28,20,35,,45,39,11,12,11,19,39,11,7,32,40,36,36,58,53,50,46,8,87,26,36,25,27,,16,22,12,35,14,25,21,26,35,27,19,26,32,9,12,41,27,29,30,45,20,16,62,43,9,24,19,24,6,29,29,16,31,30,51,29,44,15,22,29,17,3,32,44
20210719,3,PM10_24h,24,18,31,27,33,25,20,39,29,18,29,18,,,38,,33,35,43,,36,,32,32,,29,32,,23,15,16,13,18,16,14,,43,41,,38,41,21,36,32,,38,,22,27,33,17,19,21,21,16,16,17,,22,17,24,34,32,35,,33,39,36,,46,33,29,33,20,18,,11,18,18,17,23,,15,20,19,22,20,19,,33,29,,,26,33,33,33,29,41,41,,42,37,45,38,40,,43,26,29,21,20,17,20,16,25,23,13,43,43,63,39,34,23,22,44,30,45,24,31,28,,34,34,39,33,32,25,42,34,26,25,23,26,27,,30,22,22,24,31,26,35,30,37,37,29,35,27,22,,21,22,30,43,20,24,21,20,22,22,22,20,,,,30,29,,33,33,28,,,,47,,26,35,28,21,26,28,,26,33,,,,31,32,,36,40,38,29,27,,25,22,24,17,20,22,23,19,,19,,30,25,,37,24,,41,32,31,,41,41,33,33,20,16,16,,,14,16,16,30,25,27,36,,25,,,30,,26,26,,21,23,19,17,19,18,,28,26,30,35,38,23,31,25,16,16,21,20,20,23,20,17,20,16,14,,23,18,22,21,24,28,26,19,24,14,,26,19,,,16,26,30,32,,33,28,28,31,16,,,12,14,16,16,16,21,25,22,25,23,24,26,,26,24,30,34,36,27,34,26,35,,34,20,24,21,25,26,22,26,19,22,30,18,32,28,,30,36,26,29,30,29,25,24,14,17,17,17,15,19,,12,14,17,25,7,10,11,11,33,28,30,25,,28,32,27,21,26,19,18,27,24,23,21,,,23,21,22,26,24,26,23,22,27,28,23,25,35,29,32,29,37,31,37,36,13,11,19,16,13,30,,39,36,35,46,40,30,38,,,39,34,43,51,44,,24,30,20,21,,,22,23,19,17,30,29,30,30,26,19,27,,26,12,16,20,21,20,7,11,8,9,15,10,32,28,33,31,30,32,26,24,,32,27,30,29,,42,34,49,51,,,,21,15,,,,29,42,51,56,57,50,46,,75,29,20,30,33,24,10,18,18,21,20,27,14,19,21,38,,49,37,41,30,55,49,34,39,50,,28,32,23,29,26,24,30,23,23,13,25,27,29,34,23,25,29,25,,26,,29,18,20,24,34,,35,33,,,29,30,27,38,,25,29,25,,32,39,30,26,26,26,23,21,25,30,,,,26,,23,32,,32,32,14,35,13,15,13,32,30,31,,24,,,35,,33,36,30,25,26,29,24,22,,25,22,20,19,35,19,29,23,21,35,24,23,24,20,22,24,31,31,29,21,,23,24,26,,27,30,,29,28,30,30,24,,36,19,,,31,29,,20,,20,19,25,28,16,21,,19,18,,27,23,,30,,27,21,18,,21,14,17,22,16,,23,29,29,38,36,24,20,52,35,23,35,16,41,32,32,48,34,22,33,39,51,33,39,38,23,26,22,20,27,13,31,18,26,,24,24,19,24,30,17,29,22,21,26,17,28,27,25,,35,34,45,,31,20,18,22,15,,17,13,6,,11,,25,14,14,25,26,21,20,,,,28,,29,,16,16,16,,32,28,31,28,29,,27,,27,21,27,31,37,35,,27,31,21,23,28,26,,28,,,23,25,21,18,,28,38,36,31,27,25,16,29,36,36,38,39,40,34,17,16,22,28,27,24,21,25,27,24,22,,31,27,36,33,20,16,18,12,,,,,27,25,,27,26,21,31,20,16,20,20,21,24,24,22,16,11,30,27,26,,25,30,30,,26,27,,32,31,32,36,36,32,36,36,36,31,26,22,28,,47,48,33,43,41,29,39,10,15,,18,33,48,40,41,24,26,35,35,,21,,14,15,15,13,14,23,27,28,21,,,24,22,23,21,20,15,20,22,,,22,,29,28,24,27,29,29,32,31,25,,34,28,30,31,36,28,27,29,29,32,32,18,20,,44,30,,32,32,23,9,,,16,17,15,17,23,23,23,22,22,,,37,33,23,29,20,,30,28,31,34,34,35,19,,25,22,30,,,36,41,,24,22,23,,27,,51,54,,,27,26,,,56,54,39,,,17,22,14,9,25,22,17,30,32,24,32,27,22,30,29,36,44,31,39,35,32,26,38,35,,49,34,22,,20,25,36,30,26,21,18,18,21,25,23,28,,,39,35,40,48,36,42,43,39,30,24,33,50,55,45,53,48,40,,,18,63,59,75,20,21,,53,21,16,,22,27,23,,28,36,18,23,16,27,13,21,19,34,19,25,18,21,14,14,,12,21,11,19,31,25,,20,,16,,,,12,12,9,12,15,21,,18,,23,25,21,23,21,24,28,16,35,27,45,26,10,15,16,17,29,28,32,26,27,,22,20,23,21,26,27,7,36,20,24,22,19,32,27,28,,19,30,30,30,18,26,23,19,21,31,35,35,34,32,35,,37,37,32,21,24,24,24,20,38,45,37,,20,23,25,,22,35,28,28,,29,27,20,,19,24,24,25,26,26,23,27,22,24,24,24,26,,20,20,21,28,37,,35,32,22,28,16,22,22,23,24,27,36,24,,31,40,38,,22,25,,25,18,25,17,,17,18,22,17,25,37,37,34,29,33,33,37,42,42,44,40,,13,16,12,12,22,25,24,27,28,29,38,32,31,41,18,23,41,43,39,23,40,30,41,45,16,15,14,34,34,43,43,19,21,13,24,32,29,59,73,56,56,33,28,33,22,30,34,30,44,44,69,56,50,32,31,18,19,,17,15,12,15,19,17,23,27,29,16,16,18,18,15,17,,,26,29,34,,39,19,20,17,24,33,,18,14,16,,,,,21,14,14,14,14,18,21,22,,17,36,28,17,18,37,13,10,20,17,7,,,,,22,24,14,10,14,14,19,,17,16,16,16,19,13,21,13,12,12,17,20,19,21,,17,17,12,9,23,17,18,12,15,,12,17,,8,12,,7,7,5,,28,,17,,12,6,24,28,28,29,29,31,39,31,15,24,19,20,,38,36,9,19,26,49,,33,39,12,19,94,92,,16,23,32,35,13,,36,30,24,,16,18,24,19,14,20,36,,30,43,,42,27,22,26,117,102,60,65,13,,41,25,27,40,48,59,76,79,82,,,43,35,47,26,,14,48,48,58,36,26,14,30,27,29,32,11,17,,32,25,34,54,16,24,35,,9,,23,38,23,19,27,25,47,34,26,58,45,28,35,12,,,34,32,26,36,,35,27,45,27,,33,45,,,20,33,34,15,22,27,21,25,18,32,31,36,43,26,25,,42,26,,28,28,30,21,20,36,21,35,16,30,22,10,17,36,23,28,24,29,31,15,28,12,34,32,14,15,14,11,9,51,28,28,28,20,18,15,24,27,27,23,25,22,29,35,28,42,26,22,,23,14,24,22,15,14,12,,22,54,25,24,12,21,18,32,43,35,78,39,33,27,26,24,34,34,19,,21,52,51,78,37,,33,25,16,21,20,22,25,20,24,19,13,23,30,57,36,25,,34,,37,14,17,32,25,17,31,35,34,29,30,22,16,19,19,9,36,34,21,22,14,20,21,30,23,38,38,24,33,25,32,21,28,12,19,21,18,18,20,22,,7,25,24,28,35,16,17,27,17,21,25,16,30,24,19,22,24,18,13,18,33,19,21,31,32,31,34,23,28,17,36,36,28,26,16,11,38,30,9,20,24,34,31,16,37,38,34,26,61,24,25,25,28,21,30,27,28,,23,36,26,40,36,33,36,23,19,26,28,27,33,26,25,22,18,27,14,46,53,45,42,58,,24,24,12,18,22,10,25,27,25,19,23,15,24,21,31,26,25,40,39,38,28,17,24,21,22,22,22,23,27,22,,22,17,30,48,30,23,21,12,22,26,36,26,19,20,22,22,28,44,27,27,29,,36,34,29,35,18,18,48,43,36,32,30,27,29,,20,32,36,24,15,24,24,23,32,24,29,24,39,42,34,9,18,15,16,24,21,,25,,24,27,,16,31,26,21,26,30,31,20,,17,38,29,11,,,20,51,16,27,24,36,62,49,44,13,26,10,25,24,56,54,42,45,47,44,26,21,25,18,28,16,25,30,31,48,30,19,21,24,29,25,33,14,58,513,533,12,20,20,22,24,68,35,19,25,17,22,25,24,32,40,,33,39,14,15,39,28,30,14,13,36,30,28,29,30,40,35,38,27,40,26,37,30,24,,19,52,18,67,31,31,23,36,17,20,42,16,34,14,12,38,27,33,45,41,17,12,49,39,13,28,21,28,33,30,19,24,21,25,42,21,42,14,45,33,12,4,26,36
20210719,3,SO2,1,3,3,6,3,2,3,3,3,1,3,3,,,7,,5,4,9,,4,,5,9,,6,4,,5,3,3,5,4,3,5,,1,5,,4,2,6,4,4,,2,,2,4,3,6,8,5,6,5,6,4,,6,6,6,8,9,8,,10,6,7,,7,4,4,1,9,4,,4,5,3,2,3,,4,3,2,3,5,1,,9,6,,,4,9,7,11,22,5,20,,7,20,17,18,24,,21,10,5,5,6,9,6,8,6,5,5,3,3,4,4,2,3,5,3,4,2,12,8,3,,16,19,19,18,13,17,11,16,1,4,6,3,7,,3,5,6,5,5,8,5,8,10,3,2,4,1,6,,2,7,3,1,2,3,7,10,10,7,7,6,,,,8,8,,5,8,7,,,,9,,6,3,3,6,1,3,,4,6,,,,4,6,,7,11,6,4,3,,4,2,3,3,4,3,6,5,,2,,4,4,,5,6,,8,4,5,,6,3,5,4,6,7,6,,,7,6,8,6,3,6,3,,6,,,4,,8,5,,2,1,4,4,3,4,,3,3,2,4,4,6,6,6,9,6,7,5,10,6,5,6,7,12,2,,4,4,4,3,2,11,12,6,4,5,,10,7,,,3,7,7,9,,6,5,8,4,5,,,5,4,5,5,5,5,3,3,3,2,3,3,,3,3,2,2,4,4,5,5,5,,4,5,9,7,5,6,6,6,5,5,9,6,5,6,,6,8,6,5,7,5,5,5,4,4,5,5,7,3,,6,4,5,6,4,3,5,5,8,11,9,7,,12,6,4,4,2,5,1,7,7,4,9,,,8,8,8,5,7,8,5,10,7,11,8,8,9,10,9,7,9,5,,5,6,3,4,4,4,4,,3,5,6,7,5,7,4,,,11,14,4,2,9,,4,2,12,3,,,5,16,6,3,7,6,4,5,4,4,5,,8,6,5,6,10,8,6,7,10,6,6,8,7,5,4,4,4,5,2,4,,4,5,5,5,,11,4,8,10,,,,6,6,,,,12,11,6,5,3,7,6,,10,10,4,7,7,6,12,5,9,11,,2,4,5,4,11,,3,2,17,4,14,17,10,7,16,,2,1,4,2,4,1,4,5,2,2,2,6,3,3,4,6,4,5,,12,,11,6,5,8,5,,7,5,,,8,6,6,6,,6,10,1,,5,7,8,10,2,6,8,6,17,8,,,,2,,5,9,,9,9,6,8,4,4,3,3,3,3,,6,,,5,,5,9,8,7,8,7,13,8,,5,5,5,5,3,5,9,10,39,42,,5,6,7,6,9,5,9,6,5,,7,9,8,,9,10,,7,5,6,7,8,,13,4,,,3,9,,4,,11,13,8,8,9,5,,9,8,,2,2,,5,,10,6,17,,10,7,8,10,5,,5,3,3,3,3,5,3,10,5,6,6,6,9,6,11,13,6,6,5,6,28,11,16,5,6,6,7,8,4,4,6,8,5,,4,5,4,4,2,3,3,6,2,8,3,9,6,6,,5,2,24,,9,7,5,6,5,,5,10,5,,4,,1,4,6,3,3,3,1,,,,2,,3,,1,1,2,,1,4,5,1,6,,19,,5,4,6,5,2,2,,9,6,8,6,6,7,,6,,,8,1,3,2,,6,14,10,14,6,5,5,5,10,12,10,14,6,8,4,2,9,6,3,5,8,11,11,4,4,,20,15,24,5,4,6,8,6,,,,,7,8,,6,2,4,8,9,12,3,5,6,5,5,5,5,4,5,7,5,,9,2,3,,3,2,,2,4,3,2,4,4,5,3,2,6,9,4,4,,15,16,8,5,9,7,11,5,6,,6,5,4,5,4,4,9,4,4,,7,,,4,4,3,3,8,,,,,,5,4,2,,,5,,4,,,6,,5,10,8,6,8,9,14,15,6,,6,4,8,7,8,9,7,6,5,2,4,5,11,,5,6,,4,7,6,7,,,6,5,5,7,7,3,4,5,5,,,3,8,5,2,5,,8,11,5,10,8,9,4,,4,5,4,,,2,6,,10,16,7,,6,,20,27,,,8,4,,,12,18,14,,,2,5,11,10,8,10,8,5,8,2,6,5,6,6,8,5,7,3,5,4,4,9,3,6,,6,7,5,,16,17,9,9,3,4,7,6,6,6,5,7,,,9,4,7,6,5,15,5,2,3,10,15,6,7,6,5,6,3,,,2,3,4,4,5,7,,,8,9,,16,12,8,,2,5,20,9,8,2,2,6,3,11,2,5,19,9,5,6,,5,4,6,6,8,8,,6,,5,,,,5,5,7,4,3,2,,10,,4,4,5,4,4,5,1,7,5,8,7,4,4,5,4,5,3,8,6,2,5,,6,14,6,7,7,6,12,10,26,18,23,3,7,13,10,,4,16,21,13,10,3,4,11,17,33,9,6,11,3,16,,14,12,10,5,5,6,6,5,12,11,12,,5,1,2,,3,3,5,3,,4,2,1,,5,12,,7,12,6,5,6,6,7,6,7,2,,9,4,6,23,11,,10,5,4,4,5,4,5,4,7,4,4,5,,3,3,1,,5,4,,31,6,5,5,,5,5,1,9,9,46,8,5,7,12,8,7,13,20,17,11,,2,1,5,9,6,5,5,7,5,11,9,7,5,19,7,4,5,10,3,1,4,5,3,3,,6,5,14,17,6,12,12,8,9,13,5,8,5,5,4,5,12,18,24,9,11,10,8,,6,9,15,17,7,4,4,5,,2,5,5,6,6,10,8,6,6,8,4,4,7,6,9,,,5,5,6,,6,9,12,7,7,4,,9,6,7,,,,,11,5,9,8,6,12,10,13,,7,7,10,7,6,6,2,3,5,5,4,,,,,5,7,4,6,6,5,2,,5,5,4,6,10,5,7,8,6,6,5,5,4,5,,11,7,5,4,5,8,3,8,4,,9,5,,7,8,,8,5,4,,6,,9,,7,9,5,22,6,19,5,7,9,7,5,33,2,4,,46,74,4,6,7,7,,5,5,3,2,5,5,,6,7,6,1,16,,7,3,5,,8,10,13,20,11,14,9,,6,10,,8,2,3,2,4,6,7,8,7,,8,4,11,3,6,9,5,8,4,,,11,7,9,14,,2,7,6,7,40,11,8,7,5,5,5,16,5,,3,5,12,8,9,7,5,,5,,4,7,4,4,8,21,11,13,6,8,10,5,6,4,,,11,4,3,5,,13,29,9,11,,4,5,,,2,7,8,5,7,4,4,4,4,6,5,10,10,7,3,,5,3,,10,9,5,8,5,11,4,13,11,5,4,2,2,9,8,16,3,12,4,2,4,9,7,9,12,13,12,6,5,7,3,,16,5,6,7,6,6,8,1,1,16,13,16,5,,9,1,,2,6,4,6,9,3,4,,3,8,5,7,4,5,9,2,9,5,6,2,17,7,10,6,2,5,4,,12,13,11,11,17,,18,4,8,4,4,5,8,5,2,6,3,6,4,20,9,5,,6,,5,4,5,9,1,8,8,8,6,13,8,7,6,8,4,,7,,7,10,6,7,9,11,5,6,4,4,3,10,9,3,9,5,5,5,2,2,3,2,,1,2,5,3,12,4,10,11,6,6,4,9,13,7,6,13,10,3,4,6,8,12,6,7,5,8,12,4,5,5,6,7,7,11,5,5,3,6,12,8,8,13,7,,16,11,71,27,6,7,9,6,4,8,5,19,3,,2,3,3,14,10,3,7,5,5,4,3,8,7,7,4,2,2,5,1,7,8,7,8,8,,6,8,6,8,3,6,8,23,5,6,3,3,8,3,7,3,9,3,3,3,4,6,4,6,7,4,2,1,3,1,,1,2,5,10,34,14,7,4,12,14,4,2,6,5,8,6,9,15,6,5,9,,6,13,8,9,3,4,6,12,6,8,6,5,10,,5,10,6,8,4,4,2,4,7,,13,14,10,,10,4,4,3,4,29,33,,5,,4,1,,6,6,5,6,4,8,6,5,,5,18,13,10,,,6,5,2,7,3,2,9,20,4,2,7,9,6,7,5,8,7,11,6,7,3,1,,3,7,3,4,4,8,12,14,4,4,7,6,5,8,8,10,2,1,4,5,4,20,4,26,6,,10,4,9,10,8,6,10,,8,5,1,6,3,8,8,7,7,7,1,6,6,2,12,6,3,7,15,6,7,6,4,,3,2,4,4,3,2,2,2,3,3,6,3,3,5,13,8,5,5,9,14,8,4,1,2,1,3,3,3,5,6,8,6,3,9,7,6,7,6,11,5,8,6,7,6
20210719,3,SO2_24h,1,3,3,4,3,2,3,3,3,1,3,4,,,8,,5,5,8,,4,,5,10,,6,5,,6,3,3,5,4,1,4,,2,6,,5,3,7,5,4,,3,,3,4,3,5,7,4,6,4,4,4,,6,5,7,8,9,8,,10,5,7,,7,6,4,3,13,5,,5,6,4,3,4,,4,2,2,3,2,2,,8,8,,,4,6,8,8,11,7,19,,9,13,15,13,14,,9,9,6,5,6,8,6,8,6,6,5,3,3,4,4,3,4,4,3,4,3,12,9,16,,11,18,18,17,14,16,11,15,1,4,6,6,7,,3,5,6,5,4,7,4,8,8,2,2,4,2,6,,2,9,4,2,3,4,6,7,10,7,7,6,,,,8,8,,5,8,6,,,,9,,5,4,4,6,2,4,,4,7,,,,8,6,,6,9,7,5,4,,5,1,3,3,6,3,7,5,,4,,4,4,,5,7,,6,4,5,,6,3,5,5,7,7,7,,,7,6,8,5,3,5,3,,6,,,5,,7,5,,2,2,4,5,3,4,,3,3,3,4,4,6,6,6,4,6,6,5,8,6,5,6,5,6,2,,4,4,4,3,2,5,8,7,5,3,,9,4,,,3,6,8,7,,6,5,7,5,5,,,5,4,5,5,5,5,3,3,3,2,3,3,,3,3,5,4,5,5,7,6,6,,4,5,8,5,5,5,6,6,4,4,6,5,6,6,,6,8,7,6,8,5,5,5,4,4,5,5,8,3,,7,4,5,6,5,5,6,6,8,9,7,7,,6,8,6,4,3,5,2,7,7,4,7,,,8,8,7,6,7,9,6,9,10,17,9,9,9,9,9,8,8,6,7,5,6,3,4,4,4,6,,3,7,6,8,8,8,4,,,12,9,4,2,6,,4,2,7,3,,,5,12,6,2,7,6,5,4,7,4,5,,7,7,5,10,12,11,6,7,10,6,6,8,6,4,3,4,4,5,2,4,,4,5,5,5,,11,2,8,9,,,,7,5,,,,10,10,6,6,3,8,7,,8,10,6,9,10,9,7,7,6,7,6,3,5,5,5,6,,5,4,11,4,13,13,8,7,16,,3,2,4,4,5,3,5,4,2,3,3,7,3,2,3,4,3,4,,11,,9,5,5,7,5,,4,4,,,6,4,4,8,,6,5,1,,11,8,6,9,3,7,8,6,8,9,,,,2,,5,9,,8,8,6,8,4,5,1,4,2,3,,7,,,11,,11,8,8,8,9,8,11,9,,8,5,6,6,7,5,8,10,10,20,7,5,5,7,6,9,6,7,7,6,,5,6,5,,7,7,,9,5,5,21,9,,13,6,,,2,6,,3,,13,13,10,10,9,6,,9,9,,2,5,,7,,8,6,10,,12,7,8,11,6,,6,4,4,5,3,6,3,8,8,9,9,8,8,8,11,14,7,6,6,14,8,7,23,10,7,4,7,10,4,5,6,8,5,,4,5,4,4,2,3,3,6,3,8,3,9,5,6,,5,5,11,,9,7,7,7,5,,10,7,4,,4,,2,4,6,3,3,3,2,,,,2,,3,,2,3,2,,3,4,9,2,4,,6,,6,4,7,5,3,2,,8,6,9,6,8,8,,5,,,8,1,3,2,,10,11,9,8,12,6,5,7,8,9,8,7,8,5,3,3,10,7,5,4,10,10,12,3,6,,11,16,15,8,5,6,8,4,,,,,7,8,,6,2,6,9,7,3,6,6,5,5,5,5,6,5,6,6,5,,8,3,2,,3,2,,2,4,3,2,4,3,7,3,2,5,12,6,4,,28,58,10,6,18,8,8,5,5,,7,5,4,5,4,5,9,5,5,,7,,3,4,4,4,3,8,8,9,10,,,5,4,2,4,4,5,3,4,,,8,,5,8,8,7,9,10,10,10,8,,7,3,8,7,9,10,7,7,5,2,4,5,9,,5,6,,4,7,7,7,,,6,5,6,7,6,3,4,5,4,,,5,9,5,3,5,,9,12,7,13,10,10,4,,4,5,4,,,3,7,,12,11,8,,6,,28,29,,,6,5,,,10,12,17,,,2,4,12,10,6,8,5,6,7,2,7,4,6,7,8,7,7,3,6,5,4,8,2,8,,8,8,6,,16,13,11,13,3,4,9,6,6,7,5,7,,,9,5,5,6,8,8,5,2,5,10,8,6,7,10,5,6,6,,,3,3,5,5,6,10,,5,12,11,,12,14,3,,4,5,10,9,6,2,2,6,7,10,4,9,10,7,4,13,,6,4,7,5,7,7,,4,,5,,,,6,5,6,6,4,2,,10,,9,7,6,4,4,4,2,7,7,8,10,5,3,5,4,5,6,10,8,4,5,,5,9,8,7,10,7,10,14,18,19,17,6,10,17,14,,7,16,21,16,15,4,4,6,5,19,10,7,13,7,9,,10,7,7,11,6,6,5,5,12,16,23,,6,2,3,,4,3,5,3,,4,3,1,,5,4,7,6,5,8,6,7,7,8,6,7,2,,8,4,7,16,10,,20,6,4,4,5,5,3,4,7,4,6,8,,4,4,1,,6,4,,18,6,5,5,,5,4,2,7,9,20,12,8,11,13,11,9,15,16,14,13,,3,3,6,9,8,7,9,15,14,12,12,11,5,14,7,4,9,8,9,2,5,6,5,4,4,5,5,9,10,8,9,9,9,9,10,10,7,6,9,8,7,7,25,19,7,8,10,10,11,7,9,17,19,12,8,5,6,,2,5,5,6,6,11,7,9,7,5,5,4,5,6,9,,,5,6,7,,7,9,11,9,9,6,,8,6,7,,,,,6,5,6,6,5,13,10,12,,7,8,11,9,7,8,2,3,10,5,5,,,,,6,7,5,7,6,5,2,,4,5,4,5,7,5,7,8,6,6,6,6,10,10,,11,10,5,4,6,8,3,8,5,,9,6,,7,8,,8,5,4,,6,,9,,7,9,8,8,8,7,5,6,9,4,4,6,2,5,,38,35,6,6,8,6,,5,5,3,2,5,4,,6,7,7,2,21,,3,4,6,,10,9,12,9,11,15,10,,8,15,,9,2,3,2,5,7,8,7,9,,10,4,11,3,5,10,6,7,4,,,11,7,9,7,,2,7,8,10,15,5,9,8,6,5,6,10,5,,2,5,13,8,6,7,5,,3,,4,7,3,5,9,11,19,12,6,10,11,8,4,4,,,10,5,3,6,,14,20,8,13,,4,4,,,2,9,7,5,8,6,4,4,3,7,4,7,11,7,4,,6,3,,8,5,6,8,5,12,5,8,9,4,5,3,2,8,8,26,5,11,5,2,5,9,5,9,9,7,6,5,6,11,6,8,11,5,6,8,6,7,7,2,1,10,13,9,8,9,8,2,,2,5,4,7,9,3,4,,2,10,6,7,4,6,9,2,9,6,7,3,36,5,10,6,2,8,4,,16,12,13,15,20,,20,4,8,4,4,5,7,5,3,6,3,9,4,26,14,7,,6,,6,4,5,9,1,8,8,8,6,9,8,8,6,8,4,9,8,19,7,7,7,6,8,6,5,7,3,4,2,10,8,3,9,5,6,5,2,2,3,2,,2,2,5,3,12,9,10,8,8,8,6,10,11,9,5,11,11,3,2,6,6,5,7,11,5,8,12,4,4,3,8,5,5,10,5,5,4,6,10,6,7,13,8,5,8,9,22,15,9,7,7,6,4,7,5,15,3,,3,3,3,9,11,4,6,5,6,4,4,8,7,8,4,3,2,6,1,8,9,8,8,9,,6,7,6,9,3,6,8,10,7,7,3,4,6,3,6,3,9,3,2,3,4,6,4,7,6,4,3,1,2,1,,1,3,3,5,22,14,11,5,12,13,8,2,7,5,7,6,10,11,7,4,9,,4,17,9,11,3,4,7,10,6,6,7,5,15,,4,24,5,8,4,2,2,2,8,10,10,9,11,12,10,7,4,3,4,17,11,,5,,4,2,,6,6,4,7,4,8,6,4,,4,21,14,10,,,6,8,2,7,2,2,3,11,5,1,3,4,2,9,4,7,7,10,7,7,3,1,3,3,8,2,3,4,6,9,9,5,4,7,5,5,7,8,11,3,3,4,6,5,10,3,32,9,7,11,5,8,8,9,15,21,,10,6,1,6,3,8,8,7,7,7,3,7,5,4,12,3,2,6,10,6,6,5,4,,3,3,4,4,4,2,2,2,3,3,2,3,3,6,8,7,6,5,10,21,13,5,3,3,1,3,3,3,7,8,7,6,3,7,7,6,8,6,9,6,8,5,8,7
20210719,3,NO2,19,3,18,23,13,22,22,12,12,6,24,20,,,5,,10,11,24,,20,,51,8,,4,13,,50,37,26,30,22,31,8,,14,17,,16,20,3,45,34,,36,,1,6,3,18,22,28,15,21,26,14,,11,7,16,40,23,24,,10,37,37,,45,4,11,7,24,23,,2,9,8,5,29,,7,45,23,26,27,21,,20,14,,,24,16,29,16,17,45,30,,22,19,24,28,22,,15,12,12,4,5,6,10,11,8,12,3,29,29,25,22,19,25,23,26,24,56,24,12,8,,19,33,32,33,27,26,33,52,10,11,8,9,11,,15,15,6,11,17,12,11,17,5,12,16,16,8,9,,5,13,8,8,13,16,8,28,2,4,8,10,,,,10,10,,6,13,8,,,,23,,12,19,12,11,14,17,,16,17,,,,18,30,,23,47,34,7,6,,8,3,6,5,8,2,4,14,,7,,2,1,,12,16,,31,17,25,,20,18,8,26,33,6,14,,,10,7,9,20,3,17,27,,11,,,22,,23,18,,5,2,4,8,14,11,,11,15,18,17,21,16,18,11,33,37,22,29,24,18,29,48,16,33,1,,6,2,2,2,9,24,14,34,37,11,,34,51,,,33,9,12,32,,23,16,14,10,7,,,4,4,2,5,5,23,12,14,9,10,14,10,,10,5,8,27,22,20,41,18,70,,18,20,22,29,32,14,27,14,32,20,28,18,31,24,,29,37,16,22,31,14,36,18,6,13,8,10,11,13,,4,12,5,11,8,2,10,6,17,22,22,25,,54,48,37,8,8,5,9,21,18,16,17,,,13,22,25,14,8,13,5,15,62,70,16,25,30,11,18,14,18,23,,16,13,9,8,10,6,6,,19,17,19,22,21,10,8,,,27,26,35,33,13,,31,21,18,21,,,17,6,14,34,37,21,25,44,31,33,22,,17,8,7,14,9,9,8,8,10,6,6,3,10,13,22,9,16,9,12,29,,12,16,25,16,,26,18,62,39,,,,24,9,,,,42,31,60,76,93,119,84,,72,18,12,30,23,22,17,23,16,16,,3,10,37,6,48,,34,36,53,32,19,25,16,19,26,,10,10,14,8,6,7,15,10,7,9,7,3,5,9,6,8,10,5,,18,,6,6,13,14,12,,15,26,,,17,22,19,20,,15,16,19,,10,2,6,14,5,11,6,5,14,19,,,,7,,6,10,,15,8,8,20,2,2,2,9,9,14,,13,,,3,,5,11,11,8,6,4,9,4,,34,18,12,23,40,16,9,11,16,22,,24,27,5,6,6,33,16,12,11,,9,17,18,,6,6,,7,10,10,13,10,,40,12,,,11,12,,44,,13,16,17,14,6,2,,12,5,,6,12,,7,,13,12,9,,10,14,6,9,2,,2,6,4,2,13,5,1,16,18,5,14,4,22,15,25,33,25,20,12,17,13,11,15,14,23,19,27,13,21,9,13,4,15,,10,20,14,17,16,8,6,6,7,5,5,16,35,35,,23,22,20,,13,10,24,12,5,,16,8,1,,4,,3,6,3,4,6,10,10,,,,17,,9,,2,2,4,,10,8,5,8,17,,11,,8,7,5,8,20,6,,12,32,17,5,11,18,,7,,,4,11,10,5,,15,36,32,16,12,6,4,22,18,16,9,16,10,27,13,13,5,1,9,3,24,40,31,32,24,,16,11,37,15,18,19,15,17,,,,,12,22,,35,9,8,13,13,12,21,21,23,36,22,18,13,15,26,18,16,,6,4,22,,39,36,,19,18,14,14,15,14,8,8,10,9,10,6,9,,15,18,10,32,19,16,21,7,21,,15,33,4,6,10,8,17,29,29,,7,,,6,6,15,15,14,,,,,,9,13,8,,,7,,4,,,12,,9,17,16,19,20,18,15,16,17,,21,29,24,22,24,5,2,16,12,10,13,15,6,,32,18,,11,12,16,21,,,11,7,8,6,13,5,4,6,3,,,26,15,15,16,12,,15,14,42,16,14,14,14,,17,17,8,,,8,9,,9,14,34,,36,,14,20,,,12,5,,,33,10,22,,,4,5,2,6,5,6,6,10,6,7,9,13,2,5,5,3,15,20,26,25,5,5,7,13,,13,7,20,,7,7,13,11,9,5,5,5,6,3,6,24,,,48,7,14,19,11,17,6,16,3,18,15,4,35,14,30,18,10,,,17,10,5,5,5,10,,,5,5,,28,3,44,,8,6,10,12,8,5,2,4,32,28,32,41,28,18,20,23,,18,8,7,4,22,20,,10,,8,,,,10,15,6,15,2,3,,19,,23,26,23,3,4,10,6,7,30,22,26,4,2,6,7,5,18,46,22,18,7,,13,5,10,8,7,11,4,5,26,12,18,10,13,15,3,,22,15,16,15,20,6,9,10,17,13,6,6,4,10,17,,18,21,16,15,20,18,16,15,26,25,28,,6,5,4,,8,5,6,7,,11,9,12,,1,10,,7,7,2,4,4,5,5,10,4,6,,5,5,4,44,26,,15,12,4,17,7,14,11,11,22,20,10,14,,6,2,5,,9,9,,21,2,4,3,,7,5,6,5,4,19,11,24,12,13,9,7,11,18,17,14,,27,13,29,16,30,20,13,14,34,9,16,9,16,15,4,6,3,7,12,9,11,8,23,7,,3,1,49,52,23,43,10,18,16,18,36,19,26,18,17,8,10,8,13,11,14,9,10,,15,37,37,42,6,13,8,29,,17,14,14,9,21,10,13,11,16,8,13,11,8,5,23,,,7,12,6,,10,8,5,2,10,4,,17,5,10,,,,,13,8,10,25,17,10,4,8,,47,14,6,4,6,4,8,10,25,29,9,,,,,12,9,7,18,6,8,15,,12,4,6,13,18,4,7,4,5,14,12,11,11,13,,4,4,8,9,5,11,22,5,13,,4,7,,9,10,,8,20,4,,4,,5,,5,5,13,21,30,36,9,14,17,13,5,10,5,9,,16,24,3,20,6,39,,15,15,41,39,24,16,,6,,16,13,20,,21,25,20,,13,3,22,14,7,8,17,,12,36,,32,12,8,11,26,22,15,19,4,,74,20,15,9,7,13,10,10,7,,,42,66,59,9,,5,81,82,50,58,19,4,26,5,10,13,29,15,,35,45,17,29,16,17,16,,8,,8,26,20,14,30,40,18,15,8,20,28,7,17,11,,,41,27,5,5,,44,28,50,3,,2,5,,,14,26,21,6,14,5,7,22,2,21,7,25,12,13,10,,14,9,,31,6,11,8,4,20,7,16,8,10,15,37,8,15,6,43,26,7,17,5,13,7,12,12,18,15,15,5,8,43,20,,29,6,11,2,6,6,7,8,10,5,15,20,16,20,18,5,,5,16,13,20,5,12,13,,62,75,6,19,17,2,2,21,21,33,58,6,16,26,6,7,12,40,22,,16,69,40,20,10,,9,10,16,16,12,14,18,26,11,9,5,18,39,17,10,2,,8,,7,7,4,15,6,16,27,36,29,34,21,18,8,15,8,,21,,4,12,10,16,11,10,5,10,36,24,12,28,7,2,19,2,14,17,4,4,11,9,,10,2,8,10,8,19,11,7,23,8,15,12,21,16,2,31,8,32,21,8,19,8,5,36,16,15,17,15,12,5,11,12,11,18,13,15,6,9,19,12,18,6,14,,20,18,32,18,4,17,16,10,13,12,6,13,13,,6,5,19,57,32,18,12,14,4,2,18,16,19,14,6,11,7,11,2,32,110,30,55,54,,31,10,10,10,12,9,22,13,14,5,20,8,18,7,13,13,14,26,22,25,3,10,30,18,9,10,22,4,9,5,,9,2,6,11,18,10,22,10,25,37,22,12,14,17,17,2,2,20,14,9,14,,13,12,3,14,5,3,10,42,40,19,24,13,19,,13,16,34,25,5,10,9,10,21,,22,13,12,,23,8,9,22,15,16,12,,12,,8,4,,4,29,10,14,22,18,13,11,,13,15,15,4,,,1,4,48,19,29,21,25,11,15,3,10,18,22,33,46,27,54,54,42,41,1,8,,4,17,6,6,12,30,9,14,5,8,20,18,11,23,4,80,15,4,17,31,20,20,9,12,4,,12,12,17,14,33,11,45,,21,6,5,3,9,20,16,9,9,18,29,14,11,5,29,18,30,12,32,15,28,16,7,,6,2,6,12,9,8,4,7,25,10,12,4,35,24,9,20,7,40,25,16,13,38,14,15,8,1,14,24,24,54,5,10,9,12,36,11,35,12,14,4,6,22,28,22
20210719,3,NO2_24h,16,7,24,15,15,20,24,14,9,12,19,16,,,14,,14,13,22,,20,,29,6,,6,9,,24,19,11,12,14,15,9,,13,17,,17,15,6,15,15,,11,,8,11,7,11,12,14,12,17,15,12,,12,8,15,23,17,18,,11,23,22,,27,11,14,11,14,13,,6,13,11,10,25,,8,22,19,15,14,17,,16,23,,,18,22,15,17,16,24,24,,13,21,24,20,24,,21,15,19,6,7,8,11,9,7,20,3,30,26,35,17,21,14,19,22,18,34,22,20,10,,21,30,30,25,30,19,22,31,14,17,13,9,15,,18,18,10,15,19,31,28,35,24,26,19,37,16,9,,6,16,8,9,12,16,7,17,2,4,7,9,,,,14,12,,8,13,8,,,,22,,12,21,11,10,18,15,,11,19,,,,17,20,,17,20,20,5,21,,7,4,6,3,6,2,4,7,,7,,4,3,,16,20,,22,16,20,,19,17,11,19,23,7,14,,,9,10,12,20,11,12,15,,11,,,18,,16,16,,8,3,7,9,15,12,,12,16,19,16,21,11,13,9,18,22,16,13,18,20,20,19,13,16,1,,10,4,5,4,7,14,10,17,15,13,,19,18,,,9,8,14,18,,14,14,10,11,7,,,6,8,6,8,8,13,15,15,9,11,14,11,,17,7,15,29,28,24,27,22,37,,25,13,20,22,22,11,14,14,23,14,23,10,30,24,,26,33,25,25,26,20,28,20,11,18,12,13,22,16,,5,14,9,12,18,13,14,14,24,25,24,23,,19,35,29,17,21,15,16,25,22,18,20,,,14,15,17,13,11,18,13,15,25,35,13,16,14,11,16,11,13,18,16,17,6,6,12,8,6,11,,24,36,24,28,34,28,16,,,44,29,41,28,21,,21,26,29,27,,,19,9,15,24,22,17,18,27,25,24,20,,21,9,13,14,15,17,10,12,13,9,17,15,23,23,33,20,30,21,26,20,,16,24,27,23,,30,12,40,46,,,,27,8,,,,24,29,41,43,40,55,34,,39,19,15,22,17,18,14,16,11,11,13,3,8,24,10,32,,24,27,31,20,19,21,16,16,22,,14,11,12,7,7,10,10,14,13,11,8,9,7,14,6,6,8,6,,12,,6,7,10,10,11,,13,16,,,8,10,8,14,,8,10,9,,11,3,6,10,7,12,11,9,14,15,,,,8,,7,10,,11,11,11,16,5,4,2,18,15,19,,7,,,12,,14,13,19,11,10,7,9,7,,14,14,13,14,22,10,10,10,11,17,10,18,16,7,8,6,18,14,13,11,,12,18,19,,7,8,,6,10,10,11,7,,28,13,,,14,13,,20,,18,12,18,21,5,2,,11,3,,15,20,,14,,16,16,12,,13,14,14,19,9,,6,9,14,16,18,9,2,16,17,7,15,6,20,10,26,27,12,9,13,16,15,12,15,13,19,18,17,12,18,8,11,5,10,,7,12,15,15,13,11,8,8,7,6,5,19,23,30,,26,23,23,,14,12,15,17,3,,17,10,2,,9,,6,10,4,7,6,7,7,,,,12,,10,,5,2,4,,17,12,8,12,14,,10,,16,13,10,13,15,11,,14,24,11,8,14,10,,16,,,4,11,8,8,,15,19,16,14,11,9,6,11,12,12,8,11,11,13,9,9,10,11,18,16,20,25,24,25,19,,15,10,25,16,11,14,15,13,,,,,11,20,,18,12,13,12,11,12,19,16,14,17,13,16,16,12,25,17,20,,15,17,20,,20,12,,14,8,12,17,15,14,10,11,15,18,24,22,19,,12,16,18,19,22,8,19,13,19,,13,14,10,11,11,7,16,19,19,,7,,7,4,4,12,12,7,6,11,9,,,10,10,8,6,6,7,7,9,,,10,,11,15,18,17,18,14,14,18,17,,14,18,20,19,21,5,3,14,13,11,11,11,4,,21,11,,15,14,11,16,,,12,7,5,7,12,5,4,8,3,,,20,16,15,17,13,,11,15,20,13,18,17,11,,14,12,9,,,13,16,,11,16,20,,22,,18,24,,,11,8,,,19,11,14,,,4,6,7,7,7,7,5,8,10,7,9,10,5,12,13,6,11,17,17,18,6,4,10,9,,19,11,17,,7,12,17,11,9,5,5,5,8,6,6,19,,,29,8,9,10,9,11,8,11,7,11,11,5,14,10,23,14,11,,,12,15,12,11,8,12,,7,22,18,,16,14,13,,8,8,7,9,4,12,3,7,22,23,28,33,18,15,16,12,,12,11,7,4,25,20,,9,,10,,,,10,14,6,17,3,5,,18,,17,19,17,8,6,8,8,8,18,13,19,10,2,6,6,5,19,25,21,18,9,,9,6,12,10,12,8,6,10,19,17,15,8,11,17,5,,13,15,12,14,17,10,10,11,10,11,7,8,8,12,14,,14,15,10,10,12,12,10,11,15,16,22,,11,8,7,,10,7,9,9,,12,8,14,,4,10,9,9,8,7,6,8,7,8,8,6,7,,7,8,6,28,20,,15,13,5,18,9,12,13,9,14,17,17,13,,12,11,11,,14,13,,12,2,7,6,,8,5,8,4,5,14,11,18,11,10,10,8,10,14,13,15,,12,10,15,9,14,15,13,17,24,6,6,8,11,19,5,9,3,6,7,4,18,13,21,16,6,4,5,19,24,16,19,13,9,13,15,16,15,19,22,16,13,9,10,10,8,12,12,15,12,13,19,14,14,9,10,6,11,,15,11,11,10,18,13,14,14,15,13,16,15,13,9,17,,,7,14,9,,12,9,7,6,12,12,,19,9,10,,,,,10,8,13,20,16,11,5,9,,26,10,9,9,11,12,10,11,13,14,11,,,,,11,12,10,11,16,18,22,,6,7,7,8,12,9,8,9,8,11,12,13,13,13,,7,9,12,12,7,13,14,8,14,,6,8,,10,8,,8,21,6,,6,,11,,6,5,7,9,15,14,13,21,24,21,5,8,10,10,,22,19,3,12,10,25,,15,18,20,21,19,16,,8,11,20,17,16,,24,14,14,,16,4,14,22,9,8,14,,14,27,,23,22,15,17,20,25,11,9,7,,35,12,16,19,17,9,15,14,12,,,29,24,29,7,,10,36,33,22,24,13,4,27,6,7,13,19,13,,24,23,13,19,10,14,13,,9,,6,18,20,11,23,18,18,18,11,20,21,7,12,7,,,20,16,7,9,,26,19,32,9,,2,5,,,12,22,23,6,18,6,10,24,2,22,12,33,21,20,20,,19,12,,23,8,15,13,6,14,10,11,8,12,14,10,6,17,7,23,19,8,12,5,11,17,10,10,9,8,7,8,11,33,16,14,38,9,10,10,11,14,9,5,11,14,13,17,19,20,20,5,,6,11,10,21,8,11,10,,24,38,8,12,12,2,6,22,17,19,22,10,17,20,9,6,8,17,16,,12,38,22,29,16,,18,17,16,16,14,12,16,15,15,7,6,9,24,19,12,12,,8,,10,5,3,12,5,10,24,30,26,27,28,19,14,17,13,8,26,20,8,7,14,20,11,10,5,13,19,18,12,24,7,2,20,5,11,14,4,6,12,10,,11,5,9,7,8,19,12,11,10,14,16,8,20,17,3,25,20,25,15,11,18,10,5,20,12,11,19,12,9,4,13,15,10,22,17,14,15,15,10,12,14,11,9,4,12,11,15,12,15,12,11,12,15,8,9,8,17,,9,5,6,32,17,30,19,16,5,4,18,16,18,15,5,10,4,9,2,16,51,23,33,26,,16,7,9,13,13,13,27,12,16,6,17,17,16,10,13,9,10,13,18,21,7,10,21,11,8,9,17,5,11,7,,10,3,6,8,14,10,16,8,19,24,16,10,13,12,15,14,11,13,8,6,6,,10,13,5,12,9,5,11,21,19,8,10,8,18,,16,12,20,23,2,5,8,7,15,9,13,12,14,11,19,8,7,10,10,12,9,,11,,12,9,,5,23,17,21,19,14,14,13,,9,14,12,4,,,6,12,21,10,13,12,18,13,15,9,6,16,14,17,31,26,20,17,24,25,3,6,18,7,21,6,7,15,21,10,18,7,19,21,21,22,18,8,36,10,12,9,12,20,14,11,24,12,15,11,18,14,14,16,21,29,,23,9,9,6,18,17,18,9,5,15,20,11,14,9,21,26,15,14,15,9,24,13,10,,4,4,4,9,11,16,4,8,13,7,17,4,14,15,8,21,13,28,17,19,6,14,11,17,8,5,9,14,17,23,5,9,8,10,28,12,29,13,17,16,6,17,23,11
20210719,3,O3,30,36,59,32,57,32,32,34,17,36,45,22,,,64,,54,60,48,,48,,11,64,,47,54,,12,24,20,26,28,35,108,,49,44,,46,35,93,16,53,,4,,81,81,69,51,32,49,51,27,51,34,,69,72,23,13,14,21,,5,10,7,,1,79,72,64,32,40,,78,82,71,78,47,,45,20,58,48,43,19,,59,69,,,50,66,34,64,37,2,21,,6,42,34,25,35,,47,81,90,94,89,93,95,72,73,92,58,65,63,63,61,83,8,28,39,52,25,50,55,44,,48,43,38,33,46,34,25,15,61,58,64,53,60,,64,52,62,60,54,57,60,60,61,,53,70,69,52,,61,69,57,56,59,57,59,53,54,50,51,57,,,,37,45,,50,48,40,,,,35,,53,56,56,59,50,54,,42,51,,,,58,36,,30,6,25,55,55,,58,52,58,56,49,56,81,60,,59,,59,51,,54,46,,32,19,32,,36,43,54,13,37,66,61,,,45,63,67,40,67,36,17,,55,,,35,,43,49,,49,69,71,40,40,34,,62,59,42,46,41,19,25,4,26,14,22,20,43,37,26,4,36,31,73,,48,63,55,48,20,40,50,13,12,20,,16,4,,,7,70,47,45,,53,65,66,74,83,,,68,72,84,78,80,27,47,47,43,50,38,44,,41,60,72,49,65,57,38,63,10,,57,50,32,31,20,20,18,19,21,29,23,18,22,26,,22,15,32,43,23,32,15,8,35,32,28,26,33,34,,46,44,44,27,32,39,28,34,25,23,22,14,,4,12,3,28,29,35,31,27,25,28,24,,,37,24,21,29,37,30,48,40,14,12,52,36,17,36,35,32,30,32,,28,11,45,39,42,43,78,,20,60,43,66,98,88,47,,,68,48,54,17,48,,37,67,73,54,,,72,100,6,10,3,5,7,2,2,14,5,,46,56,60,62,64,63,64,67,58,69,60,69,74,65,46,75,70,80,75,48,,54,43,46,48,,55,128,47,77,,,,54,130,,,,62,79,33,2,5,5,7,,13,35,32,26,22,15,45,22,31,43,,52,7,10,5,41,,49,29,40,42,77,72,96,70,64,,71,78,60,40,29,28,23,100,84,88,78,67,68,68,58,54,49,61,,40,,57,70,61,48,57,,60,41,,,45,40,43,54,,41,47,38,,58,67,59,43,78,60,69,76,63,38,,,,56,,53,53,,54,69,79,60,83,78,86,50,62,53,,46,,,51,,50,41,37,70,79,69,65,83,,20,31,40,32,4,39,44,38,30,15,,18,15,53,42,42,4,21,27,46,,38,33,35,,72,73,,60,61,63,50,37,,11,28,,,52,59,,8,,63,49,57,64,61,63,,59,63,,76,74,,80,,77,35,76,,81,70,70,68,70,,44,31,62,53,33,49,6,23,25,39,13,37,26,26,14,12,17,21,5,44,70,51,45,50,17,20,10,19,18,29,43,49,55,,67,8,12,11,20,7,99,85,92,87,89,32,16,23,,55,51,61,,70,46,40,45,42,,22,60,82,,61,,64,61,65,60,69,65,64,,,,47,,50,,81,74,84,,74,67,77,57,34,,37,,42,56,45,28,66,78,,42,17,30,48,64,19,,87,,,64,41,45,26,,20,15,20,32,27,81,67,38,59,56,64,58,70,37,18,12,127,130,128,116,18,1,8,,6,,56,54,34,23,8,26,19,22,,,,,71,70,,56,45,52,52,41,35,32,19,35,6,4,13,45,44,56,68,64,,78,71,50,,9,18,,48,60,66,84,75,93,84,90,97,60,65,72,67,,53,50,97,50,100,88,76,98,71,,73,34,124,103,105,55,56,42,42,,63,,,78,78,50,64,45,,,,,,60,40,65,,,70,,74,,,57,,63,50,55,48,47,44,47,56,51,,35,34,50,52,48,56,62,59,62,57,49,58,49,,38,37,,51,52,9,10,,,29,48,36,41,44,66,60,63,70,,,30,54,56,61,61,,48,56,18,56,67,55,55,,50,51,71,,,71,63,,79,64,32,,29,,127,121,,,60,48,,,52,116,59,,,57,46,70,66,160,163,166,50,67,57,72,41,90,80,68,71,34,18,18,21,46,50,38,27,,67,64,16,,24,25,10,7,92,98,63,57,37,42,34,38,,,8,30,8,13,13,3,17,8,16,11,8,4,8,42,20,44,14,,,37,38,31,32,50,61,,,77,66,,47,63,33,,68,78,90,79,62,55,65,64,11,16,17,3,4,17,18,41,,18,13,16,17,34,29,,52,,54,,,,49,64,54,52,82,75,,22,,39,25,28,68,65,60,65,52,4,16,4,69,71,64,62,62,6,2,14,12,30,,37,8,11,14,18,7,12,43,28,40,27,9,29,26,26,,11,34,32,32,9,40,38,44,38,33,53,59,53,41,34,,26,30,29,3,30,37,36,43,28,25,30,,59,67,68,,74,74,71,55,,56,47,70,,80,67,,70,74,81,74,85,79,87,45,46,49,,66,70,79,18,41,,42,50,69,22,21,28,49,49,34,42,53,42,,67,72,55,,77,81,,50,80,41,40,,52,48,44,38,40,16,34,31,43,41,46,8,49,35,36,47,,24,30,21,28,6,26,37,28,10,15,29,15,16,34,16,7,24,12,14,12,22,17,8,17,,9,8,35,28,47,22,35,9,28,31,8,34,36,39,42,55,70,77,69,29,29,63,75,,63,23,24,17,35,36,55,18,,59,,19,39,12,58,46,46,33,32,29,43,45,48,30,,,46,53,56,,54,46,65,58,76,45,,21,20,31,,,,,68,48,55,34,38,50,43,49,,4,78,69,79,71,78,24,38,28,38,30,,,,,7,10,48,32,64,62,29,,6,74,70,65,50,104,71,107,29,16,26,31,49,49,,62,40,39,38,21,19,49,84,22,,48,37,,56,44,,47,50,57,,75,,108,,26,21,31,34,16,13,78,78,75,80,27,25,17,39,,92,84,79,62,74,35,,82,90,50,58,69,78,,98,85,87,89,46,,80,59,59,,60,111,67,98,56,113,80,,90,70,,72,72,92,91,60,60,74,70,92,,10,60,52,111,104,64,73,73,68,,,41,6,11,49,,61,4,7,12,14,39,66,22,51,50,56,37,55,,38,5,38,27,51,53,47,,64,,51,32,72,15,18,6,75,55,82,33,18,40,45,44,,,10,16,58,61,,53,76,53,63,,57,45,,,61,50,49,63,40,53,64,59,56,44,62,46,64,64,71,,62,57,,17,77,42,51,105,51,52,56,39,51,29,3,44,49,76,26,29,57,44,46,47,48,57,33,13,28,28,44,69,20,68,,50,73,56,71,86,91,90,62,47,64,49,34,72,33,72,74,,50,22,39,49,60,38,36,,7,22,56,61,29,53,110,85,34,7,8,76,23,36,70,42,42,5,20,,22,23,61,70,120,,94,65,58,59,75,46,50,47,59,48,40,50,37,125,58,65,,53,,61,58,76,33,56,23,37,16,9,19,27,21,31,31,34,,27,,42,46,40,44,36,59,28,68,34,52,66,34,88,64,31,84,20,12,77,76,60,70,,52,60,2,10,23,26,35,50,20,81,44,33,79,60,57,20,74,54,58,69,45,36,80,28,60,50,52,47,47,59,65,60,52,48,56,42,65,42,49,48,37,53,32,,32,58,15,22,49,18,46,53,51,48,54,48,30,,65,31,19,29,30,59,71,66,56,58,36,60,58,64,55,52,65,45,82,77,5,68,37,24,,2,71,28,37,32,40,23,38,28,48,34,30,24,28,62,66,47,23,32,33,74,31,5,26,62,55,18,56,48,71,,70,78,72,62,4,93,12,31,23,2,41,75,65,44,26,134,133,55,39,52,50,,37,63,75,58,76,82,,22,22,48,51,43,91,,88,91,45,55,40,53,28,48,15,,57,64,56,,19,52,19,9,21,38,34,,55,,57,67,,21,28,65,58,37,64,46,52,,49,46,36,45,,,70,91,14,26,15,29,25,47,38,73,63,48,47,18,2,18,2,2,14,4,55,57,,69,57,66,66,62,16,44,31,73,56,42,55,54,35,106,4,99,120,32,19,38,52,57,128,49,,72,26,32,33,18,57,35,,58,57,67,65,38,35,72,71,52,40,44,51,60,89,76,66,18,30,27,22,38,44,67,,41,69,73,84,61,77,68,62,7,6,42,30,9,47,23,47,80,48,14,47,76,13,41,50,32,40,27,4,47,12,79,,65,56,11,62,13,69,61,53,52,51,1,38
20210719,3,O3_24h,81,87,115,92,102,93,94,86,84,99,97,94,,,117,,108,120,125,,107,,71,116,,88,130,,96,94,94,90,71,106,111,,106,85,,91,83,96,100,100,,103,,90,93,79,113,113,119,106,108,120,104,,104,108,108,72,78,81,,68,113,113,,117,128,128,119,125,116,,78,95,76,82,106,,113,98,99,112,102,100,,162,151,,,172,169,153,158,154,163,148,,155,153,165,163,151,,136,110,99,111,106,108,117,125,106,104,91,102,102,99,106,113,119,88,105,100,116,144,143,117,,144,160,139,141,127,142,133,144,107,105,114,104,111,,114,95,109,98,128,123,121,133,124,85,121,140,143,113,,137,127,129,126,118,114,126,110,113,115,113,94,,,,77,90,,95,87,86,,,,190,,163,150,162,162,125,148,,150,169,,,,166,160,,199,174,184,112,122,,132,104,109,96,101,97,110,102,,106,,93,81,,132,151,,155,140,144,,151,154,124,139,78,95,95,,,91,80,94,101,92,79,85,,99,,,153,,152,152,,97,92,97,92,86,94,,107,110,129,128,134,119,112,103,83,85,88,88,89,94,82,82,82,85,81,,83,80,94,67,160,115,106,98,107,93,,102,98,,,100,108,129,108,,113,130,117,144,97,,,84,89,94,94,95,92,81,84,80,83,82,81,,68,85,147,146,153,152,147,126,132,,132,140,89,88,87,87,81,77,75,86,88,81,141,182,,158,135,173,109,147,77,124,112,77,73,78,74,83,113,,85,81,98,102,92,79,85,94,180,160,177,149,,188,169,156,104,126,114,107,132,141,161,120,,,107,113,107,83,76,72,88,88,191,189,212,202,127,135,133,125,114,150,63,128,74,75,72,75,75,121,,118,151,151,213,172,222,170,,,151,170,170,150,156,,169,191,171,162,,,185,143,75,86,101,97,86,86,89,85,89,,102,94,78,93,83,81,125,114,116,121,115,128,97,93,96,91,86,103,103,110,,116,86,95,89,,212,164,191,179,,,,181,180,,,,183,226,123,114,126,120,128,,125,93,88,96,104,78,90,84,76,91,65,91,74,89,84,184,,165,166,185,159,182,178,188,187,184,,109,116,118,113,116,111,124,119,104,106,103,98,103,101,124,121,106,119,,94,,93,105,99,108,143,,146,102,,,117,121,115,126,,91,100,104,,100,101,101,104,112,102,92,96,100,102,,,,112,,111,98,,104,129,124,122,100,101,112,66,78,77,,124,,,161,,146,125,127,105,109,101,109,86,,110,107,107,96,116,100,103,97,116,116,54,96,81,88,80,86,85,75,81,98,,92,113,106,,136,109,,126,127,123,117,123,,134,88,,,89,107,,110,,120,122,125,124,84,88,,86,90,,105,92,,101,,83,81,82,,87,86,88,83,89,,135,153,129,128,121,129,67,146,143,157,132,147,136,101,97,92,89,87,93,102,104,93,98,100,112,105,120,106,115,84,78,75,76,,82,93,73,81,84,98,116,103,107,100,107,126,106,123,,116,113,118,,118,106,117,94,96,,98,96,85,,86,,92,92,102,87,104,100,89,,,,99,,101,,87,87,92,,84,82,89,99,103,,106,,140,132,155,136,144,120,,151,157,163,126,137,155,,100,,,120,99,97,65,,132,115,138,112,76,95,80,88,116,118,110,126,125,118,70,70,152,160,166,145,82,81,80,72,75,,149,170,145,150,92,115,124,87,,,,,247,197,,183,71,80,106,80,78,94,117,108,109,109,116,89,100,104,113,121,,96,102,120,,139,146,,146,158,167,147,146,153,157,162,158,123,121,128,106,,143,157,148,183,196,166,167,112,127,,110,107,133,121,128,112,113,110,110,,83,,92,106,106,102,117,97,70,70,86,,,107,92,126,80,52,93,46,84,,,146,,132,134,138,164,168,160,168,182,123,,149,140,196,204,195,157,163,144,144,115,143,93,85,,92,119,,130,129,85,92,,,87,106,90,95,89,92,90,93,101,,,155,88,87,90,85,,77,122,123,119,127,112,89,,87,89,136,,,134,127,,108,97,117,,116,,211,224,,,91,88,,,168,183,166,,,71,78,119,116,182,184,173,88,85,87,87,80,136,132,124,145,200,192,157,162,76,80,70,75,,192,186,94,,75,74,95,100,115,127,92,86,87,75,85,105,,,110,134,109,125,215,130,131,127,136,93,92,80,97,87,86,89,108,,,185,68,64,68,107,113,,76,147,158,,149,148,148,,125,119,123,118,117,74,85,76,112,118,112,98,88,141,72,103,,90,95,92,87,143,146,,113,,107,,,,92,92,94,90,117,109,,119,,116,129,129,94,96,91,85,89,94,100,121,89,102,99,98,100,113,121,123,106,84,,84,78,65,66,66,71,84,98,94,96,91,82,98,106,101,,82,95,95,89,82,125,117,117,109,128,142,139,141,147,92,,101,102,99,92,87,89,88,86,85,83,92,,72,98,92,,95,94,96,107,,121,114,89,,93,91,60,93,98,116,109,117,116,124,95,90,94,,91,89,98,115,123,,141,140,109,111,109,127,145,136,126,123,141,138,,123,125,108,,122,124,,134,143,135,131,,101,104,114,92,88,126,120,123,119,126,118,98,105,106,108,97,,112,114,124,109,140,165,155,156,143,122,133,116,134,120,69,109,128,104,110,75,63,85,83,80,31,89,75,183,170,163,174,56,68,63,101,112,58,128,127,130,135,140,130,132,124,145,165,185,69,130,122,127,127,107,98,151,154,,160,114,99,115,93,110,106,110,89,114,130,143,139,131,149,,,125,120,120,,115,100,104,102,129,111,,129,107,111,,,,,128,122,115,106,116,153,132,127,,96,109,131,120,122,117,83,74,91,77,83,,,,,101,92,102,93,64,62,91,,85,98,101,108,102,104,80,107,54,61,69,71,87,88,,84,84,68,64,55,62,100,97,64,,74,67,,76,112,,84,81,78,,116,,132,,87,77,133,138,152,133,170,154,158,156,105,127,114,117,,150,150,145,171,159,156,,141,158,151,148,138,140,,136,129,158,155,141,,153,167,158,,148,219,145,158,119,145,222,,243,172,,173,146,146,145,117,115,151,148,141,,127,125,119,158,138,111,124,136,129,,,126,127,133,92,,99,137,129,123,135,108,86,126,94,108,114,96,90,,119,127,198,188,86,170,156,,112,,115,107,185,122,81,83,136,144,131,141,160,122,150,105,,,113,167,103,116,,172,177,216,138,,91,171,,,95,171,162,88,78,96,89,85,92,154,112,187,171,217,92,,120,115,,112,136,105,107,126,159,69,128,78,104,126,98,72,97,102,196,91,81,100,95,92,106,134,91,82,86,87,82,110,150,109,62,152,93,144,150,105,103,115,99,99,141,139,94,144,186,116,86,,96,73,116,92,81,96,102,,96,186,105,116,101,86,130,143,204,113,157,86,101,156,108,89,98,156,122,,94,188,161,178,175,,134,117,106,112,118,104,108,115,103,96,91,119,176,218,155,88,,100,,135,96,96,176,99,83,104,113,136,148,144,142,82,92,94,81,159,86,94,84,97,118,105,125,102,120,122,140,135,122,120,88,138,114,108,115,86,82,87,94,,82,85,95,93,86,208,116,90,79,116,126,96,184,169,112,98,130,176,163,165,115,145,91,121,112,118,94,111,98,99,148,135,94,94,99,89,117,117,155,135,124,129,127,65,128,120,150,112,139,119,133,102,118,98,99,100,98,,117,95,79,179,155,136,163,123,127,86,186,173,152,152,122,113,101,124,96,139,130,137,117,124,,89,89,77,85,86,77,147,102,170,93,108,110,108,82,91,113,107,110,98,88,125,87,110,131,117,111,128,86,96,94,,99,90,94,95,101,110,102,85,137,107,177,157,195,137,137,161,138,138,107,113,109,,116,119,120,123,77,106,162,114,107,113,133,130,187,,144,188,134,123,66,128,143,122,159,44,153,141,175,76,121,89,96,66,82,71,69,,110,,145,122,,103,93,127,102,139,138,106,79,,104,141,137,120,,,78,142,100,87,84,108,85,95,81,92,83,106,118,107,96,109,115,119,127,108,80,81,64,84,101,89,89,113,84,133,88,95,113,97,93,88,108,133,128,122,132,91,151,106,79,90,210,170,41,91,164,113,113,127,177,178,,123,110,87,92,214,102,234,86,91,110,121,127,105,239,177,134,144,149,128,135,149,109,112,,72,120,93,135,124,108,101,123,89,79,90,72,78,130,76,100,114,182,209,80,106,112,86,103,88,86,89,72,159,168,126,123,97,93,115,97,106,93,166,146,108,61,81,124
20210719,3,O3_8h,26,34,42,30,58,25,26,30,28,34,25,27,,,69,,64,68,54,,63,,28,70,,56,62,,14,28,15,26,28,45,109,,43,35,,39,30,91,14,64,,4,,82,81,70,60,44,54,56,30,59,43,,67,67,24,19,15,33,,8,17,9,,6,78,69,61,44,46,,78,81,73,76,45,,51,37,64,47,53,22,,52,61,,,46,51,48,63,23,3,23,,12,38,36,24,39,,49,72,86,86,84,87,88,80,56,77,59,63,65,56,44,73,10,28,34,48,22,58,47,49,,55,55,47,44,48,44,28,32,61,59,63,54,64,,64,48,63,62,50,60,66,60,64,,38,66,62,55,,63,71,59,59,60,60,66,59,61,55,59,56,,,,40,47,,53,51,45,,,,40,,56,57,61,62,52,56,,51,54,,,,64,40,,37,14,29,60,61,,63,55,60,58,51,58,80,64,,59,,63,55,,57,40,,34,18,34,,33,46,57,15,42,69,62,,,54,64,70,46,69,48,28,,56,,,41,,46,49,,42,76,71,42,39,37,,67,66,44,49,49,20,34,5,33,24,22,29,35,27,30,11,31,38,72,,50,61,55,46,21,50,56,15,13,17,,14,5,,,7,79,56,42,,72,70,81,73,79,,,69,74,84,77,79,26,50,51,46,56,43,48,,46,63,75,50,67,68,59,65,35,,61,65,38,31,20,18,29,37,29,30,14,18,18,28,,26,20,36,43,25,36,14,13,33,31,29,28,22,32,,45,41,40,26,34,37,30,29,17,18,17,19,,16,12,3,24,22,29,30,27,25,27,24,,,37,28,26,30,38,33,46,41,37,34,57,48,31,40,38,33,34,35,,22,16,41,33,42,40,88,,16,45,52,67,69,72,52,,,55,51,34,24,55,,42,64,78,41,,,75,106,6,10,4,5,7,2,3,14,5,,38,53,54,59,61,60,68,71,64,71,65,76,76,61,25,68,67,83,79,44,,60,38,40,39,,78,138,69,81,,,,58,136,,,,59,61,15,2,5,4,10,,29,33,35,40,37,22,49,25,36,46,,45,9,24,11,51,,49,28,61,21,83,77,97,62,60,,73,79,65,54,33,37,24,109,92,90,73,62,62,65,60,57,54,58,,46,,59,72,64,51,60,,65,41,,,49,42,49,57,,44,60,45,,59,71,61,47,79,61,69,73,67,42,,,,56,,55,58,,63,70,84,60,82,78,86,52,63,49,,51,,,48,,49,33,22,71,77,72,72,76,,28,31,36,40,10,49,42,38,37,16,,10,28,51,44,45,4,23,26,53,,48,37,43,,72,72,,60,63,56,51,53,,19,35,,,51,57,,7,,65,47,60,66,62,64,,59,64,,70,70,,76,,74,48,70,,80,70,66,59,67,,35,26,54,55,32,46,7,22,31,37,16,38,26,29,10,12,26,28,6,33,73,44,37,43,18,21,9,15,21,31,55,51,49,,55,12,14,13,20,9,104,83,88,88,93,16,9,12,,42,42,59,,78,49,41,48,37,,22,63,84,,62,,66,62,68,62,73,76,74,,,,48,,50,,83,78,87,,65,60,60,55,38,,40,,57,58,46,36,79,80,,44,26,34,45,62,21,,83,,,75,49,56,28,,25,24,26,33,28,79,68,55,63,51,50,54,65,38,19,13,104,103,104,98,20,2,9,,7,,62,56,44,18,10,41,25,39,,,,,91,76,,59,47,53,53,43,34,39,20,38,15,4,22,44,43,49,70,62,,76,67,57,,21,44,,65,74,78,84,79,95,86,89,94,59,69,79,67,,56,55,77,48,93,93,75,93,83,,66,39,123,100,107,57,57,57,57,,64,,,77,77,53,65,55,,,,,,58,38,73,,,73,,79,,,59,,64,54,58,46,48,45,46,53,52,,44,43,49,50,48,61,68,69,71,59,54,61,52,,45,53,,54,57,10,10,,,30,44,42,41,43,70,65,67,75,,,43,60,59,65,64,,54,68,39,63,72,55,61,,55,55,74,,,73,65,,75,59,42,,46,,145,131,,,60,50,,,45,114,61,,,58,52,72,66,161,163,165,49,63,59,69,42,87,77,60,66,36,21,21,22,47,53,38,32,,71,70,23,,24,18,9,9,102,111,62,60,37,42,35,42,,,8,28,11,18,16,3,19,12,18,13,8,4,12,43,7,39,14,,,42,44,40,41,57,68,,,77,64,,26,62,44,,65,76,76,69,67,61,68,68,13,16,11,3,6,24,17,40,,14,19,21,18,50,47,,54,,63,,,,54,70,61,57,81,74,,20,,36,27,28,67,64,63,65,54,6,23,8,64,72,67,67,65,7,3,23,14,30,,43,5,16,21,20,12,14,44,33,44,27,9,32,25,28,,17,35,35,23,14,43,44,44,46,48,50,58,52,40,36,,26,33,33,2,35,40,30,47,32,34,38,,55,66,65,,79,78,75,76,,65,55,79,,87,70,,73,78,78,74,82,78,85,46,48,51,,73,68,83,22,47,,36,51,71,21,27,32,55,53,42,47,49,39,,67,75,54,,70,75,,56,74,44,38,,53,48,37,43,46,25,37,36,48,47,50,12,51,39,39,47,,36,34,30,35,18,34,39,31,19,17,42,16,28,44,33,7,24,8,14,10,24,28,12,17,,11,10,48,40,54,45,29,22,39,28,21,36,37,39,46,60,71,82,75,29,25,63,68,,70,43,35,26,39,43,58,42,,67,18,20,41,12,65,56,56,39,36,38,49,50,60,55,,,46,63,64,,61,56,69,62,74,55,,19,19,33,,,,,78,65,63,50,52,58,47,52,,4,75,75,84,76,80,29,41,31,45,31,,,,,6,8,56,43,53,50,25,,8,80,76,75,53,91,65,94,28,19,26,28,51,51,,54,35,43,39,21,20,62,85,23,,52,39,,56,47,,51,50,54,,75,,113,,26,21,35,43,21,29,85,85,85,88,42,30,23,37,,95,94,80,103,91,47,,84,101,66,79,45,66,,97,87,80,90,46,,85,68,72,,60,116,82,116,59,116,102,,109,76,,78,76,94,96,66,54,79,70,85,,7,71,57,105,104,76,70,78,73,,,34,24,14,44,,52,7,9,30,36,46,66,24,61,61,67,44,61,,57,13,46,33,60,49,51,,71,,53,38,69,17,19,20,61,55,82,25,24,50,47,67,,,16,23,59,70,,54,88,46,61,,60,48,,,65,50,48,63,42,57,65,61,55,47,65,50,74,75,72,,67,64,,26,77,47,51,106,62,56,61,42,54,29,10,49,56,79,46,40,60,48,50,49,41,61,32,15,30,28,35,69,8,63,,48,83,68,74,85,89,90,74,44,64,45,36,80,42,77,78,,53,26,43,47,61,45,46,,19,52,64,66,53,58,112,96,41,12,38,68,20,53,59,46,40,14,19,,25,41,77,44,120,,79,66,60,59,75,48,52,53,57,49,57,49,25,134,57,62,,55,,63,63,74,43,59,33,40,16,15,28,26,29,29,33,36,46,25,,38,51,24,48,36,58,23,68,34,58,68,17,82,66,52,81,19,12,80,78,72,82,,54,62,3,10,22,29,37,54,31,54,46,36,84,60,62,24,80,52,69,74,56,48,77,44,62,58,53,51,52,62,70,62,50,40,54,45,65,52,67,59,40,52,41,,39,60,17,15,46,21,45,56,52,54,54,42,22,,65,28,20,39,43,73,85,60,57,61,44,61,67,73,57,57,65,50,86,95,5,80,31,50,,5,66,36,39,32,44,20,39,34,47,26,25,30,28,71,71,57,25,38,46,73,29,2,28,69,57,17,62,45,67,,76,81,74,65,4,98,11,44,32,4,52,70,75,46,29,116,78,54,44,56,63,,44,66,81,57,75,84,66,24,34,52,56,57,75,,89,112,37,50,44,52,28,56,10,,70,70,45,,25,52,22,22,19,40,29,,60,,54,65,,29,25,62,52,50,69,51,54,,53,49,42,50,,,68,90,15,30,12,26,21,50,31,74,68,63,31,20,5,19,16,19,13,2,46,63,,70,54,62,75,63,22,52,32,71,54,36,52,55,42,94,5,81,95,47,42,38,55,63,143,44,,67,27,32,34,31,64,37,,49,59,69,67,44,47,84,72,58,41,45,58,51,109,87,57,39,38,34,28,36,48,73,,49,69,75,81,64,69,72,67,7,9,25,27,25,61,25,53,84,49,14,45,83,31,33,35,53,47,20,5,68,18,89,,71,57,19,63,22,73,66,62,55,50,1,45
20210719,3,O3_8h_24h,26,34,42,31,60,25,26,30,41,34,25,30,,,72,,71,75,57,,76,,48,73,,68,69,,22,32,15,30,29,53,111,,43,35,,39,30,91,19,73,,5,,84,82,71,66,53,56,58,38,63,54,,67,67,28,35,16,47,,10,26,10,,14,80,69,61,61,56,,78,81,75,76,45,,61,57,68,47,71,28,,52,61,,,48,51,56,63,23,3,26,,15,42,37,28,41,,51,72,86,86,84,87,88,84,56,77,60,63,66,56,44,73,12,28,34,48,22,62,47,51,,65,66,58,52,49,56,31,46,62,61,66,55,67,,66,48,64,63,50,62,74,60,66,,38,66,62,58,,66,72,62,62,63,64,74,66,69,59,67,56,,,,41,49,,56,52,50,,,,46,,60,57,68,66,54,57,,55,58,,,,72,44,,45,23,34,64,66,,68,57,62,59,53,60,80,70,,59,,67,60,,58,40,,36,19,38,,33,49,60,20,54,74,63,,,61,66,72,59,70,61,40,,57,,,48,,53,50,,42,83,71,44,39,39,,71,72,46,50,57,23,49,6,36,35,22,41,35,27,32,26,31,43,72,,53,61,55,46,22,62,62,24,14,17,,14,10,,,8,86,66,52,,85,72,92,79,79,,,71,78,87,77,79,28,54,56,49,60,50,55,,50,64,77,51,68,74,82,72,47,,62,79,45,31,20,18,35,47,38,35,14,19,18,29,,28,24,43,43,27,40,14,19,33,31,30,29,22,32,,45,41,40,30,35,37,32,29,17,18,17,24,,27,12,3,24,22,29,30,27,26,28,24,,,38,33,29,35,39,35,46,42,56,44,67,57,38,42,40,38,42,39,50,22,20,46,33,42,40,102,,16,45,60,70,69,74,57,,,55,52,34,34,64,,45,65,85,41,,,81,112,6,10,4,6,8,2,4,14,5,,38,53,54,59,61,60,70,74,74,72,71,82,76,61,25,77,68,91,81,64,,86,39,45,39,,108,148,90,88,,,,62,141,,,,61,61,15,2,6,4,18,,52,33,37,47,46,26,53,32,41,50,67,45,12,42,18,56,,56,28,79,21,86,81,98,62,60,,74,79,76,62,44,51,24,114,103,96,73,62,62,65,62,59,58,58,,48,,60,74,65,53,65,,70,43,,,56,48,57,58,,50,66,50,,60,74,64,52,80,61,70,73,70,44,,,,58,,59,64,,72,72,88,65,82,78,86,53,66,49,,56,,,48,,49,33,22,72,77,74,75,76,,40,35,37,47,12,54,44,38,41,18,46,10,35,51,47,47,4,24,27,56,,58,39,54,,74,74,,60,64,56,53,66,,37,40,,,51,59,,7,,70,58,62,68,64,64,,59,65,,70,70,,76,,74,61,70,,80,72,66,59,67,,35,26,54,56,32,46,7,22,38,38,23,40,26,36,10,12,42,32,6,33,75,44,37,43,21,22,9,16,23,32,67,55,49,,55,16,18,15,21,11,107,86,92,92,98,16,9,12,,42,42,59,,83,51,41,49,37,,22,66,85,,64,,69,66,72,65,75,82,78,,,,54,,50,,86,82,91,,65,60,60,55,40,,45,,73,63,48,47,101,81,,45,31,36,45,63,22,,83,,,83,55,61,29,,34,34,37,34,33,79,71,66,64,51,50,54,65,48,20,14,104,103,104,98,21,2,9,,7,,68,63,59,18,15,55,34,51,,,,,117,87,,68,49,59,55,44,34,44,24,46,19,5,31,44,43,49,72,64,,76,67,66,,43,73,,86,82,84,87,85,96,88,89,94,62,70,84,69,,58,59,77,48,93,95,76,93,93,,66,42,123,100,108,58,58,67,67,,65,,89,77,77,57,68,62,65,51,73,,,58,38,78,67,53,83,38,82,,,60,,66,57,63,46,48,46,46,53,52,,51,48,50,50,48,66,74,80,79,61,59,66,57,,52,64,,55,62,14,12,,,32,44,51,42,43,75,71,72,80,,,54,68,64,69,67,,59,75,72,69,78,55,66,,60,61,75,,,76,74,,75,59,54,,62,,161,136,,,61,51,,,47,114,72,,,61,61,75,70,161,163,165,49,63,60,69,44,87,77,60,66,42,27,26,28,49,55,38,36,,75,74,26,,26,18,9,11,108,123,62,62,39,44,36,59,,,8,28,16,25,18,3,22,15,19,16,10,4,14,43,7,39,18,,,45,47,46,46,65,73,,67,77,64,,26,62,50,,65,76,76,69,70,69,73,72,14,16,11,3,9,30,17,45,,14,24,27,18,71,67,,54,,72,,,,61,78,68,62,81,74,,20,,41,32,29,67,64,69,65,55,9,33,13,64,75,70,70,68,7,5,34,16,32,,54,5,22,24,22,16,16,46,42,47,33,9,36,25,35,,26,41,42,23,16,46,51,51,56,62,50,58,52,40,38,,29,35,38,2,39,44,30,50,37,42,43,,55,66,65,,81,83,76,89,,75,62,89,,93,71,53,74,80,78,74,82,78,85,46,49,53,,76,68,84,30,52,,36,52,72,21,30,35,60,57,51,52,49,39,,70,77,55,,70,75,,61,74,49,44,,53,52,37,53,51,36,48,43,54,51,56,18,54,41,46,52,,42,39,34,41,40,42,42,34,26,19,54,17,41,53,42,7,24,8,14,10,31,38,16,19,32,15,12,61,72,61,62,29,30,49,32,28,51,43,40,48,62,73,87,83,29,25,63,68,62,76,61,54,43,41,46,67,61,,75,18,21,47,12,74,68,68,46,38,47,54,56,71,74,,,51,72,70,,68,61,75,70,74,66,,19,21,38,,,,,84,85,76,61,64,64,51,55,,5,75,78,88,82,82,35,46,33,51,34,,,,,6,8,67,57,53,50,25,,11,85,83,80,54,91,65,94,28,22,26,28,52,52,,54,36,46,41,21,20,75,85,26,,56,41,,60,52,,55,53,54,,75,,116,,28,22,37,55,25,46,94,94,95,96,50,32,29,37,,96,100,81,124,106,67,,88,109,89,106,45,66,,99,91,80,90,50,,88,84,84,,61,122,90,134,64,119,119,,130,83,,92,81,96,100,70,54,84,71,85,,7,79,70,105,104,89,70,80,76,,,44,43,19,44,,52,16,10,41,53,53,66,25,68,74,75,51,66,,69,19,53,40,68,49,55,,76,,56,40,69,18,23,37,61,55,82,25,26,62,51,81,,,23,45,59,78,,65,98,46,61,,64,51,,,69,50,48,63,45,62,66,65,55,50,68,52,82,86,73,,70,69,,35,78,56,60,106,74,61,67,47,55,35,17,54,60,84,68,52,61,50,53,50,41,67,33,19,38,33,35,73,8,63,51,48,93,77,76,85,89,90,82,44,64,45,39,84,49,81,83,,54,28,48,47,61,51,54,,32,98,76,70,65,62,114,102,46,21,78,68,20,69,62,49,40,23,20,,31,51,86,44,120,,79,69,64,62,76,51,58,57,58,51,71,52,26,142,57,62,,56,,66,69,74,51,63,44,42,21,23,34,26,35,29,34,38,47,25,84,38,57,24,53,36,58,23,68,35,62,69,17,82,69,76,81,19,12,82,79,84,94,,60,62,5,13,23,33,38,60,42,54,49,40,93,60,67,30,86,52,75,78,67,59,77,57,65,70,54,56,57,66,72,64,50,40,54,47,65,60,80,68,42,52,48,63,44,62,18,15,46,32,45,58,52,58,55,42,22,,66,31,20,52,56,80,101,60,59,63,50,64,79,81,60,60,65,54,90,111,6,86,31,64,,12,66,46,40,32,46,21,42,44,47,28,25,37,29,77,76,64,26,43,52,74,29,2,34,76,58,17,67,45,67,,80,86,76,67,4,106,11,58,40,5,58,78,84,48,32,116,78,56,50,61,74,,56,68,84,58,75,86,68,27,45,60,64,72,75,,91,125,37,50,47,55,29,64,10,53,89,74,45,71,30,56,24,28,23,40,29,,63,,54,65,,36,25,62,52,60,76,55,57,,66,52,57,55,,,68,90,16,32,13,28,21,51,31,78,71,76,31,22,8,20,33,41,18,2,46,66,61,74,55,62,82,64,28,61,32,71,54,36,52,56,46,94,6,81,95,60,53,46,58,68,155,44,41,67,28,34,37,45,68,40,,49,68,71,70,47,61,108,74,65,47,46,67,51,132,102,57,73,44,45,34,36,50,78,,58,70,76,96,68,69,75,73,7,10,25,27,40,71,31,58,86,53,14,45,89,46,33,35,75,56,20,6,89,20,94,,74,58,37,63,32,77,68,66,57,50,1,54
20210719,3,CO,0.5,0.4,0.5,0.6,0.4,0.5,0.4,0.4,0.4,0.4,0.3,0.5,,,0.6,,0.7,0.5,0.5,,1,,0.4,0.4,,0.5,0.4,,0.5,0.6,0.6,0.8,0.6,0.5,0.5,,0.6,0.4,,0.6,0.4,0.3,0.2,0.4,,0.3,,0.4,0.6,0.5,0.2,0.5,0.3,0.1,0.2,0.1,0.2,,0.4,0.3,0.1,0.6,0.7,0.8,,0.7,0.5,0.2,,0.4,0.3,0.1,0.2,0.2,0.5,,,0.3,0.2,0.2,0.5,,0.4,0.4,0.4,0.5,0.7,0.6,,0.5,0.4,,,0.5,0.4,0.3,0.4,0.8,0.9,0.9,,0.7,0.6,0.7,0.7,0.6,,0.4,0.7,0.4,0.5,0.6,0.4,0.5,0.5,0.5,0.6,0.6,0.7,0.7,0.7,0.6,0.7,0.4,0.4,0.5,0.5,0.6,0.1,0.6,0.4,,0.4,0.6,0.4,0.5,0.1,0.3,0.2,0.5,0.5,0.5,0.3,0.4,0.5,,0.4,0.3,0.3,0.2,0.4,0.5,0.2,0.1,0.7,0.4,0.4,0.6,0.4,0.2,,0.3,0.5,0.3,0.1,0.3,0.5,0.4,0.3,0.4,0.5,0.5,0.3,,,,0.4,0.4,,0.5,0.4,0.4,,,,0.6,,0.4,0.2,0.4,0.4,0.3,0.3,,0.3,0.4,,,,0.7,0.5,,0.6,0.8,0.7,0.3,0.5,,0.2,0.2,0.3,0.1,0.2,,0.6,0.4,,0.3,,0.3,0.4,,0.3,0.4,,0.6,0.3,0.7,,0.5,0.4,0.4,0.3,0.4,0.6,0.4,,,0.3,0.4,0.4,0.4,0.3,0.4,0.5,,0.7,,,0.5,,0.6,0.5,,0.3,0.3,0.2,0.3,0.3,0.5,,0.3,0.4,0.2,0.1,0.3,0.4,0.4,0.5,0.4,0.3,0.4,0.5,0.3,0.4,0.5,0.4,0.1,0.5,0.4,,0.4,0.6,0.4,0.4,0.3,0.6,0.3,1.2,0.9,0.6,,0.9,1.1,,,1,0.4,,0.6,,0.4,0.3,0.6,0.2,0.3,,,0.1,0.3,0.4,,0.2,0.4,0.5,0.4,0.5,0.4,0.4,0.5,,0.5,0.4,0.7,0.8,0.5,0.9,0.6,0.6,0.8,,0.9,0.4,0.7,0.7,0.6,0.7,0.6,0.6,0.4,0.5,0.5,0.4,0.6,0.6,,0.5,0.5,0.5,0.6,0.6,0.5,0.6,0.5,0.4,0.6,0.6,0.5,0.4,0.4,,0.7,0.4,0.4,0.5,0.5,0.5,0.4,0.5,0.3,0.4,0.3,0.4,,0.7,0.5,0.6,0.5,0.5,0.5,0.4,0.4,0.5,0.4,0.4,,,0.6,0.6,0.7,0.4,0.5,0.5,0.6,0.5,0.6,,0.3,0.4,0.5,0.5,0.5,0.5,0.4,0.6,,0.5,0.3,0.4,0.4,0.4,0.4,0.5,,0.5,0.5,0.6,0.6,0.8,0.1,0.5,,,0.6,0.4,0.8,0.3,0.6,,0.4,0.4,0.4,0.6,,,0.4,0.2,0.4,0.4,0.5,0.7,0.7,0.5,0.7,0.5,0.7,,0.4,0.2,0.3,0.3,0.2,0.4,0.2,0.3,0.2,0.4,0.4,0.2,0.4,0.8,0.7,0.7,0.7,0.5,0.7,0.5,,0.7,0.8,0.7,0.7,,0.5,0.5,0.2,0.3,,,,0.6,0.3,,,,0.5,0.6,0.8,0.5,1.1,0.5,0.9,,0.7,0.7,0.6,0.7,0.8,0.7,1.3,0.7,0.9,1.2,,0.4,0.6,0.7,0.7,1.2,,1,0.7,1.1,0.7,0.9,0.8,0.8,0.7,0.9,,0.6,0.6,0.4,0.4,0.4,0.3,0.7,0.7,0.5,0.6,0.4,0.5,0.3,0.4,0.2,0.3,0.3,0.3,,0.6,,0.2,0.6,0.3,0.7,0.5,,0.6,0.6,,,0.6,0.7,0.7,0.4,,0.3,0.7,0.3,,0.3,0.1,0.2,0.4,0.2,0.2,0.1,0.1,0.2,0.3,,,,0.3,,0.6,0.7,,0.5,0.3,0.3,0.5,0.4,0.2,0.3,0.4,0.5,0.4,,0.3,,,0.7,,0.6,0.6,0.5,0.3,0.5,0.4,0.2,0.4,,0.5,0.3,0.6,0.5,0.4,0.4,0.5,0.7,0.7,0.9,,0.6,0.6,0.3,0.5,0.4,0.7,0.7,0.7,0.4,,0.4,0.5,0.4,,0.6,0.6,,0.4,0.6,0.6,0.6,0.6,,0.6,0.6,,,0.4,0.4,,0.7,,0.6,0.5,0.5,0.5,0.6,0.4,,0.6,0.6,,0.5,0.5,,0.4,,0.6,0.8,0.6,,0.5,0.7,0.2,0.2,0.1,,0.4,0.7,0.4,0.7,1,0.4,0.3,0.5,0.6,0.4,0.6,0.4,0.7,0.3,0.6,2,0.6,0.5,0.6,0.6,0.7,0.4,0.5,0.4,0.7,0.6,0.6,0.7,0.6,0.5,0.4,0.5,0.3,,0.2,0.4,0.3,0.3,0.4,0.3,0.5,0.4,0.7,0.4,0.5,0.9,1,0.8,,0.8,0.7,0.8,,0.5,0.6,0.5,0.3,0.7,,0.7,0.3,0.3,,0.7,,0.7,0.3,0.4,0.3,0.4,1,0.7,,,,0.4,,0.5,,0.3,0.7,0.3,,0.6,0.6,0.6,0.5,0.6,,0.7,,0.4,0.6,0.5,0.5,0.5,0.7,,0.7,0.6,0.5,0.7,0.6,0.6,,0.7,,,0.8,0.3,0.3,0.6,,0.7,1,0.9,0.8,0.7,0.3,0.5,0.7,0.6,0.7,0.7,1,0.8,0.8,0.5,0.3,0.4,0.4,0.7,0.4,0.6,0.7,0.7,0.5,0.8,,1.6,2.6,2.7,1,0.6,0.7,0.9,0.7,,,,,0.6,0.6,,0.6,0.7,0.5,0.3,0.4,0.5,0.4,0.7,0.5,0.7,0.6,0.4,0.5,0.6,0.8,0.7,0.9,,0.7,0.6,0.8,,0.6,0.6,,0.6,0.7,0.8,0.6,0.9,0.7,0.6,0.5,0.6,0.6,0.6,0.7,0.7,,0.5,0.7,0.3,0.8,0.2,0.2,0.8,0.6,0.8,,0.5,0.6,0.2,0.4,0.2,0.2,0.5,0.1,0.1,,0.5,,,0.3,0.3,0.2,0.2,0.4,,,,,,0.3,0.4,0.4,,,0.3,,0.5,,,0.6,,0.8,0.3,0.7,0.5,0.5,0.6,0.3,0.4,0.4,,0.7,0.7,0.7,0.5,0.6,0.3,0.2,0.3,0.3,0.6,0.6,0.1,0.3,,0.5,0.4,,0.4,0.4,0.5,0.7,,,0.6,0.5,0.5,0.5,0.4,0.4,0.8,0.7,0.5,,,0.4,0.8,0.8,0.8,0.7,,0.7,0.5,0.4,0.6,0.6,0.5,0.4,,0.4,0.6,0.6,,,0.5,0.7,,0.6,0.5,0.4,,0.5,,0.8,1,,,,0.3,,,0.6,0.4,0.4,,,0.3,0.3,0.2,0.2,0.4,0.3,0.4,0.3,0.3,0.4,0.3,0.5,0.4,0.2,0.4,0.5,0.7,0.5,0.6,0.8,0.4,0.3,0.6,0.4,,0.4,0.4,0.4,,0.3,0.4,0.5,0.5,0.7,0.4,0.5,0.4,0.4,0.4,0.4,0.4,,,0.7,0.6,0.7,0.8,0.5,2.2,0.2,1.7,0.2,1.5,1.3,0.6,0.5,0.5,0.5,0.6,0.5,,,0.4,0.6,0.6,0.6,0.3,0.2,,,0.3,0.3,,0.5,0.5,0.4,,0.4,0.5,0.6,0.6,0.6,0.4,0.5,0.4,0.6,0.3,0.5,0.7,0.5,0.4,0.6,0.8,,0.3,0.4,0.3,,0.6,0.5,,0.5,,0.4,,,,0.3,0.5,0.5,0.4,0.5,0.7,,0.9,,0.4,0.4,0.4,0.4,0.6,0.5,0.5,0.3,0.7,0.9,0.7,0.3,0.2,0.5,0.4,0.3,0.5,0.5,0.4,0.5,0.4,,0.6,0.4,0.6,0.3,0.5,0.8,0.3,0.8,1.4,0.4,0.7,0.4,0.3,0.5,0.8,,0.4,0.5,0.7,0.4,0.4,1,0.9,0.6,1,1.3,0.4,0.6,0.6,0.4,0.8,,0.6,0.9,0.8,0.6,0.7,0.5,0.5,0.6,0.5,0.9,0.7,,0.4,0.4,0.2,,0.6,0.5,0.6,0.4,,0.4,0.4,0.6,,0.6,0.6,,0.6,0.6,0.8,0.9,0.7,0.6,0.6,0.7,0.6,0.6,,0.5,0.3,0.5,1.8,0.8,,0.7,0.9,0.4,0.8,1,0.7,0.6,0.8,0.8,0.7,0.5,0.5,,0.5,0.7,0.3,,0.9,1,,0.4,0.4,0.4,0.4,,0.7,0.6,0.7,0.9,1.1,1,0.6,0.6,0.7,0.4,0.5,0.4,0.6,0.6,0.6,0.5,,0.5,0.9,0.9,1.3,0.5,0.5,0.6,0.5,0.6,0.6,0.6,0.6,0.6,0.7,1.4,0.9,0.8,0.8,1.3,0.8,0.4,0.5,1.6,0.6,,0.7,0.5,0.8,0.8,0.8,0.6,0.5,0.9,0.5,0.7,0.6,0.4,0.8,0.6,0.7,0.8,0.5,0.6,0.5,0.7,0.6,0.4,0.5,,0.6,0.7,0.9,0.8,0.6,0.5,0.5,0.3,,0.4,0.3,0.3,0.3,0.2,0.5,0.4,0.4,0.5,0.5,0.4,0.5,0.5,0.3,0.4,,,0.4,0.4,0.7,,0.6,0.4,0.3,0.3,0.3,0.3,,0.3,0.5,0.3,,,,,0.6,0.5,0.6,0.6,0.6,0.4,0.3,0.4,,0.2,0.5,0.5,0.3,0.6,0.5,0.4,0.7,0.9,0.8,0.2,,,,,0.2,0.3,0.4,0.5,0.3,0.4,0.4,,0.4,0.4,0.4,0.3,0.4,0.7,0.8,0.5,0.4,0.4,0.7,0.6,0.5,0.5,,0.5,0.3,0.2,0.2,0.2,0.3,0.6,0.5,0.4,,0.3,0.6,,0.8,0.6,,0.4,0.2,0.5,,0.3,,0.3,,0.6,0.6,0.4,0.7,0.4,0.7,0.5,0.5,0.4,0.5,0.4,0.4,0.5,0.5,,0.5,0.8,0.2,0.5,0.7,0.4,,0.2,0.3,0.3,0.3,0.4,0.3,,0.7,0.8,0.3,0.1,0.5,,0.2,0.3,0.1,,0.3,0.7,0.7,0.5,0.5,0.3,0.4,,0.4,0.3,,0.5,0.4,0.5,0.3,0.8,0.5,0.3,0.4,0.2,,0.8,0.1,0.4,0.2,0.3,0.3,0.5,0.6,0.4,,,0.7,1.7,1,0.7,,0.3,0.7,0.9,0.5,2.8,0.4,0.4,0.6,0.5,0.3,0.5,0.7,0.6,,0.4,0.6,0.5,0.8,0.5,0.5,0.5,,0.4,,0.3,0.9,0.6,0.5,1.2,3.8,0.1,0.6,0.4,0.4,0.8,0.4,0.5,0.4,,,0.3,0.4,0.2,0.3,,0.9,0.6,0.5,0.4,,0.4,0.3,,,0.2,0.3,0.2,0.6,0.4,0.5,0.3,0.2,0.3,0.4,0.6,0.6,0.3,0.4,0.6,,1.1,0.4,,0.5,0.6,0.2,0.3,0.2,0.4,0.4,0.5,0.7,0.6,0.5,0.5,0.4,0.7,0.4,0.9,0.3,0.6,0.3,0.3,0.5,0.2,0.5,0.8,0.5,0.6,0.5,0.3,0.5,0.3,0.4,,0.6,0.5,0.4,0.4,0.6,0.6,0.7,1,0.5,0.3,0.8,0.8,0.7,0.5,0.7,0.5,,0.6,0.5,0.4,0.4,0.7,0.4,0.6,,0.5,0.5,0.3,0.3,0.3,0.3,0.4,0.5,0.5,0.9,0.4,0.6,0.3,0.4,0.5,0.3,0.6,0.6,1.1,,0.7,0.5,0.3,0.4,0.4,,0.1,0.4,0.4,0.3,0.4,0.3,0.5,0.4,0.4,0.6,0.4,0.5,0.7,0.6,0.2,0.1,,0.6,,0.5,0.6,0.6,0.6,0.5,0.6,0.5,0.8,0.8,0.6,0.6,0.6,0.4,0.5,0.5,,0.5,,0.4,0.5,0.6,0.6,0.8,0.6,0.2,0.2,0.6,0.9,0.2,0.9,0.4,0.5,0.7,0.5,1.1,0.8,0.3,0.4,0.6,0.4,,0.3,0.5,0.5,0.7,0.8,0.7,0.4,0.5,0.5,0.4,0.6,0.7,0.3,0.4,0.3,0.5,0.2,0.5,0.3,0.4,0.5,0.6,0.2,0.7,0.2,0.4,0.1,0.3,0.3,0.2,0.6,0.5,0.4,0.3,0.4,0.5,1.2,0.6,0.2,0.6,0.7,0.5,0.6,,0.5,0.6,0.7,0.7,0.9,0.7,0.3,0.4,0.4,0.4,0.3,0.3,0.4,,0.3,0.4,0.3,1.1,0.2,0.5,0.5,0.3,0.5,0.2,,0.4,0.4,0.3,0.2,0.5,0.4,0.3,0.4,0.4,0.7,0.6,0.4,0.4,,0.6,0.5,0.7,,0.4,0.4,0.5,0.8,0.6,0.3,0.3,0.3,0.7,0.8,0.5,0.4,0.2,0.5,0.5,0.5,0.4,0.4,0.9,0.5,0.4,0.6,0.4,0.4,0.4,0.6,,0.5,0.4,0.5,0.7,2.2,0.6,0.5,0.4,0.4,0.5,0.3,0.6,0.3,0.4,0.7,0.5,0.3,0.6,0.3,0.4,0.5,,0.7,0.4,0.3,0.5,0.4,0.2,0.6,0.8,0.9,0.4,0.6,0.4,0.4,,0.5,0.7,0.8,0.7,0.6,0.5,0.4,0.4,0.5,,0.6,0.5,0.6,,0.5,0.4,0.6,0.5,0.4,0.4,0.5,,0.5,,0.5,0.7,,1.3,0.5,0.2,0.4,0.5,0.6,0.4,0.3,,0.4,0.6,0.6,0.5,,,0.8,0.6,0.4,0.3,0.4,0.4,1.2,0.6,1,0.4,2.9,0.2,0.3,0.1,0.4,0.2,0.4,0.3,0.2,0.3,0.5,0.5,,0.6,0.7,0.6,0.7,0.6,0.7,1.1,0.6,0.3,0.6,0.6,0.4,0.6,0.4,0.3,1,,0.2,0.5,0.5,0.4,0.8,0.5,0.5,0.5,,0.5,0.4,0.4,0.5,0.7,0.8,1.5,,0.7,0.2,0.5,0.5,0.4,0.4,0.6,0.5,,0.5,0.4,0.4,0.4,0.5,0.5,0.8,0.6,0.7,1.5,0.5,0.4,0.3,0.4,,0.5,0.6,0.2,0.4,0.6,0.8,0.4,0.6,0.5,0.5,0.5,0.4,0.5,0.5,0.5,0.7,0.3,1,0.6,0.3,0.8,0.9,1,0.4,0.5,0.4,0.5,0.4,0.4,0.4,0.2,0.3,0.9,0.1,0.5,0.2,0.4,0.3,0.3,0.3,0.5,0.4,0.7,0.5
20210719,3,CO_24h,0.6,0.6,0.8,0.8,0.7,0.7,0.6,0.7,0.5,0.7,0.7,0.5,,,0.8,,0.9,0.8,0.6,,1,,0.4,0.5,,0.6,0.5,,0.5,0.6,0.5,0.6,0.6,0.3,0.5,,0.7,0.6,,0.7,0.5,0.3,0.1,0.3,,0.3,,0.4,0.4,0.3,0.1,0.4,0.3,0.1,0.1,0.1,0.3,,0.4,0.3,0.1,0.6,0.7,0.8,,0.7,0.6,0.3,,0.5,0.3,0.1,0.2,0.1,0.5,,,0.4,0.2,0.3,0.7,,0.5,0.6,0.5,0.6,0.4,0.6,,0.5,0.5,,,0.4,0.5,0.4,0.4,0.9,0.9,1.2,,0.7,1.1,1.1,1.1,1,,1,0.7,0.5,0.5,0.6,0.4,0.5,0.5,0.5,0.6,0.6,0.6,0.5,0.7,0.5,0.6,0.4,0.5,0.4,0.4,0.5,0.4,0.7,0.5,,0.5,0.6,0.4,0.6,0.5,0.6,0.3,0.4,0.4,0.4,0.3,0.4,0.5,,0.4,0.3,0.4,0.2,0.4,0.6,0.3,0.3,0.8,0.5,0.5,0.7,0.4,0.2,,0.3,0.5,0.3,0.2,0.2,0.5,0.4,0.3,0.4,0.5,0.5,0.3,,,,0.5,0.4,,0.5,0.3,0.3,,,,0.6,,0.4,0.2,0.4,0.3,0.4,0.3,,0.3,0.6,,,,0.6,0.5,,0.5,0.8,0.7,0.4,0.2,,0.2,0.2,0.3,0.1,0.2,,0.5,0.3,,0.3,,0.4,0.5,,0.4,0.4,,0.6,0.3,0.7,,0.5,0.4,0.4,0.3,0.4,0.6,0.4,,,0.3,0.4,0.4,0.4,0.4,0.4,0.4,,0.7,,,0.5,,0.6,0.5,,0.3,0.3,0.2,0.3,0.4,0.5,,0.3,0.4,0.3,0.3,0.4,0.3,0.3,0.4,0.4,0.4,0.5,0.5,0.4,0.5,0.5,0.4,0.5,0.4,0.3,,0.5,0.6,0.5,0.4,0.3,0.5,0.3,1,0.8,0.6,,0.8,0.6,,,0.7,0.4,0.2,0.6,,0.4,0.4,0.6,0.4,0.3,,,0.1,0.3,0.5,0.1,0.2,0.4,0.6,0.4,0.5,0.4,0.7,0.5,,0.5,0.5,0.9,0.9,0.7,1,0.8,0.7,0.9,,0.9,0.4,0.8,0.7,0.6,0.7,0.6,0.6,0.4,0.5,0.6,0.3,0.6,0.6,,0.5,0.5,0.6,0.6,0.6,0.5,0.6,0.5,0.4,0.6,0.6,0.5,0.5,0.4,,0.7,0.4,0.4,0.4,0.5,0.5,0.5,0.6,0.4,0.5,0.4,0.4,,0.5,0.4,0.5,0.7,0.6,0.5,0.5,0.5,0.6,0.5,0.5,,,0.6,0.5,0.7,0.4,0.6,0.6,0.7,0.5,0.5,0.5,0.3,0.4,0.5,0.5,0.5,0.6,0.4,0.6,0.6,0.5,0.3,0.4,0.4,0.4,0.4,0.6,,0.5,0.8,0.7,0.7,1,0.3,0.5,,,0.9,0.5,1,0.7,0.6,,0.4,0.4,0.5,0.6,,,0.5,0.3,0.3,0.3,0.5,0.6,0.6,0.4,0.6,0.4,0.7,,0.4,0.3,0.3,0.3,0.3,0.4,0.2,0.4,0.2,0.4,0.4,0.3,0.4,0.8,0.7,0.7,0.7,0.5,0.7,0.4,,0.7,0.8,0.6,0.7,,0.6,0.5,0.5,0.6,,,,0.7,0.3,,,,0.5,0.6,0.7,0.5,0.7,0.3,0.8,,0.8,0.7,0.6,0.6,0.6,0.6,0.9,0.7,0.5,0.8,0.5,0.4,0.5,0.7,0.7,0.7,,0.6,0.9,0.7,0.7,0.7,0.7,0.8,0.7,0.6,,0.4,0.9,0.4,0.4,0.5,0.3,0.6,0.7,0.5,0.6,0.4,0.5,0.3,0.5,0.2,0.3,0.3,0.3,,0.5,,0.3,0.6,0.3,0.8,0.5,,0.6,0.7,,,0.4,0.5,0.6,0.3,,0.2,0.5,0.2,,0.2,0.1,0.1,0.4,0.3,0.2,0.1,0.2,0.2,0.3,,,,0.3,,0.3,0.7,,0.4,0.4,0.5,0.6,0.5,0.2,0.3,0.4,0.4,0.4,,0.3,,,0.9,,0.9,0.7,0.6,0.3,0.6,0.5,0.2,0.4,,0.5,0.4,0.6,0.5,0.4,0.4,0.5,0.6,0.7,0.9,0.5,0.6,0.6,0.3,0.5,0.5,0.7,0.7,0.6,0.5,,0.5,0.5,0.4,,0.6,0.6,,0.4,0.7,0.6,0.6,0.5,,0.6,0.8,,,0.5,0.5,,0.6,,0.8,0.6,0.7,0.6,0.6,0.5,,0.7,0.6,,0.6,0.6,,0.6,,0.8,0.8,0.7,,0.7,0.7,0.3,0.2,0.1,,0.6,0.8,0.7,1.2,1,0.5,0.2,0.6,0.7,0.5,0.6,0.5,0.7,0.4,1.2,2,0.7,0.6,0.7,0.7,0.6,0.4,0.6,0.5,0.7,0.5,0.5,0.7,0.6,0.5,0.4,0.5,0.2,,0.1,0.4,0.4,0.3,0.4,0.3,0.4,0.3,0.5,0.3,0.4,0.6,0.7,0.6,,0.9,0.8,0.8,,0.5,0.6,0.5,0.5,0.7,,0.5,0.3,0.3,,0.6,,0.7,0.3,0.4,0.3,0.4,0.5,0.3,,,,0.5,,0.5,,0.4,0.4,0.3,,0.6,0.6,0.6,0.6,0.6,,0.7,,0.4,0.6,0.6,0.5,0.5,0.8,,0.7,0.6,0.4,0.7,0.6,0.5,,0.7,,,0.8,0.3,0.3,0.5,,0.6,0.7,0.6,0.7,0.7,0.4,0.5,0.7,0.5,0.6,0.7,1,0.8,0.7,0.4,0.3,0.3,0.5,0.8,0.4,0.6,0.7,0.7,0.5,0.8,,0.8,2.6,2,0.8,0.6,0.7,0.9,0.8,,,,,0.5,0.5,,0.6,1.3,0.5,0.3,0.3,0.4,0.4,0.6,0.4,0.5,0.4,0.4,0.6,0.5,0.8,0.7,0.8,,0.7,0.7,0.8,,0.7,0.6,,0.6,0.6,0.7,0.5,0.8,0.7,0.5,0.4,0.5,0.6,0.7,0.7,0.6,,0.5,0.7,0.4,0.4,0.6,0.3,0.6,0.6,0.5,,0.5,0.4,0.3,0.4,0.3,0.2,0.5,0.1,0.1,,0.5,,0.4,0.4,0.4,0.3,0.2,0.4,0.1,0.2,0.3,,,0.3,0.3,0.4,0.5,0.3,0.3,0.1,0.5,,,0.6,,0.7,0.3,0.6,0.5,0.5,0.7,0.3,0.5,0.4,,0.6,0.7,0.7,0.5,0.5,0.4,0.3,0.3,0.3,0.6,0.7,0.2,0.2,,0.5,0.3,,0.4,0.4,0.5,0.6,,,0.6,0.5,0.5,0.5,0.4,0.5,0.8,0.7,0.5,,,0.4,0.7,0.8,0.8,0.6,,0.6,0.7,0.5,0.8,0.7,0.6,0.3,,0.4,0.7,0.7,,,0.7,1,,0.6,0.6,0.5,,0.5,,0.9,0.8,,,,0.5,,,0.7,0.6,0.5,,,0.3,0.3,0.3,0.3,0.4,0.3,0.3,0.3,0.3,0.4,0.4,0.5,0.5,0.4,0.5,0.8,0.8,0.5,0.6,0.8,0.4,0.3,0.5,0.4,,0.6,0.5,0.5,,0.4,0.6,0.5,0.5,0.5,0.4,0.5,0.4,0.4,0.5,0.4,0.4,,,0.5,0.7,0.7,0.7,0.6,1.1,0.4,0.8,0.5,0.9,1,0.7,0.7,0.6,0.7,0.7,0.7,,,0.5,0.8,0.7,0.6,0.3,0.3,,0.7,0.5,0.5,,0.6,0.6,0.5,,0.4,0.5,0.5,0.5,0.5,0.5,0.6,0.5,0.7,0.5,0.5,0.7,0.7,0.4,0.4,0.6,,0.2,0.4,0.3,,0.6,0.4,,0.6,,0.4,,,,0.4,0.5,0.6,0.4,0.6,0.8,,0.7,,0.4,0.4,0.4,0.4,0.6,0.5,0.5,0.4,0.6,0.6,0.7,0.6,0.1,0.5,0.4,0.3,0.5,0.6,0.5,0.5,0.4,,0.5,0.3,0.7,0.4,0.6,0.7,0.4,1.3,1.2,0.9,1.1,0.3,0.4,0.6,1.1,,0.4,0.5,0.6,0.4,0.5,1,0.9,0.6,0.9,1.3,0.5,0.7,0.7,0.5,0.6,,0.5,0.7,0.6,0.5,0.6,0.5,0.5,0.6,0.5,0.8,0.8,,0.4,0.5,0.4,,0.4,0.5,0.5,0.5,,0.5,0.4,0.6,,0.6,0.6,0.4,0.6,0.6,0.8,0.9,0.7,0.6,0.6,0.6,0.5,0.6,,0.5,0.4,0.6,1.1,0.8,,0.9,1,0.4,0.7,0.9,0.7,0.6,0.8,0.8,0.7,0.7,0.6,,0.6,0.8,0.5,,1,1,,0.5,0.4,0.5,0.4,,0.6,0.6,0.7,0.9,1,0.7,0.6,0.6,0.7,0.5,0.6,0.5,0.6,0.6,0.5,0.5,,0.4,0.9,1,1.3,0.5,0.4,0.5,0.4,0.6,0.6,0.6,0.6,0.5,0.7,1.2,0.9,0.9,0.7,1.2,0.4,0.8,0.7,1,1.1,0.4,0.3,0.7,0.9,0.7,0.8,0.7,0.4,0.7,0.4,0.6,0.6,0.5,0.6,0.7,0.7,0.8,0.5,0.5,0.5,0.6,0.6,0.5,0.6,0.6,0.6,0.7,0.8,0.8,0.5,0.4,0.5,0.4,,0.3,0.3,0.3,0.2,0.2,0.5,0.4,0.5,0.5,0.5,0.5,0.6,0.6,0.3,0.4,,,0.4,0.4,0.7,,0.6,0.5,0.4,0.4,0.4,0.5,,0.3,0.5,0.3,,,,,0.5,0.4,0.4,0.5,0.5,0.3,0.2,0.5,,0.3,0.6,0.6,0.5,0.7,0.6,0.5,0.7,0.7,0.6,0.4,,,,,0.3,0.3,0.4,0.4,0.4,0.5,0.4,,0.5,0.5,0.4,0.3,0.4,0.8,0.7,0.6,0.5,0.4,0.7,0.7,0.6,0.6,,0.5,0.4,0.3,0.3,0.3,0.3,0.6,0.5,0.5,,0.4,0.6,,0.8,0.6,,0.4,0.2,0.5,,0.3,,0.3,,0.6,0.8,0.5,0.6,0.5,0.6,0.5,0.6,0.4,0.6,0.4,0.4,0.5,0.5,,0.6,0.6,0.2,0.4,0.6,0.3,,0.3,0.3,0.2,0.3,0.4,0.3,,0.6,0.8,0.3,0.2,0.6,,0.2,0.2,0.2,,0.4,0.7,0.6,0.4,0.5,0.3,0.4,,0.2,0.3,,0.4,0.3,0.4,0.3,0.8,0.7,0.3,0.4,0.3,,0.6,0.1,0.3,0.4,0.3,0.3,0.5,0.6,0.4,,,0.6,0.9,0.7,0.7,,0.3,0.5,0.7,0.4,1.2,0.3,0.5,0.6,0.6,0.4,0.6,0.7,0.6,,0.5,0.6,0.4,0.7,0.4,0.4,0.5,,0.4,,0.3,0.9,0.5,0.4,1.1,1,0.7,0.5,0.4,1.1,0.8,0.5,0.4,0.4,,,0.5,0.4,0.3,0.6,,0.8,0.5,0.5,0.6,,0.4,0.4,,,0.3,0.4,0.3,0.4,0.4,0.5,0.4,0.2,0.3,0.5,0.6,0.7,0.5,0.4,0.7,,0.9,0.5,,0.5,0.6,0.3,0.4,0.2,0.5,0.4,0.5,0.6,0.7,0.5,0.2,0.4,0.8,0.3,0.6,0.3,0.3,0.3,0.5,0.5,0.3,0.6,1,0.4,0.5,0.4,0.3,0.5,0.5,0.4,0.2,0.7,0.6,0.4,0.5,0.5,0.6,0.7,0.4,0.5,0.4,0.9,0.6,0.8,0.5,0.7,0.6,,0.6,0.4,0.3,0.4,0.7,0.5,0.6,,0.5,0.5,0.4,0.4,0.3,0.3,0.4,0.6,0.4,0.9,0.3,0.6,0.5,0.4,0.6,0.3,0.6,0.5,0.7,,0.6,0.4,0.3,0.5,0.4,,0.4,0.4,0.4,0.3,0.4,0.2,0.4,0.3,0.4,0.6,0.4,0.6,0.7,0.7,0.3,0.2,,0.5,,0.5,0.6,0.5,0.6,0.4,0.6,0.6,0.7,0.7,0.6,0.7,0.6,0.4,0.5,0.5,0.6,0.6,0.5,0.4,0.6,0.6,0.6,0.8,0.6,0.2,0.3,0.5,0.9,0.2,0.7,0.4,0.6,0.6,0.6,0.6,0.6,0.3,0.5,0.6,0.5,,0.3,0.6,0.4,0.5,0.7,0.6,0.4,0.6,0.6,0.5,0.7,0.7,0.5,0.6,0.4,0.5,0.4,0.5,0.3,0.4,0.6,0.7,0.3,0.4,0.1,0.3,0.1,0.3,0.3,0.3,0.6,0.5,0.5,0.4,0.6,0.4,1,0.7,0.2,0.6,0.7,0.6,0.6,0.5,0.4,0.6,0.5,0.7,0.9,0.6,0.3,0.3,0.4,0.4,0.3,0.2,0.4,,0.5,0.6,0.6,0.7,0.4,0.5,0.6,0.3,0.6,0.2,,0.3,0.4,0.4,0.2,0.5,0.4,0.3,0.5,0.3,0.4,0.6,0.3,0.3,,0.6,0.5,0.6,0.6,0.4,0.5,0.6,0.7,0.5,0.4,0.4,0.4,0.7,0.3,0.5,0.3,0.3,0.5,0.6,0.7,0.6,0.3,0.6,0.5,0.4,0.6,0.3,0.4,0.5,0.5,,0.2,0.4,0.5,0.6,1.6,0.5,0.5,0.3,0.5,0.5,0.5,0.6,0.3,0.3,0.8,0.6,0.4,0.6,0.4,0.4,0.5,,0.5,0.5,0.3,0.5,0.3,0.3,0.7,0.8,0.9,0.4,0.3,0.4,0.7,,0.4,0.6,0.7,0.7,0.6,0.4,0.4,0.4,0.4,0.7,0.6,0.6,0.6,0.8,0.5,0.4,0.6,0.4,0.4,0.3,0.4,,0.5,,0.5,0.7,,1.2,0.6,0.5,0.4,0.4,0.5,0.5,0.3,,0.3,0.7,0.7,0.5,,,0.8,0.7,0.3,0.2,0.4,0.4,0.6,0.5,0.8,0.4,0.7,0.2,0.3,0.1,0.4,0.2,0.3,0.3,0.2,0.4,0.5,0.6,0.5,0.6,0.7,0.6,0.8,0.7,0.6,1.1,0.7,0.4,0.6,0.6,0.5,0.6,0.5,0.3,0.7,,0.4,0.5,0.5,0.5,0.8,1,0.7,0.7,0.5,0.5,0.4,0.5,0.4,0.7,1,1,,0.8,0.3,0.5,0.6,0.6,0.4,0.5,0.5,,0.6,0.3,0.4,0.5,0.4,0.5,0.8,0.6,0.7,1,0.4,0.4,0.3,0.4,,0.6,0.5,0.3,0.4,0.7,0.7,0.3,0.7,0.5,0.5,0.7,0.4,0.7,0.7,0.5,0.6,0.4,0.9,0.8,0.4,0.3,0.7,0.7,0.5,0.5,0.6,0.6,0.5,0.5,0.5,0.2,0.4,0.7,0.1,0.4,0.1,0.4,0.4,0.4,0.5,0.5,0.7,0.7,0.5
20210719,4,AQI,14,37,21,17,19,15,16,23,24,28,16,24,,,37,,30,31,53,,35,,33,39,,29,31,,26,28,30,29,26,30,30,,52,55,,53,57,30,45,42,,60,,25,25,26,34,37,47,43,32,38,19,,17,34,29,48,42,37,,49,47,50,,52,36,39,38,14,13,,30,24,20,22,34,,20,24,25,44,43,34,,19,21,,,25,18,24,23,28,44,44,,49,28,38,34,40,,30,28,34,27,29,28,30,29,40,30,19,54,51,59,52,48,19,13,35,51,51,16,24,,,23,26,27,,17,15,41,31,19,26,20,22,17,,20,22,19,25,36,29,24,24,42,,29,31,31,25,,19,22,18,39,21,22,18,33,23,45,35,18,,,,,27,,32,39,27,,,,48,,19,29,25,18,18,24,,29,36,,,,34,49,,46,46,49,36,27,,32,38,23,33,22,22,33,20,,28,,30,24,,22,15,,41,28,38,,40,32,25,30,23,17,19,,,11,18,20,30,33,29,44,,22,,,24,,27,24,,16,21,20,15,13,16,,22,27,26,36,26,38,35,29,27,14,25,27,14,22,24,39,19,24,22,,21,20,23,17,31,26,32,34,47,29,,38,30,,,32,29,17,39,,36,22,29,24,19,,,21,22,25,24,25,27,30,28,32,32,36,39,,41,32,22,26,17,19,25,51,26,,25,21,20,20,20,26,31,31,25,22,26,21,30,29,,34,40,28,29,29,24,26,33,11,11,10,9,11,16,,,15,13,22,10,15,10,18,17,17,28,21,,54,58,34,8,9,9,8,17,19,21,17,,,30,28,32,17,15,18,15,19,38,,28,32,48,31,28,29,28,26,,34,15,15,20,12,15,18,,32,36,27,32,34,31,24,,,31,28,32,33,25,,21,19,21,17,,,52,29,27,34,46,39,39,57,44,29,36,,22,22,20,23,23,22,20,20,17,21,18,22,33,30,30,44,29,32,21,29,,38,20,39,23,,39,46,60,44,,,,16,35,,,,43,43,60,69,,71,70,,60,33,22,38,24,30,16,20,,22,22,35,8,22,23,40,,67,24,46,53,59,57,30,41,62,,29,28,21,28,24,20,27,25,25,22,37,37,40,46,19,19,23,20,,46,,32,23,22,24,36,,44,30,,,30,32,31,50,,24,35,31,,27,32,27,24,29,20,26,22,43,41,,,,25,,20,34,,26,23,25,36,25,24,27,32,25,43,,28,,,18,,16,25,22,24,25,61,22,24,,32,22,18,20,38,21,25,31,30,39,,24,31,15,20,12,48,23,22,17,,19,31,24,,26,24,,42,45,37,37,26,,32,16,,,31,30,,42,,18,24,33,22,19,20,,21,20,,35,30,,43,,29,38,35,,24,23,20,23,22,,23,27,20,29,39,18,19,52,21,21,26,22,26,19,29,51,30,17,22,58,65,37,52,45,25,26,20,23,30,20,31,22,31,,34,14,12,19,42,12,46,34,26,38,36,35,35,26,,30,30,50,,29,22,21,19,23,,35,23,27,,18,,30,19,21,24,25,33,33,,,,27,,34,,24,38,35,,30,23,25,31,38,,38,,19,16,13,28,25,23,,45,32,26,28,30,25,,26,,,20,26,23,20,,22,67,52,35,20,26,22,27,39,42,37,37,40,46,20,16,34,35,34,33,21,35,34,35,25,,34,30,35,39,25,28,29,22,,,,,34,23,,27,32,31,39,28,30,52,25,40,37,41,32,14,17,34,23,20,,23,30,47,,28,26,,29,45,37,36,33,32,40,32,38,31,20,22,33,,52,47,500,59,33,33,,32,31,,24,52,39,32,34,25,29,44,44,,20,,,25,25,17,22,23,,,,,,28,27,20,,,22,,24,,,30,,22,23,19,26,33,35,28,26,20,,48,44,37,37,41,22,21,28,27,29,28,22,22,,46,34,,28,27,22,16,,,23,16,23,15,30,20,23,19,23,,,25,24,21,38,16,,23,20,29,27,19,23,20,,25,26,20,,,23,21,,25,21,30,,46,,43,42,,,33,19,,,50,36,43,,,23,47,19,19,47,49,50,45,35,42,30,37,29,28,20,25,26,,36,31,53,45,55,51,,27,21,28,,20,26,25,30,36,40,36,29,18,23,13,31,,,60,24,26,55,16,47,14,33,16,42,26,43,26,18,34,43,16,,,10,57,62,69,15,18,,,23,18,,19,19,34,,25,45,35,28,25,27,21,20,28,39,24,49,18,28,21,33,,21,22,9,13,35,34,,18,,16,,,,15,20,17,17,24,23,,20,,28,29,23,21,20,20,23,15,48,29,62,20,24,19,19,18,30,28,35,28,20,,28,38,37,24,22,39,5,35,26,26,29,19,37,21,25,,23,49,39,39,13,21,22,20,26,35,30,23,29,29,34,,36,31,23,27,30,26,34,22,46,55,48,,28,28,21,,23,27,27,36,,33,36,22,,24,23,,26,29,21,20,21,21,25,42,43,39,,19,20,19,30,30,,41,30,,23,20,17,19,29,64,40,25,29,,20,23,23,,22,25,,25,20,15,15,,14,14,19,18,23,42,24,,,27,,30,,36,49,39,,13,12,17,15,15,18,20,22,20,37,51,30,39,52,36,35,55,60,54,36,17,18,42,18,24,20,16,40,39,50,46,23,46,19,17,48,24,67,57,52,70,40,40,36,37,42,25,23,,25,66,84,69,33,17,22,17,,25,,23,13,28,17,22,31,32,16,17,15,20,15,16,,,23,35,38,,46,20,19,17,22,28,,20,16,21,,,,,37,17,14,21,18,21,19,29,,22,38,22,25,23,24,19,19,24,21,22,,,,,35,34,20,15,18,18,26,,36,20,,26,23,28,21,31,15,15,29,22,28,16,,29,23,12,11,15,12,18,25,22,,15,12,,23,16,,14,16,20,,23,,34,,18,9,28,41,49,33,24,23,24,26,17,27,15,22,,27,30,25,28,22,45,,38,31,22,42,500,500,,30,,25,29,21,,41,45,25,,26,33,23,31,17,35,37,,30,35,,38,,,,46,36,62,27,28,,52,44,42,33,33,26,21,22,22,,,60,66,71,23,,21,57,43,69,45,33,20,28,23,27,25,16,25,,43,31,39,48,16,30,22,,19,,22,38,78,28,35,49,500,32,42,28,38,27,28,16,,,40,26,19,31,,48,32,52,26,,31,38,,,19,38,48,19,30,24,20,18,17,34,23,28,31,32,40,,45,28,,38,24,24,17,33,46,26,38,38,26,22,40,19,40,24,51,45,45,49,16,36,15,40,45,32,48,27,16,21,36,38,35,24,22,20,22,28,28,28,33,34,25,26,31,30,,24,34,,34,24,29,17,23,15,12,,55,63,21,17,16,21,32,26,46,41,72,42,39,37,25,16,35,43,22,,30,50,64,64,37,,500,21,17,19,23,23,23,28,19,29,16,27,43,64,35,20,,45,,31,25,22,43,24,21,32,36,23,29,21,17,10,14,11,,35,40,14,41,11,18,26,51,20,39,48,31,32,34,45,23,41,24,23,28,33,23,21,24,,17,29,12,18,35,16,16,30,25,30,22,40,26,30,17,29,23,16,18,20,32,21,24,50,45,31,32,29,27,22,41,40,31,22,15,26,25,23,16,26,20,31,35,17,37,44,52,31,57,34,24,20,22,18,22,44,47,,21,45,34,53,44,34,23,39,25,29,,25,30,22,22,25,19,32,26,27,66,48,59,79,,26,30,18,,15,15,11,34,23,16,21,9,28,23,46,23,23,63,60,54,24,31,33,20,18,19,31,33,28,22,,23,35,30,43,56,42,27,22,30,34,28,24,16,22,28,35,40,42,22,39,31,,50,21,23,24,24,24,,45,38,31,31,22,31,,27,51,55,29,19,32,27,16,39,,32,42,35,69,49,16,24,21,17,27,25,,26,,14,15,,15,25,16,22,32,33,34,21,,24,30,24,20,,,22,27,29,30,35,55,70,63,83,21,21,36,60,39,69,57,66,69,51,45,21,27,,20,25,28,28,22,41,46,59,19,25,35,36,23,35,36,74,500,500,13,20,35,43,25,59,20,9,35,9,30,31,29,16,42,,36,37,21,25,17,26,35,23,20,48,38,28,34,28,48,38,41,12,38,25,43,31,19,,20,38,23,31,18,30,20,29,31,35,13,25,20,20,33,37,24,31,23,42,26,15,62,73,19,34,15,28,,26,60,,51,31,50,27,42,21,29,29,16,18,34,48
20210719,4,PM2.5,8,10,5,7,4,6,11,8,9,10,5,16,,,22,,16,14,33,,21,,21,25,,20,17,,17,19,14,18,12,21,16,,34,39,,37,30,13,31,29,,32,,8,7,7,21,21,22,30,22,11,9,,7,7,16,27,29,24,,34,26,13,,10,25,16,26,5,9,,21,12,7,,20,,11,13,17,22,18,22,,10,10,,,9,10,12,14,17,18,18,,17,13,18,17,22,,20,16,20,18,20,13,15,20,28,21,13,31,24,30,20,19,13,8,17,18,27,7,7,7,,9,10,11,,10,7,12,7,13,18,10,14,6,,12,15,11,17,17,12,14,12,24,18,17,19,12,17,,13,9,9,27,12,15,12,23,16,31,24,5,,,,20,12,,14,15,16,,,,22,,7,14,14,12,12,14,,12,9,,,,21,17,,32,22,24,15,18,,21,13,13,23,14,14,15,13,,18,,11,11,,13,10,,17,14,20,,16,22,15,14,16,2,12,,,4,6,8,12,14,11,20,,12,,,14,,17,14,,7,9,11,8,9,8,,15,12,18,16,12,26,6,18,12,,14,5,7,5,12,17,5,12,4,,11,10,9,9,13,11,13,14,19,14,,19,8,,,18,15,10,15,,17,12,15,15,5,,,14,,10,2,12,17,20,14,22,22,25,17,,16,18,15,18,7,13,17,21,18,,7,13,14,14,14,18,12,13,17,15,13,13,12,16,,12,15,12,16,12,11,14,13,1,,,,2,4,,,1,3,10,1,1,1,12,5,11,12,2,,34,15,12,2,,3,,7,6,1,6,,,14,14,10,8,8,12,4,5,24,22,17,21,20,21,17,20,17,14,,15,10,5,10,4,4,8,,20,19,15,13,12,8,9,,,16,10,16,14,14,,13,11,11,9,,,30,9,9,12,14,22,9,17,22,17,7,,12,4,6,5,8,15,3,4,4,2,3,,23,21,19,18,20,22,12,19,,26,14,23,16,,27,19,23,10,,,,3,6,,,,21,9,13,35,77,32,31,,37,22,15,26,14,17,11,14,,11,15,24,5,15,14,13,,25,13,21,20,9,22,9,24,34,,20,16,14,17,12,11,16,15,17,12,23,23,28,32,6,4,12,3,,24,,22,16,15,14,25,,17,19,,,19,22,19,29,,14,22,19,,9,14,9,14,20,14,18,9,30,22,,,,17,,14,14,,9,15,14,17,6,2,5,22,17,30,,19,,,12,,10,17,12,13,9,11,12,10,,13,13,12,11,17,4,17,19,21,9,,13,14,4,2,4,12,11,11,8,,9,16,14,,12,16,,24,23,16,22,12,,13,6,,,13,16,,10,,7,1,18,15,7,14,,7,6,,24,21,,30,,15,26,24,,16,6,10,16,11,,10,10,10,12,27,10,8,36,13,10,14,10,16,8,13,25,9,7,7,41,30,22,36,31,17,12,7,16,18,14,13,8,10,,16,4,5,7,22,4,24,18,16,23,25,21,23,17,,21,17,28,,20,12,9,12,8,,12,16,12,,11,,4,7,10,13,15,23,14,,,,18,,22,,15,24,24,,21,16,15,14,16,,18,,,2,5,12,7,6,,31,21,16,19,21,16,,13,,,14,12,7,14,,13,48,32,21,14,5,5,15,24,29,25,24,26,26,10,8,11,6,7,16,10,19,16,19,11,,21,13,24,22,17,19,15,11,,,,,6,7,,10,19,21,18,19,21,36,15,14,24,20,20,5,6,21,16,12,,16,18,21,,12,10,,13,28,24,22,23,20,18,16,26,17,14,12,17,,11,8,102,18,16,23,,4,2,,11,6,18,8,2,17,20,10,10,,,,,5,5,10,13,16,,,,,,19,17,11,,,4,,11,,,15,,15,16,9,15,23,24,19,18,13,,33,25,21,25,24,14,14,18,16,18,19,15,15,,17,14,,10,14,9,11,,,16,10,16,7,13,7,9,5,10,,,8,5,7,26,7,,,14,19,7,5,12,14,,17,18,8,,,12,8,,8,7,13,,3,,21,22,,,6,13,,,17,15,30,,,11,18,3,2,22,24,17,31,17,29,21,16,8,9,12,9,11,,15,14,24,26,31,34,,15,9,14,,10,10,6,14,25,28,25,20,6,16,4,21,,,26,14,12,22,5,27,9,23,11,29,9,30,13,9,12,14,8,,,7,40,44,50,6,6,,,16,4,,12,9,14,,14,14,24,6,1,16,10,13,1,22,9,20,11,19,9,23,,12,1,6,8,20,11,,10,,11,,,,1,8,2,7,7,8,,8,,19,19,14,7,4,14,16,2,24,12,44,11,6,6,7,8,15,17,12,13,9,,12,9,16,8,9,18,2,22,12,10,20,11,12,14,13,,4,34,22,27,9,7,9,14,18,14,18,14,20,20,17,,17,6,15,13,16,14,20,7,28,32,24,,19,19,2,,9,7,15,25,,18,25,13,,11,16,,18,18,6,14,10,13,13,19,17,18,,13,14,8,13,17,,16,13,,15,5,3,13,20,46,28,17,20,,13,14,16,,7,11,,15,4,10,5,,6,7,10,,2,19,13,,,15,,21,,25,27,27,,7,8,7,7,7,12,13,14,9,15,26,15,21,11,15,24,26,15,30,19,7,6,14,8,7,4,11,20,20,23,24,7,10,13,7,20,6,48,40,33,51,20,28,23,10,23,12,16,,17,19,50,46,23,9,14,10,,8,5,16,7,16,5,15,13,22,8,6,8,11,9,6,,,13,24,26,,29,14,9,4,7,15,,7,11,9,,,,,15,7,4,8,6,9,11,20,,4,26,4,4,5,9,8,12,16,10,15,,,,,11,13,12,9,4,4,18,,19,2,11,18,16,9,4,9,10,10,20,14,19,11,,20,16,4,5,8,6,12,6,15,,10,3,,8,8,,2,3,6,,6,,2,,6,6,10,23,18,22,9,10,10,12,7,11,10,10,,14,7,3,7,9,21,,9,16,15,12,110,116,,17,19,9,13,6,,16,24,5,,18,14,16,14,4,8,17,,14,17,,16,,,12,22,20,11,9,1,,22,8,7,8,6,2,2,11,15,,,12,27,36,16,,2,18,15,18,14,11,,13,16,18,16,9,17,,10,14,25,29,8,21,12,,13,,15,22,57,16,16,16,136,8,29,16,16,17,15,9,,,26,9,12,12,,19,11,31,10,,11,22,,,2,23,15,10,21,11,4,2,9,16,16,12,11,14,28,,23,18,,18,12,6,6,5,32,18,19,26,7,11,11,8,18,7,22,13,31,34,11,24,4,28,11,17,33,16,11,4,25,18,16,10,12,9,5,12,13,16,19,22,9,11,15,21,20,14,13,,18,8,11,4,5,9,7,,34,20,5,7,11,12,6,15,25,13,27,29,27,16,8,7,21,26,9,,13,19,20,19,7,,166,9,9,13,14,16,16,19,10,20,11,8,17,19,12,8,,21,,17,17,2,30,13,10,16,13,9,15,6,5,4,4,4,,21,19,,17,5,10,12,21,4,21,21,17,22,21,27,14,17,5,10,9,23,14,10,8,,10,11,5,9,10,7,11,17,9,6,12,28,14,2,7,20,5,5,5,14,12,13,5,23,31,19,22,19,13,14,23,14,12,13,10,18,11,16,5,18,14,10,24,11,17,28,36,14,26,20,14,14,13,10,13,25,8,,12,25,15,20,17,19,16,21,17,20,20,17,16,15,15,17,12,22,2,7,11,16,20,25,,14,20,9,9,6,7,1,14,12,4,9,2,14,13,32,15,16,24,29,30,10,14,22,12,8,11,15,17,19,7,,11,24,21,30,33,29,6,15,7,8,19,11,11,13,19,3,13,17,15,14,19,,35,14,12,14,12,7,31,20,18,13,20,13,13,,16,15,30,18,10,16,14,8,19,,22,29,22,50,34,11,9,9,8,11,12,,18,,6,8,,5,10,9,6,22,23,17,13,,13,16,11,14,,,9,10,15,19,18,25,51,40,61,10,12,25,29,27,31,30,32,13,27,16,11,18,,9,14,19,19,13,21,32,42,7,17,17,25,16,17,14,27,539,448,9,10,16,19,7,27,12,1,24,2,15,13,14,11,15,,20,8,12,17,1,11,15,2,14,33,18,17,12,8,28,20,17,5,18,13,24,14,9,,2,26,6,4,3,21,14,7,15,18,4,15,10,14,23,19,12,21,8,26,10,6,44,53,10,10,10,13,,12,11,9,14,14,21,5,18,6,20,20,8,1,18,30
20210719,4,PM2.5_24h,14,10,19,15,19,16,12,22,16,15,18,12,,,23,,18,15,24,,20,,20,21,,20,19,,16,14,9,14,9,18,13,,20,23,,26,20,14,22,17,,18,,15,17,12,14,13,9,14,11,9,11,,11,4,14,24,23,18,,31,20,13,,12,22,16,22,15,17,,18,11,6,2,14,,8,12,13,11,12,12,,13,14,,,12,13,14,13,17,21,21,,19,20,27,27,25,,26,14,18,16,15,16,12,18,18,16,8,19,13,23,15,14,12,8,14,15,17,10,11,14,,11,12,12,,12,11,16,11,13,18,14,15,13,,14,14,13,16,15,14,17,12,21,21,9,19,15,18,,12,12,13,23,15,13,13,13,12,20,13,9,,,,20,16,,20,17,17,,,,21,,8,15,13,11,15,13,,13,11,,,,16,14,,22,24,25,16,18,,17,13,12,19,17,14,10,11,,13,,13,15,,15,18,,19,17,15,,16,16,17,14,13,10,9,,,8,9,9,14,10,9,15,,14,,,16,,14,15,,10,12,13,11,12,10,,14,17,13,14,13,14,13,15,10,6,9,6,7,10,10,9,5,8,5,,11,8,6,7,12,11,10,9,10,9,,10,6,,,11,18,12,15,,22,15,15,19,13,,,8,9,9,7,11,13,17,14,15,16,18,15,,13,16,20,22,19,16,28,18,23,,14,10,18,20,18,16,12,15,16,18,16,12,11,12,,11,13,11,13,12,10,10,12,5,7,6,6,5,6,,4,5,5,10,3,5,6,14,9,10,12,7,,12,16,11,7,9,8,3,10,11,6,12,,,10,10,9,10,10,13,6,7,16,16,15,13,17,20,18,19,21,18,19,20,7,5,8,7,4,22,,20,24,27,19,18,15,19,,,22,15,20,24,17,,13,16,12,11,,,12,15,7,10,12,19,10,13,18,14,7,,11,7,8,11,14,16,3,5,3,4,7,3,14,15,14,12,15,18,12,13,,14,13,13,15,,22,13,18,14,,,,8,10,,,,17,17,9,19,39,20,14,,22,20,17,14,18,18,11,14,17,14,15,22,10,14,16,22,,22,21,24,18,16,25,21,25,23,,17,15,19,16,12,14,15,15,16,11,16,13,19,20,8,9,10,9,,16,,17,15,16,15,18,,16,21,,,19,17,18,21,,16,16,15,,15,15,11,17,17,15,18,11,17,13,,,,16,,14,12,,15,21,18,17,10,9,8,22,20,25,,18,,,18,,18,24,15,10,10,10,11,8,,14,13,11,10,17,8,14,13,13,10,17,16,17,10,12,10,12,12,12,10,,12,14,13,,14,12,,18,16,14,18,14,,17,9,,,19,18,,10,,10,12,10,14,7,8,,11,11,,20,21,,30,,14,22,18,,11,11,10,10,7,,14,13,15,18,20,13,9,27,17,15,18,13,22,12,17,26,13,11,10,26,20,18,22,22,12,10,12,10,13,10,12,9,10,,10,9,8,7,12,7,18,10,14,15,14,15,14,13,,15,15,19,,20,13,14,7,8,,8,8,9,,11,,15,9,8,13,12,13,12,,,,16,,19,,12,14,17,,19,20,17,16,15,,13,,11,8,14,17,17,13,,22,19,14,20,21,17,,18,,,16,9,10,7,,19,33,24,24,18,4,5,14,20,25,25,24,26,23,8,8,14,12,16,18,11,15,15,15,12,,24,15,24,21,16,15,16,10,,,,,9,8,,11,14,16,11,15,13,19,12,12,13,14,10,7,10,13,14,12,,15,17,17,,13,15,,17,18,16,19,19,17,17,14,21,16,16,10,10,,15,17,14,47,20,15,17,5,4,,7,6,15,10,12,14,16,12,12,,12,,12,8,8,8,9,13,18,13,13,,,14,13,14,13,11,12,15,15,,,15,,14,17,10,17,18,18,18,19,16,,21,14,18,19,21,17,17,19,18,18,20,12,13,,15,13,,14,15,8,12,,,14,15,12,10,16,12,11,10,12,,,16,6,10,12,9,,2,17,20,19,16,17,16,,18,14,19,,,22,21,,10,10,8,,9,,28,22,,,6,15,,,25,26,31,,,9,15,5,4,16,15,15,16,16,16,14,11,11,13,14,14,19,17,19,18,14,15,17,15,,20,16,14,,9,9,12,14,14,14,12,10,8,13,3,14,,,14,26,23,30,19,34,22,33,24,22,18,42,33,31,34,30,34,,,11,53,52,63,8,10,,58,18,11,,14,15,14,,15,17,12,12,7,16,13,16,10,17,10,11,12,10,7,12,,6,7,7,7,18,14,,13,,13,,,,4,6,5,7,10,9,,10,,11,12,10,7,10,11,8,7,19,18,26,13,10,9,7,8,17,16,12,11,9,,8,11,16,14,16,15,4,20,11,10,14,11,12,19,16,,8,16,15,17,16,12,14,12,12,13,20,20,22,20,18,,19,9,17,12,11,11,12,8,18,22,18,,11,16,20,,13,12,16,18,,16,17,13,,12,17,16,18,16,16,15,16,14,15,14,12,14,,19,19,16,16,17,,19,16,15,18,22,9,18,20,22,22,17,21,,24,23,25,,13,18,,15,6,11,11,,12,9,11,1,6,19,17,,,22,,26,,29,28,29,,8,6,7,6,8,13,11,17,15,15,17,16,24,22,10,15,22,17,25,16,28,20,25,30,9,8,9,20,17,24,20,5,11,5,12,17,9,40,45,40,39,20,21,21,6,18,19,21,33,28,35,36,35,17,11,10,9,,8,7,10,7,10,8,13,14,15,9,6,7,8,9,8,,,17,18,20,,22,10,7,5,9,19,,9,10,6,,,,,11,6,6,6,8,12,10,16,,7,36,10,9,11,12,10,13,13,7,7,,,,,8,9,11,7,8,6,12,,10,8,9,12,13,9,6,5,13,9,15,15,16,12,,11,14,6,6,11,5,9,5,13,,11,7,,11,5,,4,5,3,,9,,5,,4,4,10,13,11,14,15,13,14,15,6,11,7,11,,16,10,5,8,8,22,,12,17,8,7,21,23,,12,12,8,9,5,,14,16,12,,14,15,12,15,5,8,14,,10,14,,17,12,,9,31,29,12,16,8,,11,6,10,15,16,17,25,18,33,,,10,15,15,9,,6,14,13,15,19,10,4,12,20,19,18,11,13,,10,12,19,22,10,16,14,,14,,13,21,16,15,11,10,20,9,15,28,19,14,16,7,,,19,13,14,16,,17,18,20,13,,16,24,,,5,21,18,9,21,17,10,8,8,20,23,20,24,15,26,,20,17,,15,13,13,13,6,33,17,21,15,19,11,7,7,17,9,14,13,15,15,15,16,5,21,9,11,15,11,8,6,22,13,14,16,13,9,8,16,21,21,11,18,11,14,17,19,20,13,9,,13,7,11,10,8,7,6,,16,12,10,20,11,11,7,24,21,15,22,20,19,12,8,8,16,17,10,,13,19,18,20,9,,16,12,12,13,11,14,14,13,11,15,10,12,16,18,13,8,,20,,14,12,6,19,14,9,13,12,11,13,11,9,7,7,7,6,16,15,4,14,7,11,9,15,6,20,21,22,20,14,17,15,12,7,10,10,12,10,12,10,,11,12,13,19,16,8,8,19,6,14,14,17,17,5,14,18,13,7,8,14,15,9,10,14,30,18,16,16,10,9,19,21,13,16,11,10,22,20,5,20,22,15,21,10,23,25,22,14,43,16,15,13,13,12,15,16,15,,11,22,17,19,21,19,20,18,15,17,19,15,17,17,13,19,13,18,3,10,10,15,11,17,,10,12,6,8,8,11,7,10,15,7,11,7,12,11,23,17,22,21,19,19,14,7,12,9,13,15,10,13,15,12,,17,12,20,26,23,12,8,10,10,9,18,9,11,11,15,11,19,20,14,13,17,,21,18,15,18,14,8,26,20,20,14,21,18,16,,11,11,18,14,7,12,13,12,18,,20,23,23,30,25,7,10,8,7,9,11,,11,,14,21,,6,15,17,12,17,17,14,13,,10,19,16,10,,,11,23,8,9,10,17,22,27,28,19,15,10,16,19,14,26,18,12,19,15,13,13,16,12,15,19,17,17,23,38,26,10,12,12,17,14,13,9,15,176,126,7,10,14,14,10,25,16,6,16,8,8,9,8,16,21,,16,13,15,17,15,10,12,8,12,25,18,19,17,12,18,15,19,13,16,13,19,14,10,,7,53,11,19,25,23,12,17,9,11,20,11,18,12,12,16,20,19,12,22,12,7,30,37,10,17,12,19,17,12,11,15,12,13,16,5,13,8,22,19,7,,14,27
20210719,4,PM10,5,37,,1,,4,10,5,24,28,,24,,,37,,30,31,56,,35,,33,39,,24,31,,16,21,30,29,26,25,18,,54,52,,29,64,19,42,36,,70,,9,8,26,34,37,47,39,18,38,19,,17,34,29,48,39,37,,44,47,50,,54,32,39,38,14,8,,6,15,5,17,34,,20,24,25,44,43,34,,17,7,,,25,18,24,23,28,44,44,,49,28,38,34,40,,30,25,34,22,27,18,24,20,35,27,19,57,51,68,53,48,18,10,35,51,52,9,24,13,,23,26,27,29,17,15,41,31,18,19,16,22,17,,19,17,15,17,36,29,24,24,42,46,29,31,31,14,,17,17,16,33,21,21,17,21,19,22,17,17,,,,27,27,,32,39,27,,,,48,,19,29,25,17,14,24,,29,36,,,,34,49,,42,46,49,36,27,,32,38,23,17,22,22,33,17,,28,,30,24,,22,12,,41,28,38,,40,27,25,30,18,6,19,,,10,14,15,30,33,29,44,,22,,,24,,27,24,,16,21,18,15,12,16,,22,27,16,36,26,28,35,29,27,14,25,27,14,22,24,39,19,24,12,,21,14,23,17,31,26,32,34,47,29,,38,30,,,32,29,17,39,,36,22,29,24,9,,,5,7,7,14,9,27,30,28,32,30,35,39,,41,32,12,24,17,15,18,51,18,,25,21,17,16,18,10,31,31,19,19,26,21,30,29,,34,40,28,29,29,24,26,33,6,8,7,9,11,16,,,7,10,22,3,6,5,6,17,17,28,21,,57,66,34,2,,1,6,17,19,21,17,,,30,28,32,17,15,12,13,19,38,40,28,32,48,31,28,24,28,26,,34,13,10,20,8,11,18,,32,36,27,32,18,17,24,,,28,21,26,33,18,,21,19,19,17,,,54,18,27,34,46,39,39,63,44,29,36,,22,12,11,10,5,10,6,5,11,8,8,6,25,23,30,44,24,21,18,29,,36,19,39,20,,36,46,69,44,,,,8,21,,,,43,43,69,87,,92,90,,69,33,7,35,24,30,2,12,21,22,12,31,7,13,23,40,,84,24,46,55,68,63,24,41,73,,23,28,21,28,24,20,27,19,20,14,37,37,39,43,16,15,23,17,,46,,31,9,12,24,36,,44,30,,,30,29,31,50,,24,35,31,,27,32,27,24,24,17,22,12,31,41,,,,22,,19,34,,26,17,11,36,7,7,7,19,24,29,,27,,,11,,16,10,22,12,20,71,16,22,,32,22,18,20,38,21,24,31,29,39,,24,31,8,20,11,48,23,22,17,,19,31,24,,26,24,,42,45,37,37,26,,32,16,,,31,30,,42,,12,24,33,21,12,20,,21,19,,29,18,,36,,29,30,22,,24,19,16,16,17,,23,27,19,29,37,18,19,53,21,21,26,22,26,19,29,51,30,17,22,43,79,37,37,34,24,26,20,20,30,14,31,10,31,,34,14,12,19,42,12,46,34,24,38,35,35,35,26,,30,30,50,,28,22,13,10,23,,35,23,7,,9,,30,13,7,24,25,26,33,,,,27,,34,,18,38,20,,28,21,25,31,38,,38,,19,2,8,28,22,16,,32,32,26,20,25,25,,19,,,17,26,23,20,,22,54,53,35,14,14,12,27,39,37,37,37,40,46,20,16,21,17,11,11,21,35,34,35,25,,34,30,26,39,18,21,29,22,,,,,34,20,,27,32,31,39,22,28,24,25,40,37,41,32,13,17,34,20,16,,20,30,47,,28,26,,29,45,37,36,28,32,40,32,31,31,19,22,33,,53,47,693,68,33,25,,12,13,,6,53,9,8,12,19,29,44,44,,13,,,12,12,17,22,22,,,,,,24,27,18,,,5,,24,,,30,,22,21,19,26,31,30,20,26,20,,43,44,37,37,41,22,21,28,27,29,28,22,17,,46,34,,28,27,22,14,,,22,15,11,15,30,18,23,15,23,,,25,24,21,24,12,,23,17,29,27,19,23,18,,21,13,14,,,23,21,,14,14,30,,46,,43,42,,,33,18,,,50,31,43,,,23,47,7,7,18,24,20,38,35,30,30,37,12,16,14,22,26,,36,31,56,45,59,52,,27,21,28,,20,26,25,30,26,28,30,25,18,17,13,31,,,69,24,26,59,16,47,14,32,12,22,26,36,26,18,34,43,16,,,7,53,49,60,13,14,,,13,11,,19,19,34,,25,45,10,28,22,27,20,16,28,39,24,49,18,23,21,24,,21,22,8,13,35,34,,18,,5,,,,6,10,9,7,10,14,,20,,26,29,23,15,17,17,15,5,48,29,65,18,6,13,13,17,30,28,35,28,20,,28,38,37,24,22,39,4,35,24,26,27,19,37,21,25,,23,41,39,33,3,21,22,19,26,35,30,22,21,26,34,,36,31,23,27,30,26,34,22,46,59,48,,6,12,15,,19,27,27,24,,33,28,21,,19,22,,19,29,11,15,12,11,13,42,43,39,,14,9,10,30,30,,41,30,,23,20,17,16,17,24,26,24,22,,17,17,18,,18,19,,25,13,15,12,,8,9,19,18,23,42,24,35,24,27,23,29,33,36,49,38,,13,12,11,15,15,12,20,22,20,37,52,30,39,54,36,35,59,69,58,36,17,18,42,18,24,20,11,40,39,50,46,23,46,9,17,48,24,77,52,53,68,40,23,36,37,42,25,20,,20,82,117,87,33,17,22,16,,25,23,19,13,28,17,18,31,32,16,17,15,20,15,16,,,23,29,37,,46,17,11,9,19,28,,20,14,21,,,,,37,17,14,21,18,21,19,7,,17,19,14,4,14,24,19,19,24,21,12,,,,,35,34,20,15,10,13,24,,36,7,,23,19,13,17,12,9,10,6,12,11,,,20,14,8,8,15,12,14,8,15,,10,12,,6,16,,8,4,5,,21,,4,,18,9,28,41,49,33,11,18,23,17,17,27,15,22,,25,30,13,28,22,45,,38,31,14,42,859,893,,17,31,18,23,21,,41,45,25,,10,18,19,13,12,10,37,,28,35,,38,27,20,,46,36,74,27,12,,53,44,42,11,12,26,3,22,7,,,70,82,92,12,,8,64,43,87,34,33,13,28,19,27,25,16,20,,43,31,39,48,10,26,22,,8,,19,38,96,28,35,49,962,32,29,28,38,27,28,16,,,40,26,19,31,,48,32,53,26,,31,38,,,19,38,48,9,27,24,10,7,14,34,18,22,25,26,21,,45,28,,38,24,24,17,7,34,20,38,3,26,22,40,19,40,16,52,45,41,44,12,36,10,40,45,32,33,27,2,6,33,38,19,18,20,16,15,15,20,16,33,34,25,26,31,16,38,19,34,,34,24,29,16,10,15,12,,60,75,21,12,11,21,14,26,46,41,94,40,34,37,25,16,35,43,22,,30,50,77,78,17,,836,18,12,19,16,22,23,26,18,18,16,27,43,77,35,15,,45,,31,14,16,31,24,21,32,36,23,29,21,17,10,14,8,,35,40,12,41,11,18,26,52,20,39,48,31,32,34,45,23,41,9,23,28,26,23,21,15,,6,29,12,18,35,13,15,30,25,22,22,21,19,20,10,20,6,14,14,12,32,21,11,50,37,31,24,29,27,22,41,40,31,22,10,24,25,21,3,7,13,31,32,17,37,44,48,31,64,34,24,18,22,12,22,44,47,,19,45,34,56,44,34,22,39,10,18,26,25,30,21,20,22,15,24,7,19,82,48,68,107,,26,30,18,20,15,,11,34,23,12,21,2,28,23,35,23,14,75,69,57,24,31,33,20,14,19,31,33,23,13,,23,26,30,26,61,33,27,11,30,34,27,24,14,22,23,8,7,42,20,39,31,,34,20,17,24,12,14,43,45,38,31,31,22,31,,27,51,59,29,19,32,27,16,39,,32,26,35,68,44,16,24,21,17,27,25,,16,,11,14,,15,25,11,10,29,33,34,21,,24,30,24,16,,,10,27,29,30,35,60,78,76,83,4,20,21,70,32,88,64,81,88,52,45,21,27,,12,25,17,21,22,41,33,26,17,25,35,29,23,35,16,97,1856,1870,13,20,35,43,25,67,20,8,22,9,30,31,29,10,42,,36,37,12,13,17,26,35,11,12,37,38,28,34,25,48,38,41,12,38,25,43,31,19,,11,22,12,15,16,19,18,29,31,35,4,25,20,12,7,37,20,31,23,42,18,15,61,45,19,34,9,28,20,22,69,18,51,31,50,27,42,14,20,27,15,3,34,48
20210719,4,PM10_24h,22,19,30,25,31,24,19,38,29,19,27,19,,,37,,33,35,43,,35,,32,33,,29,32,,24,15,17,14,19,17,15,,43,41,,38,42,21,36,33,,39,,21,26,33,18,20,23,21,16,18,17,,21,18,24,34,33,35,,34,39,36,,46,33,30,34,20,18,,11,18,17,17,24,,15,20,20,22,21,19,,32,28,,,26,32,32,33,29,40,41,,43,36,44,38,40,,42,27,29,21,21,17,21,16,26,24,14,43,43,62,39,34,23,21,43,31,44,23,30,26,,34,34,38,33,31,24,40,33,26,25,23,26,27,,30,22,22,24,32,26,34,30,38,38,29,35,28,22,,21,22,30,43,20,24,21,20,21,22,22,20,,,,31,29,,34,34,28,,,,47,,26,35,28,21,26,28,,27,33,,,,31,32,,36,40,39,29,27,,25,23,24,17,20,22,24,19,,19,,30,25,,37,24,,41,32,32,,41,41,33,33,20,16,16,,,14,16,16,30,25,27,36,,25,,,30,,26,26,,21,23,19,17,19,18,,28,26,30,35,38,24,32,26,16,16,21,19,20,23,20,17,19,15,14,,23,19,23,21,25,28,26,20,25,15,,27,20,,,17,26,29,33,,33,28,28,31,16,,,12,13,16,16,15,21,26,23,26,23,25,27,,27,25,29,34,35,26,34,27,34,,34,21,24,21,25,26,22,26,19,22,28,18,33,29,,30,36,27,29,30,28,25,24,14,17,17,17,14,19,,12,14,17,25,7,10,11,11,33,28,31,25,,30,34,28,21,25,18,18,28,24,24,21,,,24,22,22,26,24,25,22,21,27,28,24,25,36,30,32,29,37,32,37,36,13,11,19,16,14,29,,39,37,35,46,38,30,38,,,39,33,42,50,43,,24,30,21,21,,,23,23,19,18,31,30,31,32,27,20,28,,25,13,16,19,20,19,7,11,9,9,15,10,31,27,32,31,29,31,26,24,,32,26,30,28,,42,35,50,50,,,,21,15,,,,30,42,50,56,55,51,48,,74,29,20,30,31,24,10,17,17,21,19,28,13,19,21,38,,51,36,41,31,55,49,33,38,51,,28,32,24,28,26,24,30,24,23,14,25,28,30,34,23,26,29,25,,28,,29,18,20,24,34,,35,33,,,30,30,28,39,,25,29,26,,33,40,30,27,26,25,24,21,25,31,,,,25,,23,32,,32,32,15,36,12,15,13,31,29,30,,24,,,33,,32,35,29,25,26,32,24,21,,25,22,20,19,35,19,28,24,21,36,24,23,24,19,22,24,31,30,27,20,,23,24,26,,27,29,,29,29,31,31,23,,36,20,,,31,29,,21,,19,19,25,27,16,20,,19,18,,27,22,,30,,27,21,18,,21,14,17,22,16,,23,29,28,38,36,23,19,51,35,23,35,17,41,31,32,47,34,22,32,40,52,33,38,38,23,26,21,20,27,13,31,18,27,,24,23,19,24,30,17,30,22,22,27,18,28,28,26,,35,35,46,,31,20,18,22,15,,17,14,7,,10,,25,14,14,25,25,21,21,,,,29,,30,,15,16,16,,32,28,31,27,28,,27,,27,21,27,30,36,34,,27,32,21,23,28,26,,27,,,23,25,22,18,,28,39,37,31,26,25,16,29,35,36,37,39,40,34,16,16,22,28,27,23,21,26,27,25,22,,31,28,35,34,20,17,19,12,,,,,28,26,,28,25,21,31,19,16,19,20,23,25,25,23,15,11,30,26,25,,25,30,31,,26,27,,32,32,33,36,36,32,36,36,36,30,25,21,27,,48,49,61,44,40,29,39,11,15,,18,33,49,40,42,24,26,35,35,,20,,14,15,15,14,14,22,26,28,21,,,24,22,23,21,19,14,20,22,,,22,,29,28,24,26,29,29,32,31,25,,34,30,30,32,36,28,27,29,29,32,32,18,20,,45,30,,32,33,23,10,,,16,18,15,17,23,23,23,21,22,,,37,32,22,27,19,,29,27,30,34,33,34,18,,25,22,29,,,35,40,,23,21,24,,29,,49,54,,,27,26,,,55,51,40,,,18,23,14,9,25,23,17,30,32,24,32,27,21,29,28,35,43,31,39,35,34,27,39,36,,49,33,22,,20,24,36,30,26,21,19,19,20,24,22,28,,,41,34,39,48,34,41,40,38,28,23,32,49,54,43,52,48,39,,,18,63,60,75,20,21,,52,20,16,,22,27,24,,28,36,18,23,16,28,13,21,20,34,19,26,18,21,14,14,,12,21,10,19,32,26,,20,,16,,,,12,11,9,12,15,21,,18,,23,26,21,23,21,24,28,16,36,27,46,25,10,15,16,17,29,28,32,26,27,,23,21,24,22,26,27,7,36,19,24,22,18,32,27,28,,19,31,30,31,17,26,23,19,21,31,36,35,35,33,35,,37,37,32,21,24,24,24,21,39,46,38,,20,23,24,,23,34,28,27,,28,27,20,,19,24,23,25,26,25,22,26,22,23,25,25,27,,20,20,20,28,37,,35,32,21,29,17,22,22,22,24,26,36,24,,31,40,37,,22,26,,26,18,24,17,,16,17,22,17,25,38,36,34,29,33,32,37,41,41,44,40,,13,16,12,12,22,25,24,27,28,30,38,33,31,42,19,24,42,44,40,23,35,29,41,43,17,15,14,34,34,43,44,20,22,13,25,33,29,60,72,56,56,33,27,33,23,32,34,30,43,43,67,59,52,32,31,18,19,,18,14,11,15,18,17,23,27,29,16,16,17,17,15,17,,,26,29,34,,39,20,20,16,24,33,,18,14,16,,,,,21,14,14,14,14,19,21,22,,18,37,28,17,18,38,13,10,20,17,8,,,,,22,24,14,10,14,14,19,,19,16,16,16,20,13,21,13,12,12,16,19,18,20,,17,16,11,10,23,17,18,13,15,,12,17,,8,12,,7,7,5,,28,,17,,12,6,24,29,30,30,26,29,36,29,15,24,20,20,,38,35,10,20,25,50,,33,38,12,20,129,128,,17,24,31,34,14,,36,31,25,,16,18,23,19,14,20,36,,30,42,,41,28,22,26,115,101,60,64,13,,41,26,28,39,46,58,75,78,81,,,42,35,48,26,,14,49,48,59,36,26,14,30,27,29,31,11,17,,30,25,34,53,16,24,35,,8,,22,38,27,20,28,26,86,34,26,55,45,28,35,12,,,34,32,26,35,,35,27,45,27,,33,46,,,19,33,35,15,23,27,21,24,18,32,31,36,42,27,24,,42,26,,28,28,30,21,20,36,21,35,16,29,22,12,17,36,23,30,24,30,31,15,28,12,35,32,15,16,15,10,9,48,28,28,28,20,17,15,24,27,27,24,26,22,29,35,27,41,25,22,,23,15,24,22,15,14,12,,23,54,25,24,12,22,18,31,43,36,80,39,33,28,25,24,34,35,19,,21,51,52,77,36,,69,25,16,21,20,22,25,20,24,19,14,23,31,56,36,24,,35,,37,14,17,32,25,17,31,35,33,29,30,21,16,19,19,9,36,34,20,23,14,19,21,31,23,39,38,26,33,26,32,22,29,13,19,21,18,18,20,22,,7,25,23,26,33,16,17,27,17,21,25,16,29,23,19,22,24,18,13,18,33,18,20,32,33,32,34,23,28,18,37,36,28,25,15,11,38,30,9,19,23,35,31,16,38,38,35,27,62,25,25,25,28,21,30,28,30,,23,37,27,39,36,33,36,25,18,26,28,27,33,25,24,22,18,27,14,46,54,44,42,60,,24,23,12,18,21,10,25,27,25,18,23,15,24,21,32,26,25,41,39,38,29,18,25,21,22,23,22,23,27,22,,22,17,29,47,31,24,20,11,23,26,37,25,19,20,23,22,27,44,27,28,29,,36,34,29,35,18,18,49,43,36,32,30,27,30,,20,31,37,24,16,25,24,23,32,,30,24,40,42,35,10,19,16,16,24,22,,25,,23,27,,16,31,25,20,26,30,32,20,,18,38,29,11,,,20,50,17,28,24,38,62,50,45,13,26,11,27,25,57,55,43,47,48,44,26,21,25,18,27,17,25,30,32,48,30,19,21,24,29,25,33,15,59,580,600,12,20,21,23,23,66,34,19,25,18,22,25,24,31,40,,34,40,14,15,39,28,30,14,13,37,31,28,29,30,40,35,39,26,40,26,37,30,24,,20,49,18,65,30,30,23,35,18,20,40,16,33,15,12,38,27,33,46,42,18,13,50,39,14,28,20,28,33,29,21,24,22,26,42,22,42,14,45,32,12,4,26,37
20210719,4,SO2,1,3,3,3,3,2,3,3,3,1,3,3,,,7,,5,4,9,,4,,5,9,,6,4,,5,3,3,5,4,4,5,,1,6,,4,2,6,4,5,,3,,3,4,3,8,9,6,5,5,5,5,,6,5,6,8,9,8,,10,8,7,,8,3,5,1,9,4,,5,5,3,2,3,,4,3,3,4,4,3,,13,8,,,3,8,7,14,14,5,23,,6,16,18,28,31,,16,9,5,5,6,9,5,9,6,4,5,3,3,4,4,2,4,4,3,4,3,12,8,,,14,17,20,19,14,18,10,13,1,4,6,3,7,,3,5,6,5,5,8,5,9,10,1,2,5,1,5,,2,7,4,1,1,3,8,11,10,7,7,6,,,,8,8,,5,8,6,,,,10,,6,3,3,6,2,4,,4,6,,,,4,6,,7,12,6,5,3,,4,1,2,3,7,3,6,5,,2,,4,4,,5,6,,7,3,6,,7,3,5,4,6,7,8,,,6,6,8,6,4,6,3,,5,,,5,,7,5,,2,2,4,4,2,4,,3,4,4,4,4,6,6,6,7,5,6,5,9,6,5,6,11,12,2,,5,4,4,3,2,5,11,6,4,4,,9,14,,,3,7,7,9,,6,5,7,5,5,,,5,4,5,5,5,5,3,3,3,3,3,3,,3,3,3,2,4,4,5,5,5,,3,5,10,7,6,5,10,6,6,5,7,5,5,5,,5,7,8,5,7,5,5,5,5,4,5,4,7,3,,,4,5,6,4,5,5,5,9,9,7,6,,11,6,4,3,2,5,1,8,7,3,8,,,8,9,8,5,8,10,5,9,7,15,12,10,9,9,9,6,8,7,,5,6,3,4,4,4,4,,3,4,6,5,6,7,4,,,10,11,3,2,6,,4,2,8,3,,,8,15,6,3,7,7,5,4,4,4,5,,6,6,5,6,8,8,6,7,10,6,6,8,7,4,3,4,4,5,2,4,,4,5,5,5,,45,3,8,7,,,,6,7,,,,6,12,6,5,3,7,6,,7,14,5,7,8,6,11,19,7,10,8,2,4,5,4,11,,3,2,21,6,14,16,9,7,16,,5,2,4,2,4,1,4,5,2,2,2,6,3,1,3,5,3,5,,13,,11,7,6,8,7,,6,5,,,7,5,5,6,,5,14,1,,5,7,7,10,2,6,9,6,15,8,,,,2,,6,12,,8,9,6,7,4,5,1,4,2,3,,8,,,7,,6,6,6,6,8,7,11,8,,10,5,5,5,4,11,8,18,30,34,,5,8,6,6,8,5,16,10,5,,5,6,5,,10,10,,9,6,11,8,8,,11,4,,,3,8,,4,,11,10,9,8,9,5,,9,9,,2,3,,6,,16,6,15,,25,8,8,12,5,,5,3,3,3,3,5,3,7,5,6,6,6,10,7,11,11,6,6,5,5,46,9,14,4,7,6,7,8,4,4,6,7,5,,4,5,4,4,2,3,3,6,2,8,3,9,4,6,,5,2,23,,8,7,5,7,5,,10,7,2,,4,,1,3,6,3,2,2,2,,,,2,,4,,1,2,2,,1,4,4,2,6,,19,,5,4,6,5,2,2,,7,6,8,6,6,7,,5,,,7,1,3,2,,6,14,10,18,6,6,6,7,8,10,7,12,6,6,4,2,9,5,3,4,9,16,15,8,4,,18,14,27,6,4,13,8,9,,,,,6,7,,5,2,7,5,1,4,4,5,7,5,5,5,6,3,5,6,5,,9,1,3,,2,2,,2,4,3,2,4,4,5,3,2,6,8,4,4,,19,12,3,5,7,7,,5,6,,6,5,4,5,4,4,9,4,4,,7,,,4,4,3,4,8,,,,,,4,4,2,,,5,,4,,,6,,5,11,9,6,8,9,10,10,6,,6,5,7,7,8,9,7,7,5,2,3,5,10,,4,6,,4,8,7,6,,,5,5,5,7,6,3,4,5,5,,,7,8,5,2,5,,8,11,5,11,7,9,4,,4,5,3,,,2,6,,12,16,8,,6,,27,29,,,7,4,,,13,14,12,,,2,5,12,10,9,10,9,8,10,2,10,5,6,5,8,5,6,,5,4,5,8,3,6,,6,7,5,,13,14,10,8,2,4,6,7,6,9,5,6,,,9,4,5,6,4,14,5,3,3,8,10,6,6,5,5,6,4,,,2,3,4,4,4,8,,,10,9,,13,12,7,,3,5,8,10,7,2,2,9,3,12,3,3,4,7,5,13,,5,4,6,5,6,8,,5,,4,,,,5,6,7,1,3,2,,9,,6,6,6,4,4,5,1,7,4,6,7,5,4,6,5,5,3,9,8,3,5,,8,14,6,7,5,9,12,14,25,17,20,4,6,12,10,,4,12,14,10,9,4,4,7,14,25,37,6,12,2,11,,15,11,9,4,7,6,6,7,13,19,18,,5,1,1,,3,3,4,3,,4,2,1,,5,10,,10,12,7,5,6,6,7,6,7,2,,10,4,6,17,9,,10,5,,4,5,4,5,5,6,4,2,6,,1,3,1,,4,3,,24,6,5,5,,4,4,1,8,9,30,7,4,9,10,8,7,11,16,16,13,,2,2,7,10,6,5,5,6,4,11,9,7,5,16,7,4,4,10,2,3,5,5,3,3,4,5,5,18,16,8,15,8,8,8,18,7,7,5,4,5,5,13,16,18,7,13,10,8,,6,8,16,25,8,4,4,5,,2,5,6,6,6,11,8,7,6,5,14,9,6,6,9,,,5,5,6,,6,8,12,7,7,4,,8,5,7,,,,,10,5,7,8,6,13,10,13,,6,7,10,7,5,6,1,2,5,5,4,,,,,5,7,4,6,7,5,2,,5,5,4,8,6,5,6,8,6,6,5,5,5,7,,12,8,5,4,5,8,2,8,3,,9,6,,6,9,,8,5,4,,6,,9,,7,9,5,20,13,15,5,7,9,7,4,16,2,4,,28,34,4,8,8,7,,5,5,3,2,4,5,,6,7,6,1,19,,8,4,5,,9,9,13,19,11,14,8,,5,9,,8,2,3,2,4,6,8,8,7,,8,4,10,3,6,9,5,8,4,,,8,7,7,14,,2,7,7,7,61,10,9,6,5,5,5,12,5,,3,5,12,8,6,7,4,,4,,5,8,4,5,10,18,21,14,6,6,9,5,5,4,,,10,4,3,5,,8,22,10,15,,5,4,,,2,7,7,5,7,4,4,4,4,6,4,5,9,5,4,,5,3,,10,9,5,8,5,13,4,11,5,6,4,4,3,8,8,21,3,13,4,2,4,9,7,9,10,11,8,8,5,8,3,6,8,4,6,7,6,6,8,1,1,13,13,14,6,,9,1,,2,5,4,5,9,3,4,,1,6,6,7,5,5,9,2,9,6,8,3,12,7,11,5,2,5,4,,15,13,14,10,14,,16,4,8,4,4,5,7,5,2,6,3,8,6,24,9,4,,6,,6,4,5,9,1,8,8,8,5,9,8,7,6,8,4,,7,28,7,10,6,5,9,21,5,6,4,4,3,10,10,3,10,4,5,5,2,2,3,2,,1,2,5,4,12,5,11,10,6,6,6,12,12,6,6,13,10,3,4,5,8,8,6,10,4,9,11,4,5,6,8,4,7,8,4,5,2,6,11,7,7,19,6,5,18,9,45,20,6,7,8,6,4,8,5,34,4,,2,3,3,17,12,4,7,6,5,4,4,8,7,7,4,1,2,5,1,6,8,7,8,9,,6,7,5,9,3,6,7,25,5,6,3,4,6,4,6,3,9,3,2,3,4,6,4,7,8,4,2,1,3,1,,1,1,8,10,28,9,7,4,14,14,4,2,7,5,7,6,8,18,6,6,10,,4,10,8,8,3,4,5,18,6,8,9,5,10,,4,9,6,8,4,5,1,3,6,,8,23,10,8,8,4,4,2,4,22,7,,4,,5,1,,7,5,2,6,4,8,6,5,,4,13,12,11,,,7,8,3,7,1,2,10,16,8,2,4,4,8,6,5,8,7,11,6,7,2,1,,2,7,3,4,4,8,14,23,4,4,6,6,5,14,8,10,1,1,4,4,4,12,4,32,6,7,10,4,9,8,9,8,12,,8,5,1,6,3,8,8,7,6,7,1,6,6,1,11,5,2,7,16,6,8,6,4,,3,2,3,3,3,2,2,2,3,3,3,3,3,6,6,7,5,10,9,23,10,4,2,1,1,3,3,3,6,6,7,6,3,6,6,5,7,6,12,5,8,6,6,6
20210719,4,SO2_24h,1,3,3,4,3,2,3,3,3,1,3,4,,,8,,5,5,8,,4,,5,9,,6,5,,6,3,3,5,4,2,4,,2,6,,5,3,7,5,4,,3,,3,4,3,5,7,4,6,4,5,4,,6,5,7,8,9,8,,10,5,7,,7,6,4,2,12,4,,5,6,4,3,4,,4,2,2,3,2,2,,8,8,,,4,6,8,8,11,6,19,,9,14,14,14,14,,9,9,6,5,6,9,6,8,6,6,5,3,3,4,4,3,4,4,3,4,3,12,9,16,,12,18,18,17,14,16,10,15,1,4,6,6,7,,3,5,6,5,4,7,4,8,8,2,2,4,2,6,,2,9,4,2,3,4,6,7,10,7,7,6,,,,8,8,,5,8,6,,,,9,,5,4,4,6,2,4,,4,7,,,,8,6,,6,9,7,5,4,,5,1,3,3,6,3,7,5,,4,,4,4,,5,7,,6,4,5,,6,3,5,5,7,7,7,,,7,6,8,5,3,5,3,,6,,,5,,7,5,,2,2,4,5,3,4,,3,3,3,4,4,6,6,6,4,6,6,5,8,6,5,6,5,6,2,,4,4,4,3,2,5,7,7,5,3,,9,5,,,3,6,8,7,,6,5,7,5,5,,,5,4,5,5,5,5,3,3,3,2,3,3,,3,3,5,4,5,5,7,6,6,,4,5,8,5,5,5,6,6,4,4,6,5,6,6,,6,8,7,5,8,5,5,5,4,4,5,5,8,3,,7,4,5,6,5,5,6,6,8,9,7,7,,7,7,6,4,3,5,2,7,7,4,7,,,8,9,7,5,7,9,6,9,9,14,9,9,9,8,9,8,8,6,7,5,6,3,4,4,4,6,,3,7,6,8,8,8,4,,,12,9,4,2,6,,4,2,7,3,,,5,11,6,2,7,6,5,4,7,4,5,,7,7,5,9,12,11,6,7,10,6,6,8,6,4,3,4,4,5,2,4,,4,5,5,5,,13,2,8,9,,,,7,5,,,,10,10,6,6,3,8,7,,8,10,6,9,10,9,7,8,6,7,6,3,5,5,5,7,,5,4,12,4,13,13,8,7,16,,3,2,4,4,5,3,5,4,2,3,3,6,3,2,3,4,3,4,,11,,9,5,5,7,5,,4,4,,,6,4,4,8,,6,5,1,,10,7,6,9,3,7,8,6,8,9,,,,2,,5,9,,8,8,7,8,4,5,1,4,2,3,,7,,,11,,11,8,8,8,9,8,11,9,,8,5,6,6,7,6,7,10,11,21,8,5,5,7,6,9,6,8,7,6,,5,6,5,,7,7,,9,5,5,18,9,,13,6,,,2,6,,3,,13,12,10,10,9,6,,9,9,,2,5,,7,,8,6,10,,12,7,8,11,6,,6,4,4,5,3,6,3,8,8,8,9,8,8,8,11,14,7,6,6,14,10,7,23,10,7,4,7,9,4,5,6,8,5,,4,5,4,4,2,3,3,6,3,8,3,9,5,6,,5,5,12,,9,7,7,7,5,,10,7,4,,4,,2,4,6,3,3,3,2,,,,2,,3,,2,3,2,,2,4,9,2,4,,6,,6,4,7,5,3,2,,8,6,9,6,8,8,,5,,,8,1,3,2,,10,11,9,8,11,6,5,6,8,9,8,7,7,5,3,3,10,7,5,4,9,10,11,4,5,,12,16,15,9,5,6,8,4,,,,,7,8,,6,3,6,7,6,3,5,6,5,5,5,5,6,5,6,6,5,,8,2,2,,3,2,,2,4,3,2,4,3,7,3,2,5,11,6,4,,28,58,10,6,18,8,8,5,5,,7,5,4,5,4,5,9,5,5,,7,,3,4,4,4,3,8,8,9,10,,,5,4,2,4,4,5,3,4,,,8,,5,8,8,7,9,10,10,10,8,,7,3,8,7,9,10,7,7,5,2,4,5,9,,5,6,,4,7,7,7,,,6,5,5,7,6,3,4,5,4,,,5,9,5,3,5,,9,12,6,13,10,10,4,,4,5,4,,,3,7,,12,11,8,,6,,26,29,,,6,5,,,10,13,17,,,2,4,12,10,6,8,6,6,7,2,7,4,6,7,8,7,6,3,6,4,4,8,2,8,,8,8,6,,16,13,11,13,3,4,9,6,6,8,5,7,,,9,4,5,6,7,9,5,2,4,10,9,6,7,10,5,6,6,,,3,3,5,5,6,10,,5,11,10,,13,14,3,,4,5,10,9,6,2,2,6,6,10,4,8,10,7,4,13,,6,4,7,5,7,7,,4,,5,,,,5,5,6,6,4,2,,10,,9,7,6,4,4,4,2,7,7,8,10,5,4,5,4,5,6,10,8,4,5,,5,9,8,7,10,7,11,13,18,18,17,5,10,16,14,,7,16,19,16,15,4,4,6,5,19,10,7,13,7,9,,10,8,7,11,6,6,5,5,12,16,23,,6,2,2,,4,3,5,3,,4,3,1,,5,4,7,6,6,8,6,7,7,8,6,7,2,,8,4,7,16,10,,20,6,4,4,5,5,3,4,7,4,5,7,,4,4,1,,6,4,,19,6,5,5,,5,4,2,8,9,21,12,8,11,13,11,9,14,16,14,13,,3,3,6,9,7,7,8,15,13,12,11,10,5,14,7,4,9,8,8,2,5,6,5,4,4,5,5,9,10,8,9,8,9,9,11,10,8,6,8,7,7,8,23,18,7,9,10,10,11,7,9,17,19,12,8,5,6,,2,5,5,6,6,11,7,9,7,5,5,4,5,6,9,,,5,6,7,,7,9,11,9,9,6,,8,6,7,,,,,6,5,6,6,5,13,10,12,,7,8,11,9,7,8,2,3,10,5,5,,,,,6,7,5,7,6,5,2,,4,5,4,5,7,5,7,8,6,6,6,6,10,10,,11,9,5,4,6,8,3,8,5,,9,6,,7,8,,8,5,4,,6,,9,,7,9,8,9,9,8,5,6,9,4,4,7,2,4,,38,35,6,6,8,6,,5,5,3,2,5,4,,6,7,7,2,21,,4,4,6,,10,9,12,10,11,15,10,,7,14,,9,2,3,2,5,7,8,7,9,,9,4,11,3,5,9,6,7,4,,,11,7,9,8,,2,7,8,10,17,5,9,8,6,5,5,11,5,,2,5,13,8,6,7,5,,3,,4,7,3,5,9,12,20,12,6,9,11,8,4,4,,,10,5,3,6,,15,21,8,13,,4,4,,,2,9,7,5,8,6,4,4,3,7,4,7,11,7,4,,6,3,,8,5,6,8,5,12,5,8,8,4,5,3,3,8,8,25,4,11,5,2,5,9,5,9,10,7,7,5,6,11,6,8,11,5,6,8,6,7,7,2,1,10,13,9,8,9,8,1,,2,5,4,6,9,3,4,,2,10,6,7,4,6,9,2,9,6,7,3,36,5,10,6,2,7,4,,16,12,13,15,20,,20,4,8,4,4,5,6,5,3,6,3,9,4,25,14,6,,6,,6,4,5,9,1,8,8,8,6,9,8,8,6,8,4,9,8,19,7,7,7,6,8,7,5,7,3,4,2,10,8,3,9,5,6,5,2,2,3,2,,2,2,5,3,12,9,10,8,7,8,6,10,11,9,5,11,11,3,2,6,6,6,7,11,5,8,12,4,4,4,8,5,5,10,5,5,4,6,10,6,7,13,8,5,8,9,24,15,9,7,7,6,4,7,5,15,3,,3,3,3,9,11,4,6,5,6,4,4,8,7,8,4,3,2,6,1,8,9,8,8,9,,6,7,6,9,3,6,8,10,7,7,3,4,6,3,6,3,9,3,2,3,4,6,4,7,6,4,3,1,2,1,,1,3,3,5,23,14,11,5,12,13,8,2,7,5,7,6,10,11,7,4,9,,4,17,9,11,3,4,7,10,6,6,7,5,16,,4,24,5,8,4,2,2,2,8,,10,10,11,12,10,7,4,3,4,16,11,,5,,4,2,,6,6,4,7,4,8,6,4,,4,21,14,10,,,6,8,2,7,2,2,3,11,5,1,4,4,3,9,5,7,7,10,7,7,3,1,3,3,8,2,3,4,6,9,10,5,4,7,5,5,7,8,11,3,3,4,6,5,11,3,31,9,7,10,5,8,8,9,14,20,,10,6,1,6,3,8,8,7,7,7,3,7,5,4,12,3,2,6,10,6,6,5,4,,3,3,4,4,4,2,2,2,3,3,2,3,3,6,8,7,6,6,10,20,12,5,3,2,1,3,3,3,7,8,7,6,3,6,7,6,8,6,9,6,8,5,8,7
20210719,4,NO2,13,13,18,18,16,21,16,8,11,24,19,16,,,10,,15,12,27,,27,,48,12,,7,14,,52,26,25,28,26,30,9,,12,17,,18,14,3,12,32,,35,,1,7,4,16,17,22,17,21,20,16,,11,7,14,23,20,22,,12,35,38,,46,6,10,10,21,20,,2,10,6,5,33,,6,39,36,28,28,24,,16,15,,,31,25,43,17,18,41,27,,24,17,24,18,30,,16,8,12,4,6,7,9,12,8,16,4,25,21,33,31,28,21,16,29,37,32,25,26,10,,26,33,38,42,26,27,36,43,10,13,10,9,17,,15,21,7,15,16,10,10,17,5,12,15,18,11,6,,5,12,7,7,12,16,8,27,2,5,7,10,,,,11,8,,5,12,8,,,,24,,12,21,11,10,12,18,,18,19,,,,25,32,,26,44,32,6,5,,7,4,7,5,9,3,6,9,,8,,2,1,,13,15,,28,15,31,,26,18,9,22,26,10,19,,,10,11,8,18,22,17,25,,10,,,23,,25,19,,4,3,5,8,12,10,,10,17,17,16,19,20,22,9,43,18,25,26,28,14,30,50,19,30,2,,10,2,5,3,8,17,13,40,36,14,,31,52,,,27,12,13,27,,18,15,12,20,8,,,2,4,2,5,5,22,9,11,8,8,11,8,,9,5,8,24,23,32,47,17,42,,16,23,21,25,36,14,30,13,35,22,30,15,25,20,,30,40,26,26,27,15,33,13,6,12,7,11,15,14,,,11,6,11,9,1,11,5,24,24,23,20,,47,35,30,9,8,7,10,24,21,20,18,,,14,18,28,11,6,14,5,14,63,50,21,31,35,21,19,23,20,28,,21,16,9,12,14,8,12,,25,2,17,14,18,12,8,,,15,10,16,12,7,,28,27,42,20,,,21,6,12,29,27,19,18,40,28,30,20,,18,6,8,12,6,8,6,7,10,4,8,3,8,9,22,5,17,6,11,9,,5,10,14,11,,16,25,86,46,,,,23,14,,,,50,25,46,69,88,94,67,,48,23,11,33,22,26,15,29,19,20,17,3,7,34,6,39,,22,40,48,25,16,21,15,10,25,,9,11,13,11,8,8,22,10,9,8,7,3,3,8,6,6,8,4,,25,,10,8,13,19,11,,12,27,,,13,18,15,29,,16,13,21,,8,1,8,15,5,10,6,5,13,14,,,,7,,14,17,,11,7,8,22,2,3,2,5,8,16,,12,,,2,,5,9,9,5,5,4,6,4,,24,26,17,21,44,14,12,12,11,23,,23,20,4,5,8,28,11,9,10,,10,14,16,,5,6,,8,9,13,10,11,,40,14,,,9,11,,33,,16,15,20,20,6,1,,11,4,,16,19,,17,,14,12,12,,13,13,10,8,4,,2,4,3,4,15,2,1,16,16,4,13,8,23,11,27,24,14,22,15,13,12,8,10,10,18,17,24,11,15,8,8,3,5,,6,24,16,17,16,9,7,7,8,5,5,6,26,21,,16,16,18,,12,19,42,38,4,,23,6,1,,5,,4,8,2,2,6,14,14,,,,13,,12,,4,2,3,,8,6,10,10,16,,10,,7,31,5,8,8,6,,12,27,18,9,12,16,,8,,,3,12,10,5,,15,32,27,13,9,6,3,22,14,15,18,17,17,23,10,13,5,2,14,4,19,35,36,29,22,,11,14,40,21,14,18,18,19,,,,,5,9,,14,11,17,8,10,9,14,17,23,33,20,16,14,15,19,12,12,,5,5,23,,30,29,,19,17,16,11,12,12,11,8,9,9,8,6,9,,14,23,6,18,17,16,,6,10,,10,31,4,7,9,9,16,21,21,,7,,,5,5,20,20,16,,,,,,11,16,10,,,5,,5,,,12,,10,17,17,18,19,16,13,15,18,,22,25,21,21,24,5,2,19,15,10,11,16,5,,30,13,,14,13,16,18,,,12,8,8,8,12,4,4,7,3,,,26,15,16,17,15,,14,17,40,23,20,22,16,,23,22,8,,,9,11,,8,13,38,,29,,15,24,,,12,6,,,13,7,24,,,7,7,6,6,7,6,6,14,8,7,6,16,2,4,5,2,9,,25,18,5,5,6,12,,14,8,21,,5,6,16,13,8,5,5,5,7,7,7,30,,,52,7,15,14,8,16,6,14,3,12,9,4,20,11,32,31,10,,,17,10,5,6,5,10,,,8,8,,11,1,34,,10,4,7,9,8,5,2,5,35,27,27,34,27,17,29,19,,12,11,6,4,22,25,,12,,10,,,,11,15,5,14,3,3,,19,,16,29,15,4,5,9,7,7,21,13,25,4,1,6,6,6,16,27,23,15,9,,20,5,9,8,9,11,4,6,20,11,20,10,14,15,3,,14,16,12,15,17,7,8,8,13,12,5,5,5,7,13,,18,19,13,12,19,23,12,11,23,25,30,,8,5,2,,8,4,8,8,,11,6,12,,2,12,,8,8,3,5,7,6,6,10,5,6,,10,9,7,27,18,,14,12,,21,6,8,12,9,18,16,11,11,,6,2,5,,9,7,,7,2,3,1,,8,6,5,4,5,21,13,19,11,12,9,5,14,25,16,16,,23,14,33,18,26,21,16,13,29,10,12,9,16,16,4,5,4,5,13,10,11,8,19,9,5,3,1,23,34,32,42,6,11,7,24,23,14,17,15,18,7,11,8,14,14,24,12,12,,25,40,45,48,8,8,6,33,,10,16,13,10,14,11,15,17,13,9,9,10,10,5,19,,,6,8,3,,7,12,5,3,8,4,,15,4,12,,,,,13,7,10,21,17,10,4,7,,43,14,5,4,6,9,7,10,16,24,23,,,,,7,11,6,14,9,10,15,,10,4,6,12,22,5,6,3,5,9,7,6,16,20,,5,4,7,9,5,14,16,5,10,,5,8,,5,6,,6,18,4,,5,,4,,5,5,11,22,31,25,10,16,17,12,4,7,6,11,,21,22,3,26,6,44,,16,15,40,46,9,5,,9,,20,11,17,,26,16,20,,10,3,16,14,8,7,9,,9,29,,22,22,9,10,24,20,9,12,4,,59,16,14,10,4,8,13,10,7,,,41,58,41,8,,3,58,48,50,68,16,6,24,5,8,12,28,16,,54,37,21,29,15,20,12,,10,,6,34,25,12,31,31,12,11,6,11,34,3,15,11,,,39,29,6,5,,22,30,57,2,,2,5,,,13,34,27,6,15,5,10,26,2,19,7,11,10,7,25,,20,10,,32,6,15,16,4,16,8,14,4,13,16,36,12,22,4,40,20,10,18,5,14,8,10,12,16,16,15,8,9,39,13,2,17,6,7,2,5,5,6,7,13,4,17,16,14,22,10,5,,6,29,12,23,4,15,16,,55,84,5,18,15,2,4,20,23,35,35,7,15,26,5,6,10,38,20,,16,69,37,38,11,,6,11,15,14,13,15,18,23,11,10,4,16,23,15,10,2,,7,,10,6,6,14,5,11,33,29,33,33,22,16,9,14,8,,27,32,5,12,10,10,11,14,6,8,33,22,13,17,10,2,24,2,15,22,5,6,10,9,,9,2,7,9,8,31,10,8,9,7,14,13,20,4,2,24,7,31,20,6,16,8,4,37,15,12,19,15,14,8,10,13,11,23,15,13,8,7,15,9,13,4,13,10,18,18,28,16,6,18,18,12,13,8,16,16,13,,5,8,26,45,22,18,12,14,4,3,21,16,19,16,6,19,7,10,2,16,104,14,41,47,,28,8,12,12,9,6,14,13,14,5,16,9,16,7,19,12,14,25,26,37,2,10,20,12,10,12,25,3,10,3,,9,3,6,11,21,10,20,8,25,38,24,9,25,17,16,5,3,18,10,16,15,,10,10,3,9,4,4,12,30,33,17,20,13,20,,14,17,22,21,4,12,8,8,34,,16,14,14,19,15,10,10,20,12,16,10,,14,,12,3,,4,20,16,11,22,20,14,15,,16,12,12,4,,,3,8,46,16,36,15,21,10,29,4,10,21,24,23,46,31,46,47,34,33,2,5,,6,12,8,5,15,29,10,14,14,8,21,16,13,12,3,75,15,5,17,26,16,29,11,16,4,9,10,12,16,15,34,13,43,,17,3,4,3,19,27,9,8,9,13,30,11,11,6,24,19,34,14,31,12,32,25,10,,2,3,7,7,11,11,4,14,23,7,25,1,36,20,5,12,7,43,20,22,9,25,17,11,8,1,10,25,25,52,4,10,10,14,30,9,27,11,13,4,5,20,26,15
20210719,4,NO2_24h,15,7,24,15,15,20,24,14,9,12,19,16,,,13,,13,13,22,,19,,29,6,,5,9,,26,20,12,13,15,16,9,,13,17,,17,15,6,15,15,,12,,7,11,7,11,12,15,13,17,16,13,,12,8,15,23,17,18,,11,23,23,,28,10,14,11,15,13,,6,13,11,10,25,,8,23,20,16,15,17,,15,22,,,18,22,16,18,16,24,23,,14,21,22,20,23,,20,15,19,6,7,8,11,9,7,20,3,28,25,34,17,20,14,19,22,18,33,22,19,9,,21,30,30,25,29,19,21,30,13,17,13,9,16,,18,17,10,15,19,30,28,35,24,25,18,36,16,9,,7,16,8,10,12,16,7,18,2,4,7,9,,,,14,12,,8,13,8,,,,22,,12,22,11,9,18,15,,11,19,,,,18,20,,17,21,20,5,20,,7,4,6,4,6,2,4,6,,7,,4,3,,16,20,,22,16,21,,19,17,11,19,23,7,15,,,9,10,12,19,11,12,15,,11,,,18,,17,16,,8,3,7,9,15,12,,12,16,19,16,21,11,14,9,19,22,16,13,19,20,20,20,13,16,1,,10,4,5,4,7,14,9,19,17,14,,20,20,,,10,9,15,19,,14,14,10,11,7,,,6,8,6,8,8,13,15,15,9,11,14,11,,17,7,14,29,27,24,28,21,37,,25,12,21,22,24,11,15,14,24,14,23,11,29,23,,26,33,24,24,26,20,28,19,11,18,12,14,21,16,,5,14,9,11,17,12,14,14,23,25,24,23,,21,35,29,17,21,15,16,25,22,18,20,,,14,15,17,12,11,18,12,14,26,35,13,16,15,11,16,11,14,18,16,17,6,6,12,9,6,11,,23,34,23,27,34,28,15,,,42,28,39,28,21,,21,26,30,28,,,19,9,15,25,23,18,18,29,26,24,21,,20,9,12,14,14,16,10,12,13,9,17,15,22,22,32,19,30,20,25,20,,16,22,26,22,,29,12,40,45,,,,27,8,,,,26,28,40,43,40,54,34,,39,19,15,23,17,18,14,17,11,11,12,3,8,24,9,32,,24,27,31,20,19,21,16,15,21,,14,12,11,7,7,10,10,13,13,11,8,8,6,13,6,6,8,6,,13,,6,8,10,10,11,,12,16,,,8,10,8,14,,8,10,9,,10,3,6,11,7,12,11,9,14,14,,,,8,,7,10,,11,11,11,17,5,4,2,17,14,19,,7,,,11,,13,12,18,10,9,7,9,6,,15,15,13,14,24,10,10,10,11,17,10,18,16,6,8,6,18,14,12,11,,12,17,18,,7,8,,6,9,10,10,8,,28,13,,,14,13,,20,,17,12,17,20,5,2,,11,3,,15,20,,14,,16,16,12,,13,14,14,18,9,,6,9,14,15,18,9,2,15,17,7,14,5,20,10,27,27,12,10,13,16,14,11,15,13,18,18,17,12,17,8,12,5,10,,7,12,15,15,13,11,8,8,7,6,5,19,23,30,,26,23,23,,14,12,16,18,3,,18,10,2,,9,,6,10,4,7,6,7,7,,,,12,,11,,5,2,3,,17,12,8,12,14,,10,,16,14,10,13,14,11,,14,23,11,8,13,10,,15,,,4,11,8,8,,15,20,17,14,11,9,6,11,12,12,8,11,12,13,9,9,10,11,18,16,20,25,24,25,20,,14,10,25,17,12,15,15,14,,,,,11,19,,19,12,14,12,11,12,19,16,15,18,14,16,15,12,25,17,20,,15,16,21,,20,12,,14,8,12,16,15,14,10,11,15,18,22,21,18,,12,17,17,19,22,8,19,13,18,,13,15,10,11,11,7,16,18,18,,7,,7,4,4,12,12,7,6,10,9,,,10,11,8,7,6,7,7,9,,,10,,11,15,18,18,18,14,14,18,17,,13,18,20,19,21,5,3,14,13,11,11,11,4,,22,11,,15,14,12,16,,,12,8,5,7,12,5,4,8,3,,,20,15,15,17,13,,11,15,20,13,17,16,10,,14,13,9,,,13,16,,11,15,21,,22,,17,24,,,11,8,,,19,11,15,,,4,6,7,8,7,7,6,8,9,7,9,10,5,11,13,6,10,17,17,18,6,4,10,9,,19,10,17,,7,12,17,11,9,5,5,5,8,6,6,19,,,30,8,10,10,9,11,8,11,6,11,11,5,14,10,23,15,10,,,12,15,12,11,7,12,,7,21,18,,16,13,14,,8,8,7,9,4,12,3,7,23,23,28,32,19,15,16,13,,13,11,7,4,24,20,,9,,10,,,,10,15,6,17,3,4,,18,,17,19,17,8,6,8,8,7,18,12,20,10,2,6,6,5,18,24,20,18,9,,9,6,12,10,12,8,5,10,19,16,15,8,11,17,5,,12,15,12,14,17,9,10,11,10,11,7,8,8,12,14,,14,16,10,10,12,12,10,11,16,17,22,,11,8,7,,10,7,9,9,,12,8,14,,4,10,9,8,8,7,6,7,7,8,8,6,7,,7,8,6,27,20,,15,12,5,19,9,12,13,9,14,17,16,13,,11,10,10,,14,13,,12,2,7,6,,8,5,8,4,5,14,11,18,11,10,10,8,11,15,14,15,,13,10,16,10,14,15,13,16,24,6,6,8,11,19,5,9,3,6,8,4,18,12,21,16,6,4,5,18,24,17,20,12,9,12,16,16,15,19,21,16,13,9,10,10,9,13,12,15,11,14,19,16,15,9,10,6,12,,15,11,11,10,18,13,14,14,14,13,15,15,12,9,16,,,7,13,8,,12,9,7,6,11,12,,19,9,10,,,,,10,8,12,20,16,11,5,9,,27,11,9,9,11,12,10,11,12,15,11,,,,,11,12,10,12,16,18,22,,6,7,7,8,12,9,8,9,8,11,12,13,12,13,,7,9,12,12,7,14,15,8,13,,5,8,,9,8,,8,21,6,,6,,10,,6,5,7,10,16,15,12,20,22,19,5,8,10,10,,20,19,3,13,10,26,,15,18,21,22,19,15,,8,11,19,16,16,,24,14,14,,16,4,14,22,9,8,14,,14,26,,23,22,15,15,20,25,11,9,7,,34,13,16,18,17,9,15,13,11,,,29,24,28,7,,10,36,34,23,25,13,4,27,6,7,12,20,13,,23,23,13,19,10,14,13,,10,,6,18,21,11,23,19,17,18,11,18,21,7,12,7,,,21,16,7,8,,26,20,33,9,,2,5,,,11,22,23,6,18,6,10,25,2,22,11,31,20,19,20,,19,12,,22,8,15,13,6,14,10,11,8,12,14,12,6,16,7,24,19,8,12,5,11,17,10,10,10,9,7,8,11,33,16,12,36,9,10,9,10,13,9,5,11,12,13,17,18,20,20,5,,6,12,10,21,8,11,11,,26,37,8,12,11,2,5,22,17,19,22,10,17,20,8,6,8,18,16,,12,37,22,28,14,,17,16,16,16,14,12,16,16,15,7,5,10,24,18,12,12,,8,,10,5,4,12,5,9,24,30,26,27,28,18,14,17,12,8,27,20,8,8,14,19,11,10,6,12,20,18,12,24,7,2,20,5,12,14,4,6,11,10,,11,5,9,7,8,19,12,11,10,14,15,8,20,17,3,25,20,25,15,11,18,10,5,21,12,11,19,12,10,5,13,14,10,21,16,13,15,15,10,12,14,11,9,4,12,12,16,13,14,13,12,12,15,8,9,8,17,,9,5,7,32,16,29,18,15,5,3,18,16,18,15,5,11,4,10,2,17,51,21,32,27,,16,7,9,12,12,12,26,12,15,6,17,17,16,10,12,9,10,14,18,22,7,10,21,12,8,9,18,5,11,7,,10,3,6,8,14,10,16,7,19,24,16,10,14,12,15,13,11,13,9,6,7,,10,13,5,12,9,5,11,21,19,8,11,8,18,,16,11,21,23,2,5,8,7,16,,13,12,14,12,19,8,7,11,10,12,9,,12,,12,8,,5,22,16,20,19,15,14,13,,9,13,11,4,,,6,12,23,11,15,12,18,12,15,9,6,16,15,18,32,26,21,18,24,26,3,6,18,7,20,7,7,15,21,10,18,7,19,21,20,21,18,8,36,10,12,9,13,20,15,11,24,11,14,11,18,14,14,16,21,30,,23,9,9,6,19,17,17,9,6,15,20,11,14,9,20,25,16,14,15,9,24,14,10,,4,4,4,9,11,16,4,8,13,7,17,4,15,15,8,21,12,29,17,19,6,15,11,17,8,5,9,14,16,23,5,9,8,10,27,12,28,13,17,15,6,18,23,11
20210719,4,O3,42,13,67,53,58,45,41,73,22,8,50,25,,,50,,40,49,36,,30,,29,62,,57,50,,10,29,18,20,22,32,95,,53,41,,40,38,94,83,65,,6,,77,77,67,46,37,46,41,26,49,27,,42,69,22,20,9,22,,4,10,6,,1,75,75,62,34,37,,69,74,63,69,36,,48,24,34,38,37,19,,60,65,,,39,49,19,56,26,4,24,,4,40,31,35,26,,43,87,83,86,84,89,93,64,62,86,37,63,64,44,21,51,21,40,13,13,43,49,38,37,,39,38,30,18,40,29,15,22,60,55,62,51,51,,62,45,60,50,56,54,58,54,62,,47,59,56,50,,60,70,56,56,57,55,56,50,50,46,50,57,,,,,45,,49,46,40,,,,30,,52,49,53,57,49,48,,35,48,,,,44,29,,24,6,24,53,52,,56,50,57,55,48,53,74,62,,53,,58,50,,50,45,,35,20,23,,27,48,50,14,37,54,51,,,35,55,63,39,26,36,17,,54,,,34,,37,45,,50,64,61,32,34,30,,60,50,41,43,42,16,29,3,19,31,22,20,39,41,22,6,32,34,68,,40,61,47,43,20,48,51,6,9,20,,18,2,,,10,58,42,44,,54,58,59,53,58,,,67,69,80,76,77,22,50,49,46,52,43,46,,42,59,63,56,53,37,21,61,32,,52,46,40,33,16,18,10,6,13,23,16,21,31,31,,19,11,22,36,26,28,19,14,34,33,29,26,30,29,,,45,41,27,31,45,29,39,19,21,21,17,,3,10,3,25,27,27,24,23,20,23,19,,,31,26,20,31,36,29,47,39,6,,36,28,9,24,32,20,25,24,,23,8,48,36,37,45,57,,12,92,50,93,106,97,66,,,98,88,100,83,80,,31,50,42,48,,,62,90,6,8,3,5,6,2,2,12,5,,50,70,63,72,72,69,62,62,54,66,55,68,63,58,39,70,57,75,67,80,,54,46,63,47,,66,103,18,62,,,,50,111,,,,35,86,38,3,4,14,13,,39,31,19,10,21,3,51,11,21,25,46,45,5,6,4,43,,60,24,36,53,81,75,95,93,66,,74,67,54,26,19,25,11,78,65,69,85,76,80,80,58,58,51,63,,31,,50,65,59,37,50,,58,40,,,48,40,46,38,,33,48,31,,57,72,56,42,77,64,66,70,60,49,,,,55,,41,35,,55,71,79,59,80,74,85,66,67,46,,49,,,51,,47,45,43,74,78,63,69,76,,31,22,33,34,5,41,39,35,33,11,,10,30,48,41,37,4,32,30,40,,38,32,33,,73,72,,60,63,56,55,33,,4,22,,,53,58,,20,,57,46,37,51,60,61,,57,62,,51,55,,48,,66,35,68,,74,72,64,66,68,,41,31,64,50,28,50,6,20,26,40,13,25,24,31,8,23,30,23,3,49,73,66,54,60,26,32,13,22,34,31,67,68,78,,82,6,9,7,6,5,92,86,83,87,85,51,25,42,,54,48,53,,56,28,22,20,33,,13,55,84,,57,,61,58,65,60,68,56,52,,,,46,,45,,75,71,81,,70,62,68,50,30,,37,,43,24,41,20,79,72,,42,23,26,36,67,20,,83,,,64,42,43,20,,18,15,19,37,34,81,70,36,66,55,44,51,55,36,20,10,107,109,108,104,22,3,,,4,,61,41,26,15,8,20,15,14,,,,,64,72,,60,44,53,62,45,42,46,18,30,4,5,12,44,45,56,66,63,,56,63,38,,9,15,,36,65,68,90,80,95,76,88,95,54,62,68,62,,54,38,104,96,95,85,,101,97,,75,25,122,101,107,51,53,49,49,,62,,,77,77,33,50,40,,,,,,45,30,64,,,69,,71,,,55,,60,48,50,46,40,45,49,58,46,,27,27,53,52,48,50,58,46,53,53,46,53,48,,29,44,,42,46,9,13,,,26,49,34,45,48,62,57,58,67,,,27,48,47,51,49,,52,39,14,44,48,36,52,,41,44,64,,,66,53,,78,65,22,,33,,115,104,,,59,42,,,90,115,54,,,51,41,60,60,150,155,159,42,53,51,62,35,91,87,62,80,41,,27,23,44,48,37,27,,58,61,13,,30,29,5,5,79,86,55,56,32,35,29,30,,,5,24,7,15,15,3,16,9,14,12,10,4,21,35,,8,11,,,32,25,23,22,46,57,,,67,55,,54,59,36,,60,61,78,72,77,54,65,62,9,16,17,4,2,18,8,37,,26,10,14,16,32,23,,49,,49,,,,47,62,53,52,76,72,,18,,53,32,42,66,62,60,62,48,21,38,6,64,74,58,60,56,7,4,11,15,26,,22,5,13,15,15,4,13,38,30,38,23,12,22,27,29,,7,29,28,23,11,42,36,41,41,35,50,71,60,55,37,,24,30,33,2,32,33,39,44,21,23,20,,48,63,66,,72,71,65,47,,48,43,68,,74,63,,68,68,66,61,66,66,77,41,41,45,,46,58,60,35,51,,45,52,,18,21,29,43,46,35,46,54,46,,64,71,52,,69,80,,62,61,39,45,,44,42,41,39,32,22,29,32,47,43,50,6,40,24,31,31,,24,26,15,24,5,20,19,21,12,15,27,12,16,24,18,10,26,13,14,10,18,16,7,8,2,8,7,47,35,41,11,33,18,40,19,19,31,47,44,43,52,67,75,66,22,9,55,62,,43,12,13,10,31,38,43,15,,50,,17,25,10,48,40,32,33,25,34,40,33,27,33,,,69,46,52,,43,39,59,52,70,48,,18,19,23,,,,,65,46,33,29,36,45,39,43,,5,79,70,78,73,67,22,41,37,40,26,,,,,15,7,42,32,57,55,15,,5,63,71,65,29,88,66,98,31,23,56,68,43,42,,50,42,37,35,15,11,50,80,23,,44,30,,73,47,,44,49,64,,72,,107,,22,17,34,24,15,14,75,73,74,81,28,25,17,38,,84,72,80,26,69,24,,77,83,43,38,101,106,,96,84,80,92,38,,66,63,61,,65,104,63,99,54,111,91,,95,68,,88,56,80,76,55,61,85,82,87,,20,58,46,104,103,79,66,64,65,,,38,17,32,52,,66,30,44,9,5,52,64,27,55,59,49,32,51,,10,7,32,25,49,44,52,,60,,55,30,56,14,9,10,92,55,69,48,11,43,48,40,,,10,10,56,51,,80,65,56,63,,56,39,,,59,36,36,60,37,52,61,55,54,44,59,89,97,100,43,,43,45,,9,75,30,33,103,57,50,57,38,39,24,,55,32,74,22,39,50,44,42,46,48,52,32,15,24,28,30,66,24,45,112,76,70,64,69,88,89,88,60,42,58,46,38,63,28,76,72,,45,6,39,54,72,29,27,,7,11,56,54,41,54,100,72,29,23,38,70,25,36,78,39,40,9,19,,13,18,61,35,118,,98,65,54,60,73,44,51,50,58,42,49,50,58,117,54,62,,51,,55,56,68,33,53,32,24,25,14,20,25,23,30,32,35,,20,19,42,44,32,48,32,50,26,67,35,48,56,52,66,63,23,75,13,4,73,72,58,74,,53,58,3,12,20,10,32,41,25,93,38,37,82,93,54,25,73,46,55,63,36,32,76,27,61,54,42,46,43,52,61,49,48,38,47,43,59,42,50,45,36,55,30,40,32,51,15,19,46,16,41,49,50,55,37,47,31,,66,23,5,42,42,52,65,55,53,54,29,57,54,57,54,36,59,40,81,86,5,85,43,26,,5,73,16,31,33,47,28,36,20,51,30,26,25,28,49,66,46,23,26,18,67,30,33,38,55,50,17,58,46,69,,70,76,68,60,4,92,12,34,18,1,33,73,49,43,18,111,125,53,36,41,44,,45,65,73,66,75,74,,33,31,46,54,46,75,,86,79,59,56,37,45,19,49,2,,62,63,45,34,18,38,12,14,24,38,27,,48,,43,46,,18,46,51,70,33,60,37,45,,46,37,47,45,,,68,72,14,26,8,45,25,56,17,65,66,37,40,21,3,14,1,2,19,5,55,55,,62,64,60,67,50,18,42,32,58,55,34,54,51,42,114,4,96,116,27,26,47,30,51,110,43,28,76,25,32,28,16,50,31,,55,57,67,63,28,25,69,72,54,42,40,55,57,89,78,44,4,27,28,34,32,29,59,,61,70,72,99,56,69,63,47,5,15,37,19,30,45,30,52,76,38,14,31,82,24,38,56,40,28,32,,43,13,74,,62,56,13,66,22,66,56,42,49,56,,43
20210719,4,O3_24h,81,87,115,92,102,93,94,86,84,99,97,94,,,117,,108,120,125,,107,,71,116,,88,130,,96,94,94,90,71,106,111,,106,85,,91,83,96,100,100,,103,,90,93,79,113,113,119,106,108,120,104,,104,108,108,72,78,81,,68,113,113,,117,128,128,119,125,116,,78,95,76,82,106,,113,98,99,112,102,100,,162,151,,,172,169,153,158,154,163,148,,155,153,165,163,151,,136,110,99,111,106,108,117,125,106,104,91,102,102,99,106,113,119,88,105,100,116,144,143,117,,144,160,139,141,127,142,133,144,107,105,114,104,111,,114,95,109,98,128,123,121,133,124,85,121,140,143,113,,137,127,129,126,118,114,126,110,113,115,113,94,,,,77,90,,95,87,86,,,,190,,163,150,162,162,125,148,,150,169,,,,166,160,,199,174,184,112,122,,132,104,109,96,101,97,110,102,,106,,93,81,,132,151,,155,140,144,,151,154,124,139,78,95,95,,,91,80,94,101,92,79,85,,99,,,153,,152,152,,97,92,97,92,86,94,,107,110,129,128,134,119,112,103,83,85,88,88,89,94,82,82,82,85,81,,83,80,94,67,160,115,106,98,107,93,,102,98,,,100,108,129,108,,113,130,117,144,97,,,84,89,94,94,95,92,81,84,80,83,82,81,,68,85,147,146,153,152,147,126,132,,132,140,89,88,87,87,81,77,75,86,88,81,141,182,,158,135,173,109,147,77,124,112,77,73,78,74,83,113,,48,81,98,102,92,79,85,94,180,160,177,149,,188,169,156,104,126,114,107,132,141,161,120,,,107,113,107,83,76,72,88,88,191,189,212,202,127,135,133,125,114,150,66,128,74,75,72,75,75,121,,118,151,151,213,172,222,170,,,151,170,170,150,156,,169,191,171,162,,,185,143,75,86,101,97,86,86,89,85,89,,102,94,78,93,83,81,125,114,116,121,115,128,97,93,96,91,86,103,103,110,,116,86,95,89,,212,164,191,179,,,,181,180,,,,183,226,123,114,126,120,128,,125,93,88,96,104,78,90,84,76,91,88,91,74,89,84,184,,165,166,185,159,182,178,188,187,184,,109,116,118,113,116,111,124,119,104,106,103,98,103,101,124,121,106,119,,94,,93,105,99,108,143,,146,102,,,117,121,115,126,,91,100,104,,100,101,101,104,112,102,92,96,100,102,,,,112,,111,98,,104,129,124,122,100,101,112,66,78,77,,124,,,161,,146,125,127,105,109,101,109,86,,110,107,107,96,116,100,103,97,116,116,55,96,81,88,80,86,85,75,81,98,,92,113,106,,136,109,,126,127,123,117,123,,134,88,,,89,107,,110,,120,122,125,124,84,88,,86,90,,105,92,,101,,83,81,82,,87,86,88,83,89,,135,153,129,128,121,129,67,146,143,157,132,147,136,101,97,92,89,87,93,102,104,93,98,100,112,105,120,106,115,84,78,75,78,,82,93,73,81,84,98,116,103,107,100,107,126,106,123,,116,113,118,,118,106,117,94,96,,98,96,85,,86,,92,92,102,87,104,100,89,,,,99,,101,,87,87,92,,84,82,89,99,103,,106,,140,132,155,136,144,120,,151,157,163,126,137,155,,100,,,120,99,97,65,,132,115,138,112,76,95,80,88,116,118,110,126,125,118,70,70,152,160,166,145,82,81,80,72,75,,149,170,145,150,92,115,124,87,,,,,247,197,,183,71,80,106,80,78,94,117,108,109,109,116,89,100,104,113,121,,96,102,120,,139,146,,146,158,167,147,146,153,157,162,158,123,121,128,106,,143,157,148,183,196,166,109,112,127,,110,107,133,121,128,112,113,110,110,,83,,93,106,106,102,117,97,72,74,87,,,107,92,126,83,52,93,47,84,,,146,,132,134,138,164,168,160,168,182,123,,149,140,196,204,195,157,163,144,144,115,143,93,85,,92,119,,130,129,85,92,,,87,106,90,95,89,92,90,93,101,,,155,88,87,90,85,,77,122,123,119,127,112,89,,87,89,136,,,134,127,,108,97,117,,116,,211,224,,,91,74,,,168,183,166,,,71,78,119,116,182,184,173,88,85,87,87,80,136,132,124,145,200,89,157,162,76,80,70,75,,192,186,94,,75,74,95,100,115,127,92,86,87,75,85,105,,,110,134,109,125,215,130,131,127,136,93,92,80,97,87,86,89,108,,,185,68,64,68,107,113,,79,147,158,,149,148,148,,125,119,123,118,117,74,85,76,112,118,112,98,88,141,72,103,,90,95,92,87,143,146,,113,,107,,,,92,92,94,90,117,109,,119,,116,129,129,94,96,91,85,89,94,100,121,89,102,99,98,100,113,121,123,106,84,,84,78,65,66,66,71,84,98,94,96,91,82,98,106,101,,82,95,95,89,82,125,117,117,109,128,142,139,141,147,92,,101,102,99,92,87,89,88,86,85,83,92,,72,98,92,,95,94,96,107,,121,114,89,,93,91,62,93,98,116,109,117,116,124,95,90,94,,91,89,98,115,123,,141,140,83,111,109,127,145,136,126,123,141,138,,123,125,108,,122,124,,134,143,135,131,,101,104,114,92,88,126,120,123,119,126,118,98,105,106,108,97,,112,114,124,109,140,165,155,156,143,122,133,116,134,120,69,109,128,104,110,75,63,85,83,80,82,89,75,183,170,163,174,56,68,63,101,112,58,128,127,130,135,140,130,132,124,145,165,185,71,130,122,127,127,107,98,151,154,,160,114,99,115,93,110,106,110,89,114,130,143,139,131,149,,,125,120,120,,115,100,104,102,129,111,,129,107,111,,,,,128,122,115,106,116,153,132,127,,96,109,131,120,122,117,83,74,91,77,83,,,,,101,92,102,93,64,62,91,,85,98,101,108,102,104,80,107,54,61,69,71,87,88,,84,84,68,64,55,62,100,97,64,,74,67,,76,112,,84,81,78,,114,,132,,87,77,133,138,152,133,170,154,158,156,105,127,114,117,,150,150,145,171,159,156,,141,158,151,148,138,140,,136,129,158,155,141,,153,167,158,,148,219,145,158,119,145,222,,243,172,,173,146,146,145,117,115,151,148,141,,127,125,119,158,138,111,124,136,129,,,126,127,133,92,,99,137,129,123,135,108,86,126,94,108,114,96,90,,119,127,198,188,86,170,156,,112,,115,107,185,122,81,83,136,144,131,141,160,122,150,105,,,113,167,103,116,,172,177,216,138,,91,171,,,95,171,162,88,78,96,89,85,92,154,112,187,171,217,92,,120,115,,112,136,105,107,126,159,69,128,78,104,126,98,72,97,102,196,91,81,100,86,92,106,134,91,82,86,87,82,110,150,109,112,152,93,144,150,105,103,115,99,99,141,139,94,144,186,116,86,,96,73,116,92,81,96,102,,96,186,105,116,101,86,130,143,204,113,157,86,101,156,108,89,98,156,122,,94,188,161,178,175,,134,117,106,112,118,104,108,115,103,96,91,119,176,218,155,88,,100,,135,96,96,176,99,83,104,113,136,148,144,142,82,92,94,84,159,225,94,84,97,118,105,125,102,120,122,140,135,122,120,82,138,114,108,115,86,82,87,94,,82,85,95,93,86,208,116,90,79,116,126,96,184,169,112,98,130,176,163,165,115,145,91,121,112,118,94,111,98,99,148,135,94,94,99,89,117,117,155,135,124,129,127,87,128,120,150,112,139,119,133,102,118,98,99,100,98,,117,95,79,179,155,136,163,123,127,86,186,173,152,152,122,113,101,124,96,139,130,137,117,124,,89,89,77,85,86,77,147,102,170,93,108,110,108,82,91,113,107,110,98,88,125,87,110,131,117,111,128,86,96,94,,99,90,94,95,101,110,102,85,137,107,177,157,195,137,137,161,138,138,107,113,109,,116,119,120,123,77,106,162,114,107,113,133,130,187,,144,188,134,123,66,128,143,122,159,,153,141,175,136,121,89,96,66,82,71,69,,110,,145,122,,103,93,127,102,139,138,106,79,,104,141,137,120,,,78,142,100,87,84,108,85,95,81,92,83,106,118,107,96,109,115,119,127,108,80,81,66,84,101,89,89,113,84,133,88,95,113,97,93,88,108,133,128,122,132,91,151,106,79,90,210,170,85,91,164,113,113,127,177,178,,123,110,87,92,214,102,234,86,91,110,121,127,105,239,177,134,144,149,128,135,149,109,112,,72,120,93,135,124,108,101,123,89,79,90,72,78,130,76,100,114,182,209,80,106,112,86,103,88,86,89,72,159,168,126,123,97,93,115,97,106,93,166,146,108,60,81,124
20210719,4,O3_8h,30,29,48,36,58,30,30,41,26,27,31,27,,,64,,58,64,50,,54,,28,68,,56,59,,13,28,16,25,27,42,106,,46,36,,39,32,92,31,64,,4,,81,80,70,56,42,52,52,29,56,39,,60,68,24,19,14,30,,7,15,8,,5,78,71,62,42,44,,76,79,70,74,42,,50,34,56,44,49,22,,54,62,,,44,51,41,61,24,3,23,,10,38,34,27,36,,48,76,86,86,84,88,90,76,57,79,54,63,65,53,38,68,12,31,28,40,27,56,45,46,,51,51,43,37,46,40,25,30,61,58,63,53,60,,64,47,62,59,52,58,64,58,64,,40,64,60,54,,62,70,58,58,59,59,64,57,58,52,57,56,,,,40,46,,52,50,44,,,,38,,55,55,59,61,52,54,,47,53,,,,59,37,,34,12,28,58,59,,61,54,59,57,50,57,79,64,,57,,62,54,,55,41,,34,19,31,,31,46,56,15,40,66,60,,,50,62,68,44,58,45,25,,56,,,39,,44,48,,44,73,68,39,38,36,,66,62,43,47,48,19,33,4,30,26,22,26,36,30,28,10,31,37,71,,48,61,53,45,21,49,55,12,12,18,,15,4,,,8,74,52,42,,67,67,76,68,74,,,68,73,83,77,78,25,50,51,46,55,43,48,,45,62,72,52,63,60,50,64,34,,58,60,38,31,18,18,24,30,25,28,15,18,21,28,,24,18,32,41,26,34,15,13,33,31,29,28,24,32,,,42,40,26,33,39,30,32,18,19,18,18,,12,12,3,24,24,28,28,26,24,26,22,,,35,27,24,30,38,32,46,40,29,34,52,43,25,36,36,30,32,32,,22,14,43,34,41,41,80,,15,57,52,74,78,78,56,,,66,60,50,38,62,,40,61,69,42,,,72,102,6,10,4,5,7,2,2,13,5,,41,57,56,62,64,62,67,69,62,70,63,74,72,60,28,68,65,81,76,53,,59,40,46,41,,75,129,56,76,,,,56,130,,,,53,68,21,2,5,6,11,,31,32,31,32,33,18,49,22,32,41,50,45,8,20,10,49,,52,27,55,29,82,76,97,70,61,,74,76,62,47,30,34,21,102,86,85,76,65,66,68,59,57,53,60,,42,,56,70,62,47,58,,64,41,,,49,42,48,52,,41,57,42,,58,71,60,46,78,62,68,72,65,44,,,,56,,51,52,,61,70,83,60,82,77,86,56,64,48,,50,,,49,,48,36,28,72,78,70,71,76,,29,28,36,38,8,47,41,38,36,15,,10,29,50,44,43,4,25,27,50,,46,36,40,,72,72,,60,63,56,52,48,,15,32,,,51,58,,10,,63,47,54,62,62,63,,58,64,,65,66,,69,,72,44,70,,78,70,65,61,67,,36,27,57,54,31,47,6,22,30,38,16,35,26,29,9,15,27,27,5,37,73,50,42,48,20,24,10,17,24,31,58,56,56,,62,10,13,12,16,8,101,84,87,88,91,24,13,19,,45,43,58,,72,44,36,41,36,,20,61,84,,61,,65,61,67,61,72,71,68,,,,48,,48,,81,76,86,,66,60,62,54,36,,40,,54,50,45,32,79,78,,43,26,32,43,63,20,,83,,,72,48,52,26,,24,22,24,34,30,80,68,50,64,52,48,53,62,38,19,12,105,104,105,100,20,2,6,,6,,62,52,40,17,10,36,22,32,,,,,84,75,,60,46,53,56,44,36,40,20,36,12,4,20,44,44,50,69,62,,71,66,52,,18,37,,58,72,75,86,79,95,83,89,94,58,67,76,66,,56,50,84,60,93,91,,95,87,,68,36,123,100,107,56,56,55,55,,64,,,77,77,48,62,52,,,,,,55,36,71,,,72,,77,,,58,,63,52,56,46,46,45,46,54,50,,40,39,50,50,48,58,66,64,66,58,52,59,51,,41,51,,51,54,10,11,,,29,46,40,42,44,68,63,65,73,,,39,57,56,62,60,,53,60,32,58,66,50,58,,52,52,71,,,71,62,,76,61,37,,42,,137,124,,,60,48,,,56,114,60,,,56,50,69,64,158,161,163,47,60,57,67,40,88,80,61,69,37,,23,22,46,52,38,30,,68,68,20,,26,20,8,8,96,105,60,59,36,40,34,39,,,8,27,10,18,16,3,18,12,17,13,8,4,14,41,5,31,13,,,40,39,36,36,54,65,,,74,62,,33,61,42,,64,72,77,70,70,59,67,66,12,16,12,3,5,23,15,39,,17,16,19,17,45,41,,52,,60,,,,52,68,59,56,80,73,,20,,40,28,32,67,64,62,64,52,10,27,8,64,72,65,65,63,7,4,20,14,29,,38,5,16,19,19,10,14,43,32,42,26,10,30,26,28,,15,34,33,23,13,43,42,43,44,45,50,61,54,44,36,,26,32,33,2,34,38,32,46,29,32,34,,53,65,65,,77,76,72,69,,61,52,76,,84,68,,72,75,75,71,78,75,83,45,46,50,,66,65,77,26,48,,38,52,,20,26,31,52,52,40,46,50,40,,66,74,54,,70,76,,57,71,42,40,,50,46,38,42,42,24,35,35,48,46,50,11,48,35,37,43,,33,32,26,32,14,30,34,29,17,16,38,15,25,39,29,8,24,9,14,10,23,25,11,15,4,10,10,48,39,51,36,30,21,39,26,21,35,40,40,45,58,70,80,73,27,21,61,66,,63,35,29,22,37,42,54,36,,63,18,20,37,11,61,52,50,38,33,37,47,46,52,49,,,52,58,61,,56,52,67,60,73,53,,19,19,30,,,,,75,60,56,44,48,54,45,50,,4,76,74,82,75,77,27,41,32,44,30,,,,,8,8,52,40,54,51,22,,7,76,75,72,47,90,65,95,28,20,34,38,49,49,,53,37,42,38,19,18,59,84,23,,50,36,,60,47,,49,50,56,,74,,112,,25,20,34,38,19,25,83,82,82,86,39,28,22,38,,92,88,80,84,86,41,,82,96,60,69,59,76,,97,86,80,90,44,,80,67,69,,62,113,78,112,58,114,100,,106,74,,80,71,91,91,64,56,80,73,86,,10,68,54,105,104,76,69,74,71,,,35,22,18,46,,56,13,18,24,28,48,66,25,59,60,62,41,58,,46,12,42,31,58,48,51,,68,,54,36,66,16,16,18,68,55,78,30,20,48,47,60,,,15,20,58,66,,60,82,48,61,,59,46,,,63,47,45,62,41,56,64,60,55,46,64,60,80,82,65,,61,59,,22,76,43,47,105,61,55,60,41,50,28,8,50,50,78,40,40,57,47,48,48,43,59,32,15,29,28,34,68,12,58,101,55,80,67,73,86,89,90,71,43,62,45,36,76,38,77,76,,51,21,42,49,64,41,41,,16,42,62,63,50,57,109,90,38,15,38,68,22,48,64,44,40,12,19,,22,36,73,42,119,,84,66,58,59,74,47,52,52,58,48,55,49,33,130,56,62,,54,,61,61,73,41,58,32,36,18,15,26,26,27,30,32,36,46,24,36,39,50,26,48,35,56,24,68,34,56,65,26,78,66,45,80,18,10,78,76,69,80,,54,61,3,10,22,24,36,50,30,64,44,36,84,68,60,24,78,50,66,72,51,44,76,40,62,57,50,50,50,60,68,59,50,40,52,44,64,50,63,55,39,53,38,64,37,58,16,16,46,20,44,54,51,54,50,43,24,,66,26,16,40,42,68,80,59,56,59,40,60,64,69,56,52,64,47,85,93,5,81,34,44,,5,68,31,37,32,44,22,38,31,48,27,26,29,28,65,70,54,24,35,39,72,30,10,30,66,55,17,61,46,68,,75,80,73,64,4,97,11,41,28,3,48,71,68,45,26,114,90,54,42,52,58,,44,66,79,59,75,82,66,26,34,50,55,54,75,,88,104,43,51,42,50,26,54,8,,68,68,45,41,23,48,20,20,20,39,28,,57,,52,60,,26,30,60,56,46,67,48,52,,51,46,43,49,,,68,85,15,29,11,31,22,51,28,72,68,56,33,20,4,18,12,15,14,3,48,61,,68,56,62,73,60,21,49,32,68,54,36,53,54,42,99,4,84,100,42,38,40,49,60,134,44,27,69,27,32,32,28,60,36,,51,59,68,66,40,42,80,72,57,41,44,57,52,104,85,54,30,36,32,30,35,43,69,,52,70,74,86,62,69,70,62,6,10,28,25,26,57,26,52,82,46,14,41,83,29,34,40,50,42,23,4,62,16,85,,69,57,18,64,22,72,64,57,54,52,,44
20210719,4,O3_8h_24h,30,34,48,36,60,30,30,41,41,34,31,30,,,72,,71,75,57,,76,,48,73,,68,69,,22,32,16,30,29,53,111,,46,36,,39,32,92,31,73,,5,,84,82,71,66,53,56,58,38,63,54,,67,68,28,35,16,47,,10,26,10,,14,80,71,62,61,56,,78,81,75,76,45,,61,57,68,47,71,28,,54,62,,,48,51,56,63,24,3,26,,15,42,37,28,41,,51,76,86,86,84,88,90,84,57,79,60,63,66,56,44,73,12,31,34,48,27,62,47,51,,65,66,58,52,49,56,31,46,62,61,66,55,67,,66,48,64,63,52,62,74,60,66,,40,66,62,58,,66,72,62,62,63,64,74,66,69,59,67,56,,,,41,49,,56,52,50,,,,46,,60,57,68,66,54,57,,55,58,,,,72,44,,45,23,34,64,66,,68,57,62,59,53,60,80,70,,59,,67,60,,58,41,,36,19,38,,33,49,60,20,54,74,63,,,61,66,72,59,70,61,40,,57,,,48,,53,50,,44,83,71,44,39,39,,71,72,46,50,57,23,49,6,36,35,22,41,36,30,32,26,31,43,72,,53,61,55,46,22,62,62,24,14,18,,15,10,,,8,86,66,52,,85,72,92,79,79,,,71,78,87,77,79,28,54,56,49,60,50,55,,50,64,77,52,68,74,82,72,47,,62,79,45,31,20,18,35,47,38,35,15,19,21,29,,28,24,43,43,27,40,15,19,33,31,30,29,24,32,,46,42,40,30,35,39,32,32,18,19,18,24,,27,12,3,24,24,29,30,27,26,28,24,,,38,33,29,35,39,35,46,42,56,44,67,57,38,42,40,38,42,39,52,22,20,46,34,42,41,102,,16,57,60,74,78,78,57,,,66,60,50,38,64,,45,65,85,42,,,81,112,6,10,4,6,8,2,4,14,5,,41,57,56,62,64,62,70,74,74,72,71,82,76,61,28,77,68,91,81,64,,86,40,46,41,,108,148,90,88,,,,62,141,,,,61,68,21,2,6,6,18,,52,33,37,47,46,26,53,32,41,50,55,45,12,42,18,56,,56,28,79,29,86,81,98,70,61,,74,79,76,62,44,51,24,114,103,96,76,65,66,68,62,59,58,60,,48,,60,74,65,53,65,,70,43,,,56,48,57,58,,50,66,50,,60,74,64,52,80,62,70,73,70,44,,,,58,,59,64,,72,72,88,65,82,78,86,56,66,49,,56,,,49,,49,36,28,72,78,74,75,76,,40,35,37,47,12,54,44,38,41,18,48,10,35,51,47,47,4,25,27,56,,58,39,54,,74,74,,60,64,56,53,66,,37,40,,,51,59,,10,,70,58,62,68,64,64,,59,65,,70,70,,76,,74,61,70,,80,72,66,61,67,,36,27,57,56,32,47,7,22,38,38,23,40,26,36,10,15,42,32,6,37,75,50,42,48,21,24,10,17,24,32,67,56,56,,62,16,18,15,21,11,107,86,92,92,98,24,13,19,,45,43,59,,83,51,41,49,37,,22,66,85,,64,,69,66,72,65,75,82,78,,,,54,,50,,86,82,91,,66,60,62,55,40,,45,,73,63,48,47,101,81,,45,31,36,45,63,22,,83,,,83,55,61,29,,34,34,37,34,33,80,71,66,64,52,50,54,65,48,20,14,105,104,105,100,21,2,9,,7,,68,63,59,18,15,55,34,51,,,,,117,87,,68,49,59,56,44,36,44,24,46,19,5,31,44,44,50,72,64,,76,67,66,,43,73,,86,82,84,87,85,96,88,89,94,62,70,84,69,,58,59,84,60,93,95,105,95,93,,68,42,123,100,108,58,58,67,67,,65,,89,77,77,57,68,62,65,53,74,,,58,38,78,68,53,83,39,82,,,60,,66,57,63,46,48,46,46,54,52,,51,48,50,50,48,66,74,80,79,61,59,66,57,,52,64,,55,62,14,12,,,32,46,51,42,44,75,71,72,80,,,54,68,64,69,67,,59,75,72,69,78,55,66,,60,61,75,,,76,74,,76,61,54,,62,,161,136,,,61,51,,,56,114,72,,,61,61,75,70,161,163,165,49,63,60,69,44,88,80,61,69,42,83,26,28,49,55,38,36,,75,74,26,,26,20,9,11,108,123,62,62,39,44,36,59,,,8,28,16,25,18,3,22,15,19,16,10,4,14,43,7,39,18,,,45,47,46,46,65,73,,70,77,64,,33,62,50,,65,76,77,70,70,69,73,72,14,16,12,3,9,30,17,45,,17,24,27,18,71,67,,54,,72,,,,61,78,68,62,81,74,,20,,41,32,32,67,64,69,65,55,10,33,13,64,75,70,70,68,7,5,34,16,32,,54,5,22,24,22,16,16,46,42,47,33,10,36,26,35,,26,41,42,23,16,46,51,51,56,62,50,61,54,44,38,,29,35,38,2,39,44,32,50,37,42,43,,55,66,65,,81,83,76,89,,75,62,89,,93,71,53,74,80,78,74,82,78,85,46,49,53,,76,68,84,30,52,,38,52,88,21,30,35,60,57,51,52,50,40,,70,77,55,,70,76,,61,74,49,44,,53,52,38,53,51,36,48,43,54,51,56,18,54,41,46,52,,42,39,34,41,40,42,42,34,26,19,54,17,41,53,42,8,24,9,14,10,31,38,16,19,5,15,12,61,72,61,62,30,30,49,32,28,51,43,40,48,62,73,87,83,29,25,63,68,64,76,61,54,43,41,46,67,61,,75,18,21,47,12,74,68,68,46,38,47,54,56,71,74,,,52,72,70,,68,61,75,70,74,66,,19,21,38,,,,,84,85,76,61,64,64,51,55,,5,76,78,88,82,82,35,46,33,51,34,,,,,8,8,67,57,54,51,25,,11,85,83,80,54,91,65,95,28,22,34,38,52,52,,54,37,46,41,21,20,75,85,26,,56,41,,60,52,,55,53,56,,75,,116,,28,22,37,55,25,46,94,94,95,96,50,32,29,38,,96,100,81,124,106,67,,88,109,89,106,59,76,,99,91,80,90,50,,88,84,84,,62,122,90,134,64,119,119,,130,83,,92,81,96,100,70,56,84,73,86,,10,79,70,105,104,89,70,80,76,,,44,43,19,46,,56,16,18,41,53,53,66,25,68,74,75,51,66,,69,19,53,40,68,49,55,,76,,56,40,69,18,23,37,68,55,82,30,26,62,51,81,,,23,45,59,78,,65,98,48,61,,64,51,,,69,50,48,63,45,62,66,65,55,50,68,60,82,86,73,,70,69,,35,78,56,60,106,74,61,67,47,55,35,17,54,60,84,68,52,61,50,53,50,43,67,33,19,38,33,35,73,12,63,101,55,93,77,76,86,89,90,82,44,64,45,39,84,49,81,83,,54,28,48,49,64,51,54,,32,98,76,70,65,62,114,102,46,21,78,68,22,69,64,49,40,23,20,,31,51,86,44,120,,84,69,64,62,76,51,58,57,58,51,71,52,33,142,57,62,,56,,66,69,74,51,63,44,42,21,23,34,26,35,30,34,38,47,25,49,39,57,26,53,36,58,24,68,35,62,69,26,82,69,76,81,19,12,82,79,84,94,,60,62,5,13,23,33,38,60,42,64,49,40,93,68,67,30,86,52,75,78,67,59,77,57,65,70,54,56,57,66,72,64,50,40,54,47,65,60,80,68,42,53,48,78,44,62,18,16,46,32,45,58,52,58,55,43,24,,66,31,20,52,56,80,101,60,59,63,50,64,79,81,60,60,65,54,90,111,6,86,34,64,,12,68,46,40,32,46,22,42,44,48,28,26,37,29,77,76,64,26,43,52,74,30,10,34,76,58,17,67,46,68,,80,86,76,67,4,106,11,58,40,5,58,78,84,48,32,116,90,56,50,61,74,,56,68,84,59,75,86,68,27,45,60,64,72,75,,91,125,43,51,47,55,29,64,10,,89,74,45,44,30,56,24,28,23,40,29,,63,,54,65,,36,30,62,56,60,76,55,57,,66,52,57,55,,,68,90,16,32,13,31,22,51,31,78,71,76,33,22,8,20,33,41,18,3,48,66,62,74,56,62,82,64,28,61,32,71,54,36,53,56,46,99,6,84,100,60,53,46,58,68,155,44,27,69,28,34,37,45,68,40,,51,68,71,70,47,61,108,74,65,47,46,67,52,132,102,57,73,44,45,34,36,50,78,,58,70,76,96,68,69,75,73,7,10,28,27,40,71,31,58,86,53,14,45,89,46,34,40,75,56,23,6,89,20,94,,74,58,37,64,32,77,68,66,57,52,1,54
20210719,4,CO,0.4,0.4,0.4,0.5,0.4,0.5,0.4,0.4,0.4,0.5,0.3,0.5,,,0.7,,0.8,0.7,0.6,,0.9,,0.5,0.5,,0.5,0.5,,0.7,0.6,0.7,0.9,0.7,0.6,0.5,,0.9,1.1,,1.3,1.1,0.3,0.2,0.4,,0.3,,0.5,0.6,0.4,0.2,0.5,0.3,0.1,0.2,0.1,0.2,,0.4,0.3,,0.6,0.7,0.8,,0.7,0.6,0.2,,0.4,0.3,0.1,0.2,0.2,0.5,,,0.3,0.1,0.2,0.5,,0.4,0.5,0.6,0.5,0.5,0.6,,0.5,0.5,,,0.3,0.5,0.3,0.4,0.8,0.9,0.7,,0.8,0.6,0.6,0.5,0.6,,0.5,0.7,0.4,0.5,0.5,0.4,0.5,0.5,0.5,0.6,0.6,0.6,0.6,0.6,0.5,0.6,0.4,0.4,0.4,0.4,0.6,0.1,0.6,0.4,,0.5,0.5,0.4,0.5,0.1,0.3,0.3,0.4,0.5,0.5,0.3,0.4,0.5,,0.4,0.3,0.3,0.2,0.3,0.5,0.1,0.1,0.6,0.4,0.3,0.5,0.4,0.2,,0.3,0.5,0.3,0.1,0.3,0.5,0.4,0.3,0.4,0.5,0.5,0.4,,,,0.4,0.3,,0.5,0.4,0.4,,,,0.7,,0.4,0.2,0.4,0.4,0.3,0.3,,0.3,0.6,,,,0.6,0.6,,0.7,0.9,0.7,0.3,0.5,,0.2,0.2,0.3,0.1,0.2,,0.6,0.4,,0.3,,0.3,0.4,,0.3,0.4,,0.6,0.3,0.8,,0.6,0.4,0.4,0.3,0.4,0.6,0.4,,,0.3,0.4,0.4,0.4,0.4,0.4,0.5,,0.8,,,0.5,,0.7,0.5,,0.3,0.3,0.2,0.3,0.4,0.5,,0.3,0.4,0.3,0.3,0.5,0.4,0.3,0.5,0.4,0.4,0.4,0.5,0.5,0.5,0.6,0.5,0.1,0.5,0.4,,0.5,0.6,0.4,0.4,0.3,0.6,0.3,1.2,0.9,0.7,,0.8,1.4,,,0.9,0.4,0.1,0.6,,0.4,0.3,0.5,0.2,0.3,,,0.1,0.3,0.4,,0.2,0.5,0.5,0.4,0.5,0.4,0.4,0.5,,0.5,0.4,0.8,0.8,0.6,0.9,0.7,0.7,0.8,,0.9,0.4,0.7,0.6,0.6,0.6,0.7,0.7,0.4,0.5,0.6,0.4,0.5,0.6,,0.5,0.4,0.5,0.6,0.6,0.5,0.5,0.4,0.4,0.6,0.6,0.5,0.4,0.4,,,0.4,0.4,0.5,0.5,0.5,0.4,0.5,0.3,0.4,0.3,0.4,,0.6,0.5,0.5,0.5,0.5,0.5,0.4,0.5,0.5,0.4,0.5,,,0.6,0.5,0.7,0.4,0.5,0.5,0.6,0.5,0.7,0.6,0.3,0.4,0.5,0.6,0.5,0.6,0.4,0.7,,0.5,0.3,0.4,0.5,0.4,0.4,0.6,,0.5,0.4,0.6,0.5,0.8,0.1,0.4,,,0.5,0.3,0.6,,0.5,,0.4,0.4,0.4,0.5,,,0.5,0.2,0.4,0.4,0.5,0.7,0.6,0.5,0.6,0.5,0.8,,0.3,0.2,0.3,0.2,0.2,0.3,0.2,0.3,0.2,0.4,0.4,0.2,0.4,0.8,0.7,0.7,0.7,0.4,0.7,0.4,,0.7,0.9,0.6,0.8,,0.8,0.5,,0.3,,,,0.6,0.3,,,,0.4,0.6,0.8,0.5,1,0.4,0.9,,0.6,1.1,0.9,0.7,0.9,0.8,1.1,0.8,0.9,1.2,0.8,0.4,0.6,0.7,0.7,1,,0.9,0.7,1.2,0.6,0.9,0.8,0.8,0.8,0.9,,0.3,1,0.5,0.5,0.4,0.3,0.7,0.7,0.5,0.6,0.5,0.5,0.3,0.4,0.2,0.3,0.3,0.3,,0.6,,0.3,0.6,0.3,0.9,0.5,,0.6,0.6,,,0.6,0.8,0.8,0.3,,0.2,0.6,0.3,,0.2,,0.2,0.4,0.2,0.2,0.1,0.1,0.2,0.3,,,,0.3,,0.7,0.8,,0.4,0.2,0.4,0.5,0.4,0.2,0.3,0.4,0.5,0.4,,0.3,,,0.7,,0.6,0.5,0.5,0.3,0.5,0.4,0.2,0.3,,0.5,0.4,0.6,0.5,0.4,0.4,0.6,0.7,0.7,0.8,,0.6,0.5,0.3,0.5,0.4,0.7,0.7,0.6,0.4,,0.4,0.5,0.5,,0.5,0.6,,0.4,0.6,0.6,0.5,0.6,,0.6,0.6,,,0.4,0.4,,0.6,,0.7,0.5,0.5,0.5,0.5,0.4,,0.7,0.6,,0.5,0.6,,0.6,,0.9,0.8,0.8,,0.6,0.7,0.3,0.2,0.1,,0.4,0.6,0.4,0.9,1,0.5,0.2,0.6,0.6,0.4,0.6,0.4,0.6,0.2,0.8,1.5,0.6,0.5,0.5,0.6,0.8,0.4,0.5,0.4,0.7,0.6,0.6,0.8,0.6,0.5,0.4,0.4,0.1,,0.1,0.4,0.3,0.3,0.5,0.3,0.5,0.4,0.8,0.4,0.5,0.6,0.8,0.6,,0.7,0.6,0.8,,0.4,0.6,0.5,0.4,0.7,,0.4,0.3,0.3,,0.7,,0.7,0.3,0.4,0.3,0.5,1.5,1.3,,,,0.4,,0.5,,0.4,0.6,0.3,,0.6,0.6,0.5,0.5,0.6,,0.7,,0.4,0.6,0.5,0.5,0.5,0.7,,0.7,0.6,0.5,0.7,0.6,0.6,,0.7,,,0.8,0.3,0.3,0.5,,0.7,0.9,0.9,0.7,0.7,0.3,0.5,0.7,0.6,0.7,0.8,1.1,0.9,0.8,0.4,0.3,0.4,0.5,0.7,0.4,0.5,0.7,0.7,0.5,0.8,,1.2,2.5,2.7,1.4,0.6,0.7,0.9,0.7,,,,,0.5,0.5,,0.6,0.7,0.5,0.3,0.3,0.4,0.4,0.7,0.5,0.7,0.6,0.4,0.5,0.6,0.8,0.6,0.8,,0.7,0.6,0.8,,0.6,0.6,,0.6,0.7,0.8,0.7,0.9,0.8,0.6,0.5,0.6,0.6,0.6,0.7,0.6,,0.5,0.7,0.2,0.5,0.3,0.2,,0.6,0.5,,0.5,0.4,0.2,0.3,0.2,0.2,0.5,0.1,0.1,,0.5,,,0.3,0.3,0.2,0.2,0.4,,,,,,0.3,0.4,0.4,,,0.3,,0.5,,,0.6,,0.7,0.3,0.7,0.5,0.4,0.6,0.3,0.4,0.4,,0.7,0.7,0.7,0.6,0.6,0.3,0.3,0.4,0.3,0.6,0.6,,0.3,,0.5,0.3,,0.4,0.4,0.5,0.6,,,0.6,0.5,0.5,0.5,0.4,0.4,0.8,0.8,0.5,,,0.5,0.7,0.9,1,0.8,,0.7,0.5,0.4,0.6,0.6,0.5,0.4,,0.4,0.6,0.6,,,0.5,0.7,,0.6,0.5,0.4,,0.5,,0.9,1.1,,,0.1,0.3,,,0.6,0.4,0.5,,,0.3,0.3,0.2,0.2,0.4,0.3,0.4,0.5,0.5,0.5,0.5,0.6,0.4,0.2,0.3,0.5,0.7,,0.5,0.7,0.4,0.3,0.6,0.5,,0.4,0.3,0.4,,0.3,0.4,0.5,0.5,0.6,0.4,0.5,0.4,0.4,0.4,0.3,0.5,,,0.6,0.6,0.7,0.8,0.5,2.2,0.2,1.1,0.3,1.2,1,0.7,0.5,0.5,0.5,0.6,0.5,,,0.4,0.7,0.6,0.6,0.3,0.2,,,0.3,0.4,,0.5,0.5,0.4,,0.3,0.5,0.6,0.6,0.7,0.3,0.5,0.4,0.6,0.3,0.5,0.7,0.5,0.4,0.5,0.7,,0.3,0.3,0.3,,0.6,0.5,,0.5,,0.4,,,,0.4,0.5,0.5,0.4,0.5,0.6,,1,,0.4,0.4,0.4,0.4,0.6,0.5,0.5,0.3,0.6,0.5,0.7,0.3,0.2,0.5,0.4,0.3,0.5,0.5,0.4,0.4,0.3,,0.6,0.4,0.6,0.3,0.5,0.8,0.3,0.8,2.6,0.4,0.9,0.3,0.3,0.4,0.7,,0.4,0.5,0.6,0.4,0.4,1,0.9,0.6,1,1.3,0.5,0.5,0.6,0.4,0.6,,0.5,0.8,0.6,0.6,0.6,0.5,0.5,0.6,0.5,1,0.8,,0.7,0.3,0.2,,0.7,0.6,0.8,0.4,,0.4,0.5,0.6,,0.6,0.6,,0.6,0.6,0.8,0.9,0.7,0.6,0.6,0.7,0.6,0.6,,0.5,0.3,0.6,1.1,0.7,,0.7,0.9,,0.7,1,0.7,0.6,0.9,0.8,0.7,0.5,0.5,,0.5,0.8,0.4,,0.9,0.9,,0.4,0.4,0.4,0.4,,0.7,0.6,0.7,0.7,1,0.9,0.6,0.6,0.7,0.4,0.6,0.4,0.6,0.6,0.6,0.5,,0.5,0.9,1,1.3,0.5,0.5,0.6,0.5,0.6,0.6,0.6,0.6,0.6,0.7,1.4,0.9,0.8,0.8,1.4,0.9,0.4,0.5,0.8,0.6,0.4,0.6,0.4,0.8,0.8,0.9,0.6,0.5,0.8,0.5,0.8,0.6,0.5,0.7,0.5,0.6,0.7,0.5,0.5,0.5,0.7,0.6,0.4,0.5,,0.7,0.7,0.9,0.8,0.7,0.5,0.5,0.3,,0.3,0.3,0.3,0.3,0.2,0.5,0.4,0.4,0.5,0.5,0.4,0.5,0.6,0.3,0.3,,,0.4,0.4,0.7,,0.6,0.4,0.3,0.3,0.3,0.3,,0.2,0.4,0.3,,,,,0.6,0.5,0.6,0.6,0.6,0.4,0.2,0.4,,0.2,0.5,0.5,0.3,0.5,0.6,0.4,0.7,0.7,0.8,1.4,,,,,0.2,0.3,0.4,0.5,0.4,0.4,0.4,,0.4,0.4,0.4,0.3,0.4,0.7,0.8,0.5,0.4,0.4,0.6,0.5,0.6,0.6,,0.5,0.3,0.2,0.2,0.2,0.3,0.6,0.5,0.4,,0.3,0.6,,0.6,0.5,,0.4,0.2,0.5,,0.3,,0.3,,0.6,0.6,0.4,1.2,0.6,0.7,0.5,0.5,0.4,0.6,0.4,0.4,0.5,0.5,,0.6,0.7,0.2,0.5,0.7,0.4,,0.2,0.3,0.3,0.3,0.3,0.3,,0.7,0.8,0.3,0.1,0.5,,0.2,0.3,0.1,,0.4,0.7,0.7,0.4,0.5,0.4,0.4,,0.4,0.3,,0.5,0.4,0.5,0.3,0.8,0.5,0.3,0.4,0.2,,0.9,0.1,0.4,0.2,0.3,0.2,0.5,0.6,0.3,,,0.6,1.3,0.7,0.7,,0.3,0.5,0.7,0.5,4.5,0.4,0.4,0.6,0.5,0.4,0.5,0.8,0.6,,0.5,0.6,0.5,0.7,0.5,0.5,0.5,,0.4,,0.3,0.9,0.6,0.4,2,2.8,0.1,0.4,0.4,0.4,0.8,0.4,0.5,0.4,,,0.4,0.4,0.2,0.4,,0.7,0.6,0.5,0.4,,0.4,0.3,,,0.2,0.3,0.2,0.6,0.4,0.5,0.3,0.2,0.4,0.4,0.6,0.5,0.2,0.3,0.6,,1,0.5,,0.4,0.5,0.2,0.3,0.2,0.5,0.4,0.6,0.4,0.6,0.5,0.6,0.4,0.6,0.5,1,0.2,0.5,0.3,0.3,0.5,0.2,0.6,0.8,0.5,0.6,0.5,0.5,0.5,0.3,0.4,0.3,0.5,0.6,0.4,0.5,0.6,0.6,0.7,1.1,0.6,0.4,0.8,0.7,0.7,0.5,0.7,0.6,,0.6,0.5,0.3,0.3,0.7,0.5,0.6,,0.5,0.5,0.3,0.4,0.3,0.3,0.4,0.5,0.6,0.9,0.3,0.6,0.4,0.5,0.5,0.3,0.6,0.6,1.1,,0.7,0.5,0.3,0.5,0.4,,0.1,0.4,0.4,0.3,0.4,0.3,0.5,0.4,0.4,0.6,0.4,0.5,0.6,0.6,0.2,0.1,,0.6,,0.5,0.6,0.6,0.7,0.4,0.6,0.6,0.7,0.7,0.6,0.6,0.6,0.4,0.5,0.5,,0.5,0.6,0.4,0.5,0.6,0.5,0.8,0.6,0.2,0.2,0.4,0.8,0.1,0.7,0.5,0.5,0.7,0.5,1.3,0.9,0.4,0.5,0.5,0.4,,0.3,0.6,0.3,0.7,0.9,0.9,0.4,0.6,0.5,0.4,0.6,0.6,0.4,0.4,0.3,0.5,0.2,0.5,0.3,0.4,0.5,0.6,0.2,1,0.2,0.4,0.2,0.3,0.4,0.3,0.5,0.5,0.5,0.3,0.6,0.5,1,0.6,0.1,0.6,0.7,0.5,0.6,0.5,0.4,0.6,0.7,0.7,0.9,0.6,0.3,0.4,0.4,0.4,0.3,0.3,0.4,,0.3,0.5,0.3,0.8,0.3,0.4,0.5,0.3,0.5,0.2,,0.4,0.4,0.4,0.2,0.5,0.4,0.3,0.5,0.3,0.6,0.6,0.4,0.4,,0.5,0.5,0.7,,0.4,0.4,0.4,0.8,0.6,0.3,0.3,0.4,0.7,0.9,0.5,0.4,0.2,0.5,0.6,0.8,0.4,0.4,0.7,0.6,0.4,0.6,0.4,0.4,0.4,0.3,,0.5,0.4,0.5,0.6,2.4,0.6,0.5,0.4,0.5,0.5,0.3,0.6,0.5,0.3,0.7,0.5,0.3,1.1,0.3,0.6,0.6,,0.6,0.4,0.3,0.5,0.5,0.2,0.7,0.8,0.8,0.5,0.6,0.4,0.5,,0.4,0.8,0.8,0.7,0.6,0.5,0.4,0.3,0.5,,0.6,0.5,0.6,0.8,0.5,0.4,0.6,0.5,0.4,0.4,0.4,,0.5,,0.5,0.6,,1.3,0.5,0.3,0.3,0.5,0.6,0.5,0.3,,0.4,0.6,0.6,0.5,,,1,0.6,0.4,0.3,0.6,0.3,1.1,0.5,1.4,0.4,1.1,0.3,0.3,0.1,0.4,0.2,0.4,0.3,0.2,0.4,0.4,0.5,,0.6,0.7,1.1,0.7,0.6,0.6,1.1,0.6,0.4,0.6,0.6,0.4,0.6,0.5,0.3,0.9,,0.4,0.5,0.5,0.4,0.8,0.7,0.6,0.5,0.5,0.4,0.4,0.4,0.5,0.7,0.8,1,,0.6,0.2,0.5,0.5,0.7,0.4,0.5,0.5,,0.5,0.3,0.4,0.4,0.5,0.5,0.8,0.6,0.7,1.5,0.5,0.4,0.3,0.4,,0.6,0.6,0.2,0.3,0.6,0.8,0.4,0.6,0.5,0.5,0.5,0.4,0.5,0.6,0.5,0.6,0.3,1.3,0.7,0.4,0.5,0.7,1.3,0.6,0.5,0.4,0.5,0.4,0.4,0.4,0.2,0.3,1,0.2,0.4,0.1,0.4,0.4,0.3,0.3,0.5,0.4,0.7,0.5
20210719,4,CO_24h,0.6,0.6,0.8,0.8,0.7,0.7,0.6,0.6,0.5,0.6,0.6,0.5,,,0.8,,0.9,0.8,0.6,,1,,0.4,0.5,,0.6,0.5,,0.5,0.6,0.5,0.6,0.6,0.3,0.5,,0.7,0.6,,0.8,0.5,0.3,0.1,0.4,,0.3,,0.4,0.4,0.3,0.1,0.4,0.3,0.1,0.1,0.1,0.3,,0.4,0.3,0.1,0.6,0.7,0.8,,0.7,0.6,0.3,,0.5,0.3,0.1,0.2,0.1,0.5,,,0.4,0.2,0.3,0.7,,0.5,0.6,0.5,0.6,0.4,0.6,,0.5,0.5,,,0.4,0.5,0.4,0.4,0.9,0.9,1.1,,0.7,1.1,1,1,1,,0.9,0.7,0.5,0.5,0.6,0.4,0.5,0.5,0.5,0.6,0.6,0.6,0.5,0.7,0.5,0.6,0.4,0.5,0.4,0.4,0.5,0.4,0.7,0.5,,0.5,0.6,0.4,0.6,0.5,0.5,0.3,0.4,0.4,0.4,0.3,0.4,0.5,,0.4,0.3,0.4,0.2,0.4,0.6,0.2,0.3,0.8,0.5,0.5,0.7,0.4,0.2,,0.3,0.5,0.3,0.2,0.3,0.5,0.4,0.3,0.4,0.5,0.5,0.3,,,,0.5,0.4,,0.5,0.3,0.3,,,,0.6,,0.4,0.3,0.4,0.3,0.4,0.3,,0.3,0.6,,,,0.6,0.5,,0.5,0.8,0.7,0.4,0.2,,0.2,0.2,0.3,0.1,0.2,,0.5,0.3,,0.3,,0.4,0.5,,0.4,0.4,,0.6,0.3,0.7,,0.5,0.4,0.4,0.3,0.4,0.6,0.4,,,0.3,0.4,0.4,0.4,0.3,0.4,0.4,,0.7,,,0.5,,0.6,0.5,,0.3,0.3,0.2,0.3,0.4,0.5,,0.3,0.4,0.3,0.3,0.4,0.3,0.3,0.4,0.4,0.4,0.5,0.5,0.4,0.5,0.5,0.4,0.5,0.4,0.3,,0.5,0.6,0.5,0.4,0.3,0.5,0.3,1,0.8,0.6,,0.8,0.6,,,0.7,0.4,0.2,0.6,,0.4,0.4,0.6,0.4,0.3,,,0.1,0.3,0.5,0.1,0.2,0.4,0.6,0.4,0.5,0.4,0.7,0.5,,0.5,0.5,0.9,0.9,0.7,1,0.8,0.7,0.9,,0.9,0.4,0.8,0.7,0.6,0.7,0.6,0.6,0.4,0.5,0.6,0.4,0.6,0.6,,0.5,0.5,0.6,0.6,0.6,0.5,0.6,0.5,0.4,0.6,0.6,0.5,0.5,0.4,,0.7,0.4,0.4,0.4,0.5,0.5,0.5,0.6,0.4,0.5,0.4,0.4,,0.5,0.4,0.5,0.7,0.6,0.5,0.5,0.5,0.6,0.5,0.5,,,0.6,0.5,0.7,0.4,0.6,0.6,0.7,0.5,0.5,0.5,0.3,0.4,0.5,0.5,0.5,0.6,0.4,0.6,0.6,0.5,0.3,0.4,0.4,0.4,0.4,0.6,,0.5,0.7,0.7,0.7,1,0.3,0.5,,,0.9,0.5,0.9,0.6,0.6,,0.4,0.4,0.5,0.6,,,0.5,0.3,0.3,0.3,0.5,0.6,0.6,0.4,0.6,0.4,0.7,,0.4,0.3,0.3,0.3,0.3,0.4,0.2,0.4,0.2,0.4,0.4,0.3,0.4,0.8,0.7,0.7,0.7,0.5,0.7,0.4,,0.7,0.8,0.6,0.7,,0.6,0.5,0.5,0.5,,,,0.7,0.3,,,,0.5,0.6,0.7,0.5,0.7,0.3,0.8,,0.8,0.7,0.6,0.6,0.6,0.6,0.9,0.7,0.5,0.8,0.5,0.4,0.5,0.7,0.7,0.7,,0.6,0.9,0.8,0.7,0.7,0.6,0.8,0.7,0.6,,0.4,0.9,0.4,0.4,0.5,0.3,0.6,0.7,0.5,0.6,0.4,0.5,0.3,0.5,0.2,0.3,0.3,0.3,,0.5,,0.3,0.6,0.3,0.8,0.5,,0.6,0.7,,,0.4,0.5,0.6,0.3,,0.2,0.5,0.2,,0.2,0.1,0.1,0.4,0.3,0.2,0.1,0.2,0.2,0.3,,,,0.3,,0.3,0.7,,0.4,0.4,0.4,0.6,0.5,0.2,0.3,0.4,0.4,0.4,,0.3,,,0.9,,0.9,0.7,0.6,0.3,0.6,0.5,0.2,0.4,,0.5,0.4,0.6,0.5,0.4,0.4,0.5,0.6,0.7,0.9,0.5,0.6,0.6,0.3,0.5,0.4,0.7,0.7,0.6,0.5,,0.5,0.5,0.4,,0.6,0.6,,0.4,0.7,0.6,0.6,0.6,,0.6,0.8,,,0.5,0.5,,0.6,,0.8,0.6,0.7,0.6,0.6,0.5,,0.7,0.6,,0.6,0.6,,0.6,,0.8,0.8,0.7,,0.7,0.7,0.3,0.2,0.1,,0.6,0.7,0.7,1.1,1,0.5,0.2,0.6,0.7,0.5,0.6,0.5,0.7,0.4,1.2,1.9,0.7,0.6,0.7,0.7,0.6,0.4,0.6,0.5,0.7,0.5,0.5,0.7,0.6,0.5,0.4,0.5,0.2,,0.1,0.4,0.4,0.3,0.4,0.3,0.4,0.3,0.5,0.3,0.4,0.6,0.7,0.6,,0.9,0.8,0.8,,0.5,0.6,0.5,0.5,0.7,,0.5,0.3,0.3,,0.6,,0.7,0.3,0.4,0.3,0.4,0.6,0.3,,,,0.5,,0.5,,0.4,0.4,0.3,,0.6,0.6,0.6,0.6,0.6,,0.7,,0.4,0.6,0.6,0.5,0.5,0.8,,0.7,0.6,0.4,0.7,0.6,0.5,,0.7,,,0.8,0.3,0.3,0.5,,0.6,0.8,0.6,0.7,0.7,0.4,0.5,0.7,0.5,0.6,0.7,1,0.8,0.7,0.4,0.3,0.3,0.5,0.8,0.4,0.6,0.7,0.7,0.5,0.8,,0.8,2.6,2,0.9,0.6,0.7,0.9,0.8,,,,,0.5,0.5,,0.6,1.3,0.4,0.3,0.3,0.4,0.4,0.6,0.4,0.5,0.4,0.4,0.6,0.5,0.8,0.7,0.8,,0.7,0.7,0.8,,0.7,0.6,,0.6,0.6,0.7,0.5,0.8,0.7,0.5,0.4,0.5,0.6,0.7,0.7,0.6,,0.5,0.7,0.4,0.4,0.5,0.3,0.6,0.6,0.5,,0.5,0.4,0.3,0.4,0.3,0.2,0.5,0.1,0.1,,0.5,,0.4,0.4,0.4,0.3,0.2,0.4,0.1,0.2,0.3,,,0.3,0.4,0.4,0.5,0.3,0.3,0.1,0.5,,,0.6,,0.7,0.3,0.6,0.5,0.5,0.7,0.3,0.5,0.4,,0.6,0.7,0.7,0.5,0.6,0.4,0.3,0.3,0.3,0.6,0.7,0.2,0.2,,0.5,0.3,,0.4,0.4,0.5,0.6,,,0.6,0.5,0.5,0.5,0.4,0.5,0.8,0.7,0.5,,,0.4,0.6,0.8,0.8,0.6,,0.6,0.6,0.4,0.7,0.7,0.6,0.4,,0.4,0.7,0.7,,,0.7,0.9,,0.6,0.6,0.5,,0.5,,0.9,0.8,,,,0.5,,,0.7,0.6,0.5,,,0.3,0.3,0.3,0.3,0.4,0.3,0.3,0.3,0.3,0.4,0.4,0.5,0.5,0.4,0.5,0.8,0.7,0.5,0.6,0.7,0.4,0.3,0.6,0.4,,0.6,0.5,0.5,,0.4,0.6,0.5,0.5,0.6,0.4,0.5,0.4,0.4,0.5,0.4,0.4,,,0.5,0.7,0.7,0.7,0.6,1.2,0.4,0.8,0.5,0.9,1,0.7,0.6,0.6,0.7,0.7,0.7,,,0.5,0.8,0.7,0.6,0.3,0.3,,0.7,0.4,0.5,,0.6,0.6,0.5,,0.4,0.5,0.5,0.5,0.5,0.5,0.6,0.5,0.7,0.5,0.5,0.7,0.7,0.4,0.4,0.6,,0.2,0.4,0.3,,0.6,0.4,,0.6,,0.4,,,,0.4,0.5,0.6,0.4,0.6,0.8,,0.7,,0.4,0.4,0.4,0.4,0.6,0.5,0.5,0.4,0.6,0.6,0.7,0.5,0.1,0.5,0.4,0.3,0.5,0.6,0.5,0.5,0.4,,0.5,0.3,0.7,0.4,0.6,0.7,0.4,1.3,1.3,1,1.1,0.3,0.4,0.6,1.1,,0.4,0.5,0.6,0.4,0.5,1,0.9,0.6,0.9,1.3,0.5,0.6,0.7,0.5,0.6,,0.5,0.7,0.6,0.5,0.6,0.5,0.5,0.6,0.5,0.8,0.8,,0.5,0.5,0.4,,0.4,0.5,0.5,0.5,,0.5,0.4,0.6,,0.6,0.6,0.4,0.6,0.6,0.8,0.9,0.7,0.6,0.6,0.6,0.5,0.6,,0.5,0.4,0.6,1.2,0.8,,0.9,1,0.4,0.7,0.9,0.7,0.6,0.8,0.8,0.7,0.7,0.6,,0.6,0.8,0.5,,1,1,,0.5,0.4,0.5,0.4,,0.6,0.6,0.7,0.9,1,0.7,0.6,0.6,0.7,0.5,0.6,0.5,0.6,0.6,0.5,0.5,,0.5,0.9,1,1.3,0.5,0.4,0.5,0.4,0.6,0.6,0.6,0.6,0.5,0.7,1.3,0.9,0.9,0.8,1.2,0.4,0.7,0.7,1.1,1,0.4,0.4,0.7,0.9,0.7,0.8,0.7,0.4,0.7,0.4,0.7,0.6,0.5,0.6,0.7,0.7,0.8,0.5,0.5,0.5,0.6,0.6,0.5,0.6,0.6,0.6,0.7,0.8,0.8,0.5,0.4,0.5,0.4,,0.4,0.3,0.3,0.2,0.2,0.5,0.4,0.4,0.5,0.5,0.4,0.6,0.6,0.3,0.4,,,0.4,0.4,0.7,,0.6,0.4,0.4,0.4,0.4,0.5,,0.3,0.5,0.3,,,,,0.5,0.4,0.5,0.5,0.5,0.3,0.2,0.5,,0.3,0.6,0.6,0.5,0.7,0.6,0.5,0.7,0.6,0.7,0.4,,,,,0.3,0.3,0.4,0.4,0.4,0.5,0.4,,0.4,0.5,0.4,0.3,0.4,0.8,0.7,0.6,0.5,0.4,0.7,0.7,0.6,0.6,,0.5,0.4,0.3,0.3,0.3,0.3,0.6,0.5,0.5,,0.4,0.6,,0.8,0.6,,0.4,0.2,0.5,,0.3,,0.3,,0.6,0.8,0.5,0.6,0.5,0.6,0.5,0.6,0.4,0.6,0.4,0.4,0.5,0.5,,0.6,0.6,0.2,0.4,0.6,0.3,,0.3,0.3,0.2,0.3,0.4,0.3,,0.6,0.8,0.3,0.2,0.6,,0.2,0.2,0.2,,0.4,0.7,0.6,0.4,0.5,0.3,0.4,,0.2,0.3,,0.4,0.3,0.4,0.3,0.8,0.7,0.3,0.4,0.3,,0.6,0.1,0.3,0.3,0.3,0.2,0.5,0.6,0.4,,,0.6,0.9,0.7,0.7,,0.3,0.5,0.7,0.4,1.3,0.3,0.5,0.6,0.6,0.4,0.6,0.7,0.6,,0.5,0.6,0.4,0.7,0.4,0.4,0.5,,0.4,,0.3,0.9,0.6,0.4,1.1,1.1,0.7,0.5,0.4,1,0.8,0.5,0.4,0.4,,,0.5,0.4,0.3,0.6,,0.8,0.5,0.5,0.6,,0.4,0.4,,,0.3,0.4,0.3,0.4,0.4,0.5,0.4,0.2,0.3,0.5,0.6,0.7,0.5,0.4,0.7,,0.9,0.5,,0.5,0.6,0.3,0.4,0.2,0.5,0.4,0.5,0.6,0.7,0.5,0.2,0.4,0.8,0.3,0.7,0.3,0.3,0.3,0.5,0.5,0.3,0.6,0.9,0.4,0.5,0.4,0.3,0.5,0.5,0.4,0.2,0.7,0.6,0.4,0.5,0.5,0.6,0.7,0.5,0.5,0.4,0.9,0.6,0.8,0.5,0.7,0.6,,0.6,0.4,0.3,0.4,0.7,0.5,0.6,,0.5,0.5,0.4,0.4,0.3,0.3,0.4,0.6,0.4,0.9,0.3,0.6,0.5,0.4,0.6,0.3,0.6,0.5,0.7,,0.6,0.4,0.3,0.5,0.4,,0.4,0.4,0.4,0.3,0.4,0.2,0.4,0.3,0.4,0.6,0.4,0.6,0.7,0.7,0.3,0.2,,0.5,,0.5,0.6,0.5,0.6,0.4,0.6,0.6,0.7,0.7,0.6,0.7,0.6,0.4,0.5,0.5,0.6,0.6,0.5,0.4,0.6,0.6,0.6,0.8,0.6,0.2,0.3,0.5,0.9,0.2,0.7,0.4,0.6,0.6,0.6,0.7,0.6,0.3,0.5,0.6,0.5,,0.3,0.6,0.4,0.5,0.7,0.6,0.4,0.5,0.6,0.5,0.7,0.7,0.5,0.6,0.4,0.5,0.4,0.5,0.3,0.4,0.6,0.6,0.3,0.5,0.1,0.3,0.1,0.3,0.3,0.3,0.6,0.5,0.5,0.3,0.6,0.4,1,0.7,0.2,0.6,0.7,0.6,0.6,0.5,0.4,0.6,0.6,0.7,0.9,0.6,0.3,0.3,0.4,0.4,0.3,0.2,0.4,,0.5,0.5,0.6,0.7,0.4,0.5,0.6,0.3,0.6,0.2,,0.3,0.4,0.4,0.2,0.5,0.4,0.3,0.5,0.3,0.4,0.6,0.3,0.3,,0.6,0.5,0.6,0.6,0.4,0.5,0.6,0.7,0.5,0.4,0.4,0.4,0.7,0.4,0.5,0.3,0.3,0.4,0.6,0.7,0.5,0.3,0.6,0.5,0.4,0.6,0.3,0.4,0.5,0.5,,0.2,0.4,0.5,0.6,1.7,0.5,0.5,0.3,0.5,0.5,0.5,0.6,0.3,0.3,0.7,0.6,0.4,0.6,0.4,0.4,0.5,,0.5,0.5,0.3,0.5,0.3,0.3,0.7,0.8,0.9,0.4,0.4,0.4,0.7,,0.4,0.6,0.7,0.7,0.6,0.4,0.4,0.4,0.4,,0.6,0.6,0.6,0.8,0.5,0.4,0.6,0.4,0.4,0.3,0.4,,0.5,,0.5,0.7,,1.2,0.5,0.5,0.4,0.4,0.5,0.5,0.3,,0.3,0.7,0.7,0.5,,,0.8,0.7,0.3,0.3,0.5,0.4,0.6,0.5,0.7,0.4,0.7,0.2,0.3,0.1,0.4,0.2,0.3,0.3,0.2,0.4,0.5,0.6,0.5,0.6,0.7,0.6,0.8,0.7,0.6,1.1,0.7,0.4,0.6,0.6,0.5,0.6,0.5,0.3,0.7,,0.4,0.5,0.5,0.5,0.8,1,0.7,0.7,0.5,0.4,0.4,0.5,0.4,0.7,1,1,,0.8,0.3,0.5,0.6,0.6,0.4,0.5,0.5,,0.6,0.3,0.4,0.5,0.5,0.5,0.8,0.6,0.7,1,0.4,0.4,0.3,0.4,,0.6,0.5,0.2,0.4,0.7,0.7,0.4,0.7,0.5,0.5,0.6,0.4,0.6,0.7,0.5,0.6,0.4,0.9,0.8,0.4,0.4,0.7,0.7,0.5,0.5,0.6,0.6,0.5,0.5,0.5,0.2,0.4,0.7,0.1,0.4,0.1,0.4,0.3,0.4,0.5,0.5,0.6,0.7,0.5
20210719,5,AQI,14,40,19,13,15,17,13,18,27,30,14,28,,,41,,38,32,52,,39,,44,32,,38,37,,27,30,29,28,28,39,29,,63,64,,58,63,28,39,39,,56,,22,23,21,41,40,49,39,36,31,15,,19,19,25,44,46,37,,50,44,43,,52,35,37,38,23,20,,28,20,17,19,32,,20,28,31,36,47,34,,17,20,,,22,19,30,20,34,45,46,,48,30,46,32,42,,25,26,39,26,30,26,27,30,40,35,22,37,44,49,33,30,24,14,32,30,46,15,26,,,26,29,30,,21,14,37,29,20,23,20,21,17,,20,18,17,20,35,24,28,29,38,,22,39,24,23,,20,21,37,39,19,20,25,46,33,,55,17,,,,32,25,,29,41,24,,,,48,,19,26,26,17,25,24,,24,34,,,,28,46,,46,46,54,34,29,,32,24,22,35,22,22,31,18,,26,,32,26,,21,15,,43,25,37,,44,34,25,27,25,16,19,,,13,18,18,28,30,23,40,,23,,,23,,26,25,,21,20,18,14,12,16,,26,26,30,37,36,48,36,25,29,22,37,29,29,31,31,34,24,27,21,,21,19,18,15,31,32,30,34,45,29,,53,37,,,28,25,22,34,,34,25,20,24,19,,,20,21,25,21,24,25,27,17,25,26,26,19,,27,30,20,29,19,22,39,51,26,,21,23,26,20,29,30,24,34,23,24,27,22,25,22,,28,34,34,27,26,26,24,31,12,10,10,9,12,13,,,14,15,15,12,13,10,18,28,22,37,17,,32,29,31,9,12,9,9,19,20,17,18,,,26,27,27,15,19,17,15,12,39,46,36,34,34,49,28,29,26,49,,38,20,19,24,14,18,17,,29,36,25,27,29,27,28,,,34,28,30,27,27,,25,22,24,18,,,26,27,19,31,44,44,41,54,39,36,29,,20,21,20,21,22,22,20,20,18,20,18,,33,38,42,52,32,39,23,24,,46,20,44,26,,35,48,,54,,,,13,32,,,,26,41,66,75,,66,63,,70,41,26,49,32,34,22,22,,31,25,32,8,23,22,32,,59,24,50,40,48,52,29,24,56,,31,27,23,28,24,20,27,22,19,20,28,48,42,57,18,19,23,20,,32,,36,25,32,35,40,,46,36,,,29,32,32,54,,31,30,25,,29,34,27,27,29,,28,20,33,34,,,,29,,29,44,,32,24,26,34,20,24,27,22,20,44,,27,,,23,,15,26,16,21,23,32,21,23,,32,34,26,26,44,33,32,32,27,41,,27,25,15,14,,37,36,24,21,,20,26,22,,28,26,,23,31,31,38,24,,40,20,,,23,19,,33,,19,21,23,25,18,20,,19,20,,32,25,,48,,35,32,32,,25,21,19,22,20,,22,26,21,28,33,18,20,54,27,20,28,19,26,18,29,56,18,18,28,59,55,33,57,52,28,26,23,23,30,22,29,21,29,,29,16,13,27,39,15,43,33,33,43,43,37,36,33,,29,28,46,,23,30,27,18,28,,33,29,29,,18,,18,17,20,22,30,22,23,,,,35,,35,,24,36,40,,26,30,23,30,37,,36,,17,20,14,32,29,19,,31,35,30,28,28,28,,27,,,19,21,28,18,,27,49,50,32,18,25,23,24,30,38,50,46,40,40,18,21,34,33,35,29,21,26,29,32,22,,33,29,36,27,30,30,23,21,,,,,30,25,,20,49,33,35,26,32,28,30,40,40,41,29,19,23,32,23,20,,20,26,52,,27,24,,29,50,44,39,33,33,32,40,40,31,25,22,41,,49,51,500,35,31,32,,31,30,,26,48,39,33,35,24,29,19,19,,18,,,25,25,22,23,25,,,,,,27,27,29,,,22,,22,,,23,,23,29,19,26,32,32,27,29,21,,46,40,38,36,37,24,23,29,30,30,31,20,19,,47,32,,28,26,21,16,,,23,21,21,23,39,24,23,17,25,,,25,24,21,30,23,,28,22,26,27,23,23,30,,26,21,20,,,21,21,,25,18,46,,62,,55,41,,,29,20,,,43,35,38,,,24,44,9,12,44,46,48,40,32,40,32,34,28,26,21,26,22,32,31,30,51,43,50,53,,24,24,26,,21,56,30,29,36,35,39,26,13,44,18,34,,,62,23,30,56,18,44,27,33,17,26,24,43,26,19,33,44,16,,,13,62,63,68,13,18,,,20,15,,27,24,29,,28,39,29,38,26,26,26,22,25,41,24,53,24,29,25,38,,19,22,18,20,42,38,,17,,17,,,,15,20,18,19,20,19,,23,,36,33,30,20,19,19,22,13,24,17,57,20,24,17,18,17,23,23,37,32,13,,18,43,24,32,24,44,6,36,30,18,23,29,40,26,27,,23,43,39,50,11,16,18,20,33,34,32,23,23,22,33,,35,35,28,26,30,24,32,26,45,55,46,,25,29,26,,27,35,22,45,,36,38,21,,23,27,,24,27,20,25,29,26,22,42,37,36,,34,39,19,26,22,,35,29,,23,27,22,22,26,52,43,25,30,,18,22,25,,18,20,,27,19,19,15,,15,20,19,17,22,32,28,,,27,,30,,43,47,40,,16,14,15,14,14,19,18,27,26,39,52,31,42,53,27,32,53,57,55,35,18,23,44,22,24,20,15,40,40,52,43,10,43,31,29,36,38,63,57,50,52,35,48,39,48,44,21,22,,42,64,92,103,30,20,26,15,,13,,29,15,30,24,25,35,45,23,18,22,20,13,23,,,30,29,30,,44,22,17,16,23,29,,19,15,23,,,,,42,18,19,26,27,17,29,25,,17,32,21,25,22,24,20,18,35,24,35,,,,,23,34,28,16,15,14,25,,27,17,19,22,24,22,26,29,15,10,32,23,20,16,,30,25,13,11,14,17,17,25,20,,12,10,,27,15,,15,16,21,,22,,31,,12,8,28,55,45,42,23,22,23,24,22,22,18,21,,26,28,23,31,24,39,,30,32,26,37,148,145,,31,,24,26,20,,43,45,19,,25,33,26,30,15,36,39,,29,32,,35,,,,45,35,28,35,25,,59,34,42,24,27,23,17,20,23,,,54,58,59,19,,17,48,36,71,51,29,,24,33,29,28,22,19,,74,29,32,52,13,28,20,,19,,22,48,54,30,35,37,405,27,30,27,38,25,30,16,,,36,30,19,33,,41,32,51,26,,32,39,,,20,39,47,18,33,31,20,22,19,32,23,26,37,33,40,,44,36,,36,23,33,19,32,43,28,33,29,29,29,40,22,36,22,51,30,52,36,16,50,14,48,27,34,62,33,35,19,38,29,34,20,22,21,19,28,32,24,26,36,26,24,34,38,,22,40,,36,24,29,19,31,16,12,,51,56,32,20,29,20,30,26,46,22,59,53,26,37,25,17,44,46,26,,30,55,66,63,28,,500,18,17,19,22,24,24,24,19,33,20,30,27,67,29,18,,44,,30,17,20,53,22,21,29,33,23,25,26,18,12,12,12,,31,36,12,34,12,17,22,53,14,46,43,32,28,33,48,25,41,20,24,31,26,26,18,22,,16,24,13,25,8,18,17,27,32,27,29,40,25,22,18,21,19,27,17,20,35,20,23,54,52,31,31,29,34,24,46,41,34,20,15,32,38,26,19,49,32,27,39,22,31,38,53,27,52,50,24,20,23,17,22,43,42,,22,48,28,47,39,31,24,33,26,35,,25,31,23,58,35,20,30,25,26,71,32,52,70,,26,24,17,,13,15,10,29,23,15,13,8,24,26,57,20,22,68,63,61,32,32,45,25,19,22,38,26,30,25,,22,30,28,29,64,38,25,22,29,35,31,41,16,26,26,32,36,34,15,41,39,,48,24,25,24,21,23,,39,34,31,40,30,28,,26,39,51,26,19,33,27,16,39,,38,45,33,70,53,19,24,20,16,34,20,,20,,18,14,,16,23,22,21,32,33,35,27,,29,21,12,20,,,,42,39,39,41,52,78,53,85,22,22,28,51,50,74,63,53,45,53,45,18,31,,20,23,33,26,25,38,42,29,20,29,20,30,28,37,36,65,500,500,13,22,38,50,18,65,26,10,35,14,27,28,37,15,40,,30,28,20,22,31,29,30,20,14,43,35,26,33,28,42,37,46,12,30,29,43,27,27,,24,38,24,29,19,36,21,23,50,33,16,28,12,28,28,38,22,33,27,44,25,17,66,78,19,41,13,29,25,27,45,,51,27,60,27,44,20,40,29,15,20,36,35
20210719,5,PM2.5,7,11,5,7,4,5,7,9,10,16,6,16,,,25,,20,15,32,,24,,29,18,,26,20,,17,18,19,19,15,27,20,,37,46,,41,34,14,27,27,,29,,10,11,11,26,25,22,27,25,15,10,,7,9,17,28,32,22,,35,26,10,,11,24,23,24,8,14,,19,12,7,,18,,10,17,21,17,20,19,,9,6,,,10,10,11,14,22,20,19,,18,15,24,16,24,,17,14,23,18,21,14,15,21,28,24,14,20,17,20,18,15,14,9,18,19,22,8,7,5,,10,12,12,,12,7,13,7,12,16,14,13,4,,12,12,11,14,14,12,19,9,17,18,12,9,9,16,,12,9,10,27,13,14,17,32,23,31,39,5,,,,22,14,,19,21,16,,,,23,,9,14,7,9,17,14,,12,13,,,,16,19,,32,23,24,14,12,,22,14,14,24,13,15,14,12,,15,,13,13,,12,8,,17,13,19,,18,22,13,13,17,3,12,,,4,8,6,11,14,10,20,,13,,,15,,18,16,,9,9,11,5,8,8,,16,11,21,17,13,33,6,17,12,5,9,5,12,19,9,22,2,17,4,,10,10,7,10,12,15,13,12,19,15,,19,8,,,15,17,10,13,,20,17,12,10,7,,,9,7,5,2,7,17,14,11,17,18,17,13,,14,18,12,20,7,15,27,19,18,,7,12,18,14,14,21,11,12,16,15,12,13,11,13,,11,13,16,14,12,13,14,12,,,,,1,4,,,,1,6,1,1,1,12,8,11,13,5,,22,11,12,2,,3,1,7,6,1,6,,,12,12,11,8,9,9,2,5,24,25,22,23,19,34,18,20,18,15,,18,9,5,8,2,4,8,,18,25,12,8,9,11,9,,,14,9,20,16,8,,16,14,11,9,,,14,10,12,12,9,29,9,22,22,19,9,,9,3,5,7,8,14,,2,3,2,4,,23,26,20,24,22,27,15,14,,27,14,23,18,,24,23,,18,,,,7,10,,,,16,8,16,31,64,30,27,,26,20,18,28,15,17,15,14,,12,17,22,5,16,14,15,,24,9,23,28,14,22,12,14,22,,20,14,15,17,15,14,16,15,13,14,18,13,29,40,6,4,12,3,,22,,24,17,22,14,25,,30,16,,,17,22,14,31,,19,16,16,,17,19,7,17,20,,19,9,23,12,,,,20,,18,19,,22,14,11,16,9,6,7,12,12,21,,14,,,14,,8,14,11,7,8,9,12,10,,14,16,17,13,21,6,22,22,17,16,,13,14,3,2,3,13,14,15,4,,10,14,13,,14,16,,16,15,13,26,12,,16,6,,,12,12,,12,,2,5,8,13,2,12,,5,8,,20,17,,33,,12,22,22,,14,11,8,15,14,,11,10,11,14,16,10,8,30,15,9,14,10,18,8,13,35,9,7,7,42,30,23,40,36,19,14,9,16,20,15,15,12,9,,20,4,5,6,20,6,30,22,22,24,30,25,25,22,,20,17,29,,16,15,11,9,8,,17,8,20,,9,,1,4,8,13,15,14,12,,,,23,,24,,12,25,28,,16,21,14,14,17,,18,,2,,5,15,7,6,,21,24,16,19,19,19,,14,,,13,13,11,9,,13,34,28,22,12,7,7,12,21,26,28,28,28,25,11,8,9,4,6,8,9,13,14,17,10,,23,14,25,14,21,21,16,14,,,,,5,8,,8,34,21,13,12,22,19,18,10,19,19,13,9,16,22,16,13,,13,15,21,,12,11,,14,25,25,22,23,20,18,17,28,17,17,12,14,,9,11,163,14,15,22,,7,4,,13,10,10,12,4,9,20,10,10,,1,,,2,2,15,16,16,,,,,,17,17,20,,,4,,7,,,16,,16,18,13,15,22,22,15,15,14,,32,23,22,24,23,16,15,19,19,19,21,14,13,,17,13,,11,13,10,10,,,16,10,14,7,27,8,10,6,10,,,9,7,12,19,9,,2,15,18,17,5,12,21,,12,12,13,,,12,7,,13,7,13,,12,,27,14,,,4,14,,,13,24,24,,,15,18,3,2,22,20,19,28,16,28,18,17,8,10,12,10,12,15,13,15,25,26,27,34,,12,9,14,,6,12,12,14,25,24,27,15,5,15,4,22,,,24,16,12,20,4,25,4,23,10,18,7,30,13,10,12,17,10,,,5,44,45,49,7,6,,,9,2,,17,9,17,,14,21,20,26,4,17,18,15,8,5,10,15,13,7,9,26,,12,3,12,8,12,20,,2,,11,,,,3,9,2,8,5,7,,9,,25,21,20,7,6,12,12,2,16,9,31,11,5,6,8,8,15,16,13,13,9,,11,8,11,14,16,15,4,25,17,12,16,20,12,16,14,,6,29,27,22,7,8,7,14,16,8,21,15,16,15,19,,19,12,15,12,16,11,18,8,22,27,23,,17,20,18,,9,9,15,31,,21,26,14,,12,15,,16,11,14,17,20,18,14,18,18,15,,18,27,7,12,14,,6,14,,16,10,6,15,18,36,30,17,21,,12,14,17,,10,12,,15,6,9,6,,7,7,8,,5,18,15,,,10,,21,,26,28,28,,11,5,8,7,6,13,12,18,12,13,25,15,19,21,14,21,21,18,32,18,7,11,18,6,8,3,10,20,20,25,25,7,16,15,12,19,10,45,40,35,36,22,33,25,13,23,10,14,,16,19,68,77,18,8,8,6,,6,3,20,9,17,9,11,10,31,10,8,14,11,7,12,,,12,19,21,,29,7,3,1,16,12,,8,10,12,,,,,15,5,4,4,6,8,12,17,,8,22,4,2,6,8,2,12,24,12,22,,,,,14,15,15,10,6,8,17,,12,,8,15,16,6,2,4,10,7,22,11,14,7,,21,17,6,2,8,6,8,6,14,,8,4,,9,5,,,3,2,,5,,17,,5,4,10,20,19,25,10,12,11,12,8,10,10,10,,14,9,4,6,10,19,,12,16,18,15,31,38,,16,18,7,13,6,,17,28,6,,17,12,18,9,4,8,18,,18,15,,19,,,14,21,20,5,10,,,23,9,8,11,6,4,10,9,16,,,12,17,34,13,,,10,11,19,18,9,,12,23,19,17,15,12,,16,17,22,30,9,19,12,,10,,14,19,36,18,20,15,83,6,18,16,16,,16,8,,,22,13,12,14,,18,8,26,11,,11,27,,,2,24,14,6,23,11,4,2,9,22,16,17,8,9,28,,22,25,,18,12,7,9,2,30,19,17,20,10,10,14,8,16,5,23,15,36,16,11,34,8,33,11,20,44,19,24,5,24,11,19,7,12,8,4,11,13,16,18,24,17,14,19,26,21,14,8,,18,10,18,3,6,9,7,,26,15,7,12,20,14,4,16,27,8,27,37,15,15,,8,23,32,10,,15,16,23,26,10,,159,10,10,13,10,16,16,16,9,23,13,10,17,14,9,9,,18,,12,9,2,37,13,10,16,12,9,14,10,6,2,1,2,,17,19,,17,7,10,10,18,4,24,20,18,19,23,27,16,17,5,10,10,18,18,11,8,,9,9,6,17,5,7,10,17,12,5,20,28,17,2,9,13,5,7,4,12,18,13,4,28,36,17,14,19,13,12,29,6,12,11,9,22,26,18,4,34,22,10,25,15,16,24,31,14,23,21,14,14,14,11,13,24,11,,7,33,15,14,14,19,16,17,18,24,23,17,17,16,29,24,14,21,,7,16,11,10,21,,14,12,9,10,5,5,2,17,10,5,9,2,13,11,30,4,15,33,35,35,7,18,31,17,13,15,19,10,19,17,,15,21,18,20,41,26,5,15,20,11,14,21,11,16,15,3,6,15,5,22,17,,33,12,11,13,6,7,28,17,16,20,17,18,14,,16,26,27,18,10,16,13,8,21,,25,31,22,51,37,12,12,10,5,15,10,,14,,7,8,,4,8,11,5,22,22,17,14,,14,14,8,14,,,,14,10,18,17,30,57,32,63,15,15,19,28,35,21,32,22,19,27,31,12,18,,14,15,23,18,14,23,29,19,10,20,14,21,19,16,10,29,543,469,8,11,15,26,9,22,12,1,24,2,13,12,13,10,14,,20,6,11,15,3,11,18,2,9,30,20,17,11,9,22,20,17,8,14,14,24,13,9,,2,26,6,5,10,16,12,11,16,16,3,15,6,19,19,24,15,20,8,27,13,7,46,57,13,15,8,14,,11,15,6,15,16,24,6,19,7,28,20,8,2,21,24
20210719,5,PM2.5_24h,13,10,18,14,18,14,11,22,16,15,17,13,,,23,,18,15,24,,21,,21,22,,21,20,,16,14,10,14,9,19,14,,20,24,,27,20,14,23,18,,18,,15,17,12,14,13,10,14,12,10,11,,10,3,14,25,24,18,,31,20,12,,12,22,16,22,15,17,,18,11,7,2,14,,8,12,13,11,12,12,,13,14,,,11,12,14,13,17,21,21,,19,20,27,26,25,,26,14,18,16,14,16,13,18,18,16,9,19,13,23,15,14,12,8,14,15,17,9,11,13,,11,12,12,,12,10,15,11,13,18,14,15,12,,14,14,12,16,15,14,18,12,21,21,10,19,15,18,,12,12,12,23,14,13,13,13,12,20,14,8,,,,20,16,,20,17,17,,,,21,,8,15,12,11,15,13,,13,11,,,,16,15,,22,23,25,16,18,,17,13,12,19,17,14,10,11,,12,,14,15,,15,18,,19,17,16,,16,17,17,14,13,10,9,,,8,9,9,14,11,9,15,,14,,,16,,14,15,,10,12,13,11,12,10,,14,17,14,14,13,15,14,15,9,6,9,6,8,10,10,10,5,8,5,,11,8,6,7,12,12,10,9,11,9,,10,6,,,11,18,12,16,,22,15,15,19,13,,,8,9,9,6,11,13,17,14,15,16,18,15,,13,16,20,22,18,16,28,19,23,,14,10,18,20,18,17,12,15,16,18,16,12,12,13,,11,13,11,13,12,10,11,12,5,7,6,6,5,6,,4,5,4,9,3,5,6,14,9,11,12,7,,13,17,11,7,8,8,3,11,11,6,12,,,10,10,9,9,10,13,6,7,16,17,15,14,18,21,19,20,21,18,20,20,7,5,8,7,5,21,,20,25,26,19,18,15,19,,,22,15,20,24,17,,14,17,12,11,,,12,16,8,10,13,20,11,14,19,14,8,,11,7,8,11,13,16,3,5,3,4,7,3,15,16,15,13,16,19,12,13,,15,13,13,16,,22,13,18,14,,,,9,10,,,,17,17,10,19,40,20,15,,22,20,17,14,18,18,11,14,16,14,15,22,9,14,16,22,,22,21,23,18,16,24,20,24,22,,17,15,19,16,12,14,15,16,16,11,16,13,20,21,8,9,10,9,,16,,17,15,16,15,19,,16,21,,,19,17,18,21,,17,16,15,,15,16,11,17,17,15,18,11,18,13,,,,16,,14,13,,15,21,18,18,10,9,8,21,19,25,,18,,,17,,18,23,15,10,10,10,11,8,,14,13,11,10,17,8,14,14,13,11,16,15,17,10,11,9,12,12,12,9,,12,13,12,,13,12,,18,15,14,18,14,,17,9,,,19,18,,10,,10,11,9,14,6,8,,11,11,,20,20,,30,,14,22,18,,11,11,10,11,7,,14,13,15,18,20,13,9,27,17,15,17,13,22,12,17,25,12,11,10,27,20,18,23,22,13,10,12,10,13,10,12,9,10,,11,9,8,7,13,7,18,10,14,15,14,15,15,13,,16,15,19,,20,14,14,8,8,,8,8,9,,11,,14,8,8,12,12,13,12,,,,16,,20,,12,15,17,,18,20,17,16,15,,13,,11,8,14,17,17,13,,22,20,14,20,21,18,,17,,,15,10,10,7,,19,34,24,24,17,4,5,14,20,25,24,24,26,22,8,8,14,12,16,18,11,15,15,15,11,,24,15,24,21,17,16,16,10,,,,,9,8,,11,14,16,10,14,12,18,12,12,14,14,10,7,10,13,14,12,,15,17,17,,13,15,,17,18,17,20,20,17,17,14,21,16,16,10,10,,15,17,21,46,19,16,17,5,4,,7,7,15,10,12,14,16,12,12,,12,,11,8,8,8,9,13,17,12,13,,,14,13,14,12,11,11,14,14,,,15,,14,16,10,17,18,18,18,19,15,,21,14,18,19,21,17,17,19,18,18,21,12,12,,15,13,,14,15,9,12,,,14,15,12,10,17,12,11,10,12,,,16,5,9,12,8,,2,16,19,18,15,17,16,,18,13,18,,,21,19,,10,9,9,,9,,28,22,,,6,15,,,23,26,31,,,9,16,5,4,16,15,15,17,16,16,15,12,11,13,14,14,19,17,19,18,15,16,18,16,,20,16,14,,9,10,12,14,15,15,13,10,8,13,3,14,,,15,25,21,29,18,34,20,32,22,22,17,41,31,29,32,29,32,,,10,53,54,63,8,10,,58,17,11,,15,15,15,,15,17,12,12,7,16,14,16,10,17,10,12,12,10,7,12,,6,7,8,7,18,14,,13,,13,,,,4,6,5,7,10,9,,10,,12,12,10,7,10,11,8,7,18,18,27,13,11,9,7,8,17,15,12,11,9,,8,11,16,14,16,15,4,19,11,10,14,11,12,18,16,,8,17,16,18,16,11,13,12,12,13,20,20,22,20,18,,19,9,17,12,12,11,12,8,19,22,18,,11,16,20,,13,12,16,18,,16,18,13,,12,17,16,18,16,16,15,16,14,15,15,12,14,,19,19,15,16,17,,18,16,14,18,20,9,17,19,22,21,17,21,,23,23,25,,14,18,,15,6,11,11,,12,9,11,1,6,18,17,,,22,,26,,29,27,29,,8,6,7,6,8,13,11,17,15,15,17,17,24,22,10,16,22,17,26,16,24,19,25,28,9,8,9,20,17,24,20,5,11,6,12,17,9,41,45,41,40,21,21,21,6,19,19,21,33,28,34,37,37,17,11,10,9,,8,7,10,7,9,8,13,14,15,8,6,7,8,9,8,,,16,18,20,,22,10,7,5,9,18,,9,10,7,,,,,12,6,6,6,8,12,10,17,,7,37,10,9,11,12,10,13,14,7,8,,,,,9,9,11,8,8,6,12,,11,8,10,12,13,8,6,5,13,9,16,15,16,12,,12,14,6,6,11,5,9,5,13,,10,7,,11,5,,4,5,3,,9,,6,,4,4,10,13,12,14,14,12,14,14,6,11,7,10,,16,10,5,8,9,22,,12,17,9,7,22,24,,12,13,8,9,5,,14,17,11,,14,15,13,15,5,9,14,,10,14,,17,12,,10,31,30,12,16,8,,12,6,10,15,15,16,24,17,33,,,10,15,15,9,,6,14,13,15,19,10,3,12,20,19,18,12,13,,10,12,19,23,10,16,14,,14,,12,21,17,16,11,10,23,9,15,27,19,14,16,7,,,19,13,14,16,,17,18,21,13,,16,24,,,5,21,17,9,21,17,9,8,8,20,22,20,23,15,26,,21,17,,14,13,12,13,6,33,17,21,16,18,10,8,7,17,9,14,12,16,15,14,17,5,21,9,11,17,12,9,6,22,13,14,16,13,9,8,16,20,21,12,19,11,14,17,19,20,13,9,,13,7,12,9,8,7,6,,16,12,10,20,11,11,7,23,21,15,21,21,18,12,8,8,16,17,10,,14,18,18,20,9,,23,12,12,13,11,14,14,14,11,15,10,12,16,18,12,8,,21,,14,11,6,20,14,9,13,12,12,13,11,9,7,7,7,6,16,15,4,14,6,11,9,15,6,20,20,22,21,14,18,16,12,7,10,10,13,10,12,10,,11,11,13,18,15,8,8,18,6,14,14,17,17,5,13,18,13,8,8,14,15,9,9,15,30,17,16,16,10,9,19,21,13,15,10,10,23,20,5,21,22,15,21,10,23,24,22,14,43,16,15,13,13,12,15,17,15,,11,22,17,19,21,18,20,18,15,17,19,15,17,17,14,19,13,18,3,10,10,14,11,17,,10,12,6,8,8,11,7,10,15,7,11,7,11,11,23,16,22,21,19,20,14,8,12,9,13,15,11,13,16,12,,17,13,20,26,22,13,8,10,10,9,18,9,11,11,16,11,19,19,14,13,17,,21,18,16,18,14,8,27,21,20,14,20,18,16,,11,11,19,14,7,12,13,12,18,,21,24,24,32,26,8,11,9,7,10,11,,12,,14,21,,6,14,17,11,17,17,15,14,,10,19,16,10,,,11,22,8,10,11,18,25,28,29,19,15,10,16,20,14,26,18,13,20,15,13,14,17,11,15,19,17,16,23,38,26,10,12,12,17,14,13,9,16,193,143,7,10,14,15,9,25,16,6,16,8,9,9,8,16,20,,16,13,14,17,15,9,12,7,12,25,18,19,17,12,18,15,19,13,16,14,19,15,11,,7,50,10,18,24,23,12,16,10,12,18,11,17,12,12,17,20,19,12,22,13,7,30,38,10,17,11,19,17,11,11,15,12,13,16,5,13,8,22,19,7,,14,27
20210719,5,PM10,10,40,7,7,11,8,10,14,27,30,9,28,,,41,,38,32,53,,39,,44,32,,33,37,,19,30,29,23,28,22,21,,76,73,,65,76,19,38,35,,62,,22,20,21,41,40,49,39,21,31,12,,19,19,14,44,31,37,,41,44,43,,54,33,37,38,23,9,,7,17,15,18,32,,20,28,31,36,47,34,,12,12,,,22,18,30,19,34,45,46,,48,30,46,32,42,,24,22,39,21,28,18,23,20,34,29,19,37,44,49,33,30,24,14,32,30,46,14,26,13,,26,29,30,41,21,14,37,29,20,17,16,21,17,,20,16,17,17,35,24,27,29,38,36,22,39,24,14,,20,17,37,32,17,20,24,16,29,,26,12,,,,27,25,,29,41,24,,,,48,,19,26,26,17,19,24,,24,34,,,,28,46,,41,46,58,34,29,,32,24,22,17,22,22,31,18,,26,,32,26,,21,11,,43,25,37,,44,34,25,27,19,8,19,,,9,18,15,28,30,23,40,,23,,,23,,26,25,,21,20,18,14,12,16,,26,26,27,37,36,26,36,24,29,22,37,29,29,31,31,34,24,27,14,,21,15,18,15,31,32,30,34,45,29,,55,37,,,28,22,22,34,,34,24,20,24,9,,,2,5,7,9,9,22,27,17,20,26,26,19,,27,30,20,25,19,20,17,52,19,,21,23,23,19,29,16,24,34,12,24,27,22,25,22,,28,34,34,27,26,26,24,31,3,4,6,5,11,13,,,4,6,15,3,6,7,5,28,22,37,17,,32,29,31,1,12,8,8,19,20,17,18,,,26,27,27,15,19,17,6,3,39,46,36,34,34,40,28,29,20,49,,38,20,8,24,8,18,17,,29,22,18,26,15,10,20,,,21,13,17,25,11,,25,22,19,18,,,26,18,19,31,44,44,41,58,39,36,29,,20,7,,7,6,9,4,6,8,4,7,6,29,27,42,54,28,25,23,24,,46,20,44,24,,33,48,,57,,,,13,22,,,,26,41,82,99,,81,76,,89,41,12,49,32,34,,22,14,31,24,31,7,17,22,32,,68,24,50,36,48,53,27,24,61,,31,27,23,28,24,20,27,15,19,9,27,48,27,44,15,17,23,15,,29,,36,14,19,35,40,,46,36,,,29,29,32,58,,31,30,25,,29,34,27,27,17,,17,17,27,34,,,,22,,29,44,,30,22,6,34,7,7,12,22,20,44,,27,,,23,,15,26,14,12,15,32,14,18,,32,34,26,26,44,33,27,29,27,41,,27,25,11,8,,37,36,24,21,,20,26,22,,28,26,,22,31,31,23,24,,40,20,,,23,19,,33,,19,21,23,25,12,9,,12,17,,32,23,,39,,35,27,29,,25,18,16,22,19,,22,26,19,28,33,18,20,58,27,20,28,19,22,18,29,62,18,18,28,40,60,32,34,34,25,26,23,22,30,15,29,13,29,,22,16,13,27,39,15,41,33,33,43,30,37,29,33,,29,28,46,,23,30,17,18,28,,33,29,7,,7,,15,9,9,22,30,22,23,,,,35,,32,,24,35,21,,26,21,23,30,37,,36,,17,6,14,32,29,18,,31,35,30,26,21,22,,16,,,18,21,28,18,,27,46,50,28,13,19,8,24,27,34,50,46,32,40,18,21,16,14,15,11,21,26,29,32,22,,29,29,29,27,14,26,21,21,,,,,30,18,,20,35,33,35,24,18,16,30,40,40,41,29,19,14,29,20,20,,20,26,53,,27,24,,29,50,44,39,33,33,32,40,33,31,24,22,41,,49,51,981,35,26,29,,7,18,,8,48,14,5,20,24,28,17,17,,16,,,12,12,17,20,25,,,,,,27,27,20,,,3,,1,,,21,,17,29,18,26,32,29,27,29,21,,42,40,38,36,37,24,23,29,30,30,31,18,16,,47,32,,28,26,21,16,,,17,21,21,23,23,24,23,17,25,,,25,24,21,30,23,,28,9,24,27,23,23,21,,26,21,20,,,16,21,,22,15,46,,74,,59,41,,,29,12,,,43,32,38,,,24,44,6,2,28,21,24,33,32,34,32,34,19,21,21,26,22,32,31,30,51,43,50,56,,24,24,26,,21,61,30,29,28,16,36,26,13,44,18,34,,,74,18,30,62,18,44,27,28,17,20,24,35,26,19,33,44,16,,,5,53,47,57,13,14,,,12,10,,27,24,29,,28,39,12,31,26,26,23,14,25,41,24,56,24,29,25,24,,19,22,14,20,42,38,,14,,17,,,,6,4,2,15,9,15,,23,,29,33,30,19,17,16,22,11,24,17,63,18,10,17,18,16,23,21,37,32,13,,18,43,24,32,24,44,5,30,30,18,22,22,40,26,27,,23,43,31,50,8,16,18,20,33,34,32,23,20,20,33,,35,35,28,26,30,24,32,26,45,59,46,,11,22,22,,27,35,22,40,,36,34,19,,21,27,,24,27,17,21,22,19,22,42,37,36,,34,23,14,26,22,,35,29,,20,27,22,14,23,26,26,19,22,,17,18,20,,8,13,,27,16,19,15,,7,4,15,17,22,32,28,27,19,27,32,25,27,43,47,38,,12,14,9,10,14,16,16,27,26,39,54,31,42,56,27,32,56,64,59,35,18,23,44,22,24,20,14,40,40,54,43,9,43,31,29,36,38,52,36,49,53,35,21,39,48,44,21,22,,42,77,118,126,30,20,26,15,,9,31,12,15,30,24,25,35,35,23,18,22,20,13,23,,,17,29,30,,44,22,8,12,20,29,,19,14,23,,,,,42,18,19,26,27,17,29,13,,17,17,13,4,15,24,20,13,23,24,35,,,,,23,34,28,16,11,12,24,,27,7,3,21,24,15,17,,10,7,10,13,8,4,,14,10,7,6,14,17,17,,16,,9,7,,1,15,,6,2,2,,19,,6,,12,8,28,60,45,42,20,18,21,16,22,22,18,21,,24,28,9,31,24,39,,30,32,17,37,246,239,,17,22,24,18,20,,43,45,17,,10,15,16,11,11,14,39,,28,32,,35,24,24,,45,35,26,35,7,,68,34,42,11,16,15,10,16,13,,,58,65,68,8,,6,48,36,92,38,29,10,24,30,29,28,22,17,,98,29,30,53,11,25,20,,9,,22,48,57,30,35,37,505,27,30,27,38,17,30,15,,,36,30,19,33,,41,32,52,26,,32,21,,,13,39,47,14,19,31,9,9,19,32,23,15,14,19,22,,44,35,,36,23,33,19,12,34,22,33,3,29,29,40,22,36,15,52,30,50,36,8,50,9,42,27,34,42,33,9,3,38,29,22,12,21,14,18,11,16,23,23,36,26,24,34,19,34,21,40,,36,24,29,17,12,16,12,,51,62,32,20,14,20,6,26,46,22,68,36,26,37,24,17,44,38,26,,30,60,82,75,24,,820,18,16,18,18,24,24,24,19,19,20,30,27,83,29,18,,44,,30,12,16,34,22,21,29,33,23,25,26,18,8,7,3,,31,36,9,34,12,17,22,55,14,46,43,32,28,27,48,25,41,10,24,31,23,26,18,15,,7,24,13,13,8,18,17,27,32,21,22,26,15,20,11,21,12,27,14,17,35,20,12,57,39,31,31,29,34,24,46,41,34,20,12,22,18,24,3,9,15,27,39,18,31,38,56,27,53,50,24,18,23,13,22,43,42,,22,43,28,47,39,31,24,33,15,18,37,25,31,23,66,27,17,23,12,26,92,15,54,90,,26,21,17,20,13,5,10,29,23,10,12,5,24,26,63,20,18,86,76,72,32,32,34,25,19,22,38,26,30,20,,22,23,28,28,78,32,25,8,25,35,31,41,14,26,26,8,9,34,15,41,39,,36,24,12,24,7,19,47,39,34,31,40,30,28,,26,39,51,24,19,33,27,15,39,,38,33,33,67,47,19,24,20,16,34,20,,18,,12,11,,16,23,10,9,31,33,35,27,,29,21,12,13,,,14,42,39,39,41,53,88,56,81,14,20,21,52,50,97,75,55,45,56,35,18,31,,13,22,20,22,25,38,31,29,17,29,20,15,28,37,14,80,2951,3102,13,22,38,50,18,80,26,9,23,14,27,28,37,15,40,,30,28,10,12,31,29,30,10,14,35,35,26,33,26,42,37,46,12,30,29,43,27,27,,24,23,12,28,12,36,12,23,50,33,5,28,10,16,10,38,20,33,27,44,19,17,81,76,14,41,10,29,25,24,45,20,52,27,69,27,44,15,24,29,15,4,36,31
20210719,5,PM10_24h,20,20,28,23,29,22,18,36,28,19,25,19,,,37,,33,35,43,,36,,33,33,,30,32,,24,16,18,14,19,17,15,,45,43,,39,44,22,36,33,,40,,20,26,33,20,21,25,22,16,19,17,,21,18,23,35,33,35,,34,38,36,,45,33,31,35,20,18,,11,19,17,17,24,,15,20,20,23,22,20,,30,27,,,26,32,32,34,29,40,41,,43,36,44,38,40,,40,27,29,21,21,18,21,17,26,24,15,42,42,61,39,33,23,20,42,30,43,22,29,26,,34,33,38,33,30,24,39,33,26,25,22,26,27,,30,22,22,24,33,26,34,30,38,38,29,36,27,22,,21,22,30,43,20,24,21,20,22,22,22,20,,,,31,30,,34,35,29,,,,48,,26,35,28,21,26,27,,27,33,,,,30,33,,36,39,40,29,28,,25,23,24,17,20,22,24,19,,20,,30,25,,37,24,,42,32,32,,42,41,34,33,20,16,17,,,14,16,16,30,26,27,37,,25,,,30,,27,26,,22,23,20,16,19,18,,28,27,30,35,38,24,32,27,16,16,21,19,20,23,20,18,19,15,14,,23,19,23,21,25,28,25,21,27,16,,29,21,,,18,26,29,33,,34,28,28,30,16,,,11,13,15,16,15,20,27,23,25,24,26,27,,27,25,29,34,34,26,33,27,34,,34,21,24,21,25,26,23,27,19,23,28,19,33,29,,30,36,27,29,30,28,26,24,13,16,17,16,14,18,,12,14,17,24,7,10,11,11,33,28,32,26,,30,34,28,20,25,18,18,28,24,24,21,,,24,22,23,25,24,25,21,20,27,28,25,26,35,31,33,30,38,33,38,37,13,11,20,16,14,29,,39,36,34,44,37,30,37,,,38,33,41,49,42,,25,31,21,22,,,24,23,20,19,32,31,31,33,28,21,28,,25,13,15,18,20,18,7,11,9,9,15,10,30,27,31,31,28,30,24,24,,31,25,31,27,,41,35,48,49,,,,21,15,,,,30,42,52,58,54,53,49,,75,30,19,30,31,24,9,17,17,21,19,28,12,18,20,37,,52,36,41,31,55,49,31,37,51,,27,31,24,27,26,24,29,23,23,14,25,28,30,34,23,26,29,25,,28,,29,18,20,24,34,,36,33,,,30,30,28,40,,26,29,26,,33,40,30,27,26,25,23,21,25,30,,,,24,,23,33,,32,32,14,37,12,15,13,31,28,31,,24,,,32,,31,35,28,24,25,32,24,21,,26,23,20,19,36,20,28,24,22,36,24,24,24,19,21,24,31,29,26,20,,23,24,26,,28,29,,29,29,31,30,23,,36,20,,,31,29,,21,,19,19,25,27,16,20,,19,18,,27,22,,30,,27,21,18,,20,14,17,22,16,,23,29,28,37,35,23,19,51,35,23,34,17,40,31,31,47,33,22,32,40,52,33,38,38,23,26,22,20,27,13,31,18,27,,24,23,19,23,30,17,31,23,22,27,18,29,28,26,,35,34,46,,31,21,18,22,16,,18,15,7,,10,,25,14,14,25,25,21,21,,,,29,,30,,15,17,15,,32,28,31,27,28,,27,,27,20,27,31,36,34,,28,32,22,23,27,25,,26,,,22,25,23,18,,28,40,38,31,26,26,16,28,35,36,38,39,39,33,16,15,22,28,27,23,21,26,27,25,22,,31,28,34,34,20,17,19,13,,,,,28,26,,29,25,21,31,19,15,19,22,24,26,27,24,15,11,30,26,25,,25,29,32,,26,27,,32,33,33,36,36,32,36,36,35,29,24,20,26,,48,49,101,44,40,29,39,11,14,,18,33,49,40,42,24,26,34,34,,19,,15,15,15,14,14,22,26,28,21,,,24,22,23,21,17,13,20,21,,,22,,29,28,24,26,29,29,32,31,25,,34,30,30,31,36,28,26,29,29,32,32,17,20,,46,30,,33,33,23,11,,,16,18,15,17,22,23,23,21,22,,,36,30,21,25,18,,28,26,28,33,32,32,18,,25,22,29,,,35,37,,23,21,25,,30,,48,53,,,28,25,,,53,48,39,,,18,24,14,9,25,23,17,31,32,25,32,28,21,28,28,35,43,32,39,35,35,28,39,38,,49,33,23,,20,26,36,30,26,21,20,19,20,25,22,28,,,43,34,38,48,33,41,38,37,27,22,31,48,52,41,51,47,38,,,18,63,62,75,20,20,,51,20,15,,22,27,24,,28,36,18,23,16,28,14,22,20,34,20,27,18,21,14,14,,13,22,10,19,33,27,,20,,17,,,,11,11,9,12,15,21,,18,,23,26,22,23,22,24,29,16,35,27,48,25,10,16,16,17,28,27,33,27,27,,23,22,25,23,26,28,7,35,19,23,22,18,32,27,28,,20,31,30,32,17,25,23,20,21,31,36,35,34,33,35,,37,37,32,21,24,24,24,21,40,48,39,,19,23,25,,23,35,28,28,,28,27,20,,19,24,22,25,26,24,22,26,21,23,26,26,28,,20,19,19,28,35,,35,32,20,29,17,22,21,22,24,26,35,24,,30,39,36,,22,26,,26,18,24,17,,15,17,22,17,25,38,36,34,28,33,32,36,40,41,43,39,,14,16,12,12,21,24,23,27,28,30,38,33,32,43,19,24,43,46,41,23,30,27,41,41,18,15,13,34,35,44,45,19,24,14,26,34,30,61,70,56,58,34,27,33,25,33,34,30,43,44,67,62,55,32,30,18,18,,18,14,11,15,18,17,23,27,28,15,15,16,17,15,16,,,26,29,34,,40,20,19,16,24,33,,18,14,16,,,,,22,14,14,15,14,19,22,21,,18,37,27,17,18,38,13,10,21,18,9,,,,,23,25,14,11,14,14,20,,20,15,16,16,21,13,21,12,12,12,16,19,18,20,,16,16,11,10,23,17,18,12,15,,12,16,,8,12,,7,7,5,,28,,16,,12,6,24,30,30,31,25,27,33,27,16,24,20,19,,37,35,10,20,25,50,,33,38,12,21,139,137,,17,24,30,33,14,,37,31,25,,16,18,23,19,14,19,36,,30,41,,41,27,22,27,114,100,58,62,13,,42,27,29,38,45,57,74,77,80,,,42,36,48,26,,14,49,49,61,36,26,14,30,27,30,31,12,17,,30,25,34,53,16,24,35,,9,,22,39,29,21,28,27,103,35,26,51,45,28,34,12,,,32,32,26,35,,35,28,45,27,,33,46,,,19,33,35,15,24,28,21,24,18,32,30,35,41,27,23,,42,26,,28,28,29,20,21,36,21,35,16,29,23,13,17,36,23,30,24,32,31,14,30,13,35,32,16,17,16,10,9,47,27,27,28,20,17,15,23,26,27,24,26,21,29,35,27,41,24,23,,24,15,24,22,15,14,12,,23,54,26,24,12,22,18,31,43,35,79,39,33,29,25,24,35,35,19,,22,51,54,73,35,,103,25,16,22,20,22,25,21,24,19,14,22,31,56,36,24,,36,,37,14,17,32,25,17,30,35,33,29,30,21,15,18,18,9,37,34,20,24,14,19,22,32,23,40,38,27,33,26,33,22,30,13,19,21,19,18,20,22,,7,24,22,24,31,17,17,27,17,21,25,16,28,23,18,22,24,19,13,18,33,17,20,34,33,32,35,23,28,18,38,36,28,25,15,12,36,30,9,18,23,35,31,16,38,38,36,28,63,27,25,25,28,21,30,29,30,,23,37,27,39,37,33,36,25,18,26,29,27,33,25,26,22,18,27,14,47,55,43,42,62,,24,23,13,18,20,10,24,27,25,18,22,15,23,21,33,26,25,42,39,39,29,19,25,21,23,23,23,24,27,22,,22,17,29,47,32,24,20,11,23,27,37,26,19,20,23,22,26,43,27,28,30,,36,34,28,35,17,18,49,44,37,32,31,28,30,,21,30,38,24,16,25,24,23,32,,30,25,40,43,36,10,20,16,16,25,22,,25,,23,26,,16,30,23,20,27,31,32,20,,18,38,29,12,,,20,49,17,29,25,38,63,51,47,13,25,12,29,27,59,57,44,46,48,44,27,22,26,17,26,17,25,28,32,47,30,19,20,24,28,25,33,14,60,693,718,12,21,22,23,22,65,33,18,24,18,23,25,25,31,40,,34,40,14,14,38,28,31,13,13,37,32,28,29,30,40,35,39,26,41,26,38,30,25,,20,46,17,64,29,30,23,34,20,21,38,17,31,15,12,39,27,34,46,43,18,13,51,41,14,29,18,28,34,29,22,24,24,26,43,22,42,14,45,32,12,4,26,38
20210719,5,SO2,1,3,3,3,3,2,3,3,3,1,3,3,,,7,,5,5,9,,4,,5,8,,6,4,,6,4,3,5,4,3,5,,5,10,,8,4,6,4,4,,3,,4,4,3,7,8,4,7,5,4,4,,6,6,7,8,9,8,,10,5,6,,7,4,5,1,9,3,,5,5,3,2,4,,4,3,4,3,5,3,,10,6,,,3,7,7,13,14,6,42,,6,16,43,25,37,,11,9,5,5,6,9,5,9,6,5,5,3,3,4,4,2,3,4,3,3,3,12,7,,,14,18,17,22,14,17,11,13,1,4,6,3,7,,3,5,7,5,5,8,4,9,9,1,1,5,1,7,,2,8,4,1,1,3,7,11,10,7,7,6,,,,8,8,,5,8,6,,,,9,,6,4,3,6,2,4,,4,7,,,,4,6,,7,11,6,4,3,,4,2,3,3,6,3,7,5,,2,,4,4,,4,6,,7,3,6,,7,3,5,4,15,7,9,,,6,6,8,7,4,5,3,,5,,,4,,8,5,,2,2,3,5,3,4,,4,4,4,4,4,6,6,6,5,5,6,5,9,5,5,6,12,8,2,,4,4,5,3,2,11,12,6,4,4,,11,7,,,2,9,7,10,,7,6,7,3,5,,,5,4,5,5,5,5,3,3,3,2,3,3,,3,3,4,2,4,4,5,5,5,,4,5,10,7,6,5,11,6,9,8,6,5,5,5,,5,7,9,5,7,5,5,5,4,4,5,5,7,2,,,4,5,6,4,4,5,5,10,8,6,7,,8,7,4,3,2,5,1,8,6,4,7,,,8,9,7,5,10,6,5,9,10,17,12,14,9,11,10,7,12,10,,4,6,3,3,3,4,4,,3,3,6,5,6,6,4,,,9,8,3,2,4,,4,2,8,3,,,10,21,6,1,7,7,5,4,4,5,5,,6,6,5,6,9,9,6,7,10,6,7,8,6,4,3,4,4,5,2,4,,4,5,5,5,,51,4,,7,,,,6,5,,,,7,12,5,5,2,6,6,,6,16,12,8,15,6,10,14,7,9,6,2,4,5,4,12,,3,2,29,8,12,13,9,7,14,,3,2,5,2,4,1,4,5,2,2,2,10,3,2,2,5,4,4,,12,,10,7,6,8,6,,6,5,,,6,4,5,6,,5,9,1,,5,7,10,9,2,,11,7,10,8,,,,2,,5,11,,7,6,5,6,4,5,1,3,2,3,,22,,,9,,7,7,6,6,7,7,11,8,,22,9,8,12,6,15,11,13,18,33,,6,6,6,6,9,6,12,15,5,,5,6,4,,8,7,,10,8,14,12,8,,12,4,,,3,6,,4,,11,10,9,10,9,6,,9,10,,2,4,,7,,12,7,13,,32,11,10,11,5,,5,4,3,3,3,5,3,6,5,6,6,6,8,7,11,10,6,6,5,5,56,9,14,4,7,6,7,9,4,4,6,7,5,,4,5,4,4,1,3,3,6,4,8,3,9,5,7,,4,3,25,,8,6,6,6,6,,15,6,3,,4,,1,4,6,3,2,1,2,,,,3,,3,,2,3,2,,1,4,4,2,6,,12,,5,5,6,5,2,3,,6,5,8,6,7,7,,5,,,7,1,2,2,,6,11,7,26,6,6,5,8,7,8,18,11,8,6,4,3,8,5,3,5,7,8,13,6,5,,15,14,20,5,5,23,8,5,,,,,6,7,,6,3,8,5,4,3,4,5,6,5,5,5,6,3,6,6,5,,9,2,1,,3,2,,2,4,4,2,4,4,6,3,3,5,9,4,4,,13,9,14,8,7,6,,5,5,,7,5,3,5,4,5,11,4,4,,7,,,4,4,3,4,8,,,,,,4,4,2,,,5,,4,,,6,,5,10,8,6,8,9,8,6,6,,6,5,8,7,8,10,8,7,5,2,3,5,10,,4,6,,4,8,7,7,,,6,5,5,6,6,3,4,6,5,,,4,8,5,2,5,,8,14,5,10,8,8,4,,4,6,3,,,2,6,,16,12,8,,6,,34,28,,,8,4,,,35,7,15,,,3,5,12,11,6,9,6,8,11,4,8,6,6,6,8,5,5,3,5,4,4,8,3,6,,12,10,5,,12,12,10,8,4,5,7,6,6,12,5,8,,,9,4,6,6,5,14,6,2,3,10,8,6,6,5,5,6,3,,,2,3,4,5,5,7,,,11,10,,13,14,6,,3,5,12,8,8,2,2,5,5,11,3,4,4,8,5,3,,4,4,6,4,6,8,,4,,5,,,,7,8,8,3,3,2,,12,,6,5,7,4,4,6,2,6,4,6,6,5,4,4,6,5,4,12,8,2,4,,6,11,6,8,8,6,12,15,20,16,16,5,7,10,9,,4,14,58,7,8,2,17,12,10,15,26,10,13,2,8,,9,9,10,4,7,7,5,9,14,19,15,,5,1,2,,3,3,5,3,,3,2,1,,5,12,,10,14,6,5,6,6,7,6,6,2,,7,4,6,17,9,,10,4,,4,5,4,5,4,6,4,5,9,,3,3,1,,6,4,,21,5,5,5,,4,3,1,6,8,22,10,4,6,9,10,7,13,15,18,15,,2,2,8,9,6,5,5,7,4,12,9,7,5,15,8,3,4,12,2,1,5,5,3,3,5,5,5,23,15,10,19,6,8,8,25,10,6,5,4,6,5,10,36,19,9,13,11,8,,6,8,119,81,8,5,4,5,,2,5,7,6,7,11,7,7,7,5,16,10,5,6,10,,,5,5,5,,6,9,12,7,7,5,,8,6,8,,,,,7,6,6,7,5,12,10,13,,7,7,11,7,6,7,2,2,6,5,4,,,,,5,7,4,6,8,5,2,,4,5,3,10,12,5,6,8,6,6,5,4,5,5,,9,6,5,4,5,8,3,8,3,,9,6,,6,7,,8,4,4,,6,,9,,7,9,5,13,15,17,5,6,9,6,4,6,2,4,,56,47,4,7,8,7,,5,5,4,3,4,4,,6,7,6,1,19,,5,3,5,,8,10,14,11,11,15,9,,6,8,,7,1,3,2,5,7,5,5,7,,8,4,11,3,6,9,5,7,4,,,7,6,7,13,,3,6,6,6,59,11,9,6,7,5,5,12,6,,3,5,13,7,7,8,4,,4,,4,8,5,5,8,13,22,15,6,5,8,4,5,4,,,10,1,2,6,,8,14,7,16,,4,4,,,2,8,7,5,8,4,4,3,4,6,4,2,8,5,4,,5,2,,8,6,5,9,5,10,4,15,5,6,4,4,2,7,8,16,4,17,4,2,5,9,7,9,11,12,8,12,5,9,3,6,7,5,6,9,6,5,8,4,1,9,14,11,7,,9,1,,2,6,4,5,8,3,4,,3,6,6,7,6,5,9,2,9,7,8,3,10,6,14,6,2,8,2,,8,12,14,11,16,,22,4,8,4,4,5,9,5,2,6,3,10,7,31,9,4,,6,,6,4,5,9,2,8,8,8,5,9,8,7,7,7,4,,7,28,7,8,6,5,8,18,5,6,4,4,3,10,10,1,10,4,5,5,2,2,3,2,,3,2,6,4,11,4,10,8,5,6,7,11,16,6,6,13,10,3,5,5,11,6,6,15,4,9,11,4,4,6,8,7,7,7,5,5,4,5,11,10,8,16,6,4,15,7,35,16,5,6,8,6,4,7,5,35,4,,2,3,3,14,14,5,7,6,5,4,4,8,7,7,4,1,2,5,1,6,7,6,8,10,,6,6,6,9,3,6,7,31,6,6,3,3,6,3,6,2,10,3,2,3,3,6,4,7,7,4,4,1,3,1,,1,1,9,11,34,13,7,4,23,13,4,3,7,5,7,6,8,11,6,11,11,,5,9,6,9,3,4,6,14,6,8,9,4,11,,4,8,6,8,4,1,2,4,7,,7,24,10,8,8,4,4,2,4,14,3,,4,,6,1,,7,5,1,6,4,8,6,4,,5,16,11,11,,,6,6,2,6,3,2,7,12,8,2,3,4,7,7,5,9,7,11,6,7,3,1,,2,6,2,3,4,9,10,17,4,4,6,5,5,10,8,10,1,1,4,5,5,11,2,41,6,7,10,4,9,9,13,9,11,,8,5,1,6,3,8,8,7,7,8,1,6,6,2,11,3,2,7,15,6,8,6,4,,3,2,3,3,4,1,2,2,3,3,2,3,3,6,6,8,5,13,9,16,10,5,6,5,1,3,3,3,6,5,8,6,1,5,7,5,7,6,10,6,8,5,8,7
20210719,5,SO2_24h,1,3,3,4,3,2,3,3,3,1,3,4,,,8,,5,5,8,,4,,5,9,,6,5,,6,3,3,5,4,2,4,,2,6,,5,3,7,4,4,,3,,3,4,3,6,7,4,6,4,5,4,,6,5,7,8,9,8,,10,5,7,,7,5,4,2,12,4,,5,6,4,3,4,,4,2,2,3,2,2,,8,7,,,4,6,8,8,11,6,20,,9,14,15,15,14,,9,9,6,5,6,9,6,8,6,6,5,3,3,4,4,3,4,4,3,4,3,12,9,15,,12,17,18,17,14,16,10,15,1,4,6,6,7,,3,5,6,5,4,7,4,8,8,2,2,4,2,6,,2,9,4,2,3,4,6,7,10,7,7,6,,,,8,8,,5,8,6,,,,9,,5,4,4,6,2,4,,4,7,,,,8,6,,6,9,6,5,4,,5,1,3,3,6,3,7,5,,4,,4,4,,5,7,,6,4,5,,6,3,5,5,7,7,7,,,7,6,8,5,3,5,3,,6,,,5,,7,5,,2,2,4,5,3,4,,3,3,3,4,4,6,6,6,5,6,6,5,8,6,5,6,5,6,2,,4,4,4,3,2,5,7,7,5,3,,9,5,,,3,6,8,8,,6,5,7,5,5,,,5,4,5,5,5,5,3,3,3,2,3,3,,3,3,5,3,5,5,7,5,6,,4,5,9,5,5,5,6,6,5,4,6,5,6,6,,6,8,7,5,8,5,5,5,4,4,5,5,8,3,,7,4,5,6,5,5,6,6,8,9,7,7,,7,7,6,4,3,5,2,7,7,4,7,,,8,9,7,5,7,8,6,9,9,13,9,9,8,8,9,7,8,6,6,5,6,3,4,4,4,6,,3,7,6,7,8,8,4,,,12,9,4,2,6,,4,2,7,3,,,5,11,6,2,7,6,5,4,7,4,5,,7,7,5,8,11,11,6,7,10,6,6,8,6,4,3,4,4,5,2,4,,4,5,5,5,,15,2,8,8,,,,8,5,,,,10,10,6,6,3,8,7,,8,11,6,9,10,9,7,8,6,7,6,3,5,5,5,7,,5,4,13,4,13,13,8,8,16,,3,2,4,4,5,3,5,4,2,3,3,7,3,2,3,4,3,4,,11,,9,5,5,7,5,,4,4,,,6,4,4,8,,6,5,1,,10,7,6,9,3,7,8,6,8,9,,,,2,,5,10,,8,8,6,8,4,5,1,4,2,3,,8,,,10,,11,8,8,8,8,8,11,9,,8,5,6,6,7,6,8,10,11,21,8,5,5,7,6,9,6,8,8,6,,5,6,5,,7,7,,8,5,6,15,9,,13,6,,,2,6,,3,,13,12,9,10,9,6,,9,9,,2,5,,7,,8,6,10,,13,7,8,11,6,,6,4,4,4,3,6,3,8,8,8,9,8,8,8,11,14,7,6,6,14,12,7,22,10,7,4,7,9,4,5,6,8,5,,4,5,4,4,2,3,3,6,3,8,3,9,5,6,,5,5,12,,9,7,7,7,5,,10,7,4,,4,,2,4,6,3,3,3,2,,,,2,,3,,2,3,2,,2,4,8,2,4,,7,,6,4,7,5,2,2,,8,6,9,6,8,8,,5,,,8,1,3,2,,10,11,9,9,11,6,5,6,8,9,8,7,7,5,3,3,10,7,5,4,9,10,10,4,5,,12,17,15,9,5,7,8,4,,,,,7,8,,6,3,6,6,5,3,4,6,5,5,5,5,6,5,6,6,5,,9,2,2,,3,2,,2,4,3,2,4,4,7,3,2,5,10,5,4,,28,59,11,6,17,8,8,5,5,,7,5,4,5,4,5,9,5,5,,7,,3,4,4,4,3,8,8,9,10,,,5,4,2,4,4,5,3,4,,,7,,5,8,8,7,9,10,10,10,8,,7,3,8,7,9,10,7,6,5,2,4,5,9,,5,6,,4,7,7,7,,,6,5,5,7,6,3,4,6,4,,,5,9,5,3,5,,8,11,6,13,10,10,4,,4,5,4,,,2,7,,12,11,8,,6,,25,27,,,6,5,,,11,13,17,,,2,4,12,10,6,8,6,6,7,2,7,4,6,7,8,7,6,3,6,4,4,8,2,8,,8,8,6,,16,13,11,13,3,4,9,6,6,8,5,7,,,9,4,5,6,7,9,5,2,4,10,9,6,7,9,5,6,6,,,3,3,5,5,6,10,,5,11,11,,13,14,3,,4,5,10,9,6,2,2,6,6,10,4,8,10,7,4,13,,6,4,7,5,7,7,,4,,5,,,,6,5,6,6,4,2,,10,,9,7,6,4,4,4,2,7,7,8,10,5,4,5,4,5,6,10,7,4,5,,5,9,8,7,10,7,11,13,18,18,17,5,9,16,13,,7,15,21,15,15,4,5,6,5,19,10,6,13,6,9,,10,8,7,11,6,6,5,5,12,16,21,,6,2,2,,4,3,5,3,,4,3,1,,5,5,7,6,6,7,6,7,7,8,6,7,2,,8,4,7,16,10,,20,6,4,4,5,5,3,4,7,4,5,7,,3,4,1,,6,4,,19,6,5,5,,5,4,2,8,9,21,12,8,10,13,11,10,14,15,14,13,,3,3,6,9,7,7,8,13,11,12,11,10,5,14,7,4,9,8,7,2,5,6,5,4,4,5,5,10,10,8,9,8,9,9,12,10,8,6,8,7,7,8,22,17,7,9,10,10,11,7,9,21,21,12,8,5,6,,2,5,5,6,6,11,7,9,7,5,5,4,5,6,9,,,5,6,7,,7,9,11,9,9,6,,8,6,7,,,,,6,6,6,6,5,13,10,12,,7,8,11,8,7,8,2,3,10,5,5,,,,,6,7,5,7,6,5,2,,4,5,4,5,7,5,7,8,6,6,6,6,10,9,,11,9,5,4,6,8,4,8,5,,9,6,,7,8,,8,5,4,,6,,9,,7,9,8,9,9,8,5,6,9,4,4,7,2,4,,38,36,6,6,8,6,,5,5,3,2,5,4,,6,7,7,2,21,,4,4,6,,10,9,12,10,11,15,10,,7,14,,9,2,3,2,5,7,8,7,9,,9,4,11,3,5,9,6,7,4,,,11,7,9,8,,2,7,8,10,19,5,9,7,6,5,5,11,5,,2,5,13,8,6,7,5,,4,,4,7,4,5,9,12,21,12,6,9,11,8,4,4,,,10,4,3,6,,15,21,8,13,,4,4,,,2,9,7,5,8,6,4,4,3,7,4,6,11,7,4,,6,3,,8,5,6,8,5,12,5,9,8,4,5,3,2,8,8,26,4,12,5,2,5,9,5,9,10,8,7,6,6,11,6,8,11,5,6,8,6,6,7,2,1,10,13,9,7,9,8,1,,2,5,4,6,9,3,4,,2,10,6,7,4,6,9,2,9,6,7,3,36,5,10,6,2,6,4,,16,12,13,15,20,,20,4,8,4,4,5,6,5,3,6,3,9,4,23,14,6,,6,,6,4,5,9,1,8,8,8,6,9,8,8,6,8,4,9,8,19,7,7,7,6,8,7,5,6,3,4,2,10,8,3,9,5,6,5,2,2,3,2,,2,2,5,3,12,8,10,8,7,7,6,10,12,9,5,11,11,3,3,6,7,5,7,11,5,8,12,4,4,4,8,5,5,10,4,5,4,6,10,6,7,13,7,5,9,9,24,15,9,7,7,6,4,7,5,16,4,,3,3,3,10,11,4,6,5,6,4,4,8,7,8,4,3,2,6,1,8,9,7,8,9,,6,7,6,9,3,6,8,11,7,7,3,4,6,3,6,3,9,3,2,3,4,6,4,7,6,4,3,1,2,1,,1,3,3,5,25,14,10,5,12,13,8,2,7,5,7,6,10,11,7,4,9,,5,17,8,10,3,4,7,10,6,6,7,5,16,,4,24,5,8,4,2,2,3,7,,10,10,11,11,10,7,4,3,4,15,11,,5,,4,2,,6,6,3,7,4,8,6,4,,4,20,14,10,,,6,8,2,7,2,2,4,11,5,1,3,4,3,9,5,7,7,10,7,7,3,1,3,2,8,2,3,4,7,9,10,5,4,7,5,5,7,8,11,2,3,4,6,5,11,3,29,8,7,10,4,8,8,9,14,19,,10,6,1,6,3,8,8,7,7,7,3,7,5,3,12,3,2,7,10,6,6,6,4,,3,2,4,4,4,2,2,2,3,3,2,3,3,6,8,7,6,6,10,19,12,5,3,2,1,3,3,3,7,8,7,6,3,6,7,6,8,6,9,6,8,5,8,7
20210719,5,NO2,12,26,17,15,15,16,23,5,12,14,28,20,,,16,,21,17,32,,35,,32,11,,9,22,,53,27,26,28,23,23,9,,21,28,,26,21,3,1,3,,32,,4,8,4,17,15,17,14,18,18,15,,11,10,17,28,29,21,,10,33,15,,33,6,11,9,18,21,,3,10,8,7,35,,5,29,36,32,32,20,,20,15,,,12,17,31,15,18,33,27,,24,21,31,16,26,,16,9,15,6,7,10,10,15,9,28,6,29,27,36,27,28,21,18,28,28,38,26,28,10,,27,43,38,47,41,26,30,39,11,13,14,8,20,,14,27,19,22,17,13,13,17,5,15,14,19,13,7,,5,13,8,6,12,15,10,27,4,3,11,10,,,,11,10,,5,12,7,,,,26,,13,18,11,11,14,18,,14,23,,,,22,30,,28,47,34,8,5,,8,4,9,5,9,6,6,11,,8,,3,1,,13,15,,27,14,31,,32,19,10,21,20,9,22,,,9,16,10,17,17,14,20,,13,,,24,,24,21,,13,2,6,8,12,10,,13,18,17,16,18,21,17,10,37,19,19,21,26,14,27,49,20,26,4,,8,2,3,2,9,24,12,38,31,1,,33,42,,,16,11,16,35,,16,22,11,22,10,,,4,5,2,8,6,20,9,11,10,7,10,7,,13,5,12,45,22,26,29,23,46,,20,9,28,22,38,15,17,12,28,18,31,12,20,16,,26,35,37,25,29,15,33,11,6,13,7,9,24,12,,,10,5,10,9,2,12,7,20,23,22,21,,28,25,28,9,14,10,11,24,21,20,19,,,12,19,20,10,8,13,5,15,51,46,22,26,28,28,24,28,20,29,,29,14,4,18,10,6,17,,28,2,11,13,20,20,4,,,14,12,17,11,6,,36,38,47,23,,,22,8,13,27,23,22,18,32,26,28,21,,15,7,8,13,8,8,6,7,7,4,6,4,10,9,27,5,15,6,14,19,,6,8,10,15,,25,28,,51,,,,22,10,,,,21,16,69,62,93,76,53,,60,31,12,31,20,27,14,31,14,17,16,4,7,36,5,35,,24,48,33,26,13,17,15,15,24,,11,12,22,11,14,14,16,10,9,9,8,10,5,20,7,5,13,3,,17,,12,11,15,24,10,,12,23,,,15,17,16,30,,12,10,17,,9,4,10,15,5,,8,6,14,14,,,,6,,7,14,,13,5,6,15,5,2,2,6,8,14,,8,,,1,,5,8,11,6,5,3,6,4,,20,21,23,21,46,18,9,10,10,15,,23,25,5,5,7,27,18,16,11,,11,12,12,,6,6,,6,9,13,10,11,,39,12,,,10,9,,37,,21,24,18,28,8,2,,10,3,,27,30,,27,,12,14,12,,15,16,13,18,10,,2,5,4,7,15,2,1,18,20,4,19,6,25,8,24,30,16,19,14,19,16,8,18,16,21,22,26,12,17,10,7,2,5,,5,12,13,16,14,8,9,9,11,5,5,4,14,17,,15,15,18,,12,12,54,8,2,,26,21,1,,4,,4,9,2,2,6,9,10,,,,11,,11,,5,4,2,,8,6,9,9,16,,13,,15,40,7,8,11,12,,12,30,15,10,6,16,,9,,,3,14,7,5,,15,17,20,13,9,6,3,28,11,13,15,19,12,30,10,15,5,2,10,5,18,25,29,24,18,,22,15,41,12,15,22,20,15,,,,,6,9,,13,11,17,5,5,5,11,14,22,27,17,18,15,16,14,14,13,,9,5,24,,26,23,,25,14,13,14,13,12,9,6,9,10,15,5,8,,14,37,5,16,14,18,,5,10,,8,37,3,6,7,10,21,12,12,,8,,,5,5,22,31,18,,,,,,13,15,12,,,4,,3,,,13,,11,14,15,20,20,17,12,16,15,,24,27,25,22,25,6,4,20,16,10,15,16,6,,36,11,,15,13,13,16,,,11,8,7,9,10,5,4,9,3,,,24,13,15,16,12,,8,30,21,13,20,27,11,,18,20,13,,,8,20,,7,16,46,,49,,19,22,,,12,5,,,12,6,18,,,5,8,18,23,6,6,5,10,8,8,6,14,2,5,11,4,15,20,32,18,5,4,7,10,,18,8,22,,3,7,14,13,11,5,5,6,9,10,12,34,,,41,6,16,12,7,14,7,15,3,8,8,4,19,14,33,31,11,,,16,11,5,5,7,10,,,12,13,,8,2,10,,11,6,12,12,7,5,2,5,31,27,33,34,18,14,26,18,,11,9,6,3,22,22,,9,,10,,,,11,16,5,13,4,4,,19,,18,30,15,5,5,10,9,8,11,8,28,5,1,8,8,6,15,24,20,16,8,,15,6,8,6,8,9,4,6,32,12,18,10,14,12,3,,12,17,28,34,22,6,9,10,12,8,5,6,5,6,13,,16,18,14,14,19,19,15,15,24,26,32,,10,7,4,,8,4,7,8,,12,8,13,,2,13,,8,10,4,5,7,6,6,9,5,5,,9,7,7,27,11,,14,5,,10,6,6,13,8,16,19,15,13,,11,2,5,,12,11,,8,2,4,3,,7,4,4,3,4,18,11,20,9,11,13,5,10,22,18,14,,20,18,30,13,24,25,18,16,26,9,14,8,15,16,4,5,1,3,9,12,26,7,17,11,5,4,2,21,45,36,34,6,17,7,22,21,24,20,15,17,6,12,11,14,12,23,10,13,,22,35,37,33,8,7,6,23,,11,16,11,8,19,15,16,13,23,11,10,12,8,8,39,,,5,6,2,,5,11,5,5,16,9,,11,4,12,,,,,11,7,12,12,20,9,5,5,,34,14,7,4,8,9,7,11,27,18,14,,,,,2,14,11,11,16,14,10,,8,4,5,20,18,10,4,2,5,10,7,7,12,13,,4,6,5,8,5,12,19,5,10,,5,9,,4,3,,5,18,4,,4,,4,,5,5,11,22,36,24,11,17,16,15,4,6,5,11,,17,23,2,19,7,38,,15,15,43,41,8,5,,8,8,27,12,13,,34,17,11,,13,2,10,10,11,7,11,,12,27,,18,33,7,6,26,20,7,9,4,,54,10,9,12,9,11,23,17,10,,,32,37,27,8,,10,38,42,43,60,18,5,24,12,11,15,26,11,,54,27,18,31,18,19,13,,12,,4,24,25,14,26,24,8,11,8,11,31,1,15,8,,,14,34,6,9,,19,17,34,5,,2,6,,,10,39,30,9,14,6,9,13,2,23,8,13,5,8,42,,30,12,,30,7,20,14,4,12,10,9,5,12,15,35,12,42,6,37,21,14,22,5,19,8,12,12,16,16,12,10,9,40,14,2,23,6,5,1,6,5,7,5,12,7,12,15,19,21,12,6,,6,18,10,18,4,19,19,,48,70,5,17,12,2,5,15,22,16,38,7,11,23,4,7,7,29,22,,17,72,30,33,28,,5,17,15,16,13,15,19,21,12,10,12,16,24,18,10,7,,6,,8,6,7,13,8,12,28,26,22,28,28,15,9,13,7,,27,35,6,10,10,10,9,11,4,9,30,22,14,14,10,2,24,3,17,20,4,8,10,9,,9,2,7,9,9,29,6,10,12,8,11,11,27,10,2,19,19,34,19,5,14,9,4,41,14,13,18,13,18,10,10,13,10,19,15,12,16,9,9,8,12,5,13,14,17,10,28,16,2,22,18,15,17,8,10,17,21,,5,10,10,36,28,23,14,16,6,3,20,17,21,18,7,24,8,12,2,12,95,6,33,39,,28,5,11,11,8,8,20,12,14,5,18,11,14,8,33,10,22,41,24,36,3,10,21,13,10,11,32,3,11,4,,9,2,8,13,19,6,20,6,12,32,14,12,27,24,14,5,4,14,9,22,13,,18,10,2,9,5,4,21,16,21,15,17,14,18,,12,17,19,15,5,10,10,9,33,,20,18,13,20,15,10,7,17,8,16,6,,14,,10,5,,4,24,10,12,31,21,15,21,,26,12,17,5,,,3,14,45,15,31,12,25,14,22,5,8,25,23,27,51,40,30,26,29,28,2,4,,5,9,12,6,13,22,1,14,8,9,13,12,11,12,3,60,2,4,23,33,20,28,10,22,4,10,7,17,14,15,40,16,43,,15,3,5,3,27,18,11,9,16,12,27,11,12,9,18,23,30,11,23,14,36,23,15,,2,3,5,9,11,20,3,16,21,6,14,5,15,19,6,14,11,29,23,25,9,18,24,16,11,12,10,21,15,53,4,11,9,12,36,9,31,13,14,4,5,22,25,20
20210719,5,NO2_24h,15,8,24,16,15,20,24,13,9,12,19,16,,,13,,13,12,22,,19,,29,6,,6,9,,28,20,13,14,16,17,9,,13,18,,18,15,5,14,14,,12,,7,11,7,12,13,16,13,18,16,13,,12,8,15,24,18,18,,11,24,22,,28,10,14,10,15,14,,6,13,11,10,25,,8,23,20,16,15,17,,15,22,,,18,21,17,17,16,25,23,,14,20,22,19,22,,19,15,19,6,7,8,11,9,7,20,3,28,24,34,16,20,14,18,21,17,32,22,19,9,,21,30,30,25,29,18,21,29,13,17,13,9,16,,17,18,11,15,19,30,27,34,23,25,18,36,16,9,,6,16,8,9,12,16,7,19,2,4,7,9,,,,14,12,,8,13,8,,,,22,,12,21,11,9,18,15,,11,19,,,,18,20,,17,22,20,5,20,,8,4,6,4,6,2,4,7,,7,,4,3,,16,20,,22,15,21,,19,17,11,19,23,7,15,,,9,11,12,18,11,12,15,,11,,,18,,17,16,,8,3,7,9,15,12,,11,16,19,16,21,11,14,9,20,21,16,13,19,19,20,21,13,16,2,,10,4,4,4,7,13,8,20,18,13,,21,22,,,11,9,14,19,,14,13,10,11,7,,,6,8,6,8,8,13,14,15,9,11,14,11,,17,6,14,29,27,23,28,20,38,,24,11,22,22,25,12,15,14,25,15,24,11,29,23,,26,32,24,24,26,19,28,19,10,18,12,13,22,15,,5,14,9,11,16,10,13,13,23,24,23,22,,21,34,30,16,20,15,16,25,22,18,20,,,14,15,17,11,10,17,11,14,27,35,14,17,15,12,16,12,14,19,15,17,7,6,12,8,6,11,,23,32,22,26,34,27,15,,,39,27,37,27,20,,23,27,31,28,,,20,9,15,26,23,18,18,30,26,25,21,,19,10,12,13,13,15,10,12,13,9,17,15,21,22,31,18,29,19,24,20,,15,21,25,22,,28,13,38,44,,,,27,8,,,,26,27,41,43,41,53,34,,39,20,14,23,17,18,13,18,11,12,13,3,8,25,9,33,,24,29,31,21,18,21,16,14,20,,13,11,12,7,7,10,10,13,13,11,8,8,6,13,6,6,8,6,,13,,7,8,10,11,10,,11,17,,,8,10,8,15,,8,10,10,,10,3,6,11,7,12,11,9,14,14,,,,8,,7,10,,11,11,11,17,5,4,2,17,14,19,,7,,,10,,12,12,17,10,9,7,9,6,,15,15,13,14,25,10,10,10,11,17,10,17,17,6,8,5,18,14,12,11,,12,16,17,,7,8,,6,9,10,10,8,,28,14,,,14,13,,21,,17,12,17,20,5,2,,11,3,,16,20,,15,,16,16,12,,13,14,14,18,9,,6,9,14,15,18,8,2,15,17,6,14,5,20,10,27,28,12,10,13,15,14,10,14,13,18,18,17,12,17,8,12,5,10,,7,11,14,14,13,10,8,8,7,6,5,19,23,30,,25,22,23,,14,12,18,17,3,,18,11,2,,9,,6,10,4,7,6,7,7,,,,12,,11,,5,2,3,,16,12,8,12,14,,10,,16,15,10,13,14,10,,14,24,11,8,12,10,,14,,,4,11,8,8,,15,20,17,14,10,9,6,11,12,13,8,12,12,14,9,9,10,10,17,15,20,25,25,25,20,,14,10,26,17,11,15,15,14,,,,,11,18,,19,12,14,11,11,12,19,17,16,19,14,16,15,12,25,16,19,,14,16,21,,21,13,,15,9,12,15,15,14,10,11,14,17,21,19,16,,12,18,16,19,22,8,19,13,18,,12,16,10,11,11,7,16,17,17,,7,,7,4,4,13,13,8,5,11,9,,,10,11,8,7,6,7,6,9,,,10,,11,15,18,18,19,14,14,18,17,,12,17,20,19,21,5,3,14,13,11,11,11,4,,23,11,,15,14,12,17,,,12,8,5,7,12,5,4,8,3,,,20,15,15,16,13,,11,15,20,13,16,16,10,,14,13,10,,,13,15,,11,15,22,,22,,17,23,,,11,8,,,19,11,15,,,5,6,7,8,7,7,6,8,9,7,9,10,5,11,12,6,10,17,18,17,6,4,10,9,,19,10,17,,6,12,17,12,9,5,5,5,8,6,6,20,,,30,8,10,10,9,11,7,11,6,12,12,5,15,10,24,16,10,,,12,15,11,11,7,11,,7,21,18,,16,12,14,,8,8,7,9,4,12,3,7,23,23,29,33,19,15,17,13,,13,11,7,4,24,20,,9,,10,,,,10,15,6,17,3,4,,18,,18,20,18,8,7,8,8,7,18,12,20,9,2,6,6,5,18,24,20,18,9,,10,6,12,10,12,9,5,10,19,16,15,9,11,17,5,,12,15,12,15,18,9,10,11,10,11,7,8,8,12,14,,14,16,11,10,12,13,10,11,15,17,22,,11,8,7,,10,7,9,9,,12,8,14,,3,10,9,8,8,6,6,7,7,8,8,6,7,,7,8,6,27,19,,14,12,5,19,9,12,13,9,13,17,16,13,,11,9,10,,14,13,,12,2,7,6,,8,5,8,4,5,14,11,18,11,10,10,8,10,15,14,15,,13,11,16,10,14,14,13,14,22,7,6,8,12,19,5,9,3,6,8,4,18,12,21,16,6,4,4,18,25,18,20,12,9,12,16,16,16,19,20,15,12,9,10,10,9,13,12,15,11,14,19,16,16,8,10,6,13,,15,10,10,9,17,13,14,13,14,12,15,14,11,8,17,,,7,13,8,,12,9,6,6,12,11,,19,9,10,,,,,10,8,12,19,16,11,5,9,,27,11,9,9,11,12,10,11,13,15,12,,,,,11,12,10,12,15,17,22,,7,7,7,9,13,9,8,9,8,11,11,13,12,13,,7,9,12,12,7,14,16,8,13,,5,8,,9,8,,8,21,6,,6,,10,,6,5,8,11,17,15,11,18,20,17,5,8,10,10,,20,18,3,12,10,26,,15,18,21,22,19,15,,8,10,20,15,16,,24,14,14,,16,4,14,22,9,8,14,,14,26,,23,22,14,14,21,26,11,10,7,,34,13,17,18,16,9,15,14,11,,,29,24,27,7,,10,37,35,24,27,13,4,26,6,7,12,21,12,,24,23,13,19,10,14,12,,10,,6,18,22,12,23,19,17,19,10,17,21,6,12,7,,,21,16,7,7,,25,20,32,9,,2,5,,,11,23,24,7,18,6,10,25,2,22,11,30,20,18,21,,19,12,,22,8,14,13,6,14,10,11,8,12,14,13,7,17,7,24,19,8,13,5,11,16,10,10,11,9,8,8,11,32,15,11,35,8,10,8,10,11,9,5,11,12,13,17,17,20,19,5,,6,12,10,21,8,12,11,,27,36,8,13,11,2,5,22,17,18,21,10,17,20,8,6,8,18,16,,12,37,22,28,14,,16,17,16,16,14,12,16,16,15,7,5,10,24,18,11,11,,8,,10,5,4,12,5,9,24,30,26,26,28,18,13,16,12,8,27,21,8,8,13,18,11,10,6,12,20,17,12,24,7,2,20,5,12,14,4,6,11,10,,11,5,9,7,8,19,11,11,10,14,15,8,20,16,3,24,19,26,16,11,18,9,5,22,12,11,19,12,10,5,12,14,10,21,15,13,15,14,10,12,14,10,10,5,12,12,17,13,14,13,12,12,15,8,9,8,17,,9,5,8,32,16,29,18,15,5,3,18,16,19,15,5,11,4,10,2,17,51,20,31,27,,17,7,9,12,11,12,26,12,15,6,16,16,15,10,13,9,11,15,18,22,6,10,21,12,9,10,18,5,11,7,,10,3,6,9,15,10,17,7,19,25,16,10,14,12,15,13,10,13,9,7,7,,10,13,5,12,9,5,11,21,19,9,11,8,18,,15,10,21,23,3,5,8,7,16,,13,12,14,12,19,8,7,11,10,12,9,,12,,12,8,,5,22,15,19,20,15,13,14,,9,13,11,4,,,6,12,24,11,16,12,18,12,15,9,6,17,15,18,33,28,21,18,24,25,3,6,18,7,20,7,7,15,21,10,18,7,18,21,20,20,17,8,36,10,12,10,14,20,15,11,23,11,14,11,17,14,14,17,21,31,,23,9,9,6,18,16,17,9,6,14,21,11,13,9,20,25,16,15,14,9,24,14,10,,4,3,4,9,11,16,4,8,14,7,17,4,15,15,8,22,11,30,17,19,6,15,11,17,8,5,9,14,15,24,5,9,9,10,27,11,28,13,16,15,6,19,23,11
20210719,5,O3,44,3,60,41,46,52,40,57,18,26,35,25,,,37,,27,43,24,,18,,46,70,,61,38,,6,25,17,18,25,37,92,,34,22,,27,28,89,100,117,,4,,69,72,60,40,33,48,42,29,43,24,,34,58,14,17,6,17,,4,14,53,,22,73,66,57,31,35,,60,63,52,58,31,,44,38,29,27,28,13,,53,62,,,61,58,32,59,22,9,23,,4,29,23,38,26,,47,83,73,78,74,81,86,55,52,65,69,50,53,29,26,45,21,34,23,28,34,45,34,38,,32,23,24,9,21,28,20,21,56,53,53,50,47,,59,36,45,43,42,45,46,48,49,,44,52,46,49,,60,66,54,57,54,54,47,42,39,44,40,54,,,,32,41,,48,45,40,,,,24,,47,50,51,53,46,46,,41,40,,,,45,28,,18,2,19,50,46,,51,48,54,53,45,47,70,56,,46,,60,53,,50,45,,33,24,20,,18,44,51,12,42,50,43,,,39,44,56,42,32,42,24,,47,,,33,,37,40,,27,64,51,26,29,24,,52,46,38,42,42,10,35,4,27,24,30,31,34,36,24,6,32,37,65,,45,59,52,44,19,40,50,5,11,29,,11,5,,,22,55,36,30,,52,44,55,47,58,,,64,66,78,67,75,22,53,53,44,52,47,51,,41,56,47,27,48,40,33,55,22,,41,63,31,36,15,16,28,4,26,28,8,20,38,38,,26,15,14,36,27,24,21,18,36,32,31,27,24,29,,,44,45,29,37,41,30,33,24,22,23,17,,14,22,2,26,23,26,28,21,20,19,20,,,30,24,25,32,35,32,45,37,16,24,35,28,19,12,27,12,21,14,,10,9,58,32,44,52,44,,27,98,77,86,90,84,88,,,106,87,94,84,86,,15,30,26,32,,,58,84,5,7,3,5,7,2,2,11,4,,53,67,62,67,69,70,61,62,55,63,57,63,56,51,25,58,48,64,55,27,,51,43,57,38,,65,89,,51,,,,40,100,,,,78,98,11,3,5,17,25,,6,14,27,9,28,3,38,7,29,26,41,37,5,6,28,45,,58,9,54,49,83,79,90,69,65,,61,63,38,19,6,12,12,52,46,54,87,66,76,58,55,58,45,64,,41,,44,61,55,28,49,,52,38,,,42,38,40,28,,34,49,37,,55,63,53,41,77,,54,63,49,50,,,,60,,44,39,,50,74,83,65,64,76,85,62,63,44,,55,,,51,,45,45,40,67,71,62,67,71,,33,30,26,34,,39,45,36,34,14,,16,11,48,42,39,4,16,18,28,,35,37,39,,66,64,,62,63,55,54,29,,4,21,,,50,60,,2,,46,28,38,39,57,61,,59,62,,27,30,,28,,61,42,62,,67,67,59,51,62,,33,29,66,53,29,53,6,15,23,33,9,26,21,38,11,14,31,21,3,48,74,67,42,50,26,22,7,12,30,30,69,67,72,,76,10,5,7,4,6,80,83,74,89,83,52,52,52,,48,44,45,,49,44,7,42,37,,16,27,83,,55,,56,52,63,58,70,65,57,,,,48,,45,,72,65,79,,69,62,60,43,35,,36,,28,6,34,18,68,58,,38,16,28,33,82,16,,86,,,51,41,43,17,,16,29,20,32,37,80,71,28,69,59,45,42,66,25,22,5,108,104,112,90,11,8,5,,16,,25,37,13,20,5,17,12,15,,,,,68,79,,56,69,77,98,83,74,85,16,18,5,4,5,40,40,59,58,58,,39,56,35,,5,12,,22,67,75,83,78,94,80,87,91,47,51,66,64,,48,27,106,88,99,60,,98,95,,81,16,122,103,109,47,42,58,58,,57,,,77,77,23,31,32,,,,,,40,25,58,,,70,,70,,,51,,55,51,53,41,36,39,48,55,51,,20,22,46,50,45,43,50,41,47,50,38,51,45,,22,52,,38,44,12,12,,,23,45,38,43,48,56,54,54,63,,,28,54,48,52,53,,64,25,36,54,44,25,56,,44,44,56,,,67,32,,78,55,7,,5,,103,104,,,60,42,,,87,110,59,,,48,44,23,26,138,146,152,43,57,49,64,34,89,81,44,74,33,22,14,23,40,44,33,28,,48,52,12,,37,26,6,6,69,79,50,52,20,29,21,12,,,7,24,12,16,16,4,14,8,15,16,11,4,22,33,1,9,8,,,40,19,18,18,40,56,,,61,46,,52,55,51,,51,50,61,53,70,52,62,61,12,17,17,3,8,27,9,35,,27,6,9,14,25,22,,52,,48,,,,48,62,57,59,64,60,,13,,51,32,52,62,59,58,59,40,44,53,7,61,74,50,51,54,10,11,14,11,26,,30,4,15,18,17,4,14,36,18,35,21,9,21,32,31,,7,27,19,1,9,36,34,35,35,39,51,54,59,54,30,,17,26,30,2,29,32,35,40,17,9,17,,50,59,61,,69,67,65,45,,40,36,66,,73,58,,62,62,59,55,57,58,66,39,40,47,,46,56,58,29,55,,44,58,,27,19,28,38,42,33,34,48,43,,55,69,49,,55,61,,63,60,41,35,,48,64,58,37,32,19,26,30,53,42,39,6,45,16,24,24,,22,20,14,30,7,14,15,17,12,14,24,13,8,19,49,9,30,13,24,7,4,15,6,5,2,5,5,39,20,31,26,32,6,35,24,20,18,42,44,43,50,49,66,60,20,8,58,52,,36,16,24,21,26,37,36,29,,41,,14,24,5,20,27,30,19,19,30,33,35,22,4,,,95,73,76,,72,34,52,50,57,42,,20,23,23,,,,,48,42,36,30,26,41,34,42,,6,75,65,78,68,64,23,41,24,42,35,,,,,56,47,34,39,48,44,17,,4,54,60,44,28,70,81,91,32,20,68,71,49,50,,39,42,39,35,14,10,39,80,22,,38,29,,85,43,,47,49,66,,70,,98,,20,16,28,19,7,7,71,70,72,75,22,34,19,34,,83,63,72,31,60,30,,75,81,38,36,103,104,,99,93,60,83,41,,48,60,58,,55,103,78,95,46,114,87,,92,66,,85,49,84,77,52,61,88,88,77,,13,54,42,74,84,71,52,64,67,,,46,28,40,52,,54,42,40,11,5,48,66,28,53,62,39,33,58,,1,18,31,18,41,44,50,,58,,58,39,47,8,14,12,97,50,60,48,16,77,48,50,,,56,3,54,42,,84,90,77,60,,58,34,,,63,26,29,57,37,50,61,69,52,38,56,83,117,103,20,,24,41,,9,66,11,37,100,62,41,64,38,36,24,,48,10,69,20,37,41,41,42,37,42,44,25,14,22,24,34,60,20,36,108,64,69,65,59,88,100,75,64,42,45,50,32,42,26,68,66,,43,15,42,59,97,17,18,,10,21,54,48,43,57,93,68,25,53,28,67,34,38,79,38,46,8,12,,7,15,64,33,87,,101,57,53,55,70,42,49,45,53,42,45,46,54,104,46,56,,52,,56,54,62,28,45,29,24,28,21,26,19,25,37,36,38,,21,10,36,45,26,47,31,54,23,64,36,45,50,62,54,59,22,62,9,3,74,67,57,69,,50,56,2,14,10,6,33,41,22,86,40,34,68,69,56,25,59,38,54,62,43,27,72,21,60,49,36,47,36,49,55,42,47,48,46,42,42,43,60,40,36,54,27,24,28,65,10,16,44,2,38,41,42,53,43,37,15,,66,20,12,45,30,41,56,47,49,53,24,54,48,49,52,24,52,33,78,76,4,100,47,30,,1,74,26,30,32,45,17,39,15,47,26,23,29,23,34,61,29,8,28,18,61,25,30,42,57,57,20,56,41,66,,66,74,62,50,6,91,11,23,64,4,36,64,31,29,22,101,114,56,32,30,45,,28,64,79,66,67,73,,47,42,45,52,39,84,,76,89,58,63,37,43,20,50,4,,47,42,36,26,16,34,12,12,24,31,23,,42,,57,43,,21,42,68,65,22,55,30,30,,26,30,35,45,,,72,48,14,26,7,50,18,52,24,59,69,27,34,16,1,8,16,22,19,5,49,57,,60,73,54,62,51,22,82,35,64,50,47,54,46,41,114,16,106,114,16,17,46,27,50,92,47,30,77,21,31,27,8,40,27,,48,53,62,59,18,31,70,63,33,40,37,55,54,88,87,37,,23,37,19,25,33,50,,61,65,75,91,59,50,66,44,12,9,49,14,38,40,33,43,64,57,14,22,78,29,23,45,31,23,41,1,50,10,61,,65,57,5,64,13,61,50,33,43,61,,33
20210719,5,O3_24h,81,87,115,92,102,93,94,86,84,99,97,94,,,117,,108,120,125,,107,,71,116,,88,130,,96,94,94,90,71,106,111,,106,85,,91,83,96,100,117,,103,,90,93,79,113,113,119,106,108,120,104,,104,108,108,72,78,81,,68,113,113,,117,128,128,119,125,116,,78,95,76,82,106,,113,98,99,112,102,100,,162,151,,,172,169,153,158,154,163,148,,155,153,165,163,151,,136,110,99,111,106,106,117,125,106,104,91,102,102,99,106,113,119,88,105,100,116,144,143,117,,144,160,139,141,127,142,133,144,107,105,114,104,111,,114,95,109,98,128,123,121,133,124,85,121,140,143,113,,137,127,129,126,118,114,126,110,113,115,113,94,,,,77,90,,95,87,86,,,,190,,163,150,162,162,125,148,,150,169,,,,166,160,,199,174,184,112,122,,132,104,109,96,101,97,110,102,,106,,93,81,,132,151,,155,140,144,,151,154,124,139,78,95,95,,,91,80,94,101,92,79,85,,99,,,153,,152,152,,97,92,97,92,86,94,,107,110,129,128,134,119,112,103,83,85,88,88,89,94,82,82,82,85,81,,83,80,94,67,160,115,106,98,107,93,,102,98,,,100,108,129,108,,113,130,117,144,97,,,84,89,94,94,95,92,81,84,80,83,82,81,,68,85,147,146,153,152,147,126,132,,132,140,89,88,87,87,81,77,75,86,88,81,141,182,,158,135,173,109,147,77,124,112,77,73,78,74,83,113,,49,81,98,102,92,79,85,94,180,160,177,149,,188,169,156,104,126,114,107,132,141,161,120,,,107,113,107,83,76,72,88,88,191,189,212,202,127,135,133,125,114,150,70,128,74,75,72,75,75,121,,118,151,151,213,172,222,170,,,151,170,170,150,156,,169,191,171,162,,,185,143,75,86,101,97,86,86,89,85,89,,102,94,78,93,83,81,125,114,116,121,115,128,97,93,96,91,86,103,103,110,,116,86,95,89,,212,164,108,179,,,,181,180,,,,183,226,123,114,126,120,128,,125,93,88,96,104,78,90,84,76,91,88,91,74,89,84,184,,165,166,185,159,182,178,188,187,184,,109,116,118,113,116,111,124,119,104,106,103,98,103,101,124,121,106,119,,94,,93,105,99,108,143,,146,102,,,117,121,115,126,,91,100,104,,100,101,101,104,112,71,92,96,100,102,,,,112,,111,98,,104,129,124,122,100,101,112,66,78,77,,124,,,161,,146,125,127,105,109,101,109,86,,110,107,107,96,116,100,103,97,116,116,57,96,81,88,80,86,85,75,81,98,,92,113,106,,136,109,,126,127,123,117,123,,134,88,,,89,107,,110,,120,122,125,124,84,88,,86,90,,105,92,,101,,83,81,82,,87,86,88,83,89,,135,153,129,128,121,129,67,146,143,157,132,147,136,101,97,92,89,87,93,102,104,93,98,100,112,105,120,106,115,84,78,75,78,,82,93,73,81,84,98,116,103,107,100,107,126,106,123,,116,113,118,,118,106,117,94,96,,98,96,85,,86,,92,92,102,87,104,100,89,,,,99,,101,,87,87,92,,84,82,89,99,103,,106,,140,132,155,136,144,120,,151,157,163,126,137,155,,100,,,120,99,97,65,,132,115,138,112,76,95,80,88,116,118,110,126,125,118,70,70,152,160,166,145,82,81,80,72,75,,149,170,145,150,92,115,124,87,,,,,247,197,,183,71,80,106,83,78,94,117,108,109,109,116,89,100,104,113,121,,96,102,120,,139,146,,146,158,167,147,146,153,157,162,158,123,121,128,106,,143,157,148,183,196,166,110,112,127,,110,107,133,121,128,112,113,110,110,,83,,93,106,106,102,117,97,74,76,90,,,107,92,126,85,51,93,48,84,,,146,,132,134,138,164,168,160,168,182,123,,149,140,196,204,195,157,163,144,144,115,143,93,85,,92,119,,130,129,85,92,,,87,106,90,95,89,92,90,93,101,,,155,88,87,90,85,,77,122,123,119,127,112,89,,87,89,136,,,134,127,,108,97,117,,116,,211,224,,,91,74,,,168,183,166,,,71,78,119,116,182,184,173,88,85,87,87,80,136,132,124,145,200,192,157,162,76,80,70,75,,192,186,94,,75,74,95,100,115,127,92,86,87,75,85,105,,,110,134,109,125,215,130,131,127,136,93,92,80,97,87,86,89,108,,,185,68,64,68,107,113,,84,147,158,,149,148,148,,125,119,123,118,117,71,85,76,112,118,112,98,88,141,72,103,,90,95,92,87,143,146,,113,,107,,,,92,92,94,90,117,109,,119,,116,129,129,94,96,91,85,89,94,100,121,89,102,99,98,100,113,121,123,106,84,,84,78,65,66,66,71,84,98,94,96,91,82,98,106,101,,82,95,95,89,82,125,117,117,109,128,142,139,141,147,92,,101,102,99,92,87,89,88,86,85,83,92,,72,98,92,,95,94,96,107,,121,114,89,,93,91,64,93,98,116,109,117,116,124,95,90,94,,91,89,98,115,123,,141,140,84,111,109,127,145,136,126,123,141,138,,123,125,108,,122,124,,134,143,135,131,,101,104,114,92,88,126,120,123,119,126,118,98,105,106,108,97,,112,114,124,109,140,165,155,156,143,122,133,116,134,120,69,109,128,104,110,75,63,85,83,80,82,89,75,183,170,163,174,56,68,63,101,112,58,128,127,130,135,140,130,132,124,145,165,185,74,130,122,127,127,107,98,151,154,,160,114,99,115,93,110,106,110,89,114,130,143,139,131,149,,,125,120,120,,115,100,104,102,129,111,,129,107,111,,,,,128,122,115,106,116,153,132,127,,96,109,131,120,122,117,83,74,91,77,83,,,,,101,92,102,93,64,62,91,,85,98,101,108,102,104,81,107,54,61,69,71,87,88,,84,84,68,64,55,62,100,97,64,,74,67,,85,112,,84,81,78,,114,,132,,87,77,133,138,152,133,170,154,158,156,105,127,114,117,,150,150,145,171,159,156,,141,158,151,148,138,140,,136,129,158,155,141,,153,167,158,,148,219,145,158,119,145,222,,243,172,,173,146,146,145,117,115,151,148,141,,127,125,119,158,138,111,124,136,129,,,126,127,133,92,,99,137,129,123,135,108,86,126,94,108,114,96,90,,119,127,198,188,86,170,156,,112,,115,107,185,122,81,83,136,144,131,141,160,122,150,105,,,113,167,103,116,,172,177,216,138,,91,171,,,95,171,162,88,78,96,89,85,92,154,112,187,171,217,92,,120,115,,112,136,105,107,126,159,69,128,78,104,126,98,72,97,102,196,91,81,100,76,92,106,134,91,82,86,87,82,110,150,109,112,152,93,144,150,105,103,115,99,99,141,139,94,144,186,116,86,,96,73,116,92,97,93,102,,96,186,105,116,101,86,130,143,204,113,157,86,101,156,108,89,98,156,122,,94,188,161,178,175,,134,117,106,112,118,104,108,115,103,96,91,119,176,218,155,88,,100,,135,96,96,176,99,83,104,113,136,148,144,142,82,92,94,84,159,225,94,84,97,118,105,125,102,120,122,140,135,122,120,82,138,114,108,115,86,82,87,94,,82,85,95,93,86,208,116,90,79,116,126,96,184,169,112,98,130,176,163,165,115,145,91,121,112,118,94,111,98,99,148,135,94,94,99,89,117,117,155,135,124,129,127,87,128,120,150,112,139,119,133,102,118,98,99,100,98,,117,95,79,179,155,136,163,123,127,86,186,173,152,152,122,113,101,124,96,139,130,137,117,124,,89,89,77,85,86,77,147,102,170,93,108,110,108,82,91,113,107,110,98,88,125,87,110,131,117,111,128,86,96,94,,99,90,94,95,101,110,102,85,137,107,177,157,195,137,137,161,138,138,107,113,109,,116,119,120,123,77,106,162,114,107,113,133,130,187,,144,188,134,123,66,128,143,122,159,,153,141,175,136,121,89,96,66,82,71,69,,110,,145,122,,103,93,127,102,139,138,106,79,,104,141,137,120,,,78,142,100,87,84,108,85,95,81,92,83,106,118,107,96,109,115,119,127,108,80,81,67,84,101,89,89,113,84,133,88,95,113,97,93,88,108,133,128,122,132,91,151,106,79,90,210,170,85,91,164,113,113,127,177,178,,123,110,87,92,214,102,234,86,91,110,121,127,105,239,177,134,144,149,128,135,149,109,112,,72,120,93,135,124,108,101,123,89,79,90,72,78,130,76,100,114,182,209,80,106,112,86,103,88,86,89,72,159,168,126,123,97,93,115,97,106,93,166,146,108,61,81,124
20210719,5,O3_8h,33,24,50,37,55,34,32,44,25,27,32,26,,,59,,52,59,44,,47,,32,68,,57,55,,12,27,16,23,26,41,103,,43,33,,37,31,91,45,75,,4,,79,79,68,53,40,51,50,29,54,36,,55,66,22,19,12,28,,7,15,17,,8,77,70,61,40,42,,72,76,67,71,40,,49,35,51,41,45,20,,54,62,,,47,52,39,61,24,4,23,,9,37,32,29,34,,47,77,83,85,82,86,89,72,56,76,57,60,62,48,36,63,14,32,27,37,29,54,43,44,,47,45,39,32,41,38,24,28,60,57,61,52,58,,63,45,59,56,50,56,60,56,61,,41,62,57,53,,62,70,58,58,58,58,60,54,54,51,54,56,,,,38,45,,51,49,43,,,,35,,54,54,57,59,50,52,,46,50,,,,56,35,,31,10,26,57,56,,59,52,58,56,49,55,77,62,,55,,62,54,,54,42,,34,20,29,,29,46,55,14,41,62,56,,,47,58,66,44,53,45,25,,54,,,38,,43,47,,41,71,65,37,36,33,,63,59,42,46,46,17,33,4,29,26,24,27,36,32,27,9,31,37,70,,47,61,53,45,20,47,54,11,12,20,,14,5,,,11,70,49,40,,64,62,71,64,71,,,67,71,82,75,78,25,51,51,45,55,44,48,,44,61,67,47,60,56,46,62,32,,55,61,37,32,17,17,25,24,25,28,13,19,25,30,,24,17,29,40,26,32,16,14,34,31,29,27,24,31,,,42,41,27,34,40,30,32,19,20,19,18,,13,14,3,25,23,28,28,25,23,25,22,,,34,27,25,31,37,32,46,40,27,31,48,40,24,31,34,26,30,29,,20,13,46,34,41,43,73,,17,65,57,76,80,79,62,,,74,65,59,48,66,,35,55,61,40,,,69,99,6,9,3,5,7,2,2,13,5,,44,59,57,63,65,64,66,67,60,68,62,72,69,58,28,66,61,78,72,48,,57,41,48,41,,73,121,,71,,,,53,124,,,,58,74,19,3,5,9,14,,26,29,30,28,32,15,47,19,31,38,48,43,7,17,13,48,,53,23,55,33,82,77,95,70,62,,71,73,57,42,25,29,19,92,78,79,78,65,68,66,58,57,51,60,,42,,54,69,61,43,56,,61,40,,,48,41,47,47,,40,55,41,,58,70,58,45,78,,66,70,62,45,,,,56,,50,49,,59,71,83,61,78,77,86,57,64,48,,51,,,49,,48,38,30,71,76,68,70,75,,30,29,34,38,7,46,42,37,36,15,,11,25,50,43,42,4,23,25,45,,44,36,40,,71,71,,60,63,56,53,44,,13,29,,,51,58,,9,,59,43,51,57,61,63,,59,63,,58,59,,61,,70,44,68,,76,70,64,59,66,,36,28,59,54,30,48,6,20,28,37,14,33,25,31,10,15,28,26,5,39,73,53,42,48,21,23,9,16,25,31,60,58,59,,64,10,11,11,14,8,97,84,84,88,89,30,21,26,,46,43,55,,68,44,30,41,36,,19,54,84,,60,,63,59,66,61,71,70,66,,,,48,,48,,79,74,84,,67,61,62,52,36,,39,,48,41,43,29,77,74,,42,24,31,41,67,20,,83,,,68,46,51,24,,22,23,23,34,31,80,69,46,65,53,48,51,63,35,20,11,106,104,106,98,18,3,6,,8,,54,49,34,18,9,32,20,29,,,,,81,76,,59,51,58,64,52,43,49,19,32,11,4,17,43,43,52,67,62,,65,64,49,,15,32,,50,71,75,85,79,95,83,89,94,56,64,74,66,,54,46,88,66,94,85,,96,88,,71,32,123,101,107,54,53,56,56,,62,,,77,77,43,55,48,,,,,,52,34,68,,,72,,76,,,56,,62,52,56,45,44,44,47,54,51,,36,36,49,50,48,55,63,59,63,56,49,58,50,,37,51,,48,52,10,11,,,28,45,40,42,45,66,61,63,71,,,37,57,55,60,59,,55,53,33,57,62,45,58,,50,51,68,,,70,56,,76,60,31,,35,,130,120,,,60,47,,,63,114,59,,,55,48,60,57,154,158,161,46,60,55,66,39,88,80,57,70,36,21,21,23,45,50,37,30,,64,64,19,,28,22,8,7,91,100,58,57,33,38,31,33,,,7,27,10,17,16,3,17,11,16,13,9,4,16,39,4,27,12,,,40,35,32,32,52,63,,,72,59,,37,60,44,,61,68,74,67,70,58,66,65,12,16,13,3,6,24,14,38,,19,14,17,17,41,37,,52,,57,,,,52,67,59,57,77,71,,18,,42,29,36,66,63,62,63,50,16,32,7,64,73,62,62,61,7,5,19,13,28,,36,5,15,19,19,9,14,41,30,41,25,10,28,27,29,,13,32,30,19,12,41,40,41,43,44,50,60,55,46,35,,24,31,33,2,33,37,33,45,27,27,30,,52,64,64,,75,75,71,64,,57,49,74,,81,66,,70,73,72,68,74,71,80,44,45,49,,62,63,73,26,49,,39,53,,21,24,31,49,50,39,44,50,41,,64,73,53,,67,73,,58,69,42,39,,50,50,42,41,40,23,33,34,49,45,48,10,48,31,35,39,,31,29,24,32,13,27,30,26,16,16,35,15,22,35,33,8,26,10,16,10,19,23,10,13,3,9,9,46,35,47,34,30,18,38,26,21,32,40,41,45,56,66,77,70,26,19,60,63,,58,31,28,22,35,41,50,34,,58,18,18,35,10,53,47,46,34,30,36,44,44,46,40,,,61,61,64,,59,48,64,58,70,51,,19,20,29,,,,,69,56,52,42,44,52,43,48,,5,76,72,81,74,74,26,41,31,44,31,,,,,18,16,49,40,53,50,21,,6,71,72,67,43,86,68,94,29,20,40,44,49,49,,50,38,41,38,18,16,55,83,23,,47,35,,65,46,,49,50,58,,73,,109,,24,19,33,34,17,22,80,80,80,84,35,30,21,37,,90,83,78,73,80,39,,81,93,56,62,68,82,,97,87,76,89,44,,74,66,67,,60,111,78,109,55,114,97,,103,73,,81,67,89,88,61,57,82,76,84,,11,65,52,99,100,75,66,72,70,,,37,24,23,47,,55,19,22,22,24,48,66,25,58,61,58,39,58,,37,13,40,28,54,47,51,,66,,55,36,62,15,16,16,74,54,75,34,20,54,47,58,,,23,16,57,61,,65,84,54,61,,59,44,,,63,43,42,61,40,55,64,61,54,44,62,64,87,86,56,,54,56,,19,74,36,45,104,61,52,61,40,47,27,6,50,42,76,36,39,54,46,47,46,43,56,31,15,27,27,34,67,14,54,102,57,78,66,70,86,91,87,69,43,59,46,36,69,36,75,74,,49,20,42,51,70,36,36,,15,38,61,60,49,57,106,85,35,23,36,68,24,46,67,43,41,12,18,,19,31,71,40,113,,87,64,57,58,73,46,51,51,57,46,53,48,37,124,54,61,,53,,60,60,71,38,55,32,33,20,16,26,25,27,31,33,36,46,23,30,38,49,26,48,34,56,24,67,35,54,62,33,73,64,40,76,16,9,78,75,66,78,,53,60,3,11,19,20,35,49,28,68,43,36,80,68,59,24,75,48,63,70,50,41,76,36,62,55,47,49,47,58,65,56,49,41,51,44,59,48,62,52,38,53,36,57,35,59,15,16,45,16,43,51,49,54,48,42,22,,66,25,15,41,40,62,75,57,55,58,37,59,61,65,56,46,61,44,83,90,5,85,37,41,,4,69,30,35,32,45,21,38,28,48,27,25,29,27,59,68,49,21,33,35,70,29,14,33,64,55,18,60,45,67,,73,78,71,61,4,96,11,38,35,3,45,70,61,42,25,112,95,54,40,48,55,,41,65,79,60,74,80,66,31,35,49,55,51,77,,86,101,46,54,41,49,25,53,7,,64,63,43,38,22,46,18,18,21,38,27,,54,,53,57,,25,33,61,58,41,65,44,47,,46,43,41,48,,,69,78,15,29,10,35,21,51,27,69,68,51,33,20,4,16,13,16,15,3,49,60,,67,60,60,71,58,21,56,33,67,53,38,53,52,42,102,7,89,103,37,34,42,45,58,126,44,28,71,26,32,31,24,56,34,,50,58,67,65,36,39,78,70,52,41,42,57,53,101,85,50,24,33,33,28,33,41,65,,54,69,74,87,62,65,69,58,8,10,32,23,28,54,27,51,78,48,14,37,82,29,32,41,46,38,26,3,60,15,80,,68,57,15,64,20,69,61,52,51,54,,42
20210719,5,O3_8h_24h,33,34,50,37,60,34,32,44,41,34,32,30,,,72,,71,75,57,,76,,48,73,,68,69,,22,32,16,30,29,53,111,,46,36,,39,32,92,45,75,,5,,84,82,71,66,53,56,58,38,63,54,,67,68,28,35,16,47,,10,26,17,,14,80,71,62,61,56,,78,81,75,76,45,,61,57,68,47,71,28,,54,62,,,48,52,56,63,24,4,26,,15,42,37,29,41,,51,77,86,86,84,88,90,84,57,79,60,63,66,56,44,73,14,32,34,48,29,62,47,51,,65,66,58,52,49,56,31,46,62,61,66,55,67,,66,48,64,63,52,62,74,60,66,,41,66,62,58,,66,72,62,62,63,64,74,66,69,59,67,56,,,,41,49,,56,52,50,,,,46,,60,57,68,66,54,57,,55,58,,,,72,44,,45,23,34,64,66,,68,57,62,59,53,60,80,70,,59,,67,60,,58,42,,36,20,38,,33,49,60,20,54,74,63,,,61,66,72,59,70,61,40,,57,,,48,,53,50,,44,83,71,44,39,39,,71,72,46,50,57,23,49,6,36,35,24,41,36,32,32,26,31,43,72,,53,61,55,46,22,62,62,24,14,20,,15,10,,,11,86,66,52,,85,72,92,79,79,,,71,78,87,77,79,28,54,56,49,60,50,55,,50,64,77,52,68,74,82,72,47,,62,79,45,32,20,18,35,47,38,35,15,19,25,30,,28,24,43,43,27,40,16,19,34,31,30,29,24,32,,47,42,41,30,35,40,32,32,19,20,19,24,,27,14,3,25,24,29,30,27,26,28,24,,,38,33,29,35,39,35,46,42,56,44,67,57,38,42,40,38,42,39,54,22,20,46,34,42,43,102,,17,65,60,76,80,79,62,,,74,65,59,48,66,,45,65,85,42,,,81,112,6,10,4,6,8,2,4,14,5,,44,59,57,63,65,64,70,74,74,72,71,82,76,61,28,77,68,91,81,64,,86,41,48,41,,108,148,92,88,,,,62,141,,,,61,74,21,3,6,9,18,,52,33,37,47,46,26,53,32,41,50,55,45,12,42,18,56,,56,28,79,33,86,81,98,70,62,,74,79,76,62,44,51,24,114,103,96,78,65,68,68,62,59,58,60,,48,,60,74,65,53,65,,70,43,,,56,48,57,58,,50,66,50,,60,74,64,52,80,68,70,73,70,45,,,,58,,59,64,,72,72,88,65,82,78,86,57,66,49,,56,,,49,,49,38,30,72,78,74,75,76,,40,35,37,47,12,54,44,38,41,18,49,11,35,51,47,47,4,25,27,56,,58,39,54,,74,74,,60,64,56,53,66,,37,40,,,51,59,,10,,70,58,62,68,64,64,,59,65,,70,70,,76,,74,61,70,,80,72,66,61,67,,36,28,59,56,32,48,7,22,38,38,23,40,26,36,10,15,42,32,6,39,75,53,42,48,21,24,10,17,25,32,67,58,59,,64,16,18,15,21,11,107,86,92,92,98,30,21,26,,46,43,59,,83,51,41,49,37,,22,66,85,,64,,69,66,72,65,75,82,78,,,,54,,50,,86,82,91,,67,61,62,55,40,,45,,73,63,48,47,101,81,,45,31,36,45,67,22,,83,,,83,55,61,29,,34,34,37,34,33,80,71,66,65,53,50,54,65,48,20,14,106,104,106,100,21,3,9,,8,,68,63,59,18,15,55,34,51,,,,,117,87,,68,51,59,64,52,43,49,24,46,19,5,31,44,44,52,72,64,,76,67,66,,43,73,,86,82,84,87,85,96,88,89,94,62,70,84,69,,58,59,88,66,94,95,106,96,93,,71,42,123,101,108,58,58,67,67,,65,,90,77,77,57,68,62,66,55,76,,,58,38,78,70,53,83,39,82,,,60,,66,57,63,46,48,46,47,54,52,,51,48,50,50,48,66,74,80,79,61,59,66,57,,52,64,,55,62,14,12,,,32,46,51,42,45,75,71,72,80,,,54,68,64,69,67,,59,75,72,69,78,55,66,,60,61,75,,,76,74,,76,61,54,,62,,161,136,,,61,51,,,63,114,72,,,61,61,75,70,161,163,165,49,63,60,69,44,88,80,61,70,42,27,26,28,49,55,38,36,,75,74,26,,28,22,9,11,108,123,62,62,39,44,36,59,,,8,28,16,25,18,3,22,15,19,16,10,4,16,43,7,39,18,,,45,47,46,46,65,73,,72,77,64,,37,62,50,,65,76,77,70,70,69,73,72,14,16,13,3,9,30,17,45,,19,24,27,18,71,67,,54,,72,,,,61,78,68,62,81,74,,20,,42,32,36,67,64,69,65,55,16,33,13,64,75,70,70,68,7,5,34,16,32,,54,5,22,24,22,16,16,46,42,47,33,10,36,27,35,,26,41,42,23,16,46,51,51,56,62,50,61,55,46,38,,29,35,38,2,39,44,33,50,37,42,43,,55,66,65,,81,83,76,89,,75,62,89,,93,71,54,74,80,78,74,82,78,85,46,49,53,,76,68,84,30,52,,39,53,87,21,30,35,60,57,51,52,50,41,,70,77,55,,70,76,,61,74,49,44,,53,52,42,53,51,36,48,43,54,51,56,18,54,41,46,52,,42,39,34,41,40,42,42,34,26,19,54,17,41,53,42,8,26,10,16,10,31,38,16,19,5,15,12,61,72,61,62,30,30,49,32,28,51,43,41,48,62,73,87,83,29,25,63,68,66,76,61,54,43,41,46,67,61,,75,18,21,47,12,74,68,68,46,38,47,54,56,71,74,,,61,72,70,,68,61,75,70,74,66,,19,21,38,,,,,84,85,76,61,64,64,51,55,,5,76,78,88,82,82,35,46,33,51,34,,,,,18,16,67,57,54,51,25,,11,85,83,80,54,91,68,95,29,22,40,44,52,52,,54,38,46,41,21,20,75,85,26,,56,41,,65,52,,55,53,58,,75,,116,,28,22,37,55,25,46,94,94,95,96,50,32,29,38,,96,100,81,124,106,67,,88,109,89,106,68,82,,99,91,80,90,50,,88,84,84,,62,122,90,134,64,119,119,,130,83,,92,81,96,100,70,57,84,76,86,,11,79,70,105,104,89,70,80,76,,,44,43,23,47,,56,19,22,41,53,53,66,25,68,74,75,51,66,,69,19,53,40,68,49,55,,76,,56,40,69,18,23,37,74,55,82,34,26,62,51,81,,,23,45,59,78,,65,98,54,61,,64,51,,,69,50,48,63,45,62,66,65,55,50,68,64,87,86,73,,70,69,,35,78,56,60,106,74,61,67,47,55,35,17,54,60,84,68,52,61,50,53,50,43,67,33,19,38,33,35,73,14,63,102,57,93,77,76,86,91,90,82,44,64,46,39,84,49,81,83,,54,28,48,51,70,51,54,,32,98,76,70,65,62,114,102,46,23,78,68,24,69,67,49,41,23,20,,31,51,86,44,120,,87,69,64,62,76,51,58,57,58,51,71,52,37,142,57,62,,56,,66,69,74,51,63,44,42,21,23,34,26,35,31,34,38,47,25,49,39,57,26,53,36,58,24,68,35,62,69,33,82,69,76,81,19,12,82,79,84,94,,60,62,5,13,23,33,38,60,42,68,49,40,93,68,67,30,86,52,75,78,67,59,77,57,65,70,54,56,57,66,72,64,50,41,54,47,65,60,80,68,42,53,48,78,44,62,18,16,46,32,45,58,52,58,55,43,24,,66,31,20,52,56,80,101,60,59,63,50,64,79,81,60,60,65,54,90,111,6,86,37,64,,12,69,46,40,32,46,22,42,44,48,28,26,37,29,77,76,64,26,43,52,74,30,14,34,76,58,18,67,46,68,,80,86,76,67,4,106,11,58,40,5,58,78,84,48,32,116,95,56,50,61,74,,56,68,84,60,75,86,68,31,45,60,64,72,77,,91,125,46,54,47,55,29,64,10,,89,74,45,44,30,56,24,28,23,40,29,,63,,54,65,,36,33,62,58,60,76,55,57,,66,52,57,55,,,69,90,16,32,13,35,22,51,31,78,71,76,33,22,8,20,33,41,18,3,49,66,63,74,60,62,82,64,28,61,33,71,54,38,53,56,46,102,7,89,103,60,53,46,58,68,155,44,28,71,28,34,37,45,68,40,,51,68,71,70,47,61,108,74,65,47,46,67,53,132,102,57,73,44,45,34,36,50,78,,58,70,76,96,68,69,75,73,8,10,32,27,40,71,31,58,86,53,14,45,89,46,34,41,75,56,26,6,89,20,94,,74,58,37,64,32,77,68,66,57,54,1,54
20210719,5,CO,0.4,0.4,0.5,0.5,0.4,0.5,0.4,0.4,0.4,0.4,0.3,0.4,,,0.9,,0.8,0.9,0.3,,0.6,,0.5,0.4,,0.6,0.5,,1,0.7,0.8,1.1,0.8,0.6,0.6,,1.5,1.5,,1.8,1.4,0.3,0.2,0.4,,0.3,,0.5,0.6,0.4,0.2,0.4,0.3,0.1,0.2,0.1,0.2,,0.4,0.3,,0.6,0.8,0.7,,0.7,0.7,0.2,,0.6,0.3,0.1,0.2,0.2,0.5,,,0.3,0.2,0.2,0.6,,0.4,0.5,0.6,0.5,0.5,0.6,,0.6,0.5,,,0.3,0.5,0.4,0.5,0.8,0.7,0.7,,0.8,0.6,0.5,0.4,0.5,,0.4,0.7,0.5,0.5,0.5,0.4,0.5,0.5,0.5,0.6,0.6,0.6,0.5,0.6,0.5,0.5,0.4,0.4,0.4,0.4,0.5,0.2,0.6,0.5,,0.6,0.6,0.5,0.5,0.2,0.4,0.3,0.4,0.5,0.5,0.3,0.4,0.5,,0.4,0.3,0.3,0.2,0.3,0.5,0.2,,0.7,0.5,0.3,0.5,0.4,0.2,,0.3,0.5,0.3,0.1,0.3,0.6,0.4,0.3,0.4,0.4,0.5,0.4,,,,0.5,0.3,,0.5,0.4,0.4,,,,0.6,,0.4,0.2,0.4,0.4,0.4,0.3,,0.3,0.7,,,,0.6,0.7,,0.6,1,0.7,0.3,0.6,,0.2,0.2,0.4,0.1,0.2,,0.6,0.4,,0.3,,0.4,0.5,,0.3,0.4,,0.6,0.3,0.8,,0.6,0.5,0.4,0.2,0.4,0.6,0.4,,,0.3,0.4,0.4,0.4,0.4,0.4,0.5,,0.8,,,0.5,,0.7,0.6,,0.4,0.3,0.2,0.3,0.4,0.5,,0.3,0.4,0.4,0.3,0.5,0.5,0.3,0.4,0.6,0.4,0.5,0.6,0.6,0.5,0.7,0.6,0.3,0.6,0.4,,0.5,0.6,0.5,0.3,0.3,0.5,0.3,1.1,0.8,0.6,,1,1,,,0.7,0.7,0.1,1.2,,0.4,0.4,0.5,0.2,0.3,,,0.1,0.3,0.4,,0.1,0.4,0.5,0.3,0.5,0.4,0.4,0.5,,0.5,0.5,0.8,0.8,0.6,0.9,0.8,0.7,0.8,,1,0.4,0.7,0.6,0.6,0.7,0.7,0.7,0.5,0.6,0.6,0.4,0.5,0.5,,0.4,0.4,0.6,0.6,0.5,0.5,0.5,0.4,0.4,0.6,0.6,0.5,0.4,0.4,,,0.4,0.3,0.5,0.5,0.5,0.4,0.5,0.4,0.4,0.4,0.4,,0.5,0.4,0.5,0.5,0.5,0.5,0.4,0.4,0.5,0.4,0.4,,,0.6,0.5,0.6,0.4,0.6,0.5,0.6,0.5,0.6,0.6,0.3,0.4,0.5,0.7,0.5,0.6,0.4,0.7,,0.5,0.3,0.4,0.4,0.4,0.3,0.6,,0.5,0.4,0.5,0.5,0.7,0.1,0.3,,,0.6,0.3,0.6,,0.5,,0.4,0.4,0.5,0.5,,,0.5,0.3,0.3,0.4,0.5,0.6,0.6,0.5,0.7,0.5,0.8,,0.3,0.2,0.3,0.3,0.2,0.3,0.2,0.3,0.2,0.4,0.4,0.2,0.4,0.8,0.7,0.7,0.7,0.4,0.7,0.3,,0.7,0.8,0.6,0.8,,0.8,0.6,,0.4,,,,0.8,0.3,,,,0.4,0.6,0.8,0.5,1,0.4,0.9,,0.8,1,1.5,0.8,1.3,0.7,1.2,0.8,0.8,1.2,0.8,0.4,0.6,0.8,0.9,0.7,,0.7,0.7,0.9,0.6,0.8,0.7,0.8,0.7,0.8,,0.4,1,0.7,0.5,0.5,0.3,0.7,0.6,0.5,0.6,0.5,1.4,0.3,0.5,0.2,0.3,0.3,0.3,,0.5,,0.4,0.7,0.3,1,0.5,,0.6,0.6,,,0.7,0.8,0.8,0.3,,0.2,0.5,0.4,,0.3,0.1,0.3,0.4,0.2,,0.1,0.1,0.2,0.3,,,,0.3,,0.3,0.8,,0.4,0.3,0.3,0.5,0.4,0.2,0.3,0.3,0.5,0.4,,0.4,,,0.7,,0.6,0.5,0.5,0.3,0.5,0.4,0.2,0.3,,0.5,0.4,0.6,0.5,0.5,0.4,0.5,0.6,0.6,1.6,,0.6,0.5,0.3,0.5,0.5,0.7,0.7,0.8,0.4,,0.4,0.5,0.4,,0.5,0.6,,0.4,0.6,0.6,0.5,0.6,,0.6,0.6,,,0.4,0.4,,0.6,,0.7,0.5,0.6,0.5,0.6,0.5,,0.8,0.7,,0.5,0.6,,0.5,,0.9,0.7,0.7,,0.8,0.8,0.3,0.2,0.1,,0.4,0.6,0.4,0.9,0.8,0.5,0.2,0.6,0.7,0.4,0.6,0.4,0.6,0.2,0.9,2.7,0.6,0.5,0.5,0.7,0.9,0.4,0.5,0.5,0.7,0.6,0.7,0.8,0.6,0.5,0.3,0.4,0.1,,0.1,0.3,0.4,0.3,0.5,0.3,0.5,0.5,0.8,0.4,0.5,0.6,0.6,0.6,,0.7,0.6,0.8,,0.4,0.6,0.5,0.4,0.8,,0.5,0.3,0.3,,0.7,,0.7,0.3,0.4,0.3,0.5,1.1,0.9,,,,0.5,,0.5,,0.4,0.4,0.3,,0.6,0.5,0.5,0.5,0.5,,0.6,,0.4,0.6,0.5,0.5,0.5,0.8,,0.7,0.6,0.5,0.7,0.6,0.6,,0.7,,,0.8,0.3,0.3,0.5,,0.7,0.8,0.8,0.7,0.7,0.3,0.5,0.7,0.5,0.7,0.8,1.1,0.8,0.8,0.4,0.3,0.4,0.5,0.7,0.4,0.6,0.7,0.7,0.5,0.7,,1.2,2.5,2.8,0.7,0.5,0.7,0.9,0.7,,,,,0.5,0.4,,0.5,0.5,0.3,0.2,0.2,0.3,0.3,0.6,0.5,0.7,0.6,0.4,0.5,0.6,0.8,0.6,0.8,,0.7,0.6,0.8,,0.6,0.6,,0.6,0.7,0.8,0.7,0.9,0.8,0.6,0.6,0.7,0.6,0.7,0.7,0.6,,0.5,0.7,0.3,0.4,0.3,0.1,,0.6,0.4,,0.5,0.4,0.2,0.3,0.2,0.2,0.5,0.1,0.1,,0.5,,,0.3,0.3,0.3,0.2,0.4,,,,,,0.3,0.4,0.4,,,0.3,,0.5,,,0.6,,0.7,0.3,0.7,0.5,0.4,0.6,0.3,0.5,0.3,,0.7,0.7,0.8,0.6,0.7,0.4,0.3,0.4,0.3,0.6,0.6,,0.3,,0.6,0.3,,0.4,0.4,0.5,0.6,,,0.6,0.4,0.5,0.5,0.4,0.4,0.8,0.8,0.5,,,0.5,0.7,0.8,0.9,0.7,,0.5,0.6,0.4,0.6,0.7,0.5,0.4,,0.4,0.6,0.6,,,0.5,0.7,,0.6,0.5,0.4,,0.5,,0.9,0.9,,,0.1,0.3,,,0.6,0.4,0.5,,,0.3,0.3,0.2,0.3,0.4,0.3,0.4,0.6,0.5,0.6,0.4,0.8,0.4,0.2,0.3,0.5,0.7,0.3,0.5,0.7,0.4,0.3,0.6,0.5,,0.6,0.5,0.5,,0.3,0.4,0.5,0.5,0.6,0.4,0.5,0.4,0.4,0.5,0.4,0.5,,,0.7,0.6,0.8,0.7,0.5,2.2,0.3,0.6,0.2,1,0.9,0.5,0.5,0.5,0.5,0.7,0.6,,,0.4,0.7,0.6,0.7,0.3,0.2,,,0.4,0.4,,0.5,0.5,0.4,,0.4,0.6,0.7,0.6,0.7,0.4,0.5,0.4,0.7,0.3,0.5,0.7,0.5,0.4,0.7,0.8,,0.4,0.3,0.3,,0.6,0.5,,0.5,,0.4,,,,0.4,0.5,0.6,0.5,0.5,0.7,,1.2,,0.5,0.5,0.4,0.4,0.6,0.5,0.5,0.3,0.4,0.4,0.7,0.3,0.1,0.5,0.4,0.3,0.5,0.6,0.4,0.5,0.3,,0.5,0.4,0.6,0.3,0.5,0.8,0.2,0.8,1.8,0.4,0.7,0.2,0.3,0.4,0.7,,0.4,0.6,0.7,0.3,0.4,1,1,0.6,1,1.3,0.4,0.7,0.6,0.4,0.6,,0.4,0.8,0.5,0.6,0.7,0.5,0.5,0.6,0.6,1,0.8,,0.8,0.4,0.2,,0.4,0.5,0.6,0.5,,0.5,0.5,0.6,,0.6,0.6,,0.7,0.7,0.8,0.9,0.7,0.7,0.6,0.7,0.6,0.6,,0.6,0.4,0.6,1.1,0.6,,0.7,0.9,,0.8,1.1,0.7,0.6,0.8,0.8,0.7,0.6,0.8,,0.5,0.8,0.4,,1,1,,0.4,0.4,0.4,0.4,,0.7,0.7,0.7,0.9,1,0.9,0.6,0.6,0.7,0.4,0.6,0.4,0.6,0.6,0.6,0.5,,0.5,0.9,1,1.4,0.6,0.5,0.6,0.5,0.6,0.6,0.6,0.6,0.5,0.7,1.5,0.9,0.8,0.9,1.4,1,0.5,0.5,1.9,0.6,0.4,0.4,0.4,0.9,0.8,0.8,0.7,0.4,1.1,0.5,0.9,0.6,0.5,0.7,0.5,0.7,0.8,0.5,0.6,0.6,0.7,0.6,0.4,0.6,,0.6,0.7,0.9,1,0.6,0.4,0.5,0.3,,0.3,0.3,0.3,0.3,0.3,0.5,0.4,0.4,0.9,0.5,0.4,0.6,0.5,0.3,0.4,,,0.3,0.3,0.6,,0.5,0.4,0.3,0.3,0.3,0.4,,0.2,0.4,0.3,,,,,0.6,0.6,0.6,0.6,0.6,0.4,0.3,0.4,,0.2,0.5,0.5,0.3,0.5,0.6,0.5,0.7,1.2,0.8,0.7,,,,,0.1,0.3,0.4,0.4,0.5,0.4,0.4,,0.4,0.4,0.4,0.4,0.5,0.8,0.7,0.5,0.4,0.4,0.6,0.5,0.5,0.5,,0.4,0.3,0.2,0.2,0.2,0.3,0.6,0.5,0.4,,0.3,0.6,,0.6,0.5,,0.4,0.2,0.5,,0.3,,0.3,,0.6,0.6,0.4,0.9,0.7,0.7,0.5,0.5,0.4,0.6,0.4,0.3,0.5,0.5,,0.6,0.6,0.2,0.5,0.7,0.3,,0.2,0.3,0.4,0.4,0.2,0.2,,0.7,,0.4,0.1,0.5,,0.3,0.2,0.1,,0.4,0.7,0.6,0.4,0.5,0.3,0.4,,0.5,0.3,,0.5,0.4,0.5,0.3,0.8,0.5,0.2,0.3,0.2,,0.9,0.1,0.3,0.2,0.4,0.2,0.5,0.5,0.4,,,0.6,1,0.6,0.7,,0.3,0.5,0.6,0.5,5.1,0.4,0.5,0.6,0.6,0.4,0.6,0.9,0.5,,0.5,0.7,0.5,0.9,0.5,0.5,0.5,,0.4,,0.3,0.9,0.6,0.5,1.2,1.9,0.1,0.5,0.5,0.4,0.8,0.3,0.5,0.3,,,0.4,0.5,0.2,0.6,,0.7,0.5,0.5,0.5,,0.4,0.3,,,0.2,0.4,0.2,0.6,0.4,0.5,0.3,0.2,0.5,0.5,0.6,0.5,0.2,0.3,0.7,,0.8,0.6,,0.4,0.5,0.3,0.3,0.2,0.6,0.4,0.5,0.4,0.6,0.5,0.7,0.4,0.6,0.4,0.8,0.3,0.4,0.3,0.3,0.5,0.2,0.6,0.8,0.5,0.5,0.5,0.4,0.5,0.3,0.4,0.3,0.6,0.5,0.4,0.4,0.6,0.6,0.7,0.8,0.6,0.4,0.8,0.7,0.7,0.5,0.7,0.6,,0.6,0.6,0.3,0.3,0.6,0.5,0.6,,0.5,0.5,0.3,0.4,0.3,0.3,0.4,0.5,0.5,0.8,0.3,0.5,0.3,0.5,0.5,0.3,0.6,0.6,1.4,,0.7,0.4,0.3,0.5,0.5,,0.1,0.4,0.4,0.3,0.4,0.3,0.5,0.4,0.4,0.6,0.4,0.6,0.6,0.7,0.3,0.1,,0.6,,0.5,0.6,0.6,0.7,0.5,0.6,0.6,0.7,0.7,0.6,0.6,0.6,0.4,0.5,0.5,,0.5,0.6,0.4,0.5,0.5,0.5,0.8,0.6,0.2,0.3,0.4,0.9,0.2,0.5,0.5,0.5,0.8,0.5,1.4,1.1,0.3,0.6,0.5,0.4,,0.3,0.6,0.4,0.6,0.7,1.1,0.4,0.5,0.6,0.4,0.6,0.5,0.6,0.4,0.3,0.5,0.3,0.5,0.3,0.4,0.5,0.5,0.2,1.3,0.3,0.4,0.2,0.3,0.4,0.3,0.6,0.5,0.5,0.2,0.6,0.5,1.2,0.6,0.2,0.6,0.7,0.5,0.6,0.6,0.4,0.5,0.6,0.7,0.8,0.7,0.4,0.4,0.4,0.4,0.3,0.3,0.4,,0.3,0.5,0.3,0.5,0.4,0.4,0.5,0.3,0.5,0.2,,0.4,0.4,0.4,0.2,0.5,0.5,0.3,0.5,0.3,0.5,0.5,0.4,0.4,,0.5,0.5,0.7,,0.3,0.4,0.5,0.7,0.6,0.3,0.3,0.4,0.6,1,0.6,0.4,0.2,0.8,0.8,0.8,0.4,0.4,0.6,0.6,0.4,0.6,0.4,0.4,0.4,0.4,,0.2,0.4,0.5,0.7,2.4,0.6,0.5,0.3,0.5,0.5,0.4,0.6,0.4,0.3,0.7,0.6,0.3,0.5,0.3,0.8,0.6,,0.6,0.4,0.3,0.5,0.3,0.2,0.7,0.6,0.7,0.5,0.6,0.5,1,,0.5,0.9,0.7,0.7,0.6,0.5,0.4,0.3,0.5,,0.6,0.6,0.6,0.8,0.5,0.4,0.6,0.5,0.4,0.4,0.4,,0.5,,0.6,0.6,,1.3,0.4,0.2,0.3,0.5,0.6,0.5,0.3,,0.4,0.6,0.6,0.5,,,0.9,0.6,0.4,0.3,0.5,0.7,1,0.5,1.2,0.5,0.8,0.3,0.4,0.1,0.5,0.3,0.4,0.3,0.2,0.4,0.5,0.5,,0.6,0.7,1.2,0.7,0.6,0.6,1,0.6,0.3,0.6,0.6,0.4,0.7,0.5,0.3,0.9,0.1,0.4,0.5,0.6,0.5,0.8,0.6,0.7,0.6,0.5,0.4,0.4,0.5,0.4,0.7,1,0.9,,0.6,0.2,0.5,0.6,1.1,0.4,0.5,0.5,0.1,0.5,0.3,0.5,0.4,0.6,0.5,0.9,0.6,0.6,1,0.5,0.4,0.3,0.4,,0.6,0.6,0.2,0.4,0.6,0.5,0.5,0.6,0.8,0.5,0.5,0.4,0.5,0.6,0.5,0.8,0.4,0.9,0.8,0.5,0.4,0.6,1.6,1.3,0.5,0.5,0.5,0.4,0.4,0.4,0.2,0.3,0.9,0.1,0.5,0.1,0.4,0.4,0.5,0.4,0.5,0.4,0.7,0.5
20210719,5,CO_24h,0.6,0.6,0.8,0.7,0.7,0.7,0.6,0.6,0.5,0.6,0.6,0.5,,,0.8,,0.9,0.8,0.6,,1,,0.4,0.5,,0.6,0.5,,0.5,0.6,0.5,0.7,0.6,0.3,0.5,,0.8,0.6,,0.8,0.5,0.3,0.1,0.4,,0.3,,0.4,0.4,0.4,0.1,0.4,0.3,0.1,0.1,0.1,0.3,,0.4,0.3,0.1,0.6,0.7,0.8,,0.7,0.6,0.3,,0.5,0.3,0.1,0.2,0.1,0.5,,,0.4,0.2,0.3,0.7,,0.5,0.6,0.5,0.6,0.4,0.6,,0.5,0.5,,,0.4,0.5,0.4,0.4,0.9,0.8,1.1,,0.7,1,0.9,0.9,0.9,,0.9,0.7,0.5,0.5,0.6,0.4,0.5,0.5,0.5,0.6,0.6,0.6,0.5,0.7,0.5,0.6,0.4,0.4,0.4,0.4,0.5,0.4,0.7,0.5,,0.5,0.6,0.4,0.6,0.5,0.5,0.3,0.4,0.4,0.4,0.3,0.4,0.5,,0.4,0.3,0.4,0.2,0.4,0.6,0.2,0.3,0.8,0.5,0.5,0.7,0.4,0.2,,0.3,0.5,0.3,0.2,0.3,0.5,0.4,0.3,0.4,0.5,0.5,0.3,,,,0.5,0.4,,0.5,0.3,0.3,,,,0.6,,0.4,0.3,0.4,0.3,0.4,0.3,,0.3,0.6,,,,0.6,0.6,,0.5,0.8,0.7,0.4,0.2,,0.2,0.2,0.3,0.1,0.2,,0.5,0.3,,0.3,,0.4,0.5,,0.4,0.4,,0.6,0.3,0.7,,0.5,0.4,0.4,0.3,0.4,0.6,0.4,,,0.3,0.4,0.4,0.4,0.3,0.4,0.4,,0.7,,,0.5,,0.6,0.5,,0.3,0.3,0.2,0.3,0.4,0.5,,0.3,0.4,0.3,0.3,0.4,0.4,0.3,0.4,0.4,0.4,0.5,0.5,0.4,0.5,0.5,0.4,0.5,0.4,0.3,,0.5,0.6,0.4,0.4,0.3,0.5,0.3,1,0.8,0.6,,0.8,0.7,,,0.7,0.4,0.2,0.6,,0.4,0.4,0.6,0.4,0.3,,,0.1,0.3,0.5,0.1,0.2,0.4,0.6,0.4,0.5,0.4,0.7,0.5,,0.5,0.5,0.9,0.9,0.7,1,0.8,0.7,0.9,,0.9,0.4,0.8,0.7,0.6,0.7,0.6,0.6,0.4,0.5,0.6,0.4,0.6,0.6,,0.5,0.5,0.6,0.6,0.6,0.5,0.6,0.4,0.4,0.6,0.6,0.5,0.5,0.4,,0.7,0.4,0.4,0.4,0.5,0.5,0.5,0.6,0.4,0.5,0.4,0.4,,0.5,0.4,0.5,0.7,0.6,0.5,0.5,0.5,0.6,0.5,0.5,,,0.6,0.5,0.7,0.4,0.6,0.6,0.7,0.5,0.5,0.5,0.3,0.4,0.5,0.5,0.5,0.6,0.4,0.6,0.6,0.5,0.3,0.4,0.5,0.4,0.4,0.6,,0.5,0.7,0.7,0.7,1,0.3,0.5,,,0.9,0.5,0.9,0.6,0.6,,0.4,0.4,0.5,0.6,,,0.5,0.3,0.3,0.3,0.5,0.6,0.6,0.4,0.6,0.4,0.7,,0.4,0.3,0.3,0.3,0.3,0.4,0.2,0.4,0.2,0.4,0.4,0.3,0.4,0.8,0.7,0.7,0.7,0.5,0.7,0.4,,0.7,0.8,0.7,0.7,,0.6,0.5,0.5,0.5,,,,0.7,0.3,,,,0.5,0.6,0.7,0.5,0.7,0.3,0.8,,0.8,0.7,0.6,0.7,0.6,0.7,0.9,0.7,0.6,0.8,0.6,0.4,0.5,0.7,0.7,0.7,,0.6,0.9,0.8,0.7,0.7,0.6,0.8,0.7,0.6,,0.4,0.9,0.4,0.4,0.5,0.3,0.6,0.7,0.5,0.6,0.4,0.6,0.3,0.5,0.2,0.3,0.3,0.3,,0.6,,0.3,0.6,0.3,0.8,0.5,,0.6,0.7,,,0.4,0.5,0.6,0.3,,0.2,0.5,0.2,,0.2,0.1,0.2,0.4,0.3,0.2,0.1,0.2,0.2,0.3,,,,0.3,,0.3,0.7,,0.4,0.3,0.4,0.6,0.5,0.2,0.3,0.4,0.4,0.4,,0.3,,,0.9,,0.9,0.7,0.6,0.3,0.6,0.5,0.2,0.4,,0.5,0.4,0.6,0.5,0.4,0.4,0.5,0.6,0.7,0.9,0.5,0.6,0.6,0.3,0.5,0.4,0.7,0.7,0.6,0.5,,0.5,0.5,0.4,,0.6,0.6,,0.4,0.6,0.6,0.6,0.6,,0.6,0.8,,,0.5,0.5,,0.6,,0.8,0.6,0.7,0.6,0.6,0.5,,0.7,0.6,,0.6,0.6,,0.6,,0.8,0.8,0.7,,0.7,0.7,0.3,0.2,0.1,,0.6,0.7,0.7,1,0.9,0.5,0.2,0.6,0.7,0.5,0.6,0.5,0.7,0.4,1.2,1.9,0.7,0.6,0.6,0.7,0.6,0.4,0.6,0.5,0.7,0.6,0.5,0.7,0.6,0.5,0.4,0.5,0.2,,0.1,0.4,0.4,0.3,0.4,0.3,0.4,0.3,0.5,0.3,0.4,0.6,0.7,0.6,,0.9,0.8,0.8,,0.5,0.6,0.5,0.5,0.7,,0.5,0.3,0.3,,0.7,,0.7,0.3,0.4,0.3,0.4,0.6,0.4,,,,0.5,,0.5,,0.4,0.4,0.3,,0.6,0.6,0.6,0.6,0.6,,0.7,,0.4,0.6,0.6,0.5,0.5,0.7,,0.7,0.6,0.4,0.7,0.6,0.5,,0.7,,,0.8,0.3,0.3,0.5,,0.6,0.8,0.7,0.7,0.7,0.4,0.5,0.7,0.5,0.6,0.7,1,0.8,0.7,0.4,0.3,0.3,0.5,0.8,0.4,0.6,0.7,0.7,0.5,0.8,,0.8,2.7,2,0.9,0.6,0.7,0.9,0.8,,,,,0.5,0.5,,0.6,1.3,0.4,0.3,0.3,0.4,0.4,0.6,0.4,0.5,0.4,0.4,0.5,0.5,0.9,0.7,0.8,,0.7,0.7,0.8,,0.7,0.6,,0.6,0.6,0.7,0.5,0.8,0.7,0.5,0.4,0.5,0.6,0.7,0.7,0.6,,0.5,0.7,0.4,0.4,0.5,0.3,0.6,0.6,0.5,,0.5,0.4,0.3,0.4,0.3,0.2,0.5,0.1,0.1,,0.5,,0.4,0.4,0.4,0.3,0.2,0.4,0.1,0.2,0.3,,,0.3,0.4,0.4,0.5,0.3,0.3,0.1,0.5,,,0.6,,0.7,0.3,0.6,0.5,0.5,0.7,0.3,0.5,0.4,,0.6,0.7,0.7,0.5,0.6,0.4,0.3,0.3,0.3,0.6,0.7,0.2,0.3,,0.5,0.3,,0.4,0.4,0.5,0.6,,,0.6,0.5,0.5,0.5,0.4,0.5,0.8,0.7,0.5,,,0.4,0.6,0.8,0.8,0.6,,0.6,0.6,0.4,0.7,0.7,0.6,0.4,,0.4,0.7,0.7,,,0.7,0.9,,0.6,0.6,0.5,,0.5,,0.9,0.8,,,,0.5,,,0.7,0.5,0.5,,,0.3,0.3,0.3,0.3,0.4,0.3,0.3,0.3,0.3,0.4,0.4,0.6,0.5,0.4,0.5,0.8,0.7,0.5,0.6,0.7,0.4,0.3,0.6,0.5,,0.6,0.5,0.5,,0.4,0.6,0.5,0.5,0.6,0.4,0.5,0.4,0.4,0.5,0.4,0.4,,,0.5,0.7,0.7,0.7,0.6,1.3,0.4,0.8,0.5,0.9,1,0.7,0.6,0.6,0.7,0.7,0.6,,,0.5,0.8,0.7,0.6,0.3,0.3,,0.7,0.4,0.5,,0.6,0.6,0.5,,0.4,0.5,0.5,0.5,0.5,0.5,0.6,0.5,0.7,0.5,0.5,0.6,0.7,0.4,0.4,0.6,,0.2,0.4,0.3,,0.6,0.4,,0.6,,0.4,,,,0.4,0.5,0.6,0.4,0.6,0.8,,0.7,,0.4,0.4,0.4,0.4,0.6,0.5,0.5,0.4,0.6,0.6,0.7,0.5,0.1,0.5,0.4,0.3,0.5,0.6,0.5,0.5,0.3,,0.5,0.3,0.7,0.4,0.6,0.7,0.4,1.2,1.3,0.9,1.2,0.3,0.4,0.6,1,,0.4,0.5,0.6,0.4,0.5,1,0.9,0.6,0.9,1.3,0.5,0.6,0.7,0.5,0.6,,0.5,0.7,0.6,0.5,0.6,0.5,0.5,0.6,0.5,0.8,0.8,,0.5,0.5,0.4,,0.4,0.5,0.5,0.5,,0.5,0.4,0.6,,0.6,0.6,0.4,0.6,0.6,0.8,0.9,0.7,0.6,0.6,0.6,0.5,0.6,,0.5,0.4,0.6,1.2,0.8,,0.9,1,0.4,0.7,0.9,0.7,0.6,0.8,0.8,0.7,0.7,0.7,,0.6,0.8,0.5,,1,1,,0.5,0.4,0.5,0.4,,0.6,0.6,0.7,0.9,1,0.7,0.6,0.6,0.7,0.5,0.6,0.4,0.6,0.6,0.5,0.5,,0.5,0.9,1,1.3,0.5,0.4,0.5,0.4,0.6,0.6,0.6,0.6,0.6,0.7,1.3,0.9,0.9,0.8,1.2,0.4,0.7,0.7,1.1,1,0.4,0.4,0.7,0.9,0.7,0.8,0.7,0.4,0.8,0.4,0.7,0.6,0.5,0.6,0.7,0.7,0.8,0.5,0.5,0.5,0.6,0.6,0.5,0.6,0.6,0.6,0.7,0.8,0.8,0.5,0.4,0.5,0.4,,0.4,0.2,0.3,0.2,0.2,0.5,0.4,0.4,0.5,0.5,0.4,0.5,0.5,0.3,0.4,,,0.4,0.4,0.7,,0.6,0.4,0.4,0.4,0.4,0.5,,0.3,0.5,0.3,,,,,0.5,0.4,0.5,0.5,0.5,0.3,0.2,0.5,,0.3,0.6,0.6,0.4,0.7,0.6,0.5,0.7,0.6,0.7,0.4,,,,,0.3,0.3,0.4,0.4,0.4,0.5,0.4,,0.4,0.5,0.4,0.3,0.4,0.8,0.7,0.6,0.5,0.4,0.7,0.6,0.6,0.6,,0.5,0.4,0.3,0.3,0.3,0.3,0.6,0.5,0.5,,0.4,0.6,,0.8,0.6,,0.4,0.2,0.5,,0.3,,0.3,,0.6,0.8,0.5,0.7,0.5,0.6,0.5,0.6,0.4,0.6,0.4,0.4,0.5,0.5,,0.6,0.6,0.2,0.5,0.6,0.3,,0.3,0.3,0.2,0.3,0.4,0.3,,0.6,0.8,0.3,0.1,0.6,,0.2,0.2,0.2,,0.4,0.7,0.6,0.4,0.5,0.3,0.4,,0.2,0.3,,0.4,0.3,0.4,0.3,0.8,0.7,0.3,0.4,0.3,,0.6,0.1,0.3,0.3,0.3,0.2,0.5,0.6,0.4,,,0.6,0.9,0.7,0.7,,0.3,0.5,0.7,0.4,1.5,0.3,0.4,0.6,0.6,0.4,0.6,0.7,0.6,,0.5,0.6,0.4,0.7,0.4,0.4,0.5,,0.4,,0.3,0.9,0.6,0.4,1.2,1.1,0.7,0.5,0.4,1,0.8,0.5,0.4,0.4,,,0.5,0.4,0.3,0.6,,0.8,0.5,0.5,0.6,,0.4,0.4,,,0.2,0.4,0.3,0.4,0.4,0.5,0.4,0.2,0.3,0.5,0.6,0.7,0.4,0.4,0.7,,1,0.5,,0.5,0.6,0.3,0.4,0.2,0.5,0.4,0.5,0.6,0.7,0.5,0.3,0.4,0.8,0.3,0.7,0.3,0.3,0.3,0.4,0.5,0.3,0.6,0.9,0.4,0.5,0.4,0.3,0.5,0.5,0.4,0.2,0.7,0.6,0.4,0.5,0.6,0.6,0.7,0.5,0.5,0.4,0.8,0.6,0.8,0.5,0.7,0.6,,0.6,0.4,0.3,0.4,0.7,0.5,0.6,,0.5,0.5,0.4,0.4,0.3,0.3,0.4,0.6,0.4,0.9,0.3,0.6,0.5,0.4,0.6,0.3,0.6,0.5,0.7,,0.6,0.4,0.3,0.5,0.4,,0.4,0.4,0.4,0.3,0.4,0.2,0.4,0.3,0.4,0.6,0.4,0.6,0.7,0.6,0.3,0.2,,0.5,,0.5,0.6,0.6,0.6,0.4,0.6,0.6,0.7,0.7,0.6,0.7,0.6,0.4,0.5,0.5,0.6,0.6,0.5,0.4,0.6,0.6,0.6,0.8,0.6,0.2,0.3,0.5,0.9,0.2,0.7,0.4,0.6,0.6,0.6,0.7,0.7,0.3,0.5,0.6,0.5,,0.3,0.6,0.4,0.5,0.7,0.6,0.4,0.5,0.6,0.5,0.7,0.7,0.5,0.6,0.4,0.5,0.4,0.5,0.3,0.4,0.6,0.6,0.3,0.5,0.1,0.3,0.1,0.3,0.3,0.3,0.6,0.5,0.5,0.3,0.6,0.4,1,0.7,0.2,0.6,0.7,0.6,0.6,0.5,0.4,0.6,0.6,0.7,0.9,0.6,0.3,0.3,0.4,0.4,0.3,0.2,0.4,,0.5,0.5,0.6,0.7,0.4,0.5,0.6,0.3,0.6,0.2,,0.3,0.4,0.4,0.2,0.5,0.4,0.3,0.5,0.3,0.4,0.6,0.3,0.3,,0.5,0.5,0.6,0.6,0.4,0.5,0.5,0.7,0.5,0.4,0.4,0.4,0.7,0.4,0.5,0.3,0.3,0.5,0.6,0.7,0.5,0.3,0.6,0.5,0.4,0.6,0.3,0.4,0.5,0.5,,0.3,0.4,0.5,0.6,1.7,0.5,0.5,0.3,0.5,0.5,0.5,0.6,0.4,0.3,0.7,0.6,0.4,0.6,0.3,0.5,0.5,,0.5,0.5,0.3,0.5,0.3,0.3,0.8,0.7,0.9,0.4,0.4,0.4,0.7,,0.4,0.6,0.7,0.7,0.6,0.4,0.4,0.4,0.4,,0.6,0.6,0.6,0.8,0.5,0.4,0.6,0.4,0.4,0.3,0.4,,0.5,,0.5,0.7,,1.2,0.5,0.4,0.4,0.4,0.5,0.5,0.3,,0.3,0.7,0.7,0.5,,,0.8,0.7,0.3,0.3,0.5,0.4,0.7,0.5,0.7,0.4,0.8,0.2,0.3,0.1,0.4,0.2,0.3,0.3,0.2,0.4,0.5,0.6,0.5,0.6,0.7,0.6,0.8,0.7,0.6,1.1,0.7,0.4,0.6,0.6,0.5,0.6,0.5,0.3,0.7,,0.4,0.5,0.5,0.5,0.8,1,0.7,0.7,0.5,0.4,0.4,0.5,0.4,0.7,1,1,,0.8,0.3,0.5,0.6,0.6,0.4,0.5,0.5,,0.6,0.3,0.4,0.4,0.5,0.5,0.9,0.6,0.7,1,0.5,0.4,0.3,0.4,,0.6,0.5,0.2,0.3,0.7,0.7,0.4,0.7,0.5,0.5,0.6,0.4,0.6,0.6,0.5,0.6,0.4,0.9,0.8,0.4,0.4,0.7,0.7,0.5,0.5,0.6,0.6,0.5,0.5,0.4,0.2,0.4,0.8,0.1,0.4,0.1,0.4,0.3,0.4,0.4,0.6,0.6,0.7,0.5
20210719,6,AQI,12,44,15,13,12,14,13,18,33,23,14,15,,,46,,44,40,46,,42,,47,41,,38,38,,33,35,36,29,28,42,33,,66,65,,94,57,27,38,45,,51,,23,26,29,40,45,46,42,38,30,20,,29,24,26,42,48,44,,52,40,40,,44,33,41,43,25,24,,19,25,20,23,32,,20,29,34,27,43,30,,18,21,,,17,16,28,25,37,51,47,,48,31,49,33,36,,23,25,37,24,23,24,26,32,29,26,19,33,36,38,30,27,24,18,41,28,34,15,24,18,,25,30,29,,28,15,37,32,16,20,18,25,19,,16,20,20,19,33,25,36,22,35,,24,29,29,23,,18,20,31,40,22,25,25,39,32,,40,19,,,,36,29,,37,44,27,,,,51,,24,27,27,19,19,22,,19,30,,,,24,40,,45,42,54,34,26,,32,26,20,36,22,30,41,18,,20,,34,27,,22,15,,42,24,40,,44,36,26,27,40,16,19,,,11,16,17,31,30,24,32,,18,,,28,,22,24,,22,22,22,14,12,15,,33,27,32,35,34,38,28,23,41,22,49,34,31,29,34,41,31,34,23,,21,18,19,19,27,30,30,28,50,25,,43,40,,,31,35,27,46,,39,37,32,24,24,,,18,18,21,20,22,22,19,16,15,18,20,18,,18,18,22,29,24,25,35,32,22,,24,25,40,25,37,26,30,31,27,28,26,23,26,20,,28,31,27,28,24,26,23,26,12,12,10,10,11,12,,,14,14,10,11,14,10,15,28,22,22,27,,25,31,31,10,8,10,9,19,22,18,14,,,24,24,27,19,24,20,13,25,33,45,33,33,54,56,32,36,33,38,,43,20,12,19,14,14,19,,22,33,23,29,27,23,19,,,28,27,26,28,24,,23,25,23,19,,,23,27,22,41,36,39,36,52,39,36,36,,19,20,20,20,24,22,20,20,17,20,19,19,38,40,45,56,36,42,26,24,,47,23,43,29,,36,39,,53,,,,13,29,,,,26,35,63,61,,61,67,,91,38,29,33,36,33,25,22,,34,26,35,8,23,22,28,,57,32,50,30,39,44,,39,52,,32,26,27,27,22,25,28,20,23,22,31,42,48,60,17,18,23,21,,30,,41,23,26,39,48,,51,33,,,39,29,33,62,,27,33,50,,24,32,31,27,29,24,28,22,33,34,,,,25,,24,32,,30,23,25,29,17,24,27,22,25,42,,28,,,20,,16,18,20,20,20,46,20,20,,25,23,29,22,50,28,32,29,22,31,,30,25,15,13,13,31,34,33,13,,18,27,21,,23,26,,25,23,29,35,26,,45,19,,,21,30,,29,,19,31,21,33,20,21,,19,21,,36,33,,40,,32,39,40,,33,21,25,26,25,,22,26,20,32,48,17,20,55,24,16,30,20,30,13,33,59,23,15,26,67,58,43,65,87,28,28,21,20,32,23,28,25,27,,35,16,12,32,37,18,45,36,43,40,46,33,31,38,,28,32,44,,28,35,23,25,25,,30,27,25,,15,,16,15,18,18,26,26,20,,,,36,,38,,33,22,,,31,35,36,24,34,,34,,17,18,18,34,24,22,,35,37,32,32,28,32,,26,,,20,20,33,17,,27,39,40,26,20,21,20,32,28,35,43,50,40,36,18,26,26,33,30,20,26,22,25,31,22,,47,29,36,39,28,32,20,24,,,,,26,28,,19,46,25,31,28,26,26,29,37,35,37,31,20,23,35,26,21,,21,24,48,,22,25,,33,43,48,44,32,31,41,39,40,39,32,24,35,,47,52,500,52,33,55,,30,29,,27,40,38,32,34,26,32,24,24,,16,,,23,23,24,31,25,,,,,,23,27,26,,,18,,21,,,23,,22,24,18,22,27,28,33,26,20,,40,36,29,32,30,26,25,32,34,31,32,21,19,,47,38,,30,26,23,19,,,23,22,23,28,43,20,22,24,21,,,34,22,18,28,18,,26,32,20,28,36,34,25,,26,22,21,,,17,34,,24,22,55,,73,,44,41,,,33,20,,,42,32,42,,,29,38,14,13,41,44,43,38,33,39,32,34,26,23,23,25,28,28,31,27,46,37,37,50,,27,21,23,,24,57,44,26,32,25,35,24,12,24,17,39,,,68,27,39,48,11,36,29,30,21,26,23,42,25,18,33,48,25,,,14,62,59,62,19,19,,,30,15,,27,27,29,,40,51,46,32,37,30,25,29,28,36,32,51,25,30,22,28,,19,21,18,14,45,39,,22,,33,,,,16,19,17,16,19,18,,26,,39,41,36,20,19,20,21,12,25,19,48,20,24,14,15,16,38,32,30,35,17,,21,37,18,28,25,43,7,31,30,18,38,26,36,25,31,,24,45,36,70,20,26,25,39,29,29,33,24,19,21,37,,37,37,36,24,34,28,33,26,48,55,49,,32,38,31,,25,35,28,38,,43,39,26,,23,29,,25,27,26,28,33,27,26,32,33,29,,46,43,35,22,25,,28,26,,36,25,32,25,33,46,43,27,32,,20,22,25,,19,20,,29,20,22,21,,23,27,25,15,18,29,47,,,33,,29,,44,42,39,,14,18,20,15,13,20,21,32,35,37,48,34,40,53,31,32,51,58,54,43,28,18,35,22,18,18,16,41,42,52,35,10,57,22,31,30,48,68,57,59,55,35,48,40,36,41,21,21,,23,60,72,86,31,19,24,13,,19,,28,14,22,19,30,40,43,24,27,22,22,17,27,,,33,29,30,,34,20,13,12,14,28,,19,15,27,,,,,46,18,22,17,23,15,31,29,,16,28,19,24,22,25,16,16,32,22,39,,,,,19,20,27,18,15,15,25,,27,16,,28,30,27,24,26,18,16,29,22,18,18,,18,16,12,11,15,18,18,21,15,,13,10,,23,13,,12,12,19,,18,,74,,6,9,28,55,53,53,22,26,22,23,19,22,16,25,,30,30,20,30,19,36,,30,55,25,39,403,500,,33,,26,25,20,,48,37,17,,19,31,24,23,20,37,36,,30,32,,33,,,,48,35,29,30,23,,63,34,35,25,25,40,20,30,26,,,52,59,51,15,,19,38,36,66,51,26,21,23,64,41,29,36,20,,76,39,30,52,15,24,22,,20,,23,38,26,29,31,31,500,23,42,37,38,27,34,17,,,30,51,20,41,,43,31,44,28,,32,39,,,20,33,37,14,29,29,18,19,17,38,23,25,35,30,38,,46,39,,37,27,34,20,31,42,29,28,19,23,21,41,22,40,22,55,34,54,26,18,46,16,51,25,36,58,39,35,15,43,27,32,17,24,24,19,29,29,25,24,39,24,24,38,38,,26,24,,29,23,27,18,25,18,13,,37,59,33,32,32,22,27,29,48,33,60,48,26,39,24,19,45,46,29,,30,58,58,44,52,,500,21,16,17,21,26,20,21,19,29,40,23,24,66,38,27,,44,,34,25,20,49,26,24,28,36,26,25,26,21,12,10,13,19,29,33,12,31,11,17,21,47,28,52,39,34,34,29,52,25,40,18,28,36,24,23,19,20,,14,21,13,19,44,18,21,25,30,23,24,43,23,21,19,26,27,26,16,17,34,20,21,53,45,32,31,24,41,32,55,46,34,18,18,28,46,28,17,40,29,36,28,32,35,36,51,35,60,49,23,23,24,18,25,38,37,,27,59,31,43,37,35,29,25,26,40,,27,31,25,21,39,23,30,23,25,69,33,52,69,,25,21,17,,11,13,15,28,23,14,21,8,28,27,58,40,22,64,51,66,32,38,35,,26,35,46,20,33,35,,43,22,33,35,78,35,24,22,23,25,31,25,18,29,25,29,34,,37,41,34,,46,27,24,34,20,23,,40,30,37,39,37,30,,26,44,46,26,19,29,28,17,34,,38,54,33,61,40,19,22,23,16,40,22,,23,,21,20,,16,26,23,19,33,35,38,30,,30,24,20,16,,,,35,26,36,43,75,75,62,64,29,28,28,49,54,67,60,39,31,55,47,29,25,,20,22,39,32,40,37,45,36,21,29,25,39,32,29,34,53,500,500,16,20,34,35,18,70,26,10,25,9,23,26,40,24,39,,26,23,18,19,32,30,27,20,18,49,45,25,34,29,35,36,46,18,30,31,45,30,25,,22,29,25,35,20,28,20,29,52,37,14,30,15,26,9,43,29,36,35,43,23,22,71,82,25,44,12,32,22,24,20,,52,29,53,24,50,18,25,39,12,19,25,45
20210719,6,PM2.5,7,13,7,8,6,5,6,8,19,15,7,10,,,28,,24,18,28,,25,,32,23,,26,21,,23,24,19,20,18,29,23,,44,47,,70,36,17,22,19,,26,,16,18,9,27,27,32,29,26,16,14,,10,7,18,29,22,22,,36,25,16,,7,23,22,28,17,13,,11,17,12,2,18,,11,17,23,12,19,18,,12,8,,,3,10,8,17,23,21,21,,18,16,27,18,21,,14,13,21,15,14,12,14,22,20,18,13,16,14,21,16,13,14,10,16,15,16,8,8,5,,9,11,10,,13,7,13,7,9,14,12,14,5,,10,12,14,13,17,17,22,9,19,24,12,14,14,16,,12,12,12,28,14,16,17,27,22,27,28,5,,,,20,17,,20,22,16,,,,23,,9,9,12,9,9,9,,12,15,,,,16,19,,31,21,31,14,18,,22,14,14,25,15,17,13,10,,14,,14,15,,13,8,,17,13,20,,18,22,14,12,28,5,13,,,6,8,5,14,13,10,18,,10,,,15,,14,16,,9,10,14,3,8,8,,17,8,19,16,13,20,6,15,17,12,17,14,12,17,19,22,9,22,4,,10,12,7,10,12,15,13,11,19,13,,17,9,,,17,24,10,24,,27,17,17,15,5,,,7,5,2,2,7,10,13,8,10,8,14,12,,12,12,12,20,15,17,24,22,15,,10,10,21,14,14,18,13,11,18,15,11,14,11,12,,12,12,13,14,12,13,14,12,,,,,,,,,,,3,1,1,1,10,6,9,12,5,,9,11,9,4,,3,1,7,5,,8,,,12,11,13,8,10,9,4,5,19,24,19,23,21,33,22,20,18,15,,21,9,5,8,2,4,12,,15,23,8,6,8,10,8,,,13,7,15,19,5,,15,15,13,10,,,13,10,9,14,14,27,9,22,22,22,14,,8,5,3,8,5,10,1,1,1,,3,,26,28,21,28,25,29,15,16,,28,16,24,20,,25,20,,16,,,,5,11,,,,16,8,9,23,98,27,9,,33,25,20,22,17,16,17,15,,12,18,24,5,16,14,17,,22,13,24,21,7,17,,19,17,,12,15,16,17,13,17,18,14,16,15,12,19,33,43,6,4,12,2,,21,,22,16,18,16,31,,28,12,,,18,20,19,30,,18,20,22,,12,14,9,17,20,12,19,12,23,17,,,,17,,12,19,,19,15,12,16,6,7,3,12,17,27,,19,,,14,,10,12,12,6,5,8,10,9,,12,13,19,13,19,16,22,17,15,12,,16,16,5,3,3,12,15,17,6,,9,15,14,,16,14,,17,16,14,24,12,,20,7,,,11,17,,5,,10,15,9,14,,7,,2,13,,25,23,,28,,16,27,28,,14,10,9,14,17,,11,10,12,18,33,9,8,39,16,10,16,11,18,9,15,37,9,7,7,48,34,26,47,64,19,13,10,14,18,16,16,10,11,,24,4,5,4,20,11,31,24,30,25,32,23,21,22,,19,16,28,,10,18,14,12,9,,12,9,12,,5,,1,6,6,12,18,15,12,,,,25,,24,,23,15,,,19,24,25,15,18,,18,,2,9,5,18,8,6,,24,25,16,22,18,22,,14,,,11,14,11,9,,13,27,26,18,14,2,10,17,19,24,27,25,28,25,9,8,7,4,6,7,8,10,11,15,10,,24,14,25,22,19,22,10,12,,,,,4,8,,9,32,12,8,12,13,12,15,11,20,17,16,9,16,24,18,14,,11,13,21,,12,13,,16,24,24,21,22,19,19,17,28,14,22,15,19,,8,17,134,36,19,39,,2,6,,9,2,8,12,15,18,22,12,12,,,,,2,2,15,19,16,,,,,,15,12,18,,,5,,5,,,16,,15,14,11,13,18,19,16,15,13,,28,22,17,22,19,17,17,22,22,19,22,10,13,,18,15,,13,14,10,11,,,16,7,16,5,30,8,10,6,10,,,11,5,9,10,5,,2,22,14,5,9,14,17,,18,15,14,,,6,13,,14,9,13,,11,,27,15,,,2,14,,,11,19,29,,,11,18,5,5,22,23,16,26,16,27,21,16,9,10,10,10,14,19,13,15,24,23,24,35,,14,12,16,,,10,9,18,22,17,24,16,6,12,4,23,,,24,12,19,18,4,25,2,20,13,18,9,29,12,9,12,18,14,,,2,44,42,44,13,10,,,21,3,,14,14,14,,15,22,32,22,16,21,17,20,11,16,9,16,17,11,9,19,,12,6,12,2,23,19,,14,,10,,,,6,10,8,7,2,7,,11,,27,24,24,7,8,13,11,2,17,13,32,10,4,6,9,7,26,22,12,13,10,,12,16,12,14,17,19,3,21,17,9,26,18,11,15,15,,8,31,22,51,14,8,12,27,17,11,18,13,10,12,22,,22,12,19,10,15,15,17,11,18,23,21,,22,26,17,,14,12,18,23,,18,23,16,,14,17,,17,14,18,18,23,18,18,17,18,17,,25,30,24,11,17,,9,14,,17,12,6,17,23,32,30,17,22,,14,15,17,,10,14,,15,6,12,7,,11,6,7,,5,15,18,,,23,,20,,27,27,27,,8,7,7,4,6,14,11,21,13,17,29,14,23,37,14,17,26,17,26,24,19,12,19,11,6,9,11,22,18,28,24,7,25,15,19,20,13,49,40,42,39,24,33,28,12,18,10,12,,16,18,51,56,17,8,8,7,,13,5,19,9,14,6,21,19,30,10,9,12,12,7,9,,,14,9,12,,23,13,8,2,6,19,,8,10,14,,,,,20,9,8,9,7,10,15,20,,5,19,4,2,6,10,11,9,19,15,27,,,,,13,13,14,12,8,8,17,,17,5,7,19,21,4,5,8,11,11,20,7,12,7,,12,11,8,5,10,6,12,5,10,,9,5,,6,7,,,3,1,,3,,54,,4,6,10,24,26,23,12,15,14,14,11,10,10,10,,15,9,6,6,11,18,,17,17,17,9,65,99,,16,17,14,8,6,,11,23,10,,13,10,16,9,9,8,20,,18,15,,19,,,14,20,20,9,9,,,22,8,8,9,12,3,13,12,18,,,14,28,23,10,,1,12,11,19,22,7,,11,46,28,18,19,10,,14,17,20,30,9,16,11,,7,,16,18,17,18,16,12,92,5,29,19,16,2,16,8,,,14,18,11,17,,17,6,16,12,,11,27,,,2,21,18,8,20,12,4,2,7,26,16,14,7,7,26,,22,22,,18,12,10,13,,29,20,19,13,11,11,18,6,20,2,27,14,38,18,12,23,5,31,13,22,41,22,24,6,29,12,17,11,14,8,3,10,13,17,14,26,12,14,19,26,22,18,8,,18,9,14,2,4,9,7,,18,14,11,22,22,15,6,15,25,13,25,33,18,12,6,8,23,32,13,,16,21,21,19,12,,316,9,11,9,7,18,14,14,8,20,24,10,15,19,7,10,,27,,13,17,2,34,18,11,16,13,11,12,7,5,1,1,1,13,13,18,,14,6,10,10,18,5,21,19,19,22,20,32,17,19,4,13,13,14,15,13,10,,7,7,9,13,6,6,5,15,12,4,16,30,16,2,13,18,7,12,5,9,17,13,4,27,31,22,14,15,16,22,31,6,12,10,12,19,32,19,3,28,20,11,19,22,16,25,31,19,40,23,14,16,13,12,14,23,10,,15,42,15,16,14,24,16,17,18,28,28,18,17,17,13,27,16,21,,7,13,3,10,23,,13,8,10,10,2,5,3,19,10,4,7,2,16,15,41,16,15,31,28,43,7,22,24,19,18,24,28,5,20,24,,30,14,18,24,57,24,4,15,7,3,11,12,11,19,17,4,4,15,24,22,19,,32,9,11,13,5,7,27,22,14,23,17,24,18,,16,25,23,18,11,13,15,7,19,,26,38,17,36,28,13,9,10,5,17,11,,15,,8,11,,5,8,8,5,22,24,18,14,,13,14,14,11,,,,13,11,14,14,55,55,40,46,20,19,19,34,28,20,27,23,12,29,22,15,14,,14,14,27,16,16,24,31,21,10,20,15,27,22,9,5,12,434,420,9,10,18,21,9,25,12,,17,5,11,13,12,13,16,,18,7,7,13,3,10,11,2,12,34,29,17,16,7,15,19,20,8,13,16,26,13,8,,4,20,6,18,14,19,13,8,16,15,8,14,10,18,,29,20,25,11,23,16,9,47,60,13,19,7,14,2,7,8,3,19,19,22,4,17,7,17,27,8,,13,31
20210719,6,PM2.5_24h,12,9,17,13,17,13,11,21,16,14,16,13,,,23,,19,15,24,,22,,21,22,,21,20,,16,15,10,15,10,19,14,,21,25,,29,21,14,23,18,,19,,14,17,12,15,14,12,15,13,10,11,,10,3,14,25,24,18,,32,20,12,,11,22,17,22,15,17,,18,11,7,2,14,,8,13,13,11,12,12,,12,13,,,11,12,14,13,18,21,21,,19,20,27,26,25,,25,14,18,16,14,15,13,18,18,16,9,19,14,23,15,14,12,8,14,15,17,9,11,13,,11,12,12,,12,10,15,10,13,17,13,15,12,,14,14,12,16,15,14,18,12,21,21,10,19,15,18,,12,12,12,24,14,14,13,13,12,20,14,8,,,,21,17,,20,18,18,,,,20,,8,15,12,11,15,13,,13,11,,,,16,15,,22,23,25,16,18,,17,13,12,18,17,14,10,11,,12,,14,15,,15,18,,19,17,16,,16,17,17,15,14,10,10,,,8,9,9,14,11,10,15,,14,,,16,,14,15,,10,12,13,11,11,10,,15,17,14,14,13,15,14,15,9,6,9,6,8,10,10,10,5,8,5,,11,8,6,7,12,12,10,9,11,9,,11,6,,,12,18,13,16,,23,16,16,19,13,,,8,9,9,6,11,12,17,14,15,16,18,15,,13,16,20,21,18,16,28,19,22,,14,10,18,20,18,17,12,15,16,17,15,12,12,13,,11,13,11,13,12,10,11,12,5,4,6,6,4,6,,4,4,4,8,3,5,6,14,9,11,12,8,,13,17,12,7,8,8,3,11,11,6,12,,,10,10,9,9,10,13,5,7,17,17,16,14,18,22,19,20,21,18,20,21,7,5,8,7,5,20,,20,24,25,18,17,15,18,,,21,14,20,24,17,,14,17,12,11,,,12,16,8,10,13,21,11,14,20,15,8,,11,7,8,10,12,15,3,5,3,4,7,3,15,16,15,13,16,19,12,13,,15,13,14,16,,22,14,18,14,,,,9,10,,,,17,16,10,20,43,20,15,,21,20,17,15,17,18,11,14,17,13,15,22,9,14,15,21,,22,21,23,19,15,23,19,23,22,,17,15,19,16,11,14,15,16,16,12,16,14,20,22,8,9,10,9,,16,,17,15,16,15,19,,16,21,,,19,17,18,21,,17,16,15,,15,16,11,17,17,15,18,11,18,12,,,,15,,13,13,,15,21,18,18,10,9,8,20,19,25,,18,,,16,,17,23,14,9,10,10,11,8,,14,13,12,10,17,9,15,14,14,11,15,14,17,10,11,9,12,12,13,9,,11,13,12,,13,12,,18,15,14,18,14,,17,9,,,19,18,,9,,10,12,9,14,5,8,,10,11,,20,21,,29,,14,22,18,,11,11,10,11,8,,13,13,15,18,20,12,9,28,17,15,17,13,21,12,17,25,12,11,10,28,21,19,24,24,13,11,12,10,14,10,12,9,10,,11,9,7,7,13,7,19,11,15,16,15,15,15,13,,17,16,20,,19,14,14,8,8,,9,8,9,,11,,13,8,8,12,13,13,12,,,,17,,20,,13,15,17,,18,19,17,15,14,,13,,11,8,14,17,16,13,,23,20,15,20,20,18,,17,,,15,10,10,7,,19,34,24,23,18,4,5,14,20,25,24,24,26,22,8,8,14,12,16,18,11,15,14,15,11,,24,15,24,22,17,16,16,10,,,,,9,8,,11,16,16,10,13,12,18,13,12,14,15,10,7,10,14,14,12,,15,17,17,,13,15,,17,19,17,20,20,18,18,15,22,16,15,10,10,,15,17,26,45,18,16,16,5,4,,7,7,15,10,12,13,16,12,12,,11,,12,8,8,8,10,13,16,12,13,,,14,13,14,12,11,10,15,14,,,15,,14,16,10,17,18,18,18,18,15,,22,14,18,18,20,17,17,19,18,18,21,12,12,,15,13,,13,15,9,12,,,15,14,12,9,17,12,11,10,12,,,16,5,8,12,7,,1,16,18,17,15,16,16,,18,14,18,,,20,18,,11,9,9,,9,,27,21,,,6,14,,,20,24,30,,,9,16,5,4,17,16,15,17,15,16,15,12,11,13,14,14,18,17,19,18,15,16,18,17,,20,16,14,,8,10,12,14,15,15,14,11,8,12,3,15,,,15,24,20,28,18,33,19,30,22,20,16,40,30,27,31,28,31,,,10,53,53,63,8,9,,57,18,11,,15,15,15,,15,18,13,12,7,16,14,16,10,17,10,12,13,10,7,13,,6,7,8,7,18,15,,13,,14,,,,4,6,5,7,10,9,,10,,13,13,11,7,10,11,8,6,18,17,27,12,11,9,7,8,17,16,12,11,10,,8,11,17,15,17,15,4,19,11,9,14,11,12,18,16,,8,17,16,19,16,11,13,13,12,12,20,20,21,20,18,,19,9,17,11,12,11,12,8,19,22,18,,12,17,20,,13,12,16,18,,16,18,13,,12,18,16,18,16,16,15,16,15,15,15,13,15,,19,19,15,16,17,,18,16,14,18,19,9,16,19,21,21,17,21,,23,22,24,,14,18,,16,6,11,11,,12,9,11,1,6,18,17,,,22,,25,,28,27,28,,8,6,7,6,8,13,11,17,15,15,17,17,24,23,10,16,22,17,27,16,23,18,24,26,9,8,9,20,17,24,21,6,12,6,13,16,10,42,45,41,40,21,21,21,7,19,19,20,32,28,33,38,38,17,11,10,10,,8,6,10,6,9,8,13,14,15,8,6,6,8,9,8,,,16,18,20,,22,10,7,5,8,18,,10,11,7,,,,,12,6,6,6,8,12,10,17,,7,37,9,9,11,12,10,13,14,7,9,,,,,9,9,11,8,8,6,13,,12,8,10,13,14,8,6,5,13,9,16,14,15,12,,12,14,6,6,11,6,10,6,13,,10,7,,11,5,,3,5,3,,9,,8,,4,4,10,14,12,15,13,12,13,13,7,11,7,10,,16,10,5,8,9,22,,12,17,10,8,25,28,,12,13,8,9,5,,14,17,12,,14,15,13,15,5,9,15,,11,13,,17,12,,10,32,30,11,15,8,,12,6,10,15,15,16,24,16,33,,,11,16,16,9,,6,14,13,15,19,10,3,12,22,20,19,12,13,,9,13,19,23,10,16,14,,13,,12,21,17,17,11,11,26,9,16,26,19,13,16,7,,,18,13,14,17,,17,17,20,14,,16,24,,,4,21,17,9,22,17,9,7,8,20,22,20,23,15,25,,21,17,,14,13,12,13,5,33,18,20,16,18,10,8,7,18,8,15,12,17,15,13,17,5,22,10,12,18,12,10,6,22,13,15,15,13,9,8,15,20,20,12,19,10,14,17,19,20,13,9,,14,7,12,8,8,7,6,,15,12,10,21,12,12,7,23,21,15,21,21,18,12,8,9,17,18,10,,14,18,18,19,9,,36,12,12,13,11,14,14,14,11,15,11,11,15,17,12,8,,21,,14,11,6,20,14,9,13,12,12,13,10,8,7,7,7,7,17,15,4,14,6,11,9,15,6,21,20,22,21,14,18,16,13,7,10,10,13,10,12,10,,11,11,12,17,13,8,7,17,6,14,14,18,17,5,13,17,12,8,8,14,15,9,9,16,29,17,16,15,10,9,20,20,13,15,10,10,23,20,5,21,22,15,21,11,23,24,23,14,44,16,15,14,13,12,15,17,15,,11,23,17,18,21,18,20,18,15,17,20,15,17,17,14,19,13,18,3,10,10,14,11,17,,10,11,7,8,7,11,7,10,15,7,10,6,11,11,24,16,22,21,19,21,14,9,13,10,14,16,12,13,16,13,,17,13,20,26,23,14,8,11,10,8,18,10,11,11,16,11,19,19,15,14,17,,22,18,16,18,13,7,27,21,20,15,20,18,16,,12,12,19,14,8,12,13,12,18,,21,25,24,32,27,8,11,9,7,10,11,,12,,13,20,,6,14,16,11,18,18,15,14,,10,19,16,10,,,12,22,8,10,11,19,27,28,30,19,15,11,18,21,14,26,18,12,20,15,13,14,17,11,14,19,18,15,23,37,25,10,12,12,17,14,13,9,16,206,158,7,11,14,15,9,25,15,6,15,8,9,10,8,16,20,,16,13,14,17,14,9,12,7,12,26,18,19,17,12,18,15,19,13,16,14,20,15,11,,6,48,10,18,24,22,12,16,10,12,17,12,16,12,12,17,20,19,12,23,13,7,31,38,11,17,11,19,16,11,11,15,12,13,17,5,13,8,22,20,7,,14,27
20210719,6,PM10,8,44,15,10,12,8,8,16,33,23,11,14,,,46,,44,40,46,,42,,47,41,,34,38,,31,33,36,15,28,28,21,,81,57,,70,64,18,38,45,,52,,17,21,29,40,45,43,40,26,30,19,,29,24,22,39,48,44,,36,40,40,,44,30,41,43,19,24,,13,13,20,23,32,,20,29,34,27,43,30,,17,12,,,13,16,28,19,37,51,47,,48,31,49,33,36,,23,19,37,17,21,17,21,20,27,25,19,33,36,38,30,27,24,18,41,28,34,15,24,18,,25,30,29,31,28,15,37,32,16,16,18,25,19,,16,20,19,18,33,24,36,22,35,29,24,29,29,9,,16,20,31,29,22,25,24,22,27,,29,19,,,,36,29,,37,44,27,,,,51,,24,27,27,19,19,22,,19,30,,,,24,40,,39,42,57,34,22,,32,26,18,17,22,30,41,18,,15,,34,27,,22,12,,42,24,40,,44,36,26,27,28,10,19,,,11,16,17,31,30,24,32,,18,,,28,,22,24,,22,22,22,14,11,15,,33,27,32,35,34,38,28,23,41,22,49,34,31,29,34,41,31,34,17,,21,17,19,19,27,30,30,28,50,25,,43,40,,,31,27,27,46,,31,37,32,24,9,,,5,2,5,9,7,22,6,7,9,12,8,8,,13,18,22,20,24,25,22,23,20,,24,23,40,25,37,15,30,31,27,28,26,23,26,20,,28,31,27,28,24,26,23,26,2,1,,3,4,6,,,3,2,10,2,6,9,6,28,22,22,27,,25,31,31,4,4,5,6,19,22,18,14,,,24,24,27,19,24,20,8,25,33,45,33,33,57,62,29,36,33,38,,43,20,10,19,8,11,18,,22,13,12,23,10,11,12,,,13,12,14,25,14,,23,24,23,19,,,23,19,22,41,36,39,36,53,39,36,36,,19,4,8,10,9,9,3,4,4,5,5,8,32,32,45,61,31,24,26,24,,47,21,43,28,,35,39,,55,,,,11,22,,,,18,35,76,72,,72,83,,132,38,20,33,36,33,,17,22,34,24,31,5,20,22,28,,64,32,50,27,39,44,,39,53,,32,26,27,27,22,22,28,18,17,16,31,42,41,49,16,18,23,16,,24,,41,19,24,39,48,,52,33,,,39,27,33,73,,27,33,50,,24,32,31,27,29,24,24,22,19,34,,,,22,,24,32,,30,22,11,29,9,12,9,22,24,42,,19,,,20,,16,14,20,20,16,46,14,6,,25,23,29,22,50,28,29,29,19,31,,30,25,7,13,10,31,34,33,13,,18,27,21,,20,26,,25,23,29,20,26,,45,19,,,21,30,,29,,19,31,21,33,12,12,,8,7,,28,20,,37,,32,20,20,,33,20,25,26,20,,22,26,20,32,38,17,20,53,24,16,30,20,30,11,33,67,23,15,26,41,66,43,44,58,25,28,21,20,32,15,28,15,22,,31,16,12,32,37,18,38,36,35,40,33,32,31,38,,22,32,44,,28,35,23,25,25,,30,27,10,,6,,12,6,8,15,24,26,16,,,,34,,38,,22,20,,,31,17,24,24,34,,34,,17,18,18,34,24,22,,30,37,32,27,28,25,,14,,,20,19,33,17,,27,36,40,26,10,21,8,32,26,31,43,50,37,34,18,26,12,13,11,13,26,22,25,31,22,,47,29,26,39,18,20,20,24,,,,,25,15,,17,24,11,28,2,11,14,29,37,35,37,31,20,17,27,22,21,,21,24,48,,22,25,,33,43,48,44,29,31,41,39,29,39,27,24,35,,47,53,825,50,33,35,,10,18,,8,40,13,19,23,24,20,24,24,,16,,,9,9,24,31,25,,,,,,23,27,20,,,5,,,,,21,,19,24,14,22,27,26,33,26,20,,37,36,29,32,30,26,25,32,34,31,32,21,15,,47,38,,30,26,23,19,,,19,22,18,28,30,20,22,24,21,,,34,22,13,28,14,,26,27,17,28,36,34,21,,26,21,21,,,12,34,,24,22,59,,95,,44,41,,,33,13,,,42,27,29,,,29,38,13,5,26,24,20,30,33,33,32,34,12,19,23,25,28,22,31,27,46,37,37,46,,27,21,22,,24,64,44,26,27,20,34,24,12,24,17,39,,,86,27,39,48,11,32,29,30,21,21,23,34,25,18,33,48,25,,,6,55,47,49,18,19,,,12,12,,27,27,29,,40,51,34,31,37,24,17,20,28,36,31,51,16,30,22,23,,19,21,5,14,45,39,,22,,33,,,,7,8,5,10,9,18,,26,,36,41,36,8,16,13,21,10,22,14,48,18,6,13,15,16,31,27,30,35,17,,21,37,18,28,20,43,3,31,25,18,34,21,36,25,31,,24,42,36,62,12,26,25,25,29,29,33,24,19,21,37,,37,37,36,24,34,28,33,26,48,59,49,,21,22,31,,25,35,28,38,,43,39,26,,23,29,,24,27,26,28,27,27,26,32,33,29,,46,27,27,22,24,,28,26,,36,25,32,24,20,26,25,27,21,,17,20,23,,15,9,,29,20,22,21,,3,12,12,15,18,29,47,28,32,30,32,17,36,44,42,38,,14,18,20,15,13,18,21,32,35,37,48,34,40,56,31,32,52,65,58,43,24,18,35,22,18,18,11,41,42,54,35,10,64,14,31,30,48,54,29,53,56,33,21,38,36,41,21,21,,20,69,94,122,31,19,24,13,,12,30,17,14,22,19,26,40,38,24,27,22,22,10,27,,,12,14,21,,34,20,10,8,11,26,,19,15,27,,,,,46,18,22,17,23,15,31,9,,16,16,13,4,15,25,15,16,32,21,32,,,,,15,20,27,18,11,15,24,,27,9,,25,23,15,16,14,18,9,8,13,11,13,,14,13,7,7,10,18,16,9,11,,12,10,,2,12,,2,4,1,,16,,8,,4,8,28,60,55,55,19,26,22,23,19,22,16,25,,30,30,10,30,19,36,,30,60,22,39,503,903,,17,26,26,23,20,,48,37,13,,18,17,11,13,20,13,36,,24,32,,33,30,27,,48,35,11,17,3,,75,34,35,15,18,40,20,30,13,,,53,67,52,10,,3,38,36,81,42,26,6,23,60,41,29,36,20,,102,39,30,54,11,24,22,,14,,17,38,26,29,31,31,617,23,41,37,38,9,34,17,,,30,52,20,41,,43,24,44,28,,32,22,,,15,33,37,14,24,29,9,9,14,34,20,10,17,11,28,,46,39,,37,27,34,20,12,35,21,17,2,23,21,41,22,40,19,59,34,56,24,6,46,11,51,25,36,41,39,22,2,43,27,24,14,24,14,19,14,18,21,24,39,24,24,38,29,30,24,22,,29,23,27,10,11,18,13,,37,68,33,25,25,16,10,29,48,33,69,40,26,39,21,19,45,41,29,,30,66,66,44,54,,1483,21,12,17,16,26,20,21,19,19,40,23,24,81,38,27,,44,,34,17,17,40,23,24,28,36,26,25,26,21,5,6,1,2,29,33,7,31,11,17,21,47,28,53,39,34,34,24,53,22,40,9,28,36,14,19,19,17,,6,21,13,11,44,18,21,25,30,19,24,26,17,13,13,22,27,17,16,14,34,20,12,56,32,31,31,24,41,27,59,46,34,18,11,17,38,19,7,9,15,36,25,21,35,32,51,35,70,49,23,22,24,16,25,38,37,,27,42,31,43,37,33,29,24,17,18,34,27,31,24,21,29,19,23,19,17,88,20,54,87,,25,12,17,21,6,7,15,27,23,12,21,5,28,27,54,40,19,77,51,82,32,38,32,,26,19,46,6,33,31,,22,18,33,31,81,30,24,6,15,25,31,25,14,29,22,10,7,27,37,41,34,,38,27,12,34,5,12,51,40,30,37,39,37,30,,26,44,46,20,19,29,28,14,34,,34,45,33,72,36,18,22,23,16,40,22,,23,,21,20,,16,26,15,10,33,35,38,30,,30,24,17,13,,,14,35,26,36,43,81,76,73,61,10,27,25,47,58,83,70,39,31,59,47,29,25,,18,17,26,32,40,37,22,36,19,24,25,20,32,29,13,56,3105,3441,16,20,34,35,18,89,26,5,15,9,23,26,40,24,39,,24,23,6,8,32,30,23,9,17,43,45,24,34,22,35,36,46,18,30,31,45,30,25,,22,28,11,35,14,26,18,29,54,37,12,30,8,13,6,43,22,36,35,43,20,22,92,81,25,44,8,32,22,24,20,20,53,29,56,24,50,15,22,35,10,3,25,41
20210719,6,PM10_24h,19,21,26,22,27,21,18,35,28,19,24,20,,,37,,34,35,43,,37,,34,34,,30,33,,25,17,18,14,20,18,16,,46,43,,40,44,21,37,33,,40,,20,26,32,21,23,27,24,17,20,17,,22,18,23,35,34,35,,34,38,35,,45,33,32,35,20,18,,11,19,17,18,24,,16,20,20,23,22,20,,29,26,,,26,30,32,34,30,40,41,,43,35,44,38,39,,39,27,29,21,22,18,21,17,25,24,15,41,42,60,38,33,23,20,42,30,42,22,29,25,,33,33,38,32,30,24,38,33,26,25,22,26,27,,29,22,22,24,33,26,34,30,38,38,29,35,27,21,,21,22,30,42,20,24,21,20,22,22,22,20,,,,32,30,,35,36,29,,,,48,,26,35,28,21,25,27,,26,33,,,,30,33,,36,39,41,30,27,,25,23,24,17,20,23,25,19,,19,,31,25,,36,24,,42,32,33,,42,42,34,33,20,16,17,,,14,16,16,30,26,27,37,,25,,,30,,27,26,,22,23,20,16,18,18,,29,27,30,36,37,25,32,27,17,16,22,20,20,23,20,18,20,16,14,,23,19,23,21,25,28,25,22,29,17,,30,22,,,19,27,30,34,,34,29,28,30,16,,,11,13,15,16,15,20,26,23,25,24,25,26,,27,25,28,34,34,26,33,27,33,,34,21,25,22,26,26,23,28,20,23,28,19,33,29,,30,36,28,28,30,27,26,25,13,16,16,16,14,18,,12,13,16,22,7,10,10,11,33,29,32,26,,31,34,29,20,25,18,18,28,23,24,21,,,24,23,23,24,23,24,20,20,28,29,26,27,37,33,33,31,38,34,39,38,14,11,20,16,14,28,,38,35,33,42,36,29,36,,,38,32,40,48,42,,25,31,21,22,,,24,23,20,20,33,32,32,35,30,22,29,,25,12,15,18,19,16,7,11,9,9,15,10,30,26,31,32,28,29,24,23,,32,25,31,26,,40,36,48,48,,,,21,15,,,,30,41,53,59,49,54,50,,76,30,19,30,31,24,9,17,17,22,20,29,12,18,19,37,,53,36,41,31,54,49,31,37,50,,27,30,24,27,25,23,29,24,22,14,26,29,30,35,23,26,29,25,,28,,29,17,20,24,35,,36,34,,,30,30,28,41,,26,29,27,,32,40,30,28,25,25,24,21,25,30,,,,24,,22,33,,33,32,14,37,12,15,13,30,27,31,,24,,,31,,30,34,28,24,25,34,24,21,,26,23,21,20,36,21,29,24,22,36,24,24,24,18,21,24,30,29,26,19,,22,23,25,,28,29,,29,29,31,29,23,,37,21,,,31,30,,21,,18,19,24,27,15,19,,18,18,,26,21,,29,,28,20,18,,21,14,17,22,17,,23,28,28,36,35,22,19,52,35,23,34,18,39,30,31,47,33,21,32,41,52,34,39,40,23,26,22,20,27,13,31,18,27,,25,23,19,22,30,18,30,24,23,28,19,29,28,27,,35,35,46,,31,22,18,22,16,,19,15,7,,10,,24,13,13,24,25,21,21,,,,30,,31,,16,17,14,,32,28,30,27,28,,27,,26,20,27,30,35,33,,28,32,22,23,27,24,,25,,,22,25,24,18,,28,40,39,31,25,26,17,28,34,35,38,39,38,33,16,15,22,28,27,23,21,25,27,25,21,,32,28,33,35,20,18,19,14,,,,,29,25,,28,25,20,29,18,15,18,22,26,27,28,25,16,11,30,25,24,,24,29,33,,26,26,,31,34,34,37,36,33,36,36,35,28,22,20,25,,49,50,135,43,39,29,39,11,15,,18,33,48,40,42,24,26,34,34,,19,,16,14,14,14,15,22,25,28,21,,,23,22,23,20,16,13,21,20,,,23,,29,28,24,26,29,28,32,31,25,,34,31,30,31,35,27,26,29,29,32,32,18,19,,47,31,,33,33,24,12,,,17,19,15,18,23,23,23,21,22,,,37,29,20,24,17,,28,24,27,32,32,31,18,,24,21,28,,,33,36,,23,21,26,,32,,48,51,,,29,24,,,50,44,39,,,19,25,15,9,25,24,17,31,32,25,33,28,20,27,27,35,41,33,39,35,35,28,39,38,,48,33,22,,20,27,37,30,27,22,20,19,20,25,22,29,,,45,33,37,47,32,40,34,36,26,21,30,47,51,39,50,47,37,,,17,63,62,75,19,20,,50,20,15,,23,28,25,,28,37,18,23,17,29,14,22,20,35,20,28,19,21,14,14,,13,22,10,19,33,28,,21,,18,,,,11,11,9,11,15,21,,18,,24,27,23,23,22,24,29,16,34,26,48,25,10,16,16,17,28,28,33,27,27,,23,22,25,24,26,29,7,34,19,23,22,18,32,26,28,,20,31,30,33,17,25,24,20,23,31,36,35,34,33,35,,37,37,33,21,24,24,24,21,41,49,40,,19,23,25,,23,35,28,28,,29,27,21,,20,24,23,25,26,24,22,26,21,22,26,26,28,,20,20,19,28,34,,34,32,20,29,17,22,21,21,23,25,35,24,,29,38,35,,22,25,,27,19,24,17,,14,16,21,17,25,37,36,34,29,34,33,36,39,40,43,39,,14,16,12,13,21,24,23,27,28,31,39,33,32,44,20,25,45,47,42,23,28,26,41,39,18,15,13,34,35,45,45,19,26,14,27,33,32,61,68,56,58,34,27,32,26,34,34,30,43,43,66,63,58,31,29,18,18,,18,14,11,14,17,17,22,27,27,15,15,16,16,14,17,,,25,28,33,,39,20,18,15,23,32,,19,14,17,,,,,22,15,14,15,15,19,22,20,,18,37,27,17,18,37,13,11,21,18,10,,,,,23,25,15,11,14,14,20,,21,15,16,17,21,13,21,12,12,12,16,19,18,20,,16,15,11,10,22,17,19,12,14,,12,16,,8,13,,7,7,5,,28,,16,,12,7,24,32,32,32,24,26,31,25,16,24,21,19,,36,34,10,21,25,50,,33,39,13,22,158,174,,17,24,30,32,14,,37,32,25,,16,18,22,19,14,19,36,,29,40,,41,28,22,27,113,99,55,60,14,,42,28,30,37,44,56,73,76,78,,,43,37,46,26,,14,50,49,62,36,26,13,30,29,31,31,13,18,,33,26,34,52,16,25,35,,9,,21,39,30,22,29,28,128,35,26,49,44,27,34,12,,,31,33,26,36,,36,28,45,27,,33,45,,,19,33,36,15,25,29,20,23,18,32,30,34,40,27,23,,42,26,,27,29,29,20,21,36,21,34,16,28,22,15,17,37,23,31,24,33,31,13,31,13,36,31,17,19,17,11,9,47,27,27,27,21,17,15,22,24,26,24,27,22,28,35,26,41,23,23,,25,15,24,22,15,15,12,,23,54,26,24,12,22,18,32,44,36,78,38,33,30,24,25,36,35,19,,22,51,55,70,36,,167,25,16,21,19,22,25,21,24,19,16,22,30,56,36,24,,37,,38,14,17,33,25,18,30,35,32,29,30,21,15,18,17,9,37,33,19,24,13,19,22,32,24,41,38,29,34,26,33,23,31,12,19,22,18,18,21,22,,7,24,21,23,30,17,17,27,17,21,24,16,28,22,18,22,24,19,13,18,33,16,20,35,33,32,35,22,29,18,39,37,29,24,14,12,35,30,9,17,22,36,31,16,39,38,37,29,64,29,25,25,28,20,30,30,31,,22,37,27,39,37,33,36,25,18,26,29,27,33,25,26,22,18,27,14,48,56,42,43,64,,24,22,13,18,19,10,24,27,25,17,22,15,22,22,34,26,25,43,39,41,29,21,26,21,23,23,24,24,28,22,,22,17,29,47,34,25,20,10,22,27,37,26,19,20,24,22,26,42,28,29,30,,36,34,28,35,17,18,50,44,37,32,31,28,30,,21,28,40,23,16,25,24,23,32,,31,26,40,45,38,10,20,16,15,25,22,,25,,23,26,,17,30,23,19,27,32,32,21,,19,37,28,12,,,19,48,18,29,26,41,63,51,48,13,25,12,31,29,60,58,43,45,48,44,27,23,27,16,24,17,26,28,32,46,29,19,19,23,27,24,33,14,60,812,850,12,21,22,23,21,64,32,17,24,18,23,26,25,30,40,,34,41,13,14,37,27,31,13,13,37,32,28,30,30,40,35,40,25,41,26,38,30,25,,20,44,17,63,28,29,22,33,22,22,36,18,30,15,12,39,27,34,46,43,18,14,53,43,14,29,17,28,33,29,22,24,25,27,44,22,43,14,44,33,12,4,26,38
20210719,6,SO2,1,3,3,3,3,1,3,3,1,1,1,3,,,8,,5,4,8,,4,,5,8,,6,5,,6,3,3,5,4,3,5,,5,8,,8,3,6,4,5,,3,,3,4,3,5,8,4,6,5,2,4,,6,6,6,8,9,8,,10,5,6,,7,4,6,2,10,3,,5,6,3,3,4,,4,2,5,3,3,1,,10,8,,,3,7,7,11,16,9,51,,6,33,71,34,29,,9,9,5,5,6,9,5,9,6,5,5,3,3,4,4,2,3,4,3,3,3,12,7,3,,18,21,16,23,14,16,14,13,1,4,6,3,7,,4,5,6,5,5,8,5,9,9,3,1,4,1,6,,2,8,4,2,1,3,6,11,10,7,7,6,,,,8,8,,5,8,6,,,,9,,6,4,3,6,2,4,,4,7,,,,4,6,,8,9,8,4,3,,4,2,2,3,7,3,7,5,,2,,4,4,,5,6,,8,3,6,,7,3,5,4,34,7,14,,,6,7,8,6,4,6,3,,6,,,4,,8,5,,2,2,5,4,3,4,,4,4,4,4,4,8,5,6,6,6,7,5,9,6,5,7,6,9,2,,4,5,5,3,2,12,12,6,7,4,,11,5,,,2,8,7,8,,7,7,8,4,5,,,5,4,5,5,5,4,3,3,3,3,3,3,,3,3,4,2,4,4,5,5,5,,3,5,12,6,6,4,7,6,6,5,7,5,5,5,,5,7,9,5,7,5,6,5,4,4,5,5,7,2,,,4,5,5,4,5,5,5,8,8,6,7,,8,6,4,3,2,5,1,5,5,2,5,,,8,8,8,5,8,6,5,8,12,15,13,13,8,12,9,7,11,12,,16,7,2,3,3,4,4,,3,3,6,5,5,6,4,,,9,7,3,2,4,,4,2,8,3,,,7,23,6,3,7,7,5,4,5,4,5,,6,6,5,7,9,9,6,7,10,6,6,8,6,4,3,4,4,5,2,4,,4,5,5,5,,56,4,,6,,,,5,5,,,,6,10,5,5,3,6,6,,6,13,13,13,16,6,11,10,9,9,7,1,4,5,4,12,,4,2,26,9,12,12,,6,13,,3,3,5,2,4,2,4,5,2,2,2,9,2,2,3,4,6,4,,12,,10,5,5,11,6,,5,4,,,8,5,6,7,,5,21,1,,5,7,10,9,2,8,10,7,8,18,,,,2,,5,10,,7,5,5,6,4,5,1,3,2,3,,23,,,9,,6,10,8,6,8,7,10,8,,18,11,15,18,7,13,13,12,32,29,,6,15,6,6,9,6,12,16,6,,5,6,3,,8,7,,10,6,16,14,9,,14,5,,,3,6,,4,,13,13,10,11,9,6,,9,9,,2,4,,7,,9,9,14,,31,10,12,12,6,,5,4,3,4,3,5,3,6,5,5,6,6,7,7,11,9,6,6,5,4,43,7,14,4,7,6,7,9,4,4,6,7,5,,4,5,4,6,1,3,3,5,4,8,3,9,6,7,,5,3,31,,8,6,7,7,6,,17,12,2,,3,,1,4,6,3,2,1,4,,,,3,,4,,2,3,,,1,4,4,3,6,,7,,5,6,6,5,2,2,,7,5,8,6,10,8,,5,,,8,1,3,2,,6,13,11,28,10,5,5,12,9,9,7,12,6,7,4,3,8,5,2,5,6,6,8,5,5,,13,13,17,5,5,12,8,6,,,,,6,7,,5,4,6,5,4,3,4,5,6,5,5,5,5,4,5,7,5,,9,2,3,,3,2,,3,4,3,2,5,4,6,4,3,5,8,5,4,,11,10,2,5,9,8,,5,5,,7,5,4,5,4,4,10,4,4,,7,,,4,4,4,4,8,,,,,,5,4,2,,,5,,4,,,6,,6,9,7,5,8,9,8,6,6,,6,5,8,7,8,10,8,7,5,2,3,5,10,,4,6,,4,8,6,7,,,6,5,5,7,6,3,4,6,5,,,12,8,5,2,5,,8,14,5,11,8,8,4,,5,6,4,,,4,7,,23,11,7,,6,,37,34,,,7,4,,,13,7,18,,,2,5,11,13,6,8,6,10,11,5,15,6,6,5,8,6,8,4,5,4,5,8,3,6,,15,8,5,,14,12,10,9,5,5,7,7,6,10,5,8,,,9,5,5,6,5,17,5,2,3,11,8,6,6,6,5,6,1,,,2,3,4,4,5,8,,,11,10,,12,14,6,,2,6,14,8,7,2,1,6,4,12,2,7,7,6,4,2,,4,4,6,5,6,7,,4,,4,,,,9,10,8,3,3,2,,11,,4,6,7,4,4,4,2,6,4,5,5,4,3,6,16,5,10,18,7,2,4,,8,8,9,9,8,4,12,11,23,11,19,5,8,11,9,,4,61,76,10,8,3,16,18,17,19,15,6,14,3,12,,5,6,9,5,7,7,6,9,15,18,10,,5,1,2,,3,3,5,3,,4,3,2,,5,10,,7,11,6,5,6,7,7,6,5,2,,9,4,5,20,8,,12,5,,5,5,5,3,3,6,4,4,10,,5,4,1,,7,4,,14,5,5,5,,5,3,1,7,8,24,22,4,7,9,9,7,14,18,25,15,,4,3,7,8,7,5,5,7,4,13,12,12,7,12,7,4,4,70,2,3,5,5,3,3,4,5,5,13,13,14,11,6,9,9,18,9,6,5,5,7,4,6,30,49,6,8,11,8,,6,8,57,48,9,5,3,6,,3,5,10,6,6,11,7,6,5,5,8,7,3,6,10,,,5,5,5,,6,8,12,8,8,5,,8,6,7,,,,,7,6,6,9,6,13,11,13,,6,7,11,7,6,7,2,2,9,5,5,,,,,4,6,5,6,7,5,2,,5,5,4,8,13,6,6,8,6,6,5,6,5,6,,11,6,5,4,5,8,3,8,2,,9,6,,7,8,,8,7,5,,6,,9,,7,9,5,29,20,16,5,6,9,6,4,6,2,5,,46,53,4,7,8,7,,6,5,2,2,5,4,,6,7,6,1,20,,4,3,5,,10,10,11,10,12,15,9,,6,6,,7,1,3,1,5,6,4,4,7,,8,4,11,3,6,9,5,8,4,,,8,6,8,13,,2,6,6,6,50,4,9,6,11,5,5,13,7,,3,5,12,7,8,7,5,,3,,4,7,5,5,8,10,4,15,6,4,9,4,5,4,,,10,4,3,6,,7,11,6,13,,4,4,,,2,8,8,5,8,5,4,3,4,6,5,2,7,6,4,,5,3,,8,6,6,10,5,8,3,21,5,6,4,4,2,7,8,17,5,13,4,2,5,9,7,9,11,10,10,10,6,10,3,6,7,5,6,9,6,6,8,4,1,11,14,10,8,,9,1,,2,6,4,5,9,3,4,,3,6,6,8,6,6,10,2,9,12,8,3,6,6,15,5,2,7,3,,6,12,14,11,14,,18,4,8,4,4,5,6,5,3,6,3,8,5,36,11,5,,6,,6,4,5,9,1,8,7,8,6,8,8,7,6,7,4,8,6,20,7,7,6,5,9,21,5,6,4,4,3,10,8,1,10,4,5,5,1,2,3,2,,1,2,5,4,12,3,10,8,6,6,7,11,18,6,6,12,11,4,4,5,9,5,6,15,5,11,10,4,4,4,8,3,7,7,4,5,2,6,12,7,7,10,7,4,11,6,49,21,7,7,7,6,4,8,7,25,4,,2,3,3,13,17,5,7,7,5,4,4,8,7,8,3,2,2,5,2,6,7,6,8,9,,6,6,6,10,3,6,7,38,6,6,3,4,6,4,7,2,9,3,2,3,3,6,4,8,7,4,7,1,3,1,,1,1,7,11,73,13,8,4,18,13,5,3,7,5,7,6,8,,7,11,10,,5,9,6,12,3,4,6,15,6,12,10,5,13,,5,19,6,8,4,3,1,3,7,,6,22,10,7,8,4,4,2,4,22,3,,4,,4,1,,6,6,1,6,4,8,6,4,,5,20,10,11,,,6,8,2,6,3,8,6,14,6,2,3,4,4,7,6,10,7,11,6,7,3,1,,3,5,2,3,4,9,8,12,4,4,7,6,5,9,8,10,1,1,4,4,6,11,1,43,6,7,9,4,8,8,14,9,10,,8,5,1,6,4,8,8,7,7,8,2,7,7,2,10,4,2,6,11,7,9,6,4,,3,2,3,3,5,2,2,2,3,3,1,3,3,7,5,8,7,15,14,8,7,5,4,7,1,3,3,3,6,5,8,6,2,4,8,5,8,6,9,6,7,5,6,8
20210719,6,SO2_24h,1,3,3,4,3,2,3,3,3,1,3,4,,,8,,5,5,8,,4,,5,9,,6,5,,6,3,3,5,4,2,4,,2,6,,5,3,7,4,4,,3,,3,4,3,6,7,5,6,4,5,4,,6,5,7,8,9,8,,10,5,7,,7,5,4,2,12,4,,5,6,4,3,4,,4,2,2,3,2,2,,8,7,,,4,6,8,8,12,6,21,,9,14,17,15,15,,9,9,6,5,6,9,6,8,6,6,5,3,3,4,4,3,4,4,3,4,3,12,9,13,,12,18,18,17,14,16,10,15,1,4,6,6,7,,3,5,6,5,4,7,4,8,8,2,2,4,2,6,,2,9,4,2,3,4,6,8,10,7,7,6,,,,8,8,,5,8,6,,,,9,,5,4,4,6,2,4,,4,7,,,,7,6,,6,9,6,5,4,,5,1,3,3,6,3,7,5,,4,,4,4,,5,7,,6,4,5,,6,3,5,5,8,7,7,,,7,6,8,5,3,5,3,,6,,,5,,7,5,,2,2,4,5,3,4,,3,3,3,4,4,6,6,6,5,6,6,5,8,6,5,6,5,6,2,,4,4,4,3,2,5,7,7,5,3,,9,5,,,3,6,8,8,,6,5,7,5,5,,,5,4,5,5,5,5,3,3,3,3,3,3,,3,3,5,3,5,5,7,5,6,,4,5,9,5,5,5,6,6,5,4,7,5,6,6,,6,8,7,5,8,5,5,5,4,4,5,5,8,3,,7,4,5,6,5,5,6,6,8,9,7,7,,7,7,6,4,3,5,2,7,7,4,7,,,8,9,7,5,7,8,6,9,9,13,9,10,8,9,9,7,8,6,6,6,6,3,4,4,4,6,,3,7,6,7,8,8,4,,,12,9,4,2,6,,4,2,7,3,,,5,11,6,2,7,6,5,4,7,4,5,,7,7,5,8,11,10,6,7,11,6,6,8,6,4,3,4,4,5,2,4,,4,5,5,5,,17,2,8,8,,,,8,5,,,,10,10,6,6,3,8,7,,8,11,6,9,10,9,7,8,6,7,6,3,5,5,5,8,,5,4,13,5,12,13,9,8,16,,3,2,4,4,4,3,5,4,2,3,3,7,3,2,3,4,3,4,,11,,9,5,5,8,5,,4,4,,,6,4,4,7,,6,6,1,,10,7,6,9,3,7,8,6,8,9,,,,2,,5,10,,8,8,6,8,4,5,1,4,2,3,,8,,,10,,10,8,8,8,8,8,11,9,,8,6,6,7,7,6,8,10,12,20,8,5,6,7,6,9,6,8,8,6,,5,6,5,,7,7,,8,5,6,13,9,,14,6,,,3,6,,3,,12,12,9,10,9,6,,9,9,,2,5,,7,,8,6,11,,14,7,8,11,6,,6,4,4,4,3,6,3,8,8,8,9,7,8,8,11,14,7,6,6,14,13,7,23,10,7,5,7,9,4,5,6,8,5,,4,5,4,4,2,3,3,6,3,8,3,9,5,6,,6,4,13,,9,7,7,7,5,,10,7,4,,4,,1,4,6,3,2,3,2,,,,2,,3,,2,3,2,,2,4,7,3,4,,7,,6,4,7,5,2,2,,8,6,9,6,7,8,,5,,,8,1,3,2,,10,11,10,10,11,6,5,7,8,9,8,8,7,5,3,3,10,7,5,4,8,9,10,4,4,,12,17,15,9,5,7,8,5,,,,,7,8,,6,3,7,6,5,3,4,6,5,5,5,5,5,4,6,6,5,,9,2,2,,3,2,,2,4,3,2,4,4,6,3,2,5,10,5,4,,26,59,11,6,17,8,8,5,5,,7,5,4,5,4,5,9,4,4,,7,,3,4,4,4,3,8,9,9,11,,,5,4,2,4,4,5,3,4,,,7,,5,8,8,7,9,10,10,10,8,,7,3,8,7,9,10,7,6,5,2,4,5,9,,5,6,,4,7,7,7,,,6,5,5,7,6,3,4,6,4,,,5,9,5,3,5,,8,11,6,12,10,10,4,,4,5,4,,,3,7,,12,11,8,,6,,24,26,,,6,5,,,11,13,17,,,2,4,12,10,6,8,6,6,7,2,7,4,6,7,8,7,6,3,6,4,4,8,2,8,,8,8,6,,16,13,11,13,4,4,9,6,6,8,5,7,,,9,4,5,6,7,10,5,2,4,10,9,6,7,9,5,6,6,,,3,3,5,5,6,10,,5,11,11,,13,14,3,,4,5,10,9,6,2,2,6,6,10,4,8,10,7,4,12,,6,4,7,5,6,7,,4,,5,,,,6,5,6,6,4,2,,10,,9,7,6,4,4,4,2,7,7,8,10,5,4,5,5,5,6,10,7,4,5,,5,9,8,7,10,7,11,12,18,17,17,5,9,16,13,,7,17,23,15,14,4,5,7,6,19,10,6,13,6,9,,10,7,7,11,6,6,5,6,12,16,21,,6,2,2,,4,3,5,3,,4,3,1,,5,5,7,6,6,7,6,7,7,8,6,7,2,,8,4,7,16,10,,20,6,4,4,5,5,3,4,7,4,4,7,,3,4,1,,6,4,,19,6,5,5,,5,4,2,8,9,21,12,8,10,13,11,10,12,16,15,13,,3,3,6,9,7,7,7,11,10,12,11,9,5,14,7,4,9,10,7,2,5,6,5,4,4,5,5,10,10,8,9,8,9,9,12,9,8,6,7,7,7,7,21,17,7,9,10,10,11,7,9,22,23,12,7,5,6,,2,5,5,6,6,11,7,9,7,5,6,4,5,6,9,,,5,6,7,,7,9,11,9,9,6,,8,6,7,,,,,6,6,6,6,5,13,10,12,,7,8,11,8,7,8,2,3,10,5,5,,,,,6,7,5,7,6,5,2,,4,5,4,5,7,5,7,8,6,6,6,6,9,9,,11,9,5,4,6,8,4,8,5,,9,6,,7,8,,8,5,4,,6,,9,,7,9,7,10,10,9,5,6,9,4,4,7,2,4,,36,37,6,6,8,6,,5,5,3,2,5,4,,6,7,7,2,21,,4,4,6,,11,9,11,11,11,15,10,,7,14,,9,2,3,2,5,7,8,7,9,,9,4,11,3,5,9,6,7,4,,,10,7,9,8,,2,7,8,10,20,5,9,7,6,5,5,11,5,,2,5,13,8,6,7,5,,4,,4,7,4,5,9,12,21,12,6,8,11,8,4,4,,,10,4,3,6,,15,21,8,12,,4,4,,,2,9,7,5,8,6,4,4,3,6,4,6,10,7,4,,6,3,,8,5,6,8,5,12,5,9,8,4,4,3,2,8,8,25,4,11,5,2,6,9,5,8,10,8,7,6,6,11,6,8,11,5,6,8,6,6,7,2,1,10,13,10,7,9,9,1,,2,5,4,6,9,3,4,,2,10,6,7,4,6,9,2,9,6,7,3,35,5,10,6,2,6,3,,16,12,13,15,20,,21,4,8,4,4,5,6,5,3,6,3,8,5,23,14,6,,6,,6,4,5,9,1,8,8,8,6,9,8,8,6,8,4,9,8,19,7,7,6,6,8,8,5,6,3,4,2,10,8,2,9,5,6,5,2,2,3,2,,2,2,5,3,12,8,9,8,7,7,6,10,12,9,5,11,11,3,3,6,7,5,7,11,5,8,12,4,4,4,8,5,5,10,4,5,4,6,10,6,7,13,7,4,9,9,26,16,9,7,7,6,4,7,5,17,4,,3,3,3,10,11,4,7,5,6,4,4,8,7,7,4,3,2,6,1,7,9,7,8,9,,6,7,6,9,3,6,8,12,7,6,3,4,6,3,6,3,9,3,2,3,4,6,4,7,6,4,3,1,2,1,,1,2,4,6,27,14,10,5,12,13,8,2,7,5,7,6,10,11,7,5,9,,5,16,8,10,3,4,7,10,6,7,7,5,16,,4,24,5,8,4,2,2,3,7,,9,11,11,11,10,7,4,3,4,12,11,,5,,4,2,,6,6,3,7,4,8,6,4,,4,21,14,10,,,6,8,2,7,2,3,4,11,5,1,3,4,3,9,5,7,7,10,7,7,3,1,3,2,8,2,3,4,7,9,11,5,4,7,5,5,7,8,11,2,3,4,6,5,11,3,28,8,7,10,4,8,8,9,14,19,,10,6,1,6,3,8,8,7,7,7,2,7,5,3,12,3,2,6,9,7,6,6,4,,3,2,3,4,4,2,2,2,3,3,2,3,3,6,8,7,6,7,10,18,12,5,3,3,1,3,3,3,7,8,7,6,3,6,7,6,8,6,9,6,8,5,8,7
20210719,6,NO2,14,27,24,13,21,19,24,6,18,12,18,18,,,34,,31,24,32,,47,,26,14,,11,25,,53,24,20,28,19,23,9,,22,16,,26,13,4,14,18,,26,,13,9,7,18,21,15,14,17,23,15,,12,13,16,27,22,28,,9,22,16,,24,10,14,12,18,22,,3,10,8,7,42,,6,36,49,29,33,27,,16,13,,,19,20,24,15,18,32,23,,21,17,27,16,23,,15,14,19,7,7,13,12,18,7,25,7,31,26,32,21,22,23,19,23,24,29,24,29,12,,27,41,35,37,37,22,28,56,14,28,21,11,26,,20,38,18,17,18,17,16,19,5,16,18,19,14,10,,6,15,13,9,13,22,12,30,5,5,10,12,,,,13,10,,5,13,8,,,,26,,15,23,12,12,18,19,,15,26,,,,22,29,,27,43,38,7,6,,9,4,10,6,10,8,11,11,,8,,3,2,,14,14,,28,15,33,,30,26,12,20,39,11,23,,,10,16,11,21,17,19,17,,13,,,26,,24,21,,14,5,19,7,15,13,,14,16,17,18,16,20,16,8,33,27,22,20,26,20,25,50,18,25,1,,9,1,5,3,7,26,10,23,26,9,,27,20,,,11,13,26,23,,20,21,10,15,8,,,6,9,6,10,8,17,12,13,8,8,16,9,,16,5,20,39,27,28,30,24,43,,26,5,31,31,34,19,8,12,25,8,34,12,28,15,,27,35,29,27,28,16,34,11,6,12,8,5,13,5,,,11,5,9,12,7,10,9,19,19,18,21,,33,25,26,8,16,8,13,22,17,13,17,,,12,21,21,8,9,13,6,12,37,36,26,27,33,28,32,33,18,25,,29,11,7,16,13,8,13,,18,26,11,14,22,22,8,,,25,11,24,11,9,,35,50,46,30,,,24,8,12,23,25,22,18,32,26,23,16,,13,8,9,14,5,8,6,7,8,4,5,6,12,11,29,5,16,6,14,16,,7,9,12,16,,36,18,,39,,,,22,9,,,,16,16,51,59,76,75,57,,56,37,12,24,20,28,18,29,14,17,18,4,7,32,4,34,,20,44,36,25,16,17,,10,20,,11,11,21,8,7,19,12,15,13,10,8,10,9,27,8,6,19,2,,17,,14,14,14,24,11,,15,17,,,16,19,19,37,,11,18,17,,9,5,12,15,6,9,11,11,14,22,,,,6,,12,15,,12,8,7,11,14,3,2,11,6,13,,14,,,3,,5,11,9,6,4,3,8,3,,14,20,24,13,43,17,8,10,11,16,,22,16,6,7,7,29,17,18,14,,13,13,14,,7,8,,6,8,16,10,15,,38,12,,,11,9,,29,,29,25,17,36,4,2,,12,1,,7,20,,16,,19,13,15,,16,16,24,30,14,,3,5,6,23,14,4,1,20,20,4,20,6,24,10,24,33,19,13,15,18,29,14,20,16,24,25,24,12,21,9,10,2,7,,6,11,12,17,15,7,10,11,11,5,6,7,14,20,,15,18,20,,12,10,34,3,3,,11,19,1,,4,,6,9,3,4,6,7,7,,,,12,,10,,2,1,,,9,7,7,9,16,,11,,25,32,6,12,11,10,,16,28,19,10,7,15,,11,,,3,10,6,5,,15,15,18,12,8,12,6,36,12,10,6,23,12,29,10,13,5,2,11,13,18,18,20,22,16,,25,14,39,16,16,24,20,17,,,,,3,7,,28,8,12,5,5,5,12,16,22,27,16,16,16,18,17,13,9,,12,8,27,,24,22,,30,14,12,24,10,11,13,6,10,12,11,5,9,,12,25,2,22,20,25,,6,8,,7,33,3,6,4,12,24,20,20,,11,,,6,6,27,31,16,,,,,,15,18,11,,,6,,5,,,14,,11,15,16,18,20,17,16,22,14,,22,27,24,24,26,8,6,26,21,13,15,14,6,,30,19,,17,14,15,15,,,10,12,10,13,9,7,4,14,3,,,23,12,12,12,10,,8,19,29,14,28,34,12,,18,18,15,,,17,20,,7,24,45,,47,,24,34,,,12,6,,,14,7,13,,,5,10,27,26,6,7,6,9,8,6,9,10,3,6,8,8,13,25,30,17,7,4,12,12,,20,7,18,,13,12,16,13,13,5,7,6,7,8,9,27,,,40,8,12,6,6,13,7,14,4,9,9,5,20,14,34,20,24,,,14,11,6,5,8,14,,,18,11,,7,3,9,,10,8,14,15,8,6,2,4,24,25,63,40,17,12,26,15,,19,8,7,3,27,26,,10,,13,,,,15,15,8,15,3,4,,22,,17,30,19,6,5,8,9,9,16,8,29,5,2,10,15,6,21,26,22,17,10,,20,5,10,4,10,9,4,5,22,10,33,10,13,13,2,,10,24,24,34,20,6,11,14,14,13,3,5,5,12,12,,16,18,13,14,20,23,16,15,22,25,38,,9,7,3,,7,3,6,11,,16,11,12,,2,13,,8,10,5,5,6,7,7,8,6,5,,11,8,7,40,16,,16,6,,14,8,8,13,9,10,16,16,21,,10,4,6,,11,11,,9,2,5,6,,5,4,7,2,4,16,13,27,14,17,16,5,16,18,16,15,,18,14,23,16,20,19,18,25,27,10,20,10,12,13,4,5,1,4,6,14,16,6,15,11,4,4,4,10,26,26,9,12,18,8,19,19,22,18,21,20,6,14,13,17,10,19,12,15,,23,32,21,24,9,8,6,23,,21,12,6,6,20,15,17,9,15,10,13,13,10,5,34,,,4,6,2,,5,18,5,2,21,7,,9,4,14,,,,,12,8,10,19,17,9,5,5,,32,14,11,5,6,15,5,10,36,20,24,,,,,6,23,7,13,15,20,12,,7,4,6,15,19,7,4,3,5,15,8,7,9,8,,6,5,5,8,5,12,18,5,11,,5,8,,5,4,,7,21,4,,4,,5,,5,5,9,32,33,32,11,15,17,17,4,8,5,14,,25,20,2,24,6,34,,15,15,44,27,6,5,,7,6,26,10,14,,35,14,12,,14,3,12,13,13,6,11,,11,25,,17,14,12,6,21,23,8,4,4,,34,10,5,10,8,10,18,14,9,,,28,34,25,8,,5,45,34,35,58,12,4,19,24,23,18,27,13,,52,34,19,31,13,17,13,,8,,4,20,27,9,28,18,3,13,11,20,27,1,16,14,,,17,30,8,20,,16,11,34,5,,2,8,,,14,36,28,13,16,6,13,24,2,27,8,16,6,10,20,,39,13,,30,7,16,12,4,13,13,11,6,9,16,34,9,31,3,26,30,14,21,6,22,6,14,10,16,21,11,14,11,36,19,6,33,7,3,2,6,8,7,3,10,7,11,16,25,22,10,3,,6,22,9,17,4,22,19,,45,38,5,19,8,2,5,15,21,20,36,8,10,26,4,7,8,28,25,,14,77,27,20,40,,5,26,15,14,14,22,19,29,16,9,13,21,25,23,13,8,,7,,8,6,8,15,9,19,23,28,20,29,20,13,10,15,7,6,18,38,6,9,11,11,9,12,2,12,26,23,19,15,10,2,26,3,18,21,2,3,10,8,,10,4,9,8,8,28,11,11,9,9,11,8,26,13,2,15,37,51,26,8,15,9,5,41,15,14,19,16,20,12,16,18,10,19,14,10,21,14,7,10,14,6,13,18,20,16,30,21,11,21,19,15,19,8,12,14,25,,7,14,18,31,29,18,14,15,6,4,30,22,22,22,8,27,8,12,5,9,86,5,30,40,,31,4,11,12,7,11,23,13,14,6,15,11,21,13,30,11,13,33,16,23,7,11,24,13,10,11,35,3,13,4,,7,2,7,13,17,5,18,6,10,14,14,23,35,20,18,6,6,12,9,22,12,,17,9,1,10,6,5,26,18,21,19,18,16,20,,14,16,16,16,6,9,10,7,28,,18,22,11,25,14,12,7,17,8,15,7,,21,,13,7,,3,24,7,13,26,30,18,24,,29,14,11,3,,,1,24,39,20,31,21,21,15,19,7,7,25,31,34,42,30,18,17,33,32,2,4,,7,9,11,6,14,27,2,15,9,11,22,9,10,14,4,34,1,1,25,20,20,20,8,28,5,8,6,17,15,17,36,20,38,,16,4,7,5,25,15,6,11,10,14,34,11,14,7,18,20,25,9,21,19,34,20,12,,2,2,3,8,16,11,4,18,21,6,11,4,12,37,8,15,11,29,24,28,12,18,23,18,11,13,10,19,15,36,4,11,15,10,31,10,31,15,14,4,6,21,18,19
20210719,6,NO2_24h,15,8,24,16,15,20,24,12,10,12,19,17,,,13,,14,13,22,,21,,29,6,,6,9,,29,21,14,16,16,18,9,,13,17,,18,14,4,14,14,,13,,7,11,7,12,13,17,13,18,17,12,,12,8,14,24,18,19,,11,24,22,,29,10,13,10,15,14,,6,13,10,10,25,,8,24,22,17,16,17,,15,21,,,17,20,18,16,17,25,23,,14,19,21,18,21,,18,15,19,6,7,8,11,10,7,20,4,27,23,34,16,19,14,18,21,17,31,21,19,9,,21,30,30,25,29,18,21,29,13,17,14,9,16,,18,18,11,15,19,30,27,34,23,25,18,35,16,9,,6,16,8,9,12,16,7,20,2,4,7,9,,,,14,12,,8,13,8,,,,22,,12,21,11,9,18,15,,12,19,,,,18,21,,18,23,21,5,20,,8,4,7,4,6,3,4,7,,7,,4,3,,16,19,,22,15,21,,19,18,11,19,23,7,15,,,9,11,12,18,11,12,15,,11,,,18,,17,16,,8,4,7,9,15,13,,11,16,19,16,21,12,14,9,20,21,16,13,19,19,20,22,14,17,1,,10,3,4,4,7,13,8,21,19,14,,22,23,,,11,8,14,19,,13,13,10,11,7,,,6,8,6,8,8,13,14,15,9,11,14,11,,17,6,13,30,27,23,28,20,38,,24,10,22,23,26,12,15,14,25,15,25,11,28,22,,25,32,24,23,26,19,28,18,10,17,11,13,21,14,,5,13,9,9,15,10,13,13,22,24,23,22,,22,34,30,16,20,15,16,25,22,18,19,,,13,15,17,11,10,16,10,13,28,35,15,17,16,13,17,13,14,19,15,18,7,5,12,8,6,11,,23,30,22,25,33,27,15,,,37,26,35,27,20,,23,28,30,29,,,20,9,16,26,24,19,19,30,27,26,21,,18,10,11,14,13,14,10,12,13,9,17,15,21,21,30,18,29,19,24,20,,15,20,25,22,,27,13,37,43,,,,27,8,,,,25,26,42,43,41,52,35,,39,21,14,23,17,19,14,18,11,12,13,3,8,25,9,33,,24,29,30,21,18,21,16,14,20,,12,11,12,7,7,10,9,12,12,11,7,8,5,13,6,6,8,6,,13,,7,8,10,12,10,,11,17,,,8,11,9,16,,8,10,10,,10,3,6,11,7,12,11,9,14,14,,,,7,,7,10,,11,10,10,17,6,4,2,17,14,19,,8,,,9,,11,12,16,10,9,7,9,6,,15,15,14,14,26,10,10,10,11,17,10,17,17,6,8,5,18,13,12,10,,12,15,16,,7,8,,6,9,10,9,8,,28,14,,,14,13,,21,,17,13,16,20,5,2,,11,2,,15,20,,15,,16,15,12,,13,14,14,19,8,,6,9,14,15,17,8,2,15,18,6,15,5,19,10,27,28,13,10,13,15,14,10,14,12,18,18,17,12,17,8,12,5,10,,8,11,14,14,12,10,8,8,8,6,5,18,23,30,,25,22,23,,14,12,19,15,3,,18,11,2,,9,,6,10,4,7,6,7,7,,,,12,,11,,5,2,3,,16,11,8,12,14,,10,,17,16,10,13,13,10,,14,24,11,8,10,10,,13,,,4,11,8,8,,15,21,17,14,10,9,6,12,12,12,8,12,12,15,9,9,9,10,17,15,21,25,25,25,19,,14,11,26,17,12,16,16,15,,,,,11,18,,19,12,14,11,10,12,19,17,16,20,15,17,15,12,24,16,19,,14,15,22,,21,13,,15,9,12,15,15,14,10,11,14,16,20,19,15,,12,18,15,19,21,9,19,13,18,,12,17,10,11,11,7,16,17,17,,7,,8,5,5,14,14,8,4,11,9,,,10,11,8,7,6,7,7,9,,,10,,11,14,18,18,19,15,14,18,17,,12,17,20,19,22,5,3,14,13,11,11,11,4,,24,11,,15,15,12,17,,,12,8,6,8,12,6,4,8,3,,,20,15,15,16,12,,10,14,20,12,16,16,10,,14,13,10,,,13,14,,10,15,22,,22,,17,22,,,11,8,,,19,11,14,,,5,7,8,9,6,7,6,7,8,6,8,9,5,10,12,6,10,17,18,17,6,4,10,9,,19,9,16,,7,11,17,12,9,4,5,5,8,6,6,20,,,30,8,10,10,9,11,7,11,6,12,12,5,15,10,26,17,10,,,12,15,11,11,7,11,,8,20,18,,16,12,15,,8,8,7,9,4,12,3,7,24,23,30,33,19,15,18,13,,13,11,7,4,24,20,,9,,10,,,,10,15,6,17,3,4,,18,,18,20,18,8,7,8,8,8,18,12,21,9,2,6,6,5,18,24,20,18,9,,10,6,12,10,12,9,5,9,19,15,16,9,11,18,5,,12,15,13,16,17,9,11,12,10,11,7,8,8,11,14,,15,16,11,10,13,13,10,11,15,17,22,,11,8,7,,9,7,9,9,,12,8,14,,3,10,9,8,8,6,6,7,7,8,9,6,7,,7,8,6,27,19,,14,11,5,19,9,11,12,9,13,17,16,13,,11,9,9,,14,12,,12,2,7,6,,7,5,8,4,5,14,11,18,11,11,10,8,11,15,14,15,,14,11,17,10,14,14,12,14,22,7,7,8,12,19,5,9,3,6,8,5,18,11,21,15,6,4,5,18,25,18,20,12,10,12,16,15,16,19,19,15,12,9,10,10,9,14,12,14,10,14,19,17,17,8,10,6,14,,16,11,10,9,17,13,14,13,14,11,14,13,11,7,18,,,7,13,8,,11,9,6,5,12,11,,19,9,11,,,,,10,8,12,19,15,11,5,9,,27,11,9,9,10,11,10,11,14,15,12,,,,,11,12,10,12,15,17,23,,7,6,7,10,13,9,8,9,8,11,11,13,11,12,,7,9,12,12,7,14,16,8,13,,5,8,,9,8,,8,21,6,,6,,10,,6,5,8,12,18,16,10,16,19,15,5,8,10,10,,20,16,3,13,9,26,,15,18,22,22,19,15,,8,10,20,14,16,,24,15,14,,16,4,14,22,9,8,13,,14,26,,23,21,14,12,21,26,12,9,7,,34,13,17,18,16,9,15,13,11,,,28,25,26,7,,11,36,34,24,28,13,4,26,7,7,12,21,12,,24,23,12,19,10,14,13,,10,,5,18,22,12,23,19,16,19,10,16,22,6,12,7,,,21,16,7,8,,25,19,31,8,,2,5,,,11,24,24,7,18,6,9,26,2,22,10,29,19,18,21,,19,12,,21,8,14,13,6,14,10,11,8,12,14,15,7,17,7,24,19,7,14,5,12,16,9,10,11,10,8,9,11,32,15,10,34,8,10,8,9,10,8,5,11,12,13,17,17,20,18,5,,7,12,10,22,8,12,12,,29,34,8,13,10,2,5,21,17,18,21,10,17,21,8,6,8,18,17,,11,38,22,27,14,,15,17,15,16,14,12,16,16,15,7,5,10,24,18,11,11,,8,,10,5,4,12,5,9,23,29,25,26,27,17,13,16,11,8,26,21,7,8,13,17,10,10,6,12,20,17,12,24,7,2,20,5,12,14,4,6,11,10,,11,4,9,7,8,18,11,12,10,13,15,8,20,16,3,23,19,27,16,11,18,9,5,22,12,11,19,12,10,5,12,13,10,20,15,12,15,13,10,11,13,10,10,5,13,12,18,13,14,14,12,11,15,8,9,9,18,,8,6,8,31,17,28,18,15,5,3,18,16,19,15,6,12,4,10,3,16,52,19,31,27,,17,7,9,11,11,12,27,12,16,6,16,16,15,10,12,9,11,16,17,22,7,10,21,11,9,10,19,5,11,7,,9,3,6,9,15,10,17,7,18,25,15,11,15,12,15,12,10,13,9,8,7,,10,13,4,12,9,5,11,20,19,9,11,8,18,,15,10,22,23,3,5,8,6,16,,13,13,14,13,20,8,7,11,10,12,9,,12,,11,8,,5,21,14,18,20,16,14,14,,10,13,11,4,,,5,12,25,12,17,12,19,12,15,9,6,17,16,19,34,28,21,18,24,26,2,6,18,7,18,7,7,15,21,10,18,7,17,21,20,19,17,8,35,10,12,11,15,20,15,11,22,10,13,11,17,14,14,18,21,31,,23,9,8,6,18,16,17,9,6,14,21,11,14,9,20,26,17,14,14,10,25,14,10,,4,3,4,9,11,15,3,9,14,7,17,4,15,15,8,22,10,30,17,19,7,16,12,17,8,5,9,15,15,24,5,10,9,10,27,11,28,13,16,14,6,19,23,12
20210719,6,O3,37,3,45,39,37,44,39,56,28,36,44,33,,,18,,20,30,18,,10,,43,67,,45,37,,4,27,18,18,27,36,92,,38,49,,35,47,85,71,83,,6,,53,63,50,34,18,50,34,37,35,20,,28,52,11,17,8,15,,3,33,53,,42,64,56,49,30,28,,59,59,61,63,22,,41,29,14,32,20,17,,55,65,,,52,50,39,54,27,7,26,,8,37,26,39,31,,54,78,64,76,71,76,82,50,65,69,59,50,53,40,42,69,26,32,35,38,38,42,28,35,,28,19,26,16,27,28,26,14,48,37,40,40,42,,50,22,46,53,32,36,38,40,45,,37,46,39,43,,53,61,46,51,52,44,42,37,36,38,40,57,,,,32,38,,49,41,36,,,,21,,45,45,50,51,41,45,,42,34,,,,44,29,,20,3,14,44,43,,47,46,52,49,46,42,64,56,,47,,59,51,,48,46,,32,17,17,,19,36,44,10,25,51,40,,,34,41,50,34,31,38,24,,47,,,31,,40,42,,26,52,31,25,26,20,,48,50,37,38,44,9,36,4,30,17,30,32,33,27,31,5,34,41,72,,39,56,47,44,20,41,55,19,20,18,,18,27,,,26,44,22,37,,44,41,57,54,75,,,57,57,66,63,70,24,49,50,46,55,45,47,,40,57,24,24,35,30,20,51,19,,25,78,21,23,10,7,35,4,25,38,9,21,26,36,,22,14,20,31,24,22,19,28,38,36,31,31,35,38,,,43,44,27,35,42,32,36,25,27,28,16,,12,22,2,29,22,29,28,23,24,32,22,,,29,22,22,36,33,30,41,36,20,26,25,19,3,7,18,5,18,14,,2,11,38,34,42,42,58,,60,74,72,91,86,71,59,,,88,85,81,74,75,,8,11,18,22,,,48,84,6,7,4,4,7,2,1,12,5,,54,62,61,62,75,69,62,62,54,63,58,60,46,44,21,54,45,61,50,26,,44,37,50,33,,59,101,,68,,,,40,91,,,,83,92,24,4,4,10,16,,4,7,24,29,24,2,26,9,25,22,33,29,4,5,26,44,,55,22,45,48,73,72,,67,63,,58,60,38,13,15,10,14,42,36,54,82,79,75,61,52,55,36,67,,40,,41,55,57,25,43,,40,43,,,37,34,35,22,,37,40,36,,55,61,51,43,73,64,52,54,48,38,,,,60,,37,37,,49,71,79,65,53,76,86,45,70,51,,46,,,45,,44,38,40,57,62,52,62,61,,42,33,27,44,,32,47,34,29,11,,21,41,48,40,41,7,19,11,24,,28,35,35,,62,60,,59,61,49,50,22,,4,28,,,48,57,,12,,35,28,37,28,62,65,,58,66,,64,49,,50,,47,31,61,,62,65,42,38,55,,34,27,63,32,30,46,6,36,24,42,11,27,22,33,10,10,28,19,5,42,51,60,42,50,26,18,18,31,22,30,71,78,86,,94,17,10,11,9,13,70,83,73,86,78,42,44,43,,42,34,39,,45,38,23,44,31,,26,28,78,,48,,49,47,56,49,64,64,62,,,,47,,47,,75,70,,,63,58,61,40,34,,34,,14,11,28,10,60,51,,28,10,16,36,75,18,,83,,,51,50,44,15,,14,28,19,36,37,57,62,20,65,62,59,32,60,24,21,5,82,105,94,62,,12,9,,16,,13,33,6,11,8,11,9,9,,,,,83,87,,60,72,77,97,89,83,82,21,16,2,4,5,42,40,47,53,57,,27,45,34,,3,7,,11,66,50,66,80,93,69,85,88,42,56,67,58,,51,36,111,64,70,57,,95,92,,84,15,121,100,108,44,34,42,42,,51,,,73,73,15,25,35,,,,,,40,25,61,,,55,,65,,,50,,55,54,55,42,41,39,41,45,52,,23,20,46,46,44,38,45,32,39,46,33,50,44,,20,35,,33,42,8,16,,,22,39,32,39,46,53,52,53,62,,,27,55,55,59,57,,63,36,21,51,28,17,57,,47,47,53,,,52,32,,75,37,7,,4,,86,79,,,60,41,,,73,100,60,,,47,40,16,24,130,140,137,48,65,62,72,44,83,73,54,64,41,16,24,28,37,43,28,26,,50,54,24,,25,22,9,10,63,76,46,48,25,33,27,19,,,10,30,32,28,26,7,14,8,15,16,11,5,16,36,6,31,9,,,44,20,18,20,37,48,,,50,45,,50,51,50,,46,43,54,45,61,49,58,57,16,17,3,3,9,36,9,34,,13,7,6,19,19,16,,58,,55,,,,49,59,53,51,58,54,,16,,51,34,45,61,59,61,58,38,30,48,7,62,75,44,32,48,6,9,10,14,22,,17,3,12,17,15,3,20,40,28,42,7,12,21,31,27,,8,18,25,9,10,28,27,30,32,28,44,55,58,36,26,,10,16,24,2,23,26,26,31,22,15,7,,50,57,60,,63,64,63,43,,38,34,63,,70,54,,58,58,57,53,56,51,63,38,39,46,,39,49,53,12,46,,40,55,,28,16,26,42,47,46,39,45,32,,50,61,47,,58,61,,57,49,29,28,,73,85,77,33,31,12,16,16,32,28,24,5,25,22,24,24,,26,22,20,22,9,21,15,10,12,14,16,10,12,18,14,27,32,14,21,5,8,12,3,2,3,5,4,46,32,46,59,22,4,30,27,17,19,37,37,37,48,46,55,50,21,8,50,49,,32,12,30,21,27,34,33,30,,39,,19,25,7,30,26,33,23,13,18,28,20,54,5,,,104,91,94,,87,19,39,36,44,41,,22,26,16,,,,,42,37,32,24,33,37,27,32,,10,81,58,76,68,54,19,32,18,38,15,,,,,58,39,33,28,48,33,15,,4,49,51,48,24,86,76,83,25,10,61,69,53,55,,31,40,38,34,16,10,37,67,24,,34,31,,73,39,,37,38,58,,57,,92,,18,15,28,8,4,8,68,68,69,69,38,27,16,32,,77,61,63,20,59,40,,74,77,28,58,102,103,,103,97,51,77,39,,41,57,52,,52,99,75,72,40,117,82,,94,68,,83,72,80,74,56,64,91,95,73,,42,51,38,78,79,61,60,73,72,,,48,23,42,39,,58,34,47,16,5,54,67,28,29,50,36,32,58,,3,11,29,16,45,48,51,,63,,57,41,47,16,10,19,104,45,54,39,22,85,48,34,,,55,1,52,27,,84,98,72,56,,56,30,,,62,30,32,42,33,49,57,59,53,32,53,78,111,93,48,,11,35,,6,63,24,43,98,57,38,60,37,39,24,,52,30,68,29,25,38,32,42,29,51,30,29,10,8,26,22,46,20,28,100,53,65,74,56,91,92,69,63,45,44,47,27,28,24,62,74,,41,16,45,55,80,9,15,,15,53,51,32,38,55,86,59,24,43,31,63,35,31,76,37,44,11,14,,21,2,64,41,53,,101,43,51,53,65,29,45,34,43,39,33,34,48,87,46,53,,50,,55,51,61,24,40,15,29,24,18,22,26,27,38,32,40,43,27,7,36,47,28,40,31,49,19,53,36,41,44,52,51,57,19,56,10,3,75,71,54,64,,44,48,5,12,17,6,38,41,17,72,42,37,61,66,52,26,30,11,35,53,38,19,66,14,58,48,32,39,31,46,49,29,46,44,48,46,39,48,52,36,36,50,30,16,23,45,4,9,28,4,41,39,38,53,45,34,5,,63,21,6,52,24,39,52,43,48,51,17,47,46,42,48,23,53,33,72,79,4,104,50,27,,2,67,27,26,33,39,20,40,14,43,27,25,20,19,38,51,38,11,50,33,54,20,24,42,63,59,21,61,39,62,,64,69,58,47,9,88,12,21,73,56,43,46,26,29,13,90,108,52,47,31,46,,29,60,75,62,63,71,,41,39,42,48,29,66,,68,90,55,56,39,46,20,53,4,,39,32,39,15,18,26,11,11,21,22,16,,27,,39,31,,22,38,72,59,28,49,32,30,,23,22,25,44,,,72,26,14,17,8,32,25,57,39,51,69,32,13,16,6,12,26,28,15,3,43,55,,61,70,51,54,47,18,74,23,65,42,30,49,45,38,106,40,112,115,7,20,46,40,56,79,32,32,69,21,28,22,17,27,26,,42,50,55,52,21,33,86,62,47,37,27,52,47,90,82,50,,16,34,14,27,36,54,,58,63,78,91,43,68,62,35,9,13,44,12,39,11,28,41,58,52,16,14,65,30,33,45,24,32,37,3,51,28,61,,54,58,18,63,20,57,49,35,38,58,13,34
20210719,6,O3_24h,81,87,115,92,102,93,94,86,84,99,97,94,,,117,,108,120,125,,107,,71,116,,88,130,,96,94,94,90,71,106,111,,106,85,,91,83,96,100,117,,103,,90,93,79,113,113,119,106,108,120,104,,104,108,108,72,78,81,,68,113,113,,117,128,128,119,125,116,,78,95,76,82,106,,113,98,99,112,102,100,,162,151,,,172,169,153,158,154,163,148,,155,153,165,163,151,,136,110,99,111,106,106,117,125,106,104,91,102,102,99,106,113,119,88,105,100,116,144,143,117,,144,160,139,141,127,142,133,144,107,105,114,104,111,,114,95,109,98,128,123,121,133,124,85,121,140,143,113,,137,127,129,126,118,114,126,110,113,115,113,94,,,,77,90,,95,87,86,,,,190,,163,150,162,162,125,148,,150,169,,,,166,160,,199,174,184,112,122,,132,104,109,96,101,97,110,102,,106,,93,81,,132,151,,155,140,144,,151,154,124,139,78,95,95,,,91,80,94,101,92,79,85,,99,,,153,,152,152,,97,92,97,92,86,94,,107,110,129,128,134,119,112,103,83,85,88,88,89,94,82,82,82,85,81,,83,80,94,67,160,115,106,98,107,93,,102,98,,,100,108,129,108,,113,130,117,144,97,,,84,89,94,94,95,92,81,84,80,83,82,81,,68,85,147,146,153,152,147,126,132,,132,140,89,88,87,87,81,77,75,86,88,81,141,182,,158,135,173,109,147,77,124,112,77,73,78,74,83,113,,51,81,98,102,92,79,85,94,180,160,177,149,,188,169,156,104,126,114,107,132,141,161,120,,,107,113,107,83,76,72,88,88,191,189,212,202,127,135,133,125,114,150,74,128,74,75,72,75,75,121,,118,151,151,213,172,222,170,,,151,170,170,150,156,,169,191,171,162,,,185,143,75,86,101,97,86,86,89,85,89,,102,94,78,93,83,81,125,114,116,121,115,128,97,93,96,91,86,103,103,110,,105,86,95,89,,212,164,112,179,,,,181,180,,,,183,226,123,114,126,120,128,,125,93,88,96,104,78,90,84,76,91,88,91,74,89,84,184,,165,166,185,159,182,178,131,187,184,,109,116,118,113,116,111,124,119,104,106,103,98,103,101,124,121,106,119,,94,,93,105,99,108,143,,146,102,,,117,121,115,126,,91,100,104,,100,101,101,104,112,102,92,96,100,102,,,,112,,111,98,,104,129,124,122,100,101,112,66,78,77,,124,,,161,,146,125,127,105,109,101,109,86,,110,107,107,96,116,100,103,97,116,116,59,96,81,88,80,86,85,75,81,98,,92,113,106,,136,109,,126,127,123,117,123,,134,88,,,89,107,,110,,120,122,125,124,84,88,,86,90,,105,92,,101,,83,81,82,,87,86,88,83,89,,135,153,129,128,121,129,67,146,143,157,132,147,136,101,97,92,89,87,93,102,104,93,98,100,112,105,120,106,115,84,78,78,86,,94,93,73,81,84,98,116,103,107,100,107,126,106,123,,116,113,118,,118,106,117,94,96,,98,96,85,,86,,92,92,102,87,104,100,89,,,,99,,101,,87,87,77,,84,82,89,99,103,,106,,140,132,155,136,144,120,,151,157,163,126,137,155,,100,,,120,99,97,65,,132,115,138,112,76,95,80,88,116,118,110,126,125,118,70,70,152,160,166,145,82,81,80,72,75,,149,170,145,150,92,115,124,87,,,,,247,197,,183,72,80,106,89,83,94,117,108,109,109,116,89,100,104,113,121,,96,102,120,,139,146,,146,158,167,147,146,153,157,162,158,123,121,128,106,,143,157,148,183,196,166,113,112,127,,110,107,133,121,128,112,113,110,110,,83,,94,106,106,102,117,97,78,78,93,,,107,92,126,87,49,93,48,84,,,146,,132,134,138,164,168,160,168,182,123,,149,140,196,204,195,157,163,144,144,115,143,93,85,,92,119,,130,129,85,92,,,87,106,90,95,89,92,90,93,101,,,155,88,87,90,85,,77,122,123,119,127,112,89,,87,89,136,,,134,127,,108,97,117,,116,,211,224,,,91,68,,,168,183,166,,,71,78,119,116,182,184,173,88,85,87,87,80,136,132,124,145,200,192,157,162,76,80,70,75,,192,186,94,,75,74,95,100,115,127,92,86,87,75,85,105,,,110,134,109,125,215,130,131,127,136,93,92,80,97,87,86,89,108,,,185,68,64,68,107,113,,167,147,158,,149,148,148,,125,119,123,118,117,71,85,76,112,118,112,98,88,141,72,91,,90,95,92,87,143,146,,113,,107,,,,92,92,94,90,117,109,,119,,116,129,129,94,96,91,85,89,94,100,121,89,102,99,98,100,113,121,123,106,84,,84,78,65,66,66,71,84,98,94,96,91,82,98,106,101,,82,95,95,89,82,125,117,117,109,128,142,139,141,147,92,,101,102,99,92,87,89,88,86,85,83,92,,72,98,92,,95,94,96,107,,121,114,89,,93,91,66,93,98,116,109,117,116,124,95,90,94,,91,89,98,115,123,,141,140,85,111,109,127,145,136,126,123,141,138,,123,125,108,,122,124,,134,143,135,131,,101,104,114,92,88,126,120,123,119,126,118,98,105,106,108,97,,112,114,124,109,140,165,155,156,143,122,133,116,134,120,69,109,128,104,110,75,63,85,83,80,82,89,75,183,170,163,174,56,68,63,101,112,58,128,127,130,135,140,130,132,124,145,165,185,78,130,122,127,127,107,98,151,154,,160,114,99,115,93,110,106,110,89,114,130,143,139,131,149,,,125,120,120,,115,100,104,102,129,111,,129,107,111,,,,,128,122,115,106,116,153,132,127,,96,109,131,120,122,117,83,74,91,77,83,,,,,101,92,102,93,64,62,91,,85,98,101,108,102,104,81,107,54,61,69,71,87,88,,84,84,68,64,55,62,100,97,64,,74,67,,85,112,,84,81,78,,114,,132,,87,77,133,138,152,133,170,154,158,156,105,127,114,117,,150,150,145,171,159,156,,141,158,151,148,138,140,,136,129,158,155,141,,153,167,158,,148,219,145,158,119,145,222,,243,172,,173,146,146,145,117,115,151,148,141,,127,125,119,158,138,111,124,136,129,,,126,127,133,92,,99,137,129,123,135,108,86,126,94,108,114,96,90,,119,127,198,188,86,170,156,,112,,115,107,185,122,81,83,136,144,131,141,160,122,150,105,,,113,167,103,116,,172,177,216,138,,91,171,,,95,171,162,88,78,96,89,85,92,154,112,187,171,217,92,,120,115,,112,136,105,107,126,159,69,128,78,104,126,98,72,97,102,196,91,81,100,66,92,106,134,91,82,86,87,82,110,150,109,112,152,93,144,150,105,103,115,99,99,141,139,94,144,186,116,86,,96,73,116,92,97,93,102,,96,186,105,116,101,86,130,143,204,113,157,86,101,156,108,89,98,156,122,,94,188,161,178,175,,134,117,106,112,118,104,108,115,103,96,91,119,176,218,155,88,,100,,135,96,96,176,99,83,104,113,136,148,144,142,82,92,94,84,159,225,94,84,97,118,105,125,102,120,122,140,135,122,120,82,138,114,108,115,86,82,87,94,,82,85,95,93,86,208,116,90,79,116,126,96,184,169,112,98,130,176,163,165,115,145,91,121,112,118,94,111,98,99,148,135,94,94,99,89,117,117,155,135,124,129,127,87,128,120,150,112,139,119,133,102,118,98,99,100,98,,117,95,79,179,155,136,163,123,127,86,186,173,152,152,122,113,101,124,96,139,130,137,117,124,,89,89,77,85,86,77,147,102,170,93,108,110,108,82,91,113,107,110,98,88,125,87,110,131,117,111,128,86,96,94,,99,90,94,95,101,110,102,85,137,107,177,157,195,137,137,161,138,138,107,113,109,,116,119,120,123,77,106,162,114,107,113,133,130,187,,144,188,134,123,66,128,143,122,159,,153,141,175,136,121,89,96,66,82,71,69,,110,,145,122,,103,93,127,102,139,138,106,79,,104,141,137,120,,,78,142,100,87,84,108,85,95,81,92,83,106,118,107,96,109,115,119,127,108,80,81,68,84,101,89,89,113,84,133,88,95,113,97,93,88,108,133,128,122,132,91,151,106,79,90,210,170,85,91,164,113,113,127,177,178,,123,110,87,92,214,102,234,86,91,110,121,127,105,239,177,134,144,149,128,135,149,109,112,,72,120,93,135,124,108,101,123,89,79,90,72,78,130,76,100,114,182,209,80,106,112,86,103,88,86,89,72,159,168,126,123,97,93,115,97,106,93,166,146,108,61,81,124
20210719,6,O3_8h,34,20,50,37,52,36,33,46,25,28,34,28,,,52,,46,54,40,,41,,34,68,,55,52,,10,27,16,22,26,40,101,,42,36,,36,34,90,49,76,,4,,74,76,65,50,36,51,48,30,50,33,,51,63,20,18,11,26,,6,18,23,,14,74,68,59,38,40,,70,73,66,70,37,,48,34,45,40,41,19,,54,63,,,48,52,39,60,24,5,24,,9,37,31,31,33,,48,77,80,83,80,85,88,68,58,75,57,58,61,47,37,64,16,32,29,37,30,52,40,43,,44,41,37,29,38,36,24,26,58,54,58,50,55,,61,41,56,55,47,52,57,54,58,,40,59,54,51,,60,68,56,57,57,56,57,51,51,49,51,56,,,,37,44,,51,47,42,,,,32,,52,52,56,58,49,51,,45,48,,,,54,34,,29,9,24,54,54,,57,51,57,55,48,53,75,61,,54,,61,53,,53,43,,34,19,27,,27,44,53,14,38,60,54,,,45,55,63,42,50,44,25,,53,,,37,,42,46,,38,68,59,35,34,31,,60,57,41,45,46,16,34,4,29,24,25,28,35,31,28,8,32,38,70,,46,60,52,45,20,46,54,12,13,20,,15,8,,,13,66,45,39,,61,59,69,62,72,,,66,69,79,73,76,24,50,51,46,55,44,48,,43,60,60,43,56,52,42,60,30,,50,64,34,31,15,16,26,21,25,30,13,19,25,31,,24,16,27,39,26,30,17,16,34,32,30,28,26,32,,,42,42,27,34,40,30,32,20,21,20,18,,13,15,2,26,23,28,28,25,23,26,22,,,33,26,24,32,36,32,45,39,26,30,44,37,20,27,32,23,28,26,,17,13,44,34,42,43,70,,24,66,59,79,81,78,62,,,76,69,63,52,68,,30,47,54,37,,,65,96,6,9,4,5,7,2,2,13,5,,45,60,58,63,66,64,65,66,59,68,61,70,65,56,26,64,59,75,68,44,,55,40,48,39,,70,118,,71,,,,50,118,,,,62,77,20,3,5,9,14,,22,25,29,28,31,12,44,17,30,35,46,41,7,15,15,48,,54,23,53,36,81,76,,69,62,,69,71,54,37,23,26,18,83,71,74,79,68,70,66,57,57,49,62,,42,,52,66,60,40,54,,58,41,,,46,40,45,43,,39,53,40,,57,68,57,44,77,62,63,68,60,44,,,,57,,48,47,,57,71,82,62,74,77,86,55,65,48,,50,,,49,,47,38,32,68,74,66,69,73,,32,30,32,39,6,43,43,37,35,14,,13,28,49,43,42,4,22,23,42,,41,36,39,,70,69,,60,62,55,52,40,,11,29,,,50,58,,9,,55,41,48,52,61,63,,58,64,,59,58,,59,,66,42,67,,74,69,60,55,64,,35,28,59,50,30,48,6,23,28,38,14,32,24,31,10,14,28,25,5,40,69,54,42,48,22,22,11,18,25,30,62,61,64,,69,11,11,11,13,8,92,84,82,88,87,32,25,29,,45,42,52,,64,43,29,42,35,,20,50,83,,58,,61,57,65,59,70,69,65,,,,48,,48,,78,73,,,66,60,62,50,35,,38,,43,36,40,26,74,70,,40,21,28,40,68,19,,83,,,65,47,50,22,,21,24,23,34,32,76,68,41,65,55,50,48,62,33,20,10,102,104,104,92,15,5,7,,9,,48,46,30,17,9,29,18,26,,,,,82,78,,59,54,61,70,58,50,55,19,30,9,4,15,43,42,51,65,61,,58,61,46,,13,28,,44,70,71,82,79,94,80,88,93,54,62,73,64,,54,44,92,66,90,80,,96,89,,73,29,122,101,107,52,50,54,54,,60,,,76,76,38,50,46,,,,,,50,32,67,,,69,,74,,,55,,60,52,56,45,43,43,46,53,51,,34,33,48,50,47,52,60,54,59,54,47,56,49,,34,48,,46,50,10,12,,,27,44,38,42,45,64,60,61,70,,,35,56,55,60,58,,57,50,31,56,56,40,58,,50,50,66,,,67,52,,76,56,27,,30,,123,113,,,60,46,,,64,111,60,,,53,47,52,51,150,155,157,46,61,56,67,40,87,79,57,69,37,20,22,24,44,49,35,29,,62,63,20,,27,22,8,8,86,96,56,56,32,37,30,31,,,8,27,14,19,17,4,17,10,16,14,9,4,16,39,5,27,12,,,40,32,30,30,49,61,,,68,56,,39,58,45,,58,64,70,63,68,56,65,64,12,16,12,3,6,26,13,38,,18,13,15,17,38,34,,53,,57,,,,51,66,58,56,74,68,,18,,44,30,37,65,62,62,62,48,19,35,7,63,73,59,57,59,7,6,18,14,27,,33,5,15,19,18,8,15,41,29,41,22,10,27,28,28,,12,30,29,17,12,39,38,40,41,41,49,59,56,44,34,,22,28,31,2,31,35,32,43,26,25,26,,52,63,64,,73,73,70,60,,54,46,72,,80,64,,68,70,70,65,71,68,77,43,44,49,,58,61,70,24,49,,39,53,,22,23,30,48,49,40,43,49,40,,62,71,52,,65,71,,58,65,40,37,,54,56,48,40,39,21,30,31,46,42,44,9,44,30,33,36,,30,28,23,30,12,26,28,24,15,16,32,14,20,32,30,11,27,11,17,9,17,21,9,11,3,9,8,46,34,47,38,29,16,37,26,20,30,40,40,44,55,62,74,67,25,17,58,61,,54,28,28,22,34,40,48,34,,55,18,18,33,10,49,43,44,32,27,33,41,40,47,34,,,68,66,69,,64,43,60,54,65,49,,20,21,27,,,,,65,53,48,39,42,49,40,45,,6,76,70,80,73,71,25,40,28,43,28,,,,,24,20,46,38,52,47,20,,6,68,68,64,40,86,70,92,28,18,44,48,50,50,,47,38,40,37,18,15,52,80,23,,45,34,,67,45,,47,48,58,,71,,106,,23,19,32,30,15,19,78,78,78,81,36,29,20,36,,88,80,76,64,77,39,,80,91,51,62,74,85,,98,89,72,87,43,,68,64,64,,59,109,77,102,53,115,94,,101,72,,82,68,88,86,60,58,83,79,82,,16,63,50,95,96,73,65,72,71,,,39,24,26,46,,56,21,26,21,21,49,66,26,53,59,54,38,58,,31,13,38,26,53,47,51,,66,,55,37,60,15,15,17,79,52,71,35,20,59,47,54,,,28,14,56,55,,68,86,57,60,,58,41,,,63,40,40,58,39,54,62,61,54,42,61,66,91,87,55,,47,52,,17,72,34,44,103,60,50,60,40,46,26,5,50,40,75,35,37,51,44,46,43,44,52,30,14,24,27,32,63,15,50,102,56,76,68,68,87,91,84,68,43,56,46,34,62,34,73,74,,48,19,43,52,72,32,33,,15,40,59,55,47,56,103,81,33,26,35,67,26,44,68,42,42,12,17,,19,26,70,40,103,,90,60,56,57,72,43,50,48,54,45,50,46,39,118,53,60,,53,,59,58,69,36,52,29,33,21,16,25,25,27,32,33,37,45,24,26,38,48,26,46,34,55,23,65,35,52,59,36,69,63,37,73,15,8,77,74,64,76,,52,58,3,11,19,18,36,47,26,69,43,36,77,68,58,25,67,42,58,67,48,37,74,32,61,54,45,48,44,56,62,51,49,42,50,44,56,48,61,50,38,53,35,50,33,57,13,15,42,14,42,49,48,54,48,40,19,,65,24,14,43,37,58,71,54,54,57,34,57,58,61,54,42,60,42,82,88,5,88,39,39,,4,68,30,34,32,44,21,38,25,47,27,25,27,26,56,65,47,20,36,34,67,27,16,34,64,56,18,60,44,66,,72,77,68,59,5,94,11,35,42,12,45,66,55,40,23,108,97,54,41,45,54,,39,64,78,61,72,78,66,32,36,48,54,48,75,,83,99,47,54,41,48,24,53,6,,60,58,43,34,21,42,17,17,21,35,26,,49,,50,52,,25,34,63,58,39,62,42,44,,42,39,39,47,,,69,69,14,27,10,34,22,52,29,66,68,48,30,19,4,15,15,18,15,3,48,60,,66,61,59,68,56,20,59,31,67,52,36,52,51,41,103,12,93,105,32,31,42,44,58,118,42,29,70,25,31,30,22,52,33,,49,56,65,63,33,38,80,69,51,40,40,56,52,99,85,50,20,30,33,25,32,40,64,,55,68,75,88,58,66,68,54,8,10,34,21,30,47,28,49,75,49,14,34,79,29,32,42,42,37,28,3,58,17,77,,66,57,16,64,20,67,59,49,49,54,2,41
20210719,6,O3_8h_24h,34,34,50,37,60,36,33,46,41,34,34,30,,,72,,71,75,57,,76,,48,73,,68,69,,22,32,16,30,29,53,111,,46,36,,39,34,92,49,76,,5,,84,82,71,66,53,56,58,38,63,54,,67,68,28,35,16,47,,10,26,23,,14,80,71,62,61,56,,78,81,75,76,45,,61,57,68,47,71,28,,54,63,,,48,52,56,63,24,5,26,,15,42,37,31,41,,51,77,86,86,84,88,90,84,58,79,60,63,66,56,44,73,16,32,34,48,30,62,47,51,,65,66,58,52,49,56,31,46,62,61,66,55,67,,66,48,64,63,52,62,74,60,66,,41,66,62,58,,66,72,62,62,63,64,74,66,69,59,67,56,,,,41,49,,56,52,50,,,,46,,60,57,68,66,54,57,,55,58,,,,72,44,,45,23,34,64,66,,68,57,62,59,53,60,80,70,,59,,67,60,,58,43,,36,20,38,,33,49,60,20,54,74,63,,,61,66,72,59,70,61,40,,57,,,48,,53,50,,44,83,71,44,39,39,,71,72,46,50,57,23,49,6,36,35,25,41,36,32,32,26,32,43,72,,53,61,55,46,22,62,62,24,14,20,,15,10,,,13,86,66,52,,85,72,92,79,79,,,71,78,87,77,79,28,54,56,49,60,50,55,,50,64,77,52,68,74,82,72,47,,62,79,45,32,20,18,35,47,38,35,15,19,25,31,,28,24,43,43,27,40,17,19,34,32,30,29,26,32,,48,42,42,30,35,40,32,32,20,21,20,24,,27,15,3,26,24,29,30,27,26,28,24,,,38,33,29,35,39,35,46,42,56,44,67,57,38,42,40,38,42,39,57,22,20,46,34,42,43,102,,24,66,60,79,81,79,62,,,76,69,63,52,68,,45,65,85,42,,,81,112,6,10,4,6,8,2,4,14,5,,45,60,58,63,66,64,70,74,74,72,71,82,76,61,28,77,68,91,81,64,,86,41,48,41,,108,148,96,88,,,,62,141,,,,62,77,21,3,6,9,18,,52,33,37,47,46,26,53,32,41,50,55,45,12,42,18,56,,56,28,79,36,86,81,122,70,62,,74,79,76,62,44,51,24,114,103,96,79,68,70,68,62,59,58,62,,48,,60,74,65,53,65,,70,43,,,56,48,57,58,,50,66,50,,60,74,64,52,80,62,70,73,70,45,,,,58,,59,64,,72,72,88,65,82,78,86,57,66,49,,56,,,49,,49,38,32,72,78,74,75,76,,40,35,37,47,12,54,44,38,41,18,51,13,35,51,47,47,4,25,27,56,,58,39,54,,74,74,,60,64,56,53,66,,37,40,,,51,59,,10,,70,58,62,68,64,64,,59,65,,70,70,,76,,74,61,70,,80,72,66,61,67,,36,28,59,56,32,48,7,23,38,38,23,40,26,36,10,15,42,32,6,40,75,54,42,48,22,24,11,18,25,32,67,61,64,,69,16,18,15,21,11,107,86,92,92,98,32,25,29,,46,43,59,,83,51,41,49,37,,22,66,85,,64,,69,66,72,65,75,82,78,,,,54,,50,,86,82,73,,67,61,62,55,40,,45,,73,63,48,47,101,81,,45,31,36,45,68,22,,83,,,83,55,61,29,,34,34,37,34,33,80,71,66,65,55,50,54,65,48,20,14,106,104,106,100,21,5,9,,9,,68,63,59,18,15,55,34,51,,,,,117,87,,68,54,61,70,58,50,55,24,46,19,5,31,44,44,52,72,64,,76,67,66,,43,73,,86,82,84,87,85,96,88,89,94,62,70,84,69,,58,59,92,66,94,95,108,96,93,,73,42,123,101,108,58,58,67,67,,65,,90,77,77,57,68,62,67,57,78,,,58,38,78,72,52,83,40,82,,,60,,66,57,63,46,48,46,47,54,52,,51,48,50,50,48,66,74,80,79,61,59,66,57,,52,64,,55,62,14,12,,,32,46,51,42,45,75,71,72,80,,,54,68,64,69,67,,59,75,72,69,78,55,66,,60,61,75,,,76,74,,76,61,54,,62,,161,136,,,61,51,,,64,114,72,,,61,61,75,70,161,163,165,49,63,60,69,44,88,80,61,70,42,27,26,28,49,55,38,36,,75,74,26,,28,22,9,11,108,123,62,62,39,44,36,59,,,8,28,16,25,18,4,22,15,19,16,10,4,16,43,7,39,18,,,45,47,46,46,65,73,,,77,64,,39,62,50,,65,76,77,70,70,69,73,72,14,16,13,3,9,30,17,45,,19,24,27,18,71,67,,54,,72,,,,61,78,68,62,81,74,,20,,44,32,37,67,64,69,65,55,19,35,13,64,75,70,70,68,7,6,34,16,32,,54,5,22,24,22,16,16,46,42,47,33,10,36,28,35,,26,41,42,23,16,46,51,51,56,62,50,61,56,46,38,,29,35,38,2,39,44,33,50,37,42,43,,55,66,65,,81,83,76,89,,75,62,89,,93,71,54,74,80,78,74,82,78,85,46,49,53,,76,68,84,30,52,,39,53,86,22,30,35,60,57,51,52,50,41,,70,77,55,,70,76,,61,74,49,44,,54,56,48,53,51,36,48,43,54,51,56,18,54,41,46,52,,42,39,34,41,40,42,42,34,26,19,54,17,41,53,42,11,27,11,17,10,31,38,16,19,5,15,12,61,72,61,62,30,30,49,32,28,51,43,41,48,62,73,87,83,29,25,63,68,68,76,61,54,43,41,46,67,61,,75,18,21,47,12,74,68,68,46,38,47,54,56,71,74,,,68,72,70,,68,61,75,70,74,66,,20,21,38,,,,,84,85,76,61,64,64,51,55,,6,76,78,88,82,82,35,46,33,51,34,,,,,24,20,67,57,54,51,25,,11,85,83,80,54,91,70,95,29,22,44,48,52,52,,54,38,46,41,21,20,75,85,26,,56,41,,67,52,,55,53,58,,75,,116,,28,22,37,55,25,46,94,94,95,96,50,32,29,38,,96,100,81,124,106,67,,88,109,89,106,74,85,,99,91,80,90,50,,88,84,84,,62,122,90,134,64,119,119,,130,83,,92,81,96,100,70,58,84,79,86,,16,79,70,105,104,89,70,80,76,,,44,43,26,47,,56,21,26,41,53,53,66,26,68,74,75,51,66,,69,19,53,40,68,49,55,,76,,56,40,69,18,23,37,79,55,82,35,26,62,51,81,,,28,45,59,78,,68,98,57,61,,64,51,,,69,50,48,63,45,62,66,65,55,50,68,66,91,87,73,,70,69,,35,78,56,60,106,74,61,67,47,55,35,17,54,60,84,68,52,61,50,53,50,44,67,33,19,38,33,35,73,15,63,102,57,93,77,76,87,91,90,82,44,64,46,39,84,49,81,83,,54,28,48,52,72,51,54,,32,98,76,70,65,62,114,102,46,26,78,68,26,69,68,49,42,23,20,,31,51,86,44,120,,90,69,64,62,76,51,58,57,58,51,71,52,39,142,57,62,,56,,66,69,74,51,63,44,42,21,23,34,26,35,32,34,38,47,25,49,39,57,26,53,36,58,24,68,35,62,69,36,82,69,76,81,19,12,82,79,84,94,,60,62,5,13,23,33,38,60,42,69,49,40,93,68,67,30,86,52,75,78,67,59,77,57,65,70,54,56,57,66,72,64,50,42,54,47,65,60,80,68,42,53,48,78,44,62,18,16,46,32,45,58,52,58,55,43,24,,66,31,20,52,56,80,101,60,59,63,50,64,79,81,60,60,65,54,90,111,6,88,39,64,,12,69,46,40,32,46,22,42,44,48,28,26,37,29,77,76,64,26,43,52,74,30,16,34,76,58,18,67,46,68,,80,86,76,67,5,106,11,58,42,12,58,78,84,48,32,116,97,56,50,61,74,,56,68,84,61,75,86,68,32,45,60,64,72,77,,91,125,47,54,47,55,29,64,10,,89,74,45,44,30,56,24,28,23,40,29,,63,,54,65,,36,34,63,58,60,76,55,57,,66,52,57,55,,,69,90,16,32,13,35,22,52,31,78,71,76,33,22,8,20,33,41,18,3,49,66,64,74,61,62,82,64,28,61,33,71,54,38,53,56,46,103,12,93,105,60,53,46,58,68,155,44,29,71,28,34,37,45,68,40,,51,68,71,70,47,61,108,74,65,47,46,67,53,132,102,57,73,44,45,34,36,50,78,,58,70,76,96,68,69,75,73,8,10,34,27,40,71,31,58,86,53,14,45,89,46,34,42,75,56,28,6,89,20,94,,74,58,37,64,32,77,68,66,57,54,2,54
20210719,6,CO,0.4,0.5,0.6,0.6,0.5,0.5,0.4,0.4,0.5,0.4,0.4,0.4,,,0.7,,0.6,0.8,0.2,,0.6,,0.5,0.5,,0.6,0.5,,1.2,0.7,0.7,1.1,0.8,0.5,0.6,,1.6,1.1,,1.7,0.8,0.3,0.2,0.4,,0.3,,0.4,0.5,0.5,0.2,0.3,0.3,0.2,0.2,0.2,0.2,,0.5,0.3,0.1,0.6,0.7,1.1,,0.7,0.6,0.3,,0.5,0.4,0.2,0.3,0.3,0.5,,,0.4,0.2,0.2,1.1,,0.4,0.9,0.6,0.5,0.4,0.6,,0.6,0.5,,,0.3,0.5,0.4,0.5,0.9,0.9,0.6,,0.8,0.5,0.5,0.5,0.4,,0.3,0.7,0.5,0.5,0.5,0.4,0.5,0.5,0.5,0.6,0.6,0.6,0.5,0.6,0.5,0.5,0.4,0.4,0.4,0.4,0.4,0.2,0.7,0.4,,0.5,0.6,0.4,0.6,0.3,0.5,0.3,0.4,0.5,0.5,0.3,0.4,0.5,,0.4,0.3,0.4,0.2,0.3,0.5,0.2,0.1,0.7,0.5,0.3,0.5,0.4,0.2,,0.3,0.5,0.3,0.1,0.3,0.6,0.4,0.3,0.4,0.5,0.5,0.4,,,,0.5,0.4,,0.5,0.4,0.4,,,,0.6,,0.4,0.2,0.4,0.4,0.4,0.3,,0.3,0.6,,,,0.7,0.6,,0.7,0.9,0.9,0.4,0.6,,0.2,0.2,0.3,0.1,0.2,,0.6,0.4,,0.3,,0.4,0.5,,0.3,0.4,,0.7,0.3,0.9,,0.6,0.5,0.4,0.3,0.5,0.7,0.4,,,0.4,0.5,0.5,0.4,0.4,0.4,0.5,,0.8,,,0.5,,0.7,0.6,,0.4,0.4,0.3,0.3,0.4,0.5,,0.3,0.4,0.4,0.3,0.5,0.5,0.3,0.4,0.7,0.6,0.6,0.7,0.6,0.6,0.7,0.7,0.3,0.7,0.4,,0.5,0.7,0.6,0.4,0.3,0.5,0.3,1,0.8,0.6,,0.9,0.7,,,0.7,0.7,0.3,1.8,,0.7,0.6,0.5,0.2,0.3,,,0.1,0.3,0.4,,0.2,0.4,0.5,0.4,0.5,0.4,0.4,0.5,,0.5,0.5,0.9,0.8,0.6,1,0.9,0.7,0.8,,1,0.4,0.8,0.6,0.6,0.8,0.6,0.7,0.5,0.5,0.6,0.4,0.5,0.5,,0.4,0.4,0.6,0.5,0.5,0.5,0.5,0.4,0.4,0.6,0.6,0.5,0.4,0.4,,,0.4,0.4,0.5,0.5,0.5,0.4,0.5,0.3,0.4,0.3,0.4,,0.5,0.4,0.5,0.5,0.5,0.5,0.4,0.4,0.5,0.4,0.4,,,0.6,0.5,0.7,0.4,0.6,0.5,0.6,0.6,0.5,0.5,0.3,0.4,0.6,0.7,0.5,0.6,0.4,0.7,,0.6,0.3,0.4,0.4,0.4,0.3,0.6,,0.4,0.5,0.5,0.5,0.8,0.2,0.3,,,0.6,0.3,0.7,,0.5,,0.5,0.5,0.5,0.5,,,0.5,0.3,0.3,0.4,0.5,0.7,0.6,0.5,0.7,0.4,0.8,,0.3,0.2,0.3,0.2,0.2,0.4,0.2,0.3,0.2,0.4,0.3,0.2,0.4,0.8,0.7,0.7,0.7,0.5,0.7,0.3,,0.7,0.8,0.7,0.7,,0.8,0.5,,0.3,,,,0.7,0.3,,,,0.4,0.6,0.7,0.4,1,0.4,0.9,,0.7,0.8,1.4,1.1,1.2,0.8,1.1,0.9,0.9,1,0.8,0.4,0.5,0.8,0.9,0.6,,0.5,0.8,0.8,0.7,0.8,0.7,,0.7,0.8,,0.4,1,0.6,0.5,0.4,0.3,0.6,0.6,0.5,0.6,0.5,0.9,0.4,0.6,0.2,0.3,0.3,0.3,,0.5,,0.5,0.8,0.3,1.1,0.6,,0.6,0.6,,,0.7,0.7,0.7,0.4,,0.3,0.7,0.3,,0.2,0.2,0.4,0.4,0.2,0.3,0.1,0.1,0.2,0.4,,,,0.3,,0.5,0.7,,0.4,0.3,0.4,0.5,0.5,0.2,0.3,0.4,0.4,0.4,,0.4,,,0.7,,0.7,0.6,0.5,0.3,0.5,0.4,0.2,0.3,,0.5,0.3,0.6,0.5,0.5,0.5,0.5,0.6,0.6,1.2,,0.6,0.5,0.4,0.5,0.5,0.7,0.8,0.9,0.3,,0.4,0.4,0.4,,0.5,0.6,,0.4,0.6,0.6,0.5,0.6,,0.6,0.5,,,0.5,0.4,,0.6,,0.7,0.7,0.6,0.6,0.7,0.6,,0.8,0.8,,0.7,0.7,,0.6,,0.8,0.8,0.8,,0.7,0.8,0.4,0.3,0.1,,0.4,0.6,0.5,0.9,1.1,0.4,0.2,0.6,0.7,0.4,0.7,0.4,0.6,0.2,1,2,0.6,0.5,0.6,0.7,0.7,0.4,0.7,0.8,0.8,0.7,0.7,0.8,0.6,0.5,0.4,0.4,0.1,,0.1,0.4,0.4,0.4,0.4,0.3,0.5,0.5,0.8,0.4,0.5,0.5,0.6,0.6,,0.7,0.6,0.7,,0.3,0.6,0.5,0.4,0.8,,0.5,0.3,0.3,,0.7,,0.7,0.3,0.4,0.3,0.5,0.8,0.5,,,,0.5,,0.5,,0.4,0.4,,,0.6,0.5,0.5,0.6,0.6,,0.6,,0.4,0.7,0.5,0.5,0.6,0.8,,0.8,0.6,0.5,0.7,0.7,0.6,,0.7,,,0.8,0.3,0.3,0.5,,0.6,0.7,0.7,0.7,0.7,0.4,0.5,0.7,0.5,0.7,0.7,1.1,0.8,0.8,0.4,0.3,0.5,0.5,0.7,0.4,0.6,0.7,0.6,0.5,0.7,,1.4,2.5,2.7,1.1,0.6,0.8,0.9,0.7,,,,,0.4,0.4,,0.5,0.5,0.3,0.2,0.2,0.3,0.3,0.6,0.5,0.8,0.6,0.4,0.6,0.6,0.8,0.6,0.8,,0.6,0.5,0.8,,0.6,0.6,,0.8,0.8,0.8,0.7,1,0.8,0.6,0.6,0.6,0.6,0.7,0.8,0.7,,0.5,0.7,0.2,0.4,0.5,0.4,,0.6,0.4,,0.5,0.4,0.2,0.4,0.3,0.2,0.5,0.1,0.1,,0.5,,,0.3,0.3,0.3,0.3,0.4,,,,,,0.3,0.4,0.4,,,0.3,,0.5,,,0.6,,0.7,0.3,0.7,0.5,0.4,0.6,0.3,0.5,0.3,,0.6,0.7,0.7,0.6,0.6,0.4,0.4,0.4,0.4,0.6,0.6,,0.3,,0.6,0.4,,0.4,0.4,0.5,0.6,,,0.6,0.5,0.5,0.5,0.4,0.4,0.8,0.8,0.5,,,0.5,0.8,0.8,1,0.9,,0.6,0.6,0.4,0.6,0.8,0.5,0.4,,0.4,0.6,0.6,,,0.7,0.8,,0.6,0.5,0.4,,0.5,,1,1,,,0.1,0.3,,,0.6,0.4,0.5,,,0.2,0.3,0.3,0.3,0.4,0.3,0.4,0.5,0.5,0.5,0.6,0.7,0.4,0.2,0.3,0.6,0.8,0.4,0.6,0.7,0.4,0.3,0.6,0.5,,0.5,0.4,0.5,,0.3,0.4,0.5,0.5,0.6,0.4,0.5,0.4,0.4,0.5,0.4,0.5,,,0.7,0.7,0.9,0.7,0.5,1.9,0.3,0.9,0.2,1,1,0.6,0.5,0.5,1,0.7,0.6,,,0.4,0.7,0.6,0.7,0.4,0.2,,,0.4,0.4,,0.5,0.5,0.4,,0.4,0.7,0.6,0.6,0.7,0.4,0.5,0.5,0.7,0.4,0.5,0.6,0.6,0.4,0.7,0.8,,0.4,0.3,0.3,,0.7,0.5,,0.5,,0.5,,,,0.6,0.7,0.8,0.5,0.5,0.7,,1.4,,0.5,0.5,0.5,0.4,0.7,0.5,0.6,0.3,0.6,0.5,0.8,0.3,0.1,0.5,0.5,0.3,0.5,0.6,0.4,0.5,0.3,,0.6,0.4,0.6,0.3,0.5,0.7,0.3,0.8,3,0.3,1.4,0.2,0.4,0.4,0.7,,0.4,0.8,0.8,0.4,0.4,1.1,0.9,0.7,1,1.3,0.4,0.7,0.7,0.4,0.6,,0.4,0.9,0.6,0.6,0.7,0.6,0.6,0.7,0.6,1,0.8,,0.6,0.4,0.2,,0.3,0.4,0.4,0.6,,0.6,0.6,0.6,,0.6,0.6,,0.6,0.6,0.8,0.9,0.8,0.7,0.6,0.7,0.5,0.5,,0.7,0.4,0.6,1.8,0.7,,0.7,0.9,,0.7,1.1,0.7,0.6,0.8,0.7,0.7,0.6,0.9,,0.6,0.7,0.5,,1,1,,0.4,0.4,0.4,0.5,,0.7,0.6,0.7,0.8,1,0.9,0.7,0.6,0.8,0.4,0.6,0.3,0.6,0.6,0.6,0.6,,0.6,1,1.1,1.5,0.6,0.5,0.6,0.6,0.6,0.6,0.6,0.6,0.5,0.7,1.4,0.9,0.9,0.9,1.3,1.1,0.4,0.5,0.5,0.6,0.4,0.5,0.4,0.8,0.8,0.8,0.6,0.4,1.4,0.5,0.8,0.6,0.5,0.7,0.5,1,0.7,0.6,0.6,0.6,0.7,0.6,0.5,0.6,,0.6,0.7,0.9,0.9,0.5,0.4,0.5,0.3,,0.4,0.3,0.3,0.3,0.2,0.5,0.5,0.4,0.5,0.6,0.4,0.6,0.5,0.3,0.4,,,0.3,0.2,0.5,,0.4,0.4,0.3,0.3,0.3,0.4,,0.2,0.4,0.3,,,,,0.6,0.6,0.6,0.6,0.6,0.3,0.3,0.4,,0.2,0.5,0.5,0.3,0.5,0.6,0.4,0.6,2,0.8,0.8,,,,,0.1,0.3,0.4,0.5,0.5,0.5,0.4,,0.4,0.4,0.4,0.3,0.7,0.8,0.7,0.5,0.4,0.4,0.6,0.6,0.5,0.5,,0.4,0.4,0.2,0.2,0.2,0.3,0.6,0.5,0.4,,0.3,0.6,,0.7,0.5,,0.4,0.2,0.5,,0.3,,0.3,,0.6,0.6,0.4,1,0.9,1.2,0.5,0.5,0.4,0.6,0.4,0.4,0.5,0.5,,0.9,0.9,0.2,0.5,0.7,0.3,,0.2,0.3,0.4,0.5,0.2,0.2,,0.7,,0.4,0.1,0.5,,0.3,0.2,0.1,,0.4,0.6,0.6,0.5,0.5,0.3,0.5,,0.6,0.4,,0.5,0.4,0.5,0.3,0.8,0.5,0.2,0.2,0.2,,0.6,0.1,0.3,0.2,0.4,0.2,0.5,0.5,0.3,,,0.6,1.1,0.6,0.8,,0.3,0.4,0.6,0.5,5.1,0.3,0.4,0.6,0.8,0.5,0.8,0.9,0.6,,0.5,0.7,0.5,0.9,0.5,0.5,0.4,,0.4,,0.3,0.8,0.6,0.4,1.1,1,,0.5,0.5,0.4,0.8,0.3,0.5,0.4,,,0.4,0.5,0.3,0.6,,0.8,0.5,0.5,0.5,,0.4,0.3,,,0.2,0.4,0.2,0.6,0.4,0.5,0.3,0.2,0.5,0.4,0.5,0.5,0.2,0.3,0.6,,0.6,0.6,,0.4,0.5,0.3,0.3,0.2,0.6,0.4,0.5,0.4,0.6,0.5,0.7,0.4,0.6,0.3,0.9,0.3,0.3,0.3,0.3,0.5,0.2,0.6,0.8,0.5,0.6,0.5,0.5,0.5,0.4,0.3,0.3,0.6,0.5,0.4,0.5,0.6,0.6,0.7,0.6,0.6,0.4,0.8,0.6,0.8,0.5,0.7,0.6,,0.6,0.6,0.3,0.4,0.7,0.5,0.6,,0.5,0.5,0.3,0.4,0.3,0.3,0.4,0.6,0.5,0.8,0.4,0.6,0.3,0.5,0.5,0.3,0.6,0.6,1.6,,0.7,0.4,0.4,0.6,0.5,,0.1,0.4,0.4,0.3,0.4,0.3,0.5,0.4,0.4,0.6,0.4,0.6,0.6,0.8,0.4,0.2,,0.6,,0.5,0.6,0.6,0.7,0.5,0.6,0.6,0.7,0.7,0.6,0.6,0.6,0.4,0.5,0.5,0.5,0.5,0.6,0.4,0.5,0.5,0.6,0.8,0.6,0.2,0.3,0.4,0.9,0.2,0.5,0.4,0.5,0.7,0.5,1.7,1.3,0.3,0.4,0.5,0.4,,0.3,0.6,0.6,0.5,0.7,1.1,0.4,0.5,0.6,0.4,0.6,0.4,0.6,0.5,0.3,0.5,0.3,0.5,0.3,0.4,0.5,0.6,0.2,1.3,0.3,0.5,0.2,0.3,0.5,0.4,0.6,0.5,0.5,0.2,0.5,0.4,0.7,0.6,0.2,0.6,0.7,0.6,0.6,0.6,0.4,0.6,0.7,0.8,0.9,0.7,0.4,0.5,0.4,0.4,0.3,0.2,0.5,,0.3,0.8,0.3,0.6,0.5,0.4,0.5,0.3,0.6,0.2,,0.4,0.4,0.5,0.2,0.5,0.5,0.3,0.5,0.3,0.5,0.5,0.4,0.4,,0.5,0.5,0.7,,0.3,0.4,0.5,0.7,0.6,0.3,0.3,0.4,0.7,1.3,0.7,0.5,0.2,1,0.7,0.7,0.4,0.5,0.6,0.6,0.4,0.6,0.4,0.4,0.5,0.4,,0.1,0.4,0.5,0.6,3,0.7,0.5,0.4,0.5,0.4,0.4,0.7,0.4,0.4,0.7,0.6,0.3,0.4,0.8,0.8,0.6,,0.6,0.4,0.3,0.5,0.2,0.2,0.7,0.6,0.7,0.5,0.7,0.5,1,,0.4,0.9,0.7,0.7,0.6,0.5,0.4,0.3,0.5,,0.7,0.6,0.6,0.8,0.5,0.4,0.6,0.5,0.4,0.5,0.4,,0.6,,0.5,0.6,,1.3,0.4,0.2,0.4,0.5,0.6,0.5,0.3,,0.5,0.6,0.6,0.5,,,1,0.6,0.4,0.3,0.6,1.5,0.8,1.4,1.3,0.5,0.8,0.3,0.4,0.1,0.5,0.3,0.3,0.3,0.2,0.4,0.5,0.5,,0.7,0.6,1,0.8,0.6,0.7,1,0.7,0.3,0.7,0.6,0.4,0.7,0.5,0.3,0.7,0.2,0.4,0.5,0.5,0.7,0.8,0.6,0.8,0.6,0.5,0.4,0.4,0.5,0.4,0.7,1.1,0.9,,0.6,0.2,0.5,0.6,1.4,0.4,0.4,0.5,,0.5,0.4,0.5,0.4,0.6,0.5,0.9,0.6,0.7,1.2,0.5,0.5,0.3,0.4,,0.6,0.6,0.2,0.3,0.7,0.8,0.4,0.7,0.6,0.5,0.5,0.4,0.5,0.7,0.5,0.7,0.6,0.9,1.1,0.5,0.4,0.8,1.4,1.4,0.5,0.6,0.5,0.4,0.4,0.4,0.2,0.3,0.9,,0.5,0.2,0.4,0.4,0.4,0.4,0.5,0.4,0.7,0.5
20210719,6,CO_24h,0.6,0.5,0.7,0.7,0.7,0.7,0.6,0.6,0.5,0.6,0.6,0.5,,,0.9,,0.9,0.8,0.6,,1,,0.4,0.5,,0.6,0.5,,0.6,0.6,0.5,0.7,0.6,0.4,0.5,,0.8,0.6,,0.8,0.5,0.3,0.2,0.4,,0.3,,0.4,0.4,0.4,0.1,0.4,0.3,0.1,0.1,0.1,0.3,,0.4,0.3,0.1,0.6,0.7,0.8,,0.7,0.6,0.3,,0.5,0.3,0.1,0.2,0.1,0.5,,,0.4,0.2,0.3,0.7,,0.5,0.6,0.5,0.5,0.4,0.6,,0.5,0.5,,,0.4,0.5,0.4,0.4,0.9,0.8,1,,0.7,0.9,0.8,0.9,0.9,,0.8,0.7,0.5,0.5,0.6,0.4,0.5,0.5,0.5,0.6,0.6,0.6,0.5,0.7,0.5,0.6,0.4,0.4,0.4,0.4,0.5,0.4,0.7,0.5,,0.5,0.6,0.4,0.6,0.4,0.5,0.3,0.4,0.4,0.4,0.3,0.4,0.4,,0.4,0.3,0.4,0.2,0.4,0.6,0.2,0.3,0.8,0.5,0.5,0.7,0.4,0.2,,0.3,0.5,0.3,0.2,0.3,0.5,0.4,0.3,0.4,0.5,0.5,0.3,,,,0.5,0.4,,0.5,0.3,0.3,,,,0.6,,0.4,0.2,0.4,0.4,0.4,0.3,,0.3,0.6,,,,0.6,0.6,,0.6,0.8,0.7,0.4,0.3,,0.2,0.2,0.3,0.1,0.2,,0.5,0.3,,0.3,,0.4,0.5,,0.4,0.4,,0.6,0.3,0.7,,0.5,0.4,0.4,0.3,0.4,0.6,0.4,,,0.3,0.4,0.4,0.4,0.3,0.4,0.4,,0.7,,,0.5,,0.6,0.5,,0.3,0.3,0.2,0.3,0.4,0.5,,0.3,0.4,0.3,0.3,0.4,0.4,0.3,0.4,0.4,0.4,0.5,0.5,0.4,0.5,0.5,0.4,0.4,0.4,0.3,,0.5,0.6,0.5,0.4,0.3,0.5,0.3,1.1,0.8,0.6,,0.8,0.7,,,0.7,0.4,0.2,0.7,,0.4,0.4,0.6,0.4,0.3,,,0.1,0.3,0.5,0.1,0.2,0.4,0.6,0.4,0.5,0.4,0.6,0.5,,0.5,0.5,0.9,0.9,0.7,1,0.8,0.7,0.9,,0.9,0.4,0.8,0.7,0.6,0.7,0.6,0.6,0.4,0.5,0.6,0.4,0.6,0.6,,0.5,0.4,0.6,0.6,0.6,0.5,0.6,0.4,0.4,0.6,0.6,0.5,0.5,0.4,,0.7,0.4,0.4,0.4,0.5,0.5,0.4,0.6,0.4,0.4,0.4,0.4,,0.5,0.4,0.5,0.7,0.6,0.5,0.5,0.5,0.6,0.5,0.5,,,0.6,0.5,0.7,0.4,0.6,0.6,0.7,0.5,0.5,0.5,0.3,0.4,0.5,0.6,0.5,0.6,0.4,0.7,0.6,0.5,0.3,0.4,0.4,0.4,0.4,0.6,,0.5,0.7,0.7,0.7,1,0.3,0.5,,,0.9,0.5,0.9,0.5,0.6,,0.4,0.4,0.5,0.6,,,0.5,0.3,0.3,0.4,0.5,0.6,0.6,0.4,0.6,0.4,0.7,,0.4,0.3,0.3,0.3,0.3,0.4,0.2,0.4,0.2,0.4,0.4,0.3,0.4,0.8,0.7,0.7,0.7,0.5,0.7,0.4,,0.7,0.8,0.7,0.7,,0.6,0.5,0.5,0.4,,,,0.7,0.3,,,,0.5,0.6,0.7,0.5,0.7,0.3,0.8,,0.8,0.7,0.7,0.7,0.6,0.7,0.9,0.7,0.6,0.8,0.6,0.4,0.5,0.7,0.7,0.7,,0.6,0.9,0.8,0.7,0.7,0.6,0.7,0.7,0.6,,0.4,0.9,0.4,0.4,0.5,0.3,0.6,0.7,0.5,0.6,0.4,0.6,0.3,0.5,0.2,0.3,0.3,0.3,,0.6,,0.3,0.6,0.3,0.8,0.5,,0.6,0.7,,,0.4,0.5,0.6,0.3,,0.2,0.5,0.2,,0.2,0.1,0.2,0.4,0.3,0.2,0.1,0.2,0.2,0.3,,,,0.3,,0.4,0.7,,0.4,0.3,0.4,0.6,0.5,0.2,0.3,0.4,0.4,0.4,,0.3,,,0.9,,0.9,0.7,0.6,0.3,0.6,0.5,0.2,0.4,,0.5,0.4,0.6,0.5,0.4,0.4,0.5,0.6,0.7,0.9,0.5,0.6,0.6,0.3,0.5,0.4,0.7,0.7,0.6,0.5,,0.5,0.5,0.4,,0.6,0.6,,0.4,0.6,0.6,0.6,0.6,,0.6,0.8,,,0.5,0.5,,0.6,,0.7,0.6,0.6,0.6,0.6,0.4,,0.7,0.6,,0.6,0.6,,0.6,,0.8,0.8,0.7,,0.7,0.7,0.3,0.2,0.1,,0.6,0.7,0.7,1,0.9,0.5,0.2,0.6,0.7,0.5,0.6,0.5,0.7,0.4,1.2,1.9,0.7,0.6,0.6,0.7,0.6,0.4,0.6,0.5,0.7,0.6,0.5,0.7,0.6,0.5,0.4,0.5,0.2,,0.1,0.4,0.4,0.3,0.4,0.3,0.4,0.4,0.5,0.3,0.4,0.6,0.7,0.6,,0.9,0.8,0.8,,0.5,0.6,0.5,0.5,0.7,,0.5,0.3,0.3,,0.7,,0.7,0.3,0.4,0.3,0.4,0.6,0.4,,,,0.5,,0.5,,0.4,0.4,0.3,,0.6,0.6,0.6,0.6,0.6,,0.7,,0.4,0.6,0.6,0.5,0.5,0.7,,0.7,0.6,0.5,0.7,0.6,0.5,,0.7,,,0.8,0.3,0.3,0.5,,0.6,0.8,0.7,0.7,0.7,0.4,0.5,0.7,0.5,0.6,0.7,1,0.8,0.7,0.4,0.3,0.3,0.5,0.8,0.4,0.6,0.7,0.7,0.5,0.8,,0.9,2.7,2.1,0.9,0.6,0.7,0.9,0.8,,,,,0.5,0.5,,0.6,1.2,0.4,0.3,0.3,0.4,0.4,0.6,0.4,0.6,0.4,0.4,0.5,0.5,0.9,0.7,0.8,,0.7,0.7,0.8,,0.7,0.6,,0.6,0.6,0.7,0.6,0.8,0.7,0.5,0.4,0.5,0.6,0.7,0.7,0.6,,0.5,0.7,0.4,0.4,0.5,0.3,0.7,0.6,0.5,,0.5,0.4,0.3,0.4,0.3,0.2,0.5,0.1,0.1,,0.5,,0.4,0.4,0.4,0.3,0.2,0.4,0.1,0.2,0.3,,,0.3,0.4,0.4,0.5,0.2,0.3,0.1,0.5,,,0.6,,0.7,0.3,0.6,0.5,0.5,0.7,0.3,0.5,0.4,,0.6,0.7,0.7,0.5,0.6,0.4,0.3,0.3,0.3,0.6,0.6,0.2,0.3,,0.5,0.3,,0.4,0.4,0.5,0.6,,,0.6,0.5,0.5,0.5,0.4,0.5,0.8,0.7,0.5,,,0.4,0.6,0.7,0.8,0.6,,0.6,0.6,0.4,0.7,0.7,0.5,0.4,,0.4,0.7,0.7,,,0.7,0.9,,0.6,0.6,0.5,,0.5,,0.9,0.8,,,,0.5,,,0.6,0.5,0.5,,,0.3,0.4,0.3,0.3,0.4,0.3,0.3,0.3,0.3,0.4,0.4,0.6,0.5,0.4,0.5,0.8,0.7,0.5,0.6,0.7,0.4,0.3,0.6,0.5,,0.6,0.5,0.5,,0.4,0.5,0.5,0.5,0.6,0.4,0.5,0.4,0.4,0.5,0.4,0.4,,,0.5,0.7,0.7,0.7,0.6,1.3,0.4,0.8,0.5,0.9,1,0.7,0.6,0.6,0.7,0.7,0.6,,,0.4,0.8,0.7,0.6,0.3,0.3,,0.7,0.4,0.5,,0.6,0.6,0.5,,0.4,0.5,0.5,0.5,0.5,0.5,0.6,0.5,0.7,0.5,0.5,0.6,0.7,0.4,0.5,0.6,,0.2,0.4,0.3,,0.6,0.4,,0.6,,0.4,,,,0.4,0.5,0.6,0.4,0.6,0.7,,0.7,,0.4,0.4,0.4,0.4,0.6,0.5,0.5,0.4,0.6,0.6,0.7,0.5,0.1,0.5,0.4,0.3,0.5,0.6,0.5,0.5,0.3,,0.5,0.3,0.7,0.4,0.6,0.7,0.4,1.1,1.4,0.8,1.2,0.3,0.4,0.6,1,,0.4,0.5,0.6,0.4,0.5,1,0.9,0.6,0.9,1.3,0.5,0.6,0.7,0.4,0.6,,0.5,0.7,0.6,0.5,0.6,0.5,0.5,0.6,0.5,0.8,0.8,,0.5,0.5,0.4,,0.4,0.5,0.5,0.5,,0.5,0.4,0.6,,0.6,0.6,0.4,0.6,0.6,0.8,0.9,0.7,0.6,0.6,0.6,0.5,0.6,,0.5,0.4,0.6,1.2,0.8,,0.8,1,0.4,0.7,0.9,0.7,0.6,0.8,0.8,0.7,0.7,0.7,,0.6,0.8,0.5,,1,1,,0.5,0.4,0.5,0.4,,0.6,0.6,0.7,0.9,1,0.7,0.6,0.6,0.7,0.5,0.6,0.4,0.6,0.6,0.5,0.5,,0.5,0.9,1,1.3,0.5,0.4,0.5,0.4,0.6,0.6,0.6,0.6,0.6,0.7,1.3,0.9,0.9,0.8,1.2,0.5,0.7,0.7,1.1,1,0.4,0.4,0.6,0.9,0.7,0.8,0.7,0.4,0.8,0.4,0.7,0.6,0.5,0.6,0.7,0.7,0.8,0.5,0.5,0.5,0.6,0.6,0.5,0.6,0.6,0.6,0.7,0.8,0.8,0.5,0.4,0.5,0.4,,0.4,0.3,0.3,0.2,0.2,0.5,0.4,0.4,0.5,0.5,0.4,0.5,0.5,0.3,0.4,,,0.4,0.4,0.7,,0.6,0.4,0.4,0.3,0.4,0.5,,0.3,0.5,0.3,,,,,0.5,0.4,0.5,0.5,0.5,0.3,0.2,0.5,,0.3,0.6,0.6,0.4,0.7,0.6,0.5,0.7,0.6,0.7,0.4,,,,,0.3,0.3,0.4,0.4,0.4,0.5,0.4,,0.4,0.4,0.4,0.3,0.4,0.8,0.7,0.6,0.5,0.4,0.7,0.6,0.6,0.6,,0.5,0.4,0.3,0.3,0.3,0.3,0.6,0.5,0.5,,0.4,0.6,,0.8,0.6,,0.4,0.2,0.5,,0.3,,0.3,,0.6,0.8,0.5,0.7,0.6,0.6,0.5,0.6,0.4,0.6,0.4,0.4,0.5,0.5,,0.6,0.6,0.2,0.5,0.7,0.3,,0.3,0.3,0.2,0.3,0.4,0.3,,0.6,0.8,0.3,0.1,0.6,,0.2,0.2,0.2,,0.4,0.7,0.6,0.4,0.5,0.3,0.4,,0.3,0.3,,0.4,0.3,0.4,0.3,0.8,0.7,0.3,0.4,0.3,,0.6,0.1,0.3,0.3,0.3,0.2,0.5,0.6,0.4,,,0.6,0.9,0.7,0.7,,0.3,0.5,0.7,0.4,1.6,0.3,0.4,0.6,0.6,0.4,0.6,0.7,0.6,,0.5,0.6,0.4,0.7,0.4,0.4,0.5,,0.4,,0.3,0.9,0.6,0.4,1.1,1.1,0.7,0.5,0.4,0.9,0.8,0.5,0.4,0.4,,,0.5,0.4,0.3,0.6,,0.8,0.5,0.5,0.6,,0.4,0.4,,,0.2,0.4,0.3,0.4,0.4,0.5,0.3,0.2,0.3,0.5,0.6,0.7,0.4,0.4,0.7,,1,0.5,,0.5,0.6,0.3,0.4,0.2,0.5,0.4,0.5,0.6,0.7,0.5,0.3,0.4,0.8,0.4,0.7,0.3,0.3,0.3,0.4,0.5,0.3,0.6,0.9,0.4,0.5,0.4,0.3,0.5,0.4,0.4,0.2,0.7,0.6,0.4,0.5,0.6,0.6,0.7,0.5,0.6,0.4,0.8,0.6,0.7,0.5,0.7,0.6,,0.6,0.4,0.3,0.4,0.7,0.5,0.6,,0.5,0.5,0.4,0.4,0.3,0.3,0.4,0.6,0.4,0.9,0.3,0.6,0.5,0.4,0.6,0.3,0.6,0.5,0.8,,0.6,0.4,0.4,0.5,0.4,,0.4,0.4,0.4,0.3,0.4,0.2,0.4,0.3,0.4,0.6,0.4,0.6,0.7,0.6,0.3,0.2,,0.5,,0.5,0.6,0.6,0.6,0.4,0.6,0.6,0.7,0.7,0.6,0.7,0.6,0.4,0.5,0.5,0.6,0.6,0.5,0.4,0.6,0.6,0.6,0.8,0.6,0.2,0.3,0.5,0.9,0.2,0.7,0.4,0.6,0.6,0.6,0.7,0.7,0.3,0.4,0.6,0.4,,0.3,0.6,0.4,0.5,0.7,0.6,0.4,0.5,0.6,0.5,0.7,0.7,0.5,0.6,0.4,0.5,0.4,0.5,0.3,0.4,0.5,0.5,0.3,0.5,0.1,0.3,0.1,0.3,0.3,0.3,0.6,0.6,0.5,0.3,0.6,0.4,1,0.7,0.2,0.6,0.7,0.6,0.6,0.5,0.4,0.6,0.6,0.7,0.9,0.6,0.3,0.3,0.4,0.4,0.3,0.2,0.4,,0.4,0.5,0.6,0.7,0.4,0.5,0.6,0.3,0.5,0.2,,0.3,0.4,0.4,0.2,0.5,0.4,0.3,0.5,0.3,0.4,0.6,0.3,0.3,,0.5,0.5,0.7,0.6,0.4,0.5,0.5,0.7,0.5,0.4,0.4,0.4,0.6,0.4,0.5,0.3,0.3,0.5,0.6,0.7,0.5,0.3,0.6,0.5,0.4,0.7,0.3,0.4,0.5,0.5,,0.2,0.4,0.5,0.6,1.8,0.5,0.5,0.3,0.5,0.5,0.5,0.6,0.4,0.3,0.7,0.6,0.4,0.5,0.4,0.5,0.5,,0.5,0.5,0.3,0.5,0.3,0.3,0.8,0.7,0.9,0.4,0.4,0.4,0.7,,0.4,0.6,0.7,0.7,0.6,0.4,0.4,0.4,0.4,,0.6,0.6,0.6,0.8,0.5,0.4,0.6,0.4,0.4,0.3,0.4,,0.5,,0.5,0.7,,1.2,0.5,0.4,0.4,0.4,0.5,0.5,0.3,,0.3,0.7,0.7,0.5,,,0.8,0.6,0.3,0.3,0.5,0.5,0.7,0.5,0.7,0.4,0.7,0.2,0.3,0.1,0.4,0.2,0.3,0.3,0.2,0.4,0.5,0.6,0.5,0.6,0.7,0.7,0.8,0.7,0.6,1.1,0.7,0.4,0.6,0.6,0.5,0.6,0.5,0.3,0.7,,0.4,0.5,0.5,0.5,0.8,0.9,0.7,0.7,0.5,0.4,0.4,0.5,0.4,0.7,1,1,,0.8,0.3,0.5,0.6,0.6,0.4,0.6,0.5,,0.6,0.3,0.4,0.4,0.5,0.5,0.9,0.6,0.7,1,0.5,0.4,0.3,0.4,,0.6,0.5,0.2,0.3,0.7,0.7,0.4,0.7,0.5,0.5,0.6,0.4,0.6,0.6,0.5,0.6,0.4,0.9,0.8,0.4,0.4,0.7,0.7,0.6,0.5,0.6,0.6,0.5,0.5,0.4,0.2,0.4,0.8,0.1,0.4,0.1,0.4,0.3,0.5,0.4,0.5,0.6,0.7,0.5
20210719,7,AQI,15,34,19,16,16,15,15,17,37,24,15,15,,,49,,46,47,42,,49,,46,47,,49,37,,31,40,39,32,26,43,40,,56,57,,84,56,23,37,37,,51,,20,26,34,42,47,45,46,34,38,27,,34,31,34,45,40,37,,,26,25,,34,46,39,48,25,25,,22,26,22,26,32,,22,29,35,32,40,26,,31,20,,,15,21,30,28,36,52,50,,39,30,42,33,33,,22,23,23,24,23,26,27,20,23,23,22,34,35,55,32,24,20,20,67,32,23,20,30,26,,27,35,30,,29,14,41,54,15,23,18,24,20,,16,22,23,19,30,22,41,27,28,,29,29,34,23,,18,20,44,48,25,22,25,28,19,,28,19,,,,36,28,,37,39,34,,,,53,,24,22,29,17,19,27,,27,25,,,,23,31,,43,45,51,36,32,,32,32,22,38,29,38,31,21,,20,,27,29,,30,15,,36,26,42,,48,36,30,29,30,16,20,,,12,16,19,42,29,42,33,,25,,,23,,22,24,,25,25,24,14,12,14,,35,25,25,38,30,27,26,32,39,34,52,38,41,39,45,41,36,44,22,,26,23,28,22,29,26,24,38,46,32,,50,34,,,33,42,29,57,,35,46,27,29,25,,,18,17,20,21,20,15,22,16,19,16,23,19,,20,18,32,24,27,27,45,29,24,,35,22,45,23,37,19,37,36,28,31,29,27,27,24,,27,32,28,25,24,26,24,25,11,9,9,9,10,11,,,13,13,10,10,12,10,15,28,19,20,26,,29,29,29,10,12,9,10,12,17,9,13,,,31,26,29,21,21,18,13,10,32,42,37,36,46,59,58,36,25,34,,57,18,13,21,12,12,22,,21,22,22,27,28,20,19,,,26,23,23,26,19,,25,27,28,20,,,25,29,22,29,36,41,41,46,36,28,41,,18,20,20,20,,21,19,19,16,20,17,17,40,38,51,55,36,42,28,32,,46,29,42,35,,38,36,,57,,,,14,27,,,,29,32,66,74,,60,66,,85,53,30,35,29,35,26,22,,29,29,39,9,25,22,36,,55,34,45,26,44,44,,,48,,34,21,18,25,35,23,27,20,23,18,26,37,36,35,20,19,25,20,,29,,46,25,26,34,51,,58,31,,,45,33,36,57,,28,35,39,,27,46,31,31,31,29,30,24,32,48,,,,27,,24,32,,31,28,24,26,22,25,27,27,29,32,,39,,,20,,19,18,23,14,15,32,17,15,,32,22,32,18,47,28,27,29,23,31,,30,28,15,13,15,32,34,30,12,,22,26,22,,25,19,,22,20,28,26,27,,50,12,,,35,29,,31,,20,37,29,53,20,20,,17,21,,20,25,,39,,38,39,27,,35,26,33,30,20,,21,24,21,35,70,17,20,57,28,20,33,14,28,21,35,58,32,13,41,50,56,42,45,40,28,27,20,32,32,23,32,25,26,,33,23,17,28,34,23,43,36,43,45,36,29,30,32,,29,26,36,,33,34,32,30,22,,37,32,25,,13,,27,15,17,16,45,32,19,,,,42,,39,,35,21,,,,36,38,23,38,,29,,19,19,21,36,22,24,,30,38,31,33,29,35,,28,,,23,20,28,17,,32,35,40,26,32,27,17,35,31,33,38,46,40,39,16,22,23,29,26,25,37,23,26,22,24,,46,28,40,34,18,32,13,19,,,,,31,30,,21,40,25,28,25,25,24,26,37,40,35,31,19,19,36,28,25,,20,19,41,,25,23,,48,47,28,33,30,34,39,32,39,36,29,21,34,,46,48,500,53,48,49,,30,29,,26,33,35,29,32,34,35,29,29,,22,,,22,22,30,37,27,,,,,,25,25,45,,,18,,17,,,22,,21,20,23,20,23,21,27,34,19,,40,35,27,28,31,25,25,31,31,31,30,16,17,,53,50,,32,28,29,23,,,26,21,23,37,42,30,26,33,21,,,34,22,17,30,16,,20,29,49,32,52,44,33,,28,30,23,,,23,28,,24,26,54,,87,,58,59,,,37,19,,,51,30,39,,,30,30,31,15,39,42,44,40,37,40,39,34,27,24,19,29,42,36,29,34,40,33,40,49,,36,26,22,,20,39,50,44,32,29,35,26,16,25,19,39,,,61,23,36,59,13,32,48,35,13,32,28,45,29,17,34,36,35,,,18,59,58,62,16,21,,,28,18,,28,29,29,,38,56,43,36,42,39,35,33,30,41,36,54,19,24,17,25,,21,20,15,16,50,39,,24,,46,,,,14,18,15,16,19,18,,27,,43,44,37,19,18,25,20,12,27,19,57,22,25,18,21,15,49,39,35,30,27,,22,34,29,24,20,43,6,36,30,21,34,30,36,29,36,,27,40,41,64,25,31,30,36,31,33,33,25,19,19,33,,33,42,39,24,29,30,28,29,46,55,46,,25,31,23,,25,32,31,36,,42,36,25,,22,24,,27,27,29,30,28,22,28,27,30,29,,53,52,43,29,33,,27,29,,32,26,33,30,33,43,40,33,33,,20,23,26,,21,20,,26,25,26,21,,24,24,23,14,21,31,30,,,46,,26,,38,43,48,,15,10,24,99,15,19,22,33,32,42,42,37,40,50,26,30,51,64,51,45,33,17,33,23,13,20,19,36,38,50,35,10,70,28,32,33,34,69,60,67,52,41,48,45,36,42,24,22,,42,56,69,87,25,15,15,16,,18,,29,19,23,18,29,39,29,24,49,24,24,16,24,,,28,26,27,,25,23,8,17,19,32,,19,15,23,,,,,39,21,29,16,16,12,28,30,,14,28,17,24,22,29,19,23,40,22,37,,,,,17,16,32,17,14,21,26,,29,15,16,30,29,24,27,27,15,12,22,19,39,15,,23,13,11,10,9,11,20,15,12,,18,9,,23,13,,10,12,19,,17,,29,,12,12,27,59,55,65,22,28,24,23,23,27,19,23,,36,40,17,26,21,30,,355,411,28,41,430,459,,29,,30,25,23,,45,37,14,,16,29,21,23,18,37,29,,28,25,,34,,,,50,47,29,29,23,,56,21,24,24,26,25,20,31,24,,,44,53,49,15,,20,40,41,58,44,24,20,25,75,59,38,30,20,,72,38,35,52,14,23,20,,19,,22,28,26,30,32,16,500,28,45,31,38,26,35,18,,,23,45,24,44,,36,30,44,29,,30,35,,,21,28,25,19,30,29,20,20,19,28,25,23,29,27,35,,44,36,,35,19,26,22,30,38,29,28,16,22,21,34,23,49,23,47,36,56,41,17,35,11,44,39,36,64,35,28,15,46,23,31,17,23,20,14,28,30,24,25,41,26,23,39,31,,26,22,,29,20,29,15,23,21,14,,35,40,39,38,38,32,25,24,52,38,55,43,27,39,22,16,41,46,30,,29,75,56,80,29,,410,24,16,15,19,26,23,20,18,28,46,26,30,68,40,32,,50,,28,20,21,45,28,28,32,39,30,28,16,14,9,10,12,13,21,38,11,24,10,17,27,43,37,53,43,36,39,30,53,31,42,17,29,34,24,22,22,23,,13,27,15,13,30,17,24,29,32,20,23,42,23,18,22,21,17,18,25,14,38,20,,45,49,29,31,33,48,36,51,50,36,23,18,23,54,22,14,30,35,36,33,32,26,36,52,35,65,50,21,25,26,19,27,33,50,,34,49,44,41,43,30,29,26,22,39,,26,31,26,24,28,20,33,23,27,70,34,51,67,,26,14,20,,10,15,13,29,22,13,17,9,26,33,69,50,40,59,44,63,36,52,40,26,37,40,54,18,30,29,,42,22,28,36,87,36,23,22,26,22,32,29,20,28,23,25,29,,42,44,24,,45,44,23,46,17,25,,45,33,39,44,35,33,,27,39,35,29,21,26,25,19,32,,39,53,26,64,36,20,22,18,20,26,23,,27,,22,24,,13,20,20,18,38,35,45,36,,29,31,24,19,,,25,51,27,35,51,60,77,62,62,40,36,28,48,56,69,62,46,44,60,54,34,17,,23,30,40,39,24,39,36,45,22,29,29,39,31,31,23,54,500,500,18,25,34,27,30,71,20,10,16,12,28,31,45,37,44,,27,21,16,22,30,29,31,20,22,50,40,25,36,25,37,38,48,30,32,36,47,33,19,,22,32,24,40,30,33,50,26,48,42,21,33,15,42,11,35,35,43,52,46,29,24,74,75,45,36,,37,22,22,29,,45,30,50,21,50,18,23,45,13,17,24,43
20210719,7,PM2.5,10,21,8,9,6,6,7,6,19,14,8,9,,,29,,27,21,25,,28,,32,30,,34,19,,19,28,20,22,15,30,28,,30,40,,62,35,11,24,19,,18,,13,18,16,25,24,23,27,23,19,12,,10,5,12,31,28,25,,45,18,10,,5,32,16,30,13,17,,12,18,14,5,18,,12,16,22,14,19,15,,14,10,,,3,13,11,19,22,22,21,,18,15,23,15,20,,15,12,13,14,9,9,13,14,13,16,12,16,14,19,14,12,13,12,16,15,16,9,10,18,,10,13,13,,20,8,14,7,10,16,8,12,6,,10,15,16,13,17,12,17,12,17,24,9,14,9,16,,12,9,12,33,13,14,17,19,13,17,19,5,,,,24,19,,23,23,18,,,,24,,9,12,17,9,12,9,,12,13,,,,16,14,,30,23,31,11,18,,22,14,15,26,20,17,12,10,,14,,17,14,,15,8,,16,14,21,,20,20,18,13,21,6,14,,,6,8,5,21,13,18,17,,12,,,16,,13,15,,10,11,14,4,8,7,,19,9,17,15,12,10,9,19,19,17,27,24,19,22,31,22,12,24,4,,11,12,10,11,12,9,9,12,19,12,,17,6,,,17,29,12,37,,24,20,15,20,9,,,2,,7,2,7,10,15,11,13,11,16,13,,13,10,12,15,17,14,31,20,16,,17,11,23,15,13,13,14,12,18,15,12,15,12,14,,11,13,13,13,12,13,14,12,,,,,,3,,,,1,3,1,1,1,10,5,9,12,2,,9,13,7,3,2,2,,6,4,1,9,,,16,12,13,10,11,12,4,4,18,22,20,24,21,29,22,20,17,19,,23,8,5,10,5,5,15,,9,15,14,8,5,6,6,,,15,5,12,18,4,,15,15,15,10,,,14,13,12,9,9,22,14,17,22,19,12,,9,8,2,5,6,7,3,4,1,,2,4,28,26,20,29,25,29,19,22,,30,20,28,24,,26,19,26,16,,,,6,8,,,,20,10,9,25,,26,24,,13,25,21,24,18,16,18,15,,14,18,27,6,17,15,23,,19,4,31,16,9,17,,,19,,13,12,10,15,24,16,17,14,16,11,8,19,25,24,10,4,12,3,,20,,23,17,18,17,28,,31,18,,,23,20,13,38,,17,20,17,,14,17,14,19,20,19,21,12,22,24,,,,15,,14,17,,17,19,11,18,10,2,3,17,20,22,,24,,,14,,13,12,13,4,,5,10,6,,18,14,22,12,21,12,17,9,16,17,,18,19,4,2,2,11,14,17,8,,11,16,15,,15,13,,15,14,12,18,14,,24,8,,,18,14,,10,,14,15,10,21,,4,,,7,,13,17,,27,,22,27,18,,16,18,12,14,14,,11,10,12,20,51,9,9,21,18,10,18,9,16,11,17,36,10,7,12,35,31,29,31,28,19,14,10,13,18,16,18,14,8,,23,5,5,6,12,7,30,22,30,31,25,19,21,20,,20,17,25,,23,20,20,17,9,,12,13,13,,7,,5,8,5,10,31,22,13,,,,29,,27,,24,10,,,34,25,18,13,17,,18,,2,7,5,12,9,8,,20,26,16,23,20,24,,13,,,12,9,12,9,,14,24,28,18,22,5,7,17,21,23,25,26,27,25,11,8,5,4,7,6,5,12,12,9,9,,27,15,21,19,12,22,8,8,,,,,5,6,,6,28,11,6,4,9,6,17,7,28,24,10,13,13,25,19,17,,10,12,20,,13,13,,20,26,18,21,21,19,19,17,27,22,19,12,14,,8,15,349,32,21,34,,9,2,,7,4,8,1,7,16,22,10,10,,3,,,2,2,21,12,14,,,,,,14,16,31,,,5,,5,,,15,,13,11,11,11,14,14,15,15,12,,28,23,16,19,19,16,16,20,20,20,21,11,8,,19,18,,14,15,12,14,,,18,6,10,9,29,9,13,8,11,,,17,2,7,12,7,,,20,20,17,14,18,23,,19,14,16,,,9,18,,13,13,13,,10,,25,24,,,7,13,,,15,19,27,,,9,18,7,5,26,22,20,28,17,28,27,17,9,11,11,11,15,14,12,18,23,23,25,31,,21,9,15,,2,12,18,26,16,9,24,15,7,17,6,22,,,18,11,16,23,7,22,4,16,9,22,13,31,13,10,13,12,19,,,3,42,41,44,8,11,,,19,12,,19,17,17,,15,26,26,23,8,24,24,23,4,27,18,14,13,6,11,17,,13,8,10,11,34,24,,14,,15,,,,4,9,8,5,5,10,,11,,29,26,25,7,7,17,14,3,17,13,40,12,5,7,10,7,34,27,13,12,10,,11,14,20,16,9,25,1,25,12,12,22,21,15,15,19,,8,27,24,46,9,12,19,25,16,18,20,14,10,12,21,,22,13,21,14,15,18,15,11,26,28,23,,17,20,16,,17,17,21,22,,19,22,17,,15,14,,12,14,15,21,17,13,18,17,18,16,,32,36,30,20,12,,15,14,,16,18,4,20,23,30,28,17,23,,14,16,18,,10,13,,14,6,13,9,,11,6,7,,5,16,20,,,32,,18,,26,30,33,,8,7,6,7,6,13,11,23,16,15,29,12,28,35,11,15,21,31,23,25,23,10,23,15,5,12,13,24,19,32,24,7,22,19,22,23,23,50,43,48,34,21,33,28,13,25,11,14,,17,16,50,58,17,10,7,10,,12,6,20,12,14,4,20,17,20,11,16,10,12,7,8,,,11,7,7,,13,4,2,2,4,14,,9,9,12,,,,,26,9,9,9,5,8,19,21,,1,19,4,2,6,11,11,16,20,15,19,,,,,9,9,15,10,6,7,18,,14,6,7,21,20,6,4,6,10,7,15,7,27,6,,16,7,6,6,5,7,9,6,8,,12,3,,5,,,,4,,,5,,13,,4,8,12,30,25,24,14,15,14,15,12,11,10,10,,15,12,5,4,8,16,,100,64,15,7,78,98,,19,18,11,6,5,,16,20,6,,11,15,14,16,8,10,19,,16,17,,21,,,13,19,20,6,6,,,19,7,10,6,11,6,10,12,12,,,17,31,14,10,,2,10,12,20,24,9,,12,55,42,23,16,8,,11,15,21,27,8,16,11,,13,,14,18,16,18,8,10,364,5,31,18,16,,16,8,,,13,20,12,20,,20,11,12,13,,11,24,,,5,18,14,13,21,14,5,2,7,18,17,11,5,9,24,,21,22,,17,11,10,14,2,26,20,19,11,11,11,18,8,25,12,26,21,37,22,8,18,2,29,9,23,46,21,19,6,28,11,15,9,15,10,7,10,13,16,17,28,18,14,21,19,25,18,9,,18,11,10,2,4,10,7,,15,17,12,26,26,22,4,14,24,20,19,30,18,18,12,8,26,26,16,,13,27,18,22,15,,124,13,9,9,9,16,12,14,7,19,14,18,20,27,9,11,,35,,14,14,9,31,18,13,20,14,12,12,6,4,1,1,1,8,12,20,,14,4,10,13,20,6,29,24,20,24,21,32,20,22,6,16,13,14,10,15,11,,5,8,10,9,12,4,14,20,20,10,16,29,13,2,15,12,8,12,6,9,22,13,6,20,34,17,14,23,16,19,30,16,14,13,11,16,38,15,3,21,24,12,23,22,18,24,29,21,44,23,12,17,14,13,15,20,9,,10,34,16,17,13,19,16,18,15,27,28,17,17,18,13,19,14,23,7,9,25,10,15,23,,15,9,10,11,4,10,3,17,9,3,8,,15,15,50,25,28,31,26,38,10,24,28,18,24,28,35,8,21,19,,29,10,19,25,64,21,4,15,3,2,18,14,14,17,16,5,9,15,27,17,14,,30,22,11,15,6,7,,19,23,27,27,23,17,,16,24,21,20,11,13,12,9,18,,27,37,15,46,25,14,12,12,8,11,13,,17,,9,8,,4,8,10,6,25,24,20,17,,14,15,15,12,,,10,24,4,16,9,43,56,44,44,28,17,19,31,33,32,40,24,27,34,4,15,7,,16,21,28,15,15,27,25,24,5,20,17,27,20,8,16,15,245,356,10,12,14,18,12,17,13,,11,5,13,16,12,13,18,,18,11,9,15,21,13,14,,7,26,28,17,22,5,14,17,18,12,15,18,27,14,9,,11,18,7,8,21,23,35,12,15,13,11,14,5,29,2,22,24,25,20,28,20,10,54,55,16,18,,17,1,10,11,5,24,20,18,6,12,6,11,31,7,2,14,30
20210719,7,PM2.5_24h,12,10,16,12,16,13,11,20,15,14,15,13,,,24,,20,16,24,,22,,22,23,,22,20,,17,15,11,15,10,20,15,,22,26,,30,22,14,24,18,,19,,14,17,12,16,15,13,16,13,11,11,,10,3,14,25,24,19,,33,19,11,,11,23,17,22,15,17,,18,12,8,2,14,,9,13,13,11,12,12,,12,13,,,10,12,13,12,18,21,20,,18,19,27,25,24,,24,15,18,16,14,15,13,18,17,16,10,19,14,23,15,14,12,9,14,15,17,9,11,12,,11,12,12,,12,10,15,10,13,17,13,15,12,,14,14,13,16,15,14,18,12,21,21,10,18,15,18,,12,11,12,25,13,14,13,14,12,20,14,8,,,,22,17,,21,18,18,,,,20,,8,15,12,11,14,13,,13,11,,,,16,15,,23,23,26,16,19,,17,13,12,17,17,14,10,11,,12,,14,15,,15,18,,19,17,16,,16,17,18,15,14,10,10,,,9,9,9,14,11,10,16,,14,,,16,,14,15,,10,12,13,11,11,10,,15,17,15,14,13,15,14,16,9,6,10,6,8,10,10,10,5,8,5,,11,8,6,7,12,11,10,9,12,10,,12,6,,,12,19,13,17,,23,16,16,19,13,,,7,8,9,6,11,12,17,14,15,16,18,15,,13,16,19,20,18,16,28,19,22,,14,10,19,20,17,17,12,15,16,17,15,13,12,13,,11,13,11,13,12,10,11,12,5,3,6,6,4,6,,4,4,4,8,3,5,6,14,9,10,12,8,,14,17,12,7,8,8,3,11,11,6,12,,,10,10,9,9,10,13,5,7,17,18,17,15,19,23,20,20,22,19,21,21,7,5,8,7,5,20,,20,24,24,18,16,14,18,,,21,14,19,24,16,,14,17,12,11,,,13,16,8,11,13,21,12,15,20,16,9,,10,7,7,10,11,14,3,5,3,4,7,3,16,17,15,14,17,19,13,14,,16,13,15,16,,22,14,18,15,,,,9,10,,,,17,16,10,20,43,20,15,,20,20,17,15,17,18,12,14,,13,15,23,8,14,14,21,,22,20,23,18,14,22,18,23,21,,17,15,19,15,12,13,14,16,16,11,16,14,21,23,9,9,10,9,,17,,17,15,16,15,19,,17,21,,,19,17,18,21,,17,16,15,,15,16,12,17,17,15,18,11,18,13,,,,14,,13,14,,16,21,18,18,9,8,7,20,19,25,,18,,,16,,17,22,14,9,9,10,11,8,,13,13,12,10,17,9,15,13,13,11,14,13,17,9,10,9,12,12,13,9,,11,13,12,,14,12,,17,15,14,17,14,,17,9,,,19,19,,9,,10,12,9,14,5,8,,10,10,,19,20,,28,,14,22,17,,11,11,10,11,8,,13,12,14,18,22,12,9,26,17,15,17,13,20,12,17,25,12,10,10,29,21,19,24,25,14,11,12,10,14,11,12,10,10,,12,9,7,7,13,7,19,11,15,17,15,15,15,13,,17,16,20,,20,14,14,8,8,,9,8,9,,11,,12,8,8,12,13,13,12,,,,17,,20,,13,14,17,,18,19,17,15,14,,12,,11,8,14,17,16,13,,23,21,15,20,21,18,,16,,,15,10,9,7,,19,34,25,24,18,4,6,14,19,24,24,24,26,22,8,8,14,12,16,17,10,15,14,15,11,,24,15,23,22,17,17,16,10,,,,,9,8,,11,16,15,10,13,11,17,13,12,15,15,10,7,10,15,14,12,,15,16,17,,13,15,,16,19,18,20,20,18,18,15,22,15,15,10,11,,14,17,40,44,18,16,16,5,4,,7,7,15,10,11,13,16,12,12,,10,,11,7,7,9,10,13,14,12,13,,,13,13,15,11,10,10,15,13,,,15,,13,16,10,16,18,18,18,18,15,,22,14,18,18,20,17,17,19,18,18,21,12,12,,16,14,,13,16,9,13,,,15,14,12,9,18,12,11,10,12,,,16,4,8,11,6,,1,15,18,16,14,15,16,,18,14,17,,,19,17,,11,9,9,,9,,27,21,,,6,13,,,18,22,30,,,9,16,5,3,17,16,15,17,15,17,16,12,11,13,14,14,18,18,19,18,16,17,18,18,,20,15,14,,8,10,12,15,15,15,14,11,7,12,3,15,,,15,23,19,27,17,32,17,29,21,19,16,39,28,25,29,27,30,,,10,53,53,62,8,9,,57,18,11,,16,15,16,,15,18,14,12,8,17,15,17,10,17,10,12,13,10,7,13,,7,7,8,8,19,15,,13,,14,,,,3,6,5,6,10,9,,10,,14,14,12,7,10,12,8,6,18,17,26,12,11,9,8,8,17,16,12,11,10,,8,12,17,15,17,16,4,19,11,9,14,11,12,17,16,,8,18,17,21,16,11,14,14,13,13,20,19,21,20,18,,19,9,17,11,12,11,12,8,19,23,18,,12,17,19,,13,12,16,18,,16,18,13,,13,18,16,18,16,16,15,16,14,15,15,13,15,,19,19,15,16,17,,18,16,14,18,19,8,16,18,21,20,17,21,,22,21,24,,13,18,,16,6,11,11,,12,9,10,1,6,18,17,,,22,,25,,27,26,27,,8,6,7,6,8,13,11,17,15,15,18,16,24,24,11,16,23,18,27,16,22,17,24,25,9,8,9,20,17,25,21,6,13,7,14,15,10,42,45,42,41,22,21,21,7,20,19,20,31,27,32,38,38,17,10,10,10,,8,6,11,6,9,7,14,14,15,8,6,6,8,9,8,,,15,17,19,,22,10,7,5,8,17,,10,11,8,,,,,13,6,6,6,8,12,10,17,,6,37,9,9,11,12,10,13,14,8,9,,,,,9,9,11,8,8,6,13,,12,7,9,13,14,8,6,5,12,9,17,14,15,11,,12,14,6,6,11,6,10,6,12,,10,7,,11,5,,3,5,3,,9,,8,,4,5,10,15,13,16,13,11,12,12,7,11,7,9,,16,10,5,8,8,22,,16,19,10,8,28,31,,13,13,9,9,5,,14,17,11,,13,15,13,15,5,9,15,,11,13,,17,12,,10,32,30,11,15,8,,12,6,10,14,15,16,24,15,33,,,11,16,15,9,,6,14,13,15,19,10,3,12,23,21,19,12,13,,9,13,19,23,10,16,14,,13,,12,21,18,17,12,11,41,9,17,26,18,13,16,7,,,18,14,14,17,,17,17,20,14,,16,24,,,4,21,17,9,23,17,8,7,8,19,21,20,23,15,25,,21,17,,14,13,12,12,5,32,18,20,15,17,9,9,7,18,8,15,12,18,15,12,17,5,22,10,12,20,13,11,6,22,13,15,15,13,9,8,15,19,20,12,20,11,14,17,19,20,13,10,,14,7,11,8,8,7,6,,15,12,11,21,12,13,7,23,21,15,21,21,18,13,7,9,17,18,10,,15,18,19,19,9,,41,12,12,13,11,14,14,14,11,15,11,11,16,17,12,8,,22,,14,11,6,21,14,10,13,12,12,13,10,8,6,7,6,7,17,13,3,14,6,11,10,15,6,21,20,22,22,14,19,16,13,7,10,10,13,10,12,10,,10,11,11,15,12,8,7,17,7,13,14,18,17,5,13,17,12,8,8,14,15,8,9,15,29,17,15,15,10,9,21,21,13,15,10,10,23,20,5,21,22,15,21,11,23,24,24,15,44,17,15,14,14,13,15,17,15,,10,23,17,18,21,18,20,18,15,17,20,15,17,17,14,19,13,18,3,10,10,14,12,17,,10,11,7,8,7,11,7,10,15,6,9,6,11,11,25,17,23,21,19,22,14,10,13,10,14,17,13,13,16,13,,17,13,20,26,24,14,7,11,10,6,18,10,11,12,16,11,18,19,15,13,17,,22,18,15,18,12,7,27,21,21,15,20,18,16,,12,12,20,14,8,12,13,13,18,,22,26,24,32,28,8,11,9,7,10,11,,12,,14,20,,6,13,15,10,18,19,15,14,,11,19,16,10,,,11,21,8,10,11,20,29,29,30,19,15,11,19,22,15,27,18,13,21,15,13,14,17,12,14,19,18,15,23,37,25,9,13,13,18,15,13,9,16,212,170,7,11,14,15,8,24,15,5,15,8,9,10,9,16,20,,16,13,13,16,14,9,13,7,11,25,16,19,18,11,17,15,18,13,17,14,20,15,11,,7,45,9,18,23,21,13,15,11,12,16,12,15,12,12,18,21,20,12,23,13,7,32,39,11,16,11,19,16,11,11,15,13,13,17,5,13,8,22,21,7,,14,27
20210719,7,PM10,15,34,19,16,16,15,15,12,37,24,12,15,,,49,,46,47,42,,49,,45,47,,44,37,,31,35,39,19,26,27,24,,61,58,,71,61,20,37,37,,52,,20,25,34,42,47,45,46,34,38,27,,34,31,34,44,39,37,,39,22,25,,34,42,39,48,25,25,,17,19,22,26,32,,22,29,35,32,40,26,,31,17,,,15,21,30,14,36,53,50,,39,30,42,33,33,,14,19,23,15,17,17,21,18,19,22,16,34,35,60,32,24,20,20,84,32,23,20,30,21,,27,35,30,31,28,14,41,58,8,17,18,24,20,,16,21,18,18,30,22,41,27,28,29,29,29,34,17,,17,20,44,32,25,22,14,14,12,,16,19,,,,36,26,,37,39,34,,,,56,,24,22,29,17,19,27,,27,25,,,,22,31,,39,45,51,36,32,,32,32,22,17,27,38,31,18,,16,,27,29,,30,15,,36,26,42,,48,36,30,29,29,12,19,,,12,16,19,42,29,42,33,,25,,,22,,22,24,,25,25,24,14,10,14,,35,25,16,38,30,27,26,32,39,34,53,38,41,39,41,41,36,44,17,,26,23,28,22,29,26,24,38,46,32,,50,34,,,33,34,29,63,,34,46,27,27,9,,,5,12,5,12,5,14,18,16,19,15,19,19,,20,10,32,24,27,27,33,26,22,,35,18,45,23,37,18,37,36,28,31,29,27,27,24,,27,32,28,25,24,26,24,25,2,2,,3,5,11,,,6,4,10,2,6,9,6,28,19,20,26,,29,29,29,7,12,3,7,12,17,8,12,,,31,26,29,21,21,17,13,4,32,42,37,36,46,68,66,36,24,34,,63,18,13,21,5,11,12,,21,12,15,27,7,9,16,,,9,8,16,26,9,,25,24,25,20,,,25,22,22,29,36,41,41,46,36,24,41,,18,2,8,4,,8,5,8,5,6,6,8,34,32,52,59,36,33,27,23,,46,29,42,29,,36,30,71,63,,,,14,21,,,,14,32,81,98,,69,81,,119,56,20,34,29,35,12,22,23,29,29,29,9,22,8,36,,59,34,45,26,44,44,,,48,,34,21,18,25,26,21,27,11,21,7,24,37,22,32,20,19,25,17,,27,,46,22,22,34,52,,66,31,,,45,33,36,63,,28,35,39,,27,46,31,31,31,29,22,24,29,48,,,,27,,24,32,,31,17,14,22,9,5,14,27,22,29,,39,,,19,,3,13,23,5,13,32,14,4,,32,22,26,18,47,28,27,29,22,31,,30,27,15,4,8,32,34,30,12,,22,26,22,,25,18,,18,19,28,21,27,,50,12,,,35,29,,31,,8,37,29,55,8,11,,7,3,,11,12,,26,,38,27,27,,35,22,33,30,20,,21,24,20,35,46,17,20,63,28,20,33,14,28,21,35,65,32,13,41,26,62,42,36,27,24,27,20,32,32,14,32,13,17,,20,23,17,28,34,23,41,36,38,40,32,29,27,32,,22,26,32,,30,34,32,30,22,,37,32,10,,6,,27,8,9,16,32,23,18,,,,31,,32,,15,16,,,38,18,38,23,38,,29,,19,19,21,36,22,24,,30,37,31,28,22,29,,22,,,23,14,28,17,,32,28,39,26,22,27,16,35,31,30,38,46,40,39,16,22,9,12,13,12,37,23,26,22,24,,46,28,40,34,15,20,12,19,,,,,20,14,,18,30,10,26,14,6,20,26,37,38,35,31,18,17,26,27,21,,20,19,41,,25,23,,48,47,28,33,27,34,39,32,27,36,29,19,34,,46,48,1853,56,48,48,,11,18,,6,33,25,8,5,34,35,29,29,,22,,,7,7,28,37,27,,,,,,25,25,17,,,6,,8,,,18,,21,20,23,20,23,21,27,34,19,,34,35,27,28,31,25,25,31,31,31,29,15,17,,56,50,,32,28,29,23,,,22,21,23,37,34,30,26,33,20,,,34,22,9,30,11,,15,22,49,32,54,44,19,,26,30,19,,,23,28,,24,26,58,,124,,66,67,,,37,11,,,51,30,31,,,30,30,31,6,26,33,22,40,37,28,34,34,14,16,19,29,42,36,29,34,40,29,40,49,,36,26,22,,20,39,50,44,32,29,33,26,16,19,19,39,,,72,23,36,68,11,31,48,35,13,13,28,37,29,17,34,36,35,,,8,51,45,49,16,21,,,18,16,,24,29,29,,38,62,43,36,42,39,19,21,30,41,36,58,17,24,17,22,,21,20,3,13,50,39,,24,,46,,,,12,16,11,14,11,18,,27,,43,44,37,19,18,11,17,11,27,16,64,22,6,18,21,14,35,30,35,30,27,,22,34,18,24,20,43,2,27,30,21,34,18,36,29,36,,27,40,41,41,25,31,30,31,31,33,33,25,19,19,33,,33,42,39,24,29,30,28,29,46,59,46,,25,31,19,,25,32,31,36,,42,36,21,,22,24,,27,27,29,27,28,22,28,27,30,29,,55,34,35,23,33,,27,29,,32,26,33,30,15,25,26,33,23,,19,22,26,,21,12,,26,25,26,21,,8,15,11,14,21,31,30,34,35,28,32,22,38,30,39,38,,15,10,24,148,15,19,22,33,32,42,41,37,32,48,26,30,51,78,52,45,23,17,30,23,13,20,13,36,38,50,22,8,90,15,31,28,34,66,46,69,53,41,25,45,36,42,24,22,,42,62,84,123,22,13,15,16,,11,26,14,19,23,18,27,39,27,24,49,24,24,12,24,,,15,7,19,,23,23,8,17,10,32,,19,15,23,,,,,39,21,29,16,16,11,25,15,,9,16,14,5,22,29,19,14,40,22,37,,,,,17,15,32,17,11,21,25,,29,8,5,25,28,14,18,6,9,12,14,11,10,7,,10,9,7,6,9,11,20,10,9,,9,9,,5,13,,4,5,,,17,,8,,12,9,27,68,60,80,14,28,24,20,23,27,19,23,,32,40,11,26,21,30,,464,511,28,41,530,559,,17,23,30,25,23,,45,37,12,,11,13,12,14,18,8,29,,19,25,,34,20,23,,50,47,21,26,,,62,21,24,17,15,25,19,31,22,,,44,55,49,5,,7,40,41,66,44,24,10,25,69,54,38,30,20,,94,38,35,53,11,23,20,,19,,22,28,26,30,32,16,1924,28,39,31,38,12,35,18,,,19,45,24,44,,36,19,44,29,,30,32,,,16,28,25,12,29,29,9,12,17,28,16,12,20,11,21,,44,36,,35,18,26,22,12,34,20,28,2,22,21,34,23,49,23,47,36,61,41,6,35,11,44,39,36,41,35,24,3,46,23,19,13,23,18,14,16,19,22,15,41,24,23,39,31,30,23,18,,29,20,29,13,11,21,14,,35,40,39,22,26,22,8,24,53,38,60,34,27,39,22,16,41,46,30,,29,99,61,110,29,,510,24,12,14,19,26,23,20,18,16,46,24,30,86,40,32,,45,,28,12,21,35,28,28,32,39,30,28,16,14,6,5,2,5,21,38,5,24,10,17,27,43,37,55,43,36,39,18,56,31,42,17,29,34,11,18,20,23,,7,27,11,7,30,17,24,28,32,20,16,30,23,15,14,21,17,14,25,12,38,20,,45,39,29,31,27,48,36,52,50,36,23,8,12,32,15,14,14,16,36,27,31,14,36,53,35,80,50,21,25,26,16,27,33,50,,34,37,44,41,43,30,29,21,16,18,42,26,31,26,24,22,18,25,17,16,90,34,51,84,,26,8,20,22,10,5,12,29,22,11,17,5,26,33,45,50,18,67,44,76,36,53,33,15,37,24,58,11,30,29,,22,11,24,34,84,36,23,7,11,22,32,29,18,28,18,13,17,37,42,44,24,,45,44,20,46,17,7,,45,30,37,44,35,33,,27,39,35,23,21,26,25,19,32,,37,46,26,58,34,19,22,16,20,26,23,,27,,22,24,,13,20,13,11,38,35,45,36,,29,31,24,9,,,9,52,27,35,51,60,86,72,62,18,36,20,48,62,88,74,46,44,70,57,34,17,,19,28,29,39,24,37,16,45,12,25,29,24,31,31,18,58,1650,1999,18,25,34,27,30,92,20,4,11,12,28,31,45,37,44,,27,21,6,12,23,29,21,9,22,50,36,24,36,25,37,38,48,30,32,36,47,33,19,,22,32,13,40,20,20,34,26,48,42,21,33,15,19,11,35,34,43,53,46,27,24,82,78,45,36,,37,22,22,29,19,45,30,50,20,50,14,23,40,10,2,24,36
20210719,7,PM10_24h,18,22,25,21,26,20,18,33,29,19,23,20,,,38,,36,36,43,,38,,34,35,,30,34,,25,18,20,15,20,19,17,,47,43,,41,45,21,37,33,,40,,20,26,32,23,24,29,25,18,21,17,,22,19,23,36,34,35,,35,36,34,,44,34,33,36,20,18,,11,20,17,18,25,,16,21,20,23,23,20,,28,25,,,25,29,32,33,30,41,41,,43,35,44,37,38,,37,27,29,21,22,18,21,17,24,24,16,41,41,60,37,32,23,19,44,30,41,21,29,25,,33,33,37,32,30,24,37,34,25,25,22,26,26,,29,22,22,24,33,26,34,30,37,38,29,35,27,21,,21,22,30,42,20,24,21,20,21,22,22,20,,,,33,29,,36,36,30,,,,48,,26,34,29,21,25,28,,27,33,,,,30,33,,36,39,41,30,27,,25,23,24,17,20,24,25,19,,19,,30,25,,36,24,,41,32,33,,42,41,34,33,20,16,18,,,14,17,17,30,25,28,38,,25,,,30,,27,26,,22,24,20,16,18,18,,29,28,29,36,37,25,31,27,17,17,23,20,21,24,21,19,20,17,14,,23,18,23,21,26,28,25,23,31,18,,32,23,,,21,27,30,36,,34,29,28,30,15,,,11,12,14,16,14,19,26,23,25,24,25,26,,27,25,28,33,34,26,33,27,32,,35,21,25,22,27,27,24,28,21,24,28,20,33,28,,30,36,28,28,30,27,26,25,13,15,16,16,13,17,,12,12,16,21,7,10,10,10,34,29,31,27,,32,34,29,20,25,17,18,28,23,24,21,,,24,23,23,24,23,24,19,19,29,31,28,28,38,36,36,32,39,35,40,40,14,12,20,16,14,28,,37,34,32,41,34,28,36,,,37,31,38,46,41,,25,31,21,23,,,25,24,21,22,34,33,33,36,30,23,30,,24,12,14,18,19,15,7,11,9,9,15,10,30,26,32,32,28,28,24,22,,34,24,31,27,,39,36,48,48,,,,21,15,,,,29,41,56,62,45,55,52,,77,31,19,31,30,25,10,18,17,22,20,29,12,18,19,37,,54,36,41,31,52,48,30,37,49,,27,29,24,26,25,23,28,24,22,14,26,30,30,34,23,26,29,25,,27,,30,17,19,25,36,,38,34,,,31,30,28,42,,26,28,27,,32,41,30,28,26,25,23,21,25,29,,,,23,,22,34,,33,31,14,37,12,14,13,30,27,31,,25,,,29,,28,33,27,24,25,35,24,20,,26,23,21,20,36,21,29,24,22,36,23,24,24,18,20,24,30,29,27,18,,22,23,24,,28,28,,29,29,32,29,23,,38,20,,,31,30,,21,,18,19,24,28,15,19,,18,18,,25,20,,28,,28,20,19,,21,14,18,23,17,,23,28,27,36,35,22,19,52,35,23,34,18,37,29,31,47,32,21,32,40,53,35,39,39,24,26,22,20,27,13,31,18,27,,24,23,19,22,30,18,31,25,24,28,20,29,28,27,,35,35,46,,31,22,18,22,17,,19,16,7,,10,,24,12,13,23,25,21,21,,,,30,,31,,16,17,14,,32,28,30,26,28,,27,,26,21,27,30,35,33,,28,32,23,24,27,24,,24,,,21,24,23,17,,28,40,40,31,26,27,17,29,34,34,38,39,38,33,16,15,22,27,26,22,21,25,27,25,21,,32,28,33,35,20,18,19,14,,,,,29,25,,28,25,20,29,18,15,18,23,27,28,29,26,16,12,30,25,24,,24,28,33,,26,26,,31,35,34,37,36,33,36,36,35,27,21,19,26,,48,49,212,44,39,30,38,11,15,,18,34,47,40,42,24,26,34,34,,18,,16,14,14,15,16,22,23,27,21,,,24,22,23,19,18,13,21,20,,,23,,29,28,24,26,29,28,32,31,25,,34,31,30,31,35,27,26,29,29,32,32,17,19,,49,32,,33,33,24,14,,,17,19,15,19,24,23,23,22,22,,,37,28,18,24,16,,26,23,26,31,31,30,17,,24,21,27,,,33,35,,23,21,27,,34,,48,50,,,30,22,,,49,41,39,,,20,26,16,9,25,24,18,31,32,25,33,28,20,26,26,35,41,33,39,35,36,28,40,38,,47,33,22,,20,28,37,31,27,22,21,20,20,25,22,30,,,46,32,36,46,31,38,33,35,25,20,30,46,49,37,49,46,36,,,17,63,61,74,18,19,,49,20,16,,23,28,26,,29,38,19,24,19,30,15,22,20,36,20,30,18,21,14,15,,14,22,10,18,34,29,,21,,19,,,,11,11,8,11,15,21,,19,,25,28,24,24,22,24,29,16,34,26,48,24,11,16,17,17,28,28,33,28,26,,23,23,25,23,26,30,6,33,20,23,22,18,32,27,29,,20,32,31,34,17,25,24,21,23,31,36,34,33,32,35,,37,38,33,21,24,24,24,21,42,50,41,,19,23,24,,23,34,28,28,,28,27,21,,20,24,22,25,26,24,22,25,21,22,26,26,28,,21,20,19,29,34,,34,31,20,28,18,22,21,20,23,25,36,24,,29,38,34,,22,25,,27,19,24,17,,14,16,20,17,25,37,36,34,29,34,33,35,38,39,42,38,,14,15,13,18,21,23,23,27,28,31,40,33,32,44,21,26,46,49,43,23,27,25,40,37,18,15,13,34,36,45,44,18,29,14,26,32,32,62,68,57,58,35,27,33,28,36,33,30,43,43,64,65,61,30,28,18,18,,18,15,11,13,17,17,22,27,26,14,16,15,15,14,17,,,24,27,33,,39,20,18,15,22,32,,19,14,17,,,,,23,15,14,15,14,18,22,20,,18,37,26,17,19,36,13,11,23,18,11,,,,,23,24,16,12,13,14,21,,22,15,16,17,22,13,21,12,12,11,15,18,17,20,,16,15,10,10,22,17,19,12,14,,11,16,,8,13,,7,7,5,,28,,16,,12,7,24,35,34,34,22,24,28,23,16,25,21,18,,36,33,9,21,25,49,,51,58,13,23,179,196,,17,24,30,32,15,,37,32,25,,16,18,22,19,14,19,35,,29,39,,41,27,22,26,113,99,54,59,14,,43,28,30,36,43,52,72,76,77,,,43,38,45,26,,14,49,47,61,36,26,13,30,31,32,32,14,18,,34,27,34,52,16,25,34,,10,,20,39,30,23,29,27,206,36,27,47,44,27,34,13,,,30,34,27,37,,36,28,45,27,,32,45,,,18,33,36,15,25,29,20,23,18,32,29,33,39,27,22,,43,26,,27,28,28,20,21,36,22,34,15,28,21,16,17,38,23,31,25,35,31,12,31,13,37,31,18,20,18,12,9,47,26,26,27,21,18,15,21,23,24,24,28,22,28,35,26,40,22,23,,25,15,24,22,15,15,13,,23,52,27,24,13,22,17,32,44,35,78,38,33,30,24,24,37,35,19,,23,52,56,71,35,,188,25,15,21,20,22,25,21,24,19,17,22,30,57,37,23,,38,,38,14,17,33,25,18,30,35,32,30,29,20,14,17,16,8,36,32,18,24,13,19,22,33,25,42,38,31,35,25,35,23,31,13,19,22,18,18,21,23,,7,24,19,21,29,17,17,27,18,21,23,16,27,22,17,21,24,18,14,18,33,15,20,35,33,31,35,22,30,18,40,38,30,24,14,12,34,30,9,17,22,36,31,17,39,38,39,29,66,30,25,25,28,20,30,31,33,,22,37,28,40,37,32,36,25,18,25,29,27,33,25,26,22,18,27,14,47,58,42,44,65,,24,22,14,18,18,10,23,27,26,16,21,14,21,23,34,27,25,43,38,42,30,23,26,20,24,23,26,23,29,22,,22,17,29,48,36,25,19,10,21,27,37,27,19,20,24,21,26,42,28,29,30,,37,34,28,36,16,17,50,43,37,32,32,28,30,,21,28,40,23,16,25,25,23,32,,31,27,40,45,38,11,21,16,15,25,22,,26,,23,26,,16,28,22,18,28,32,33,21,,20,36,29,12,,,19,47,18,30,28,42,64,52,48,13,25,13,32,31,63,60,43,45,49,44,27,23,27,16,23,17,27,27,31,46,30,18,20,24,27,23,33,13,60,867,917,13,21,23,24,20,64,31,16,24,18,23,26,26,30,40,,34,41,12,14,36,27,31,13,13,38,32,27,31,30,39,35,40,26,41,26,39,30,25,,21,42,16,61,27,28,23,32,24,24,35,20,28,15,13,40,27,35,45,44,18,15,56,44,16,29,18,28,32,28,23,24,27,27,44,22,43,14,44,33,13,4,26,38
20210719,7,SO2,1,3,3,3,3,2,3,3,1,2,3,3,,,8,,5,5,12,,4,,5,9,,7,5,,6,3,3,5,4,3,6,,5,12,,6,3,6,4,5,,2,,4,5,3,7,8,4,7,5,4,4,,6,6,6,9,10,8,,,4,6,,7,4,6,3,10,4,,4,5,3,3,5,,4,2,4,6,2,1,,10,7,,,3,6,7,12,12,12,60,,10,38,62,37,34,,8,9,5,5,6,8,5,9,6,5,5,3,3,4,4,2,4,4,3,4,2,13,8,3,,15,21,19,20,14,16,14,16,2,4,6,4,7,,3,6,7,5,5,8,5,9,10,2,1,6,1,10,,2,7,4,1,1,3,7,12,10,7,8,6,,,,8,8,,5,8,6,,,,10,,6,4,3,7,2,4,,4,10,,,,5,6,,9,10,8,4,3,,4,1,3,3,7,3,7,5,,2,,4,4,,5,6,,8,4,7,,7,4,5,4,17,7,25,,,6,5,8,6,4,6,3,,5,,,4,,8,5,,3,2,4,4,3,4,,4,4,5,4,4,7,6,6,6,6,7,6,9,6,5,6,5,9,2,,5,6,6,3,2,5,6,7,7,6,,11,6,,,3,8,8,9,,8,7,8,4,5,,,5,4,5,5,5,4,3,3,3,2,3,3,,3,3,3,2,4,4,6,5,5,,4,5,9,8,6,6,6,6,6,5,7,5,5,5,,5,6,9,5,7,5,5,5,4,4,5,5,7,2,,,4,5,6,4,5,5,5,8,7,6,6,,7,6,4,3,2,5,1,6,6,3,6,,,8,8,7,5,9,8,5,8,12,14,13,13,10,12,10,8,9,11,,32,6,3,3,2,4,4,,3,3,6,5,5,7,4,,,9,6,3,2,3,,4,2,8,3,,,8,18,7,3,7,5,5,5,4,4,5,,6,6,6,8,9,9,6,7,10,6,6,8,6,4,3,4,4,5,2,4,,4,5,5,5,,62,3,,16,,,,5,5,,,,6,8,5,5,3,6,6,,6,17,10,16,15,8,10,9,9,10,7,2,4,6,4,14,,3,5,29,11,12,12,,,14,,5,5,5,1,4,1,4,5,2,2,2,6,3,1,3,4,4,4,,13,,10,5,5,12,5,,4,5,,,9,5,8,12,,6,16,2,,5,7,12,9,3,10,8,8,7,18,,,,2,,5,10,,7,10,5,10,4,4,1,3,2,4,,20,,,7,,6,9,18,6,7,7,8,8,,82,12,18,18,11,19,10,11,21,33,,6,19,6,6,9,6,10,13,6,,5,6,3,,8,7,,8,6,7,9,10,,14,6,,,3,6,,4,,14,13,12,12,9,5,,9,8,,2,2,,5,,27,12,17,,32,12,11,13,9,,5,4,3,5,3,6,3,7,5,6,6,7,8,6,12,9,6,6,5,4,21,7,14,3,7,6,7,9,4,4,6,7,5,,4,6,4,4,1,4,3,6,4,8,3,10,7,8,,5,3,22,,9,11,8,7,5,,29,13,4,,4,,1,4,6,3,5,1,2,,,,3,,4,,1,3,,,,4,4,3,6,,6,,5,5,7,5,2,2,,6,6,9,6,12,8,,5,,,8,1,3,2,,6,19,12,22,11,5,10,21,8,8,19,13,6,11,5,3,9,6,3,4,6,5,8,4,4,,16,10,17,4,5,9,9,4,,,,,6,7,,5,3,8,5,1,3,4,5,7,6,5,5,4,4,6,7,5,,9,2,1,,3,2,,5,4,3,2,4,4,6,3,2,6,8,4,4,,10,12,7,5,13,8,,5,5,,6,6,3,5,4,5,11,4,4,,7,,,4,4,5,4,9,,,,,,5,4,2,,,5,,4,,,7,,6,7,6,6,8,9,8,6,6,,7,5,8,8,8,10,8,9,5,2,4,5,10,,5,6,,4,8,7,7,,,9,5,5,7,6,3,4,6,4,,,10,8,5,2,5,,8,18,7,10,10,14,4,,4,5,8,,,6,7,,17,13,7,,6,,39,40,,,7,4,,,9,9,22,,,2,5,11,11,5,8,6,9,10,3,9,7,6,5,8,6,11,4,6,5,4,8,3,7,,10,7,5,,14,20,8,10,4,5,8,6,6,8,5,7,,,9,5,6,6,5,20,8,2,4,10,13,6,5,8,6,6,4,,,3,3,4,4,5,11,,,14,12,,12,14,6,,2,7,12,10,7,2,2,6,4,12,3,5,11,9,5,4,,4,4,6,4,5,8,,4,,5,,,,10,12,9,5,3,2,,12,,5,7,9,4,4,4,2,6,5,7,6,4,4,6,14,5,15,19,7,3,5,,8,9,13,9,5,5,12,15,20,14,15,6,7,9,8,,4,48,50,8,8,5,8,15,18,23,14,7,15,3,10,,6,6,8,7,6,6,5,8,15,16,13,,5,1,1,,3,3,5,4,,4,3,1,,5,11,,10,14,7,5,7,7,8,6,6,2,,12,4,6,16,10,,12,6,,4,5,5,2,5,6,4,6,10,,5,4,1,,7,4,,12,6,5,4,,4,4,1,8,8,64,10,4,8,9,8,6,23,19,27,15,,3,2,8,9,7,6,6,9,4,13,13,14,8,14,8,5,4,30,2,1,4,5,3,3,3,5,5,9,10,12,18,8,10,11,13,24,8,5,5,6,5,6,8,14,7,12,12,10,,7,8,45,39,8,5,4,6,,3,5,8,7,7,10,9,16,5,5,10,6,2,6,9,,,4,5,5,,5,8,11,7,8,4,,8,6,7,,,,,6,6,7,8,6,13,10,13,,7,7,12,7,7,8,2,2,15,5,5,,,,,4,6,5,6,8,5,2,,3,5,4,8,14,6,7,8,7,8,5,6,12,6,,11,6,5,4,5,8,4,8,2,,10,6,,6,7,,8,7,6,,6,,9,,7,9,7,58,32,27,5,6,9,6,4,18,2,5,,108,38,5,6,12,6,,5,5,2,2,5,4,,6,8,7,1,22,,5,3,5,,10,9,10,10,12,16,8,,7,6,,7,1,3,2,5,6,4,4,7,,8,4,11,3,6,9,5,8,4,,,8,6,7,12,,2,5,6,6,42,4,9,6,12,5,5,12,6,,3,5,12,7,8,7,4,,4,,4,9,5,4,8,10,31,16,6,5,12,4,5,4,,,10,4,3,6,,7,10,6,17,,5,4,,,2,8,8,5,8,4,4,4,4,6,5,2,7,5,2,,5,3,,8,8,5,12,5,10,4,27,5,7,5,4,3,6,8,19,4,13,5,2,5,9,6,9,14,15,15,6,6,11,3,7,6,4,6,8,6,6,8,2,1,13,14,9,7,,9,1,,2,6,4,5,9,3,4,,3,8,6,8,5,6,10,2,9,9,8,3,5,7,13,5,2,5,4,,5,15,13,11,15,,20,4,8,4,4,5,9,5,3,6,3,9,5,37,13,6,,5,,6,4,5,10,1,8,8,8,6,8,7,7,6,8,4,8,6,12,7,6,7,5,8,8,5,7,3,4,3,11,9,3,11,4,6,5,2,2,3,2,,1,2,6,3,14,3,10,7,6,5,7,11,16,6,6,12,12,3,3,5,9,5,7,17,5,13,10,4,4,4,7,3,6,7,3,4,5,5,12,6,7,11,7,4,10,6,42,22,8,7,6,6,4,8,6,22,5,,2,3,3,13,14,6,7,8,5,4,5,9,7,10,3,2,2,5,1,6,7,6,9,8,,6,6,6,10,2,6,7,23,6,6,4,4,6,4,7,2,9,3,2,3,4,6,5,8,6,4,8,1,3,1,,3,1,9,12,78,13,8,4,15,12,5,3,7,5,8,6,9,,7,9,11,,7,13,7,24,3,4,7,17,6,14,13,5,9,,4,15,5,8,4,3,2,3,11,,8,8,10,8,8,4,4,2,4,5,3,,5,,4,1,,6,6,1,6,5,9,6,4,,3,24,16,12,,,6,10,2,7,3,6,6,17,15,2,4,4,5,7,6,10,7,10,5,8,3,1,,2,6,1,3,4,8,7,10,4,4,7,5,5,9,9,10,2,1,4,5,6,18,1,48,6,7,8,3,8,8,18,11,11,,8,5,2,6,4,8,8,7,7,8,8,7,7,3,10,4,3,6,9,7,9,7,4,,3,2,4,3,6,3,2,3,3,3,1,3,3,7,4,8,8,22,21,11,8,6,5,10,1,3,,3,6,4,7,6,1,5,6,6,7,6,9,6,7,6,6,8
20210719,7,SO2_24h,1,3,3,4,3,2,3,3,3,1,3,4,,,8,,5,5,9,,4,,5,9,,6,5,,6,3,3,5,4,2,5,,2,6,,5,3,7,4,4,,2,,3,4,3,6,7,5,6,4,5,4,,6,5,7,8,9,8,,10,5,7,,7,5,4,2,12,4,,5,6,4,3,4,,4,2,2,3,2,2,,8,7,,,4,6,8,9,12,7,23,,9,15,19,16,15,,8,9,6,5,6,9,6,8,6,6,5,3,3,4,4,3,4,4,3,4,3,13,9,11,,12,18,18,17,14,16,11,15,1,4,6,6,7,,3,5,6,5,4,7,4,8,8,2,2,4,2,6,,2,9,4,2,2,4,6,8,10,7,7,6,,,,8,8,,5,8,6,,,,9,,5,4,4,6,2,4,,4,7,,,,7,6,,6,9,6,5,4,,5,1,3,3,6,3,7,5,,4,,4,4,,5,7,,6,4,5,,6,3,5,5,9,7,8,,,7,6,8,5,4,5,3,,6,,,5,,7,5,,2,2,4,5,3,4,,3,3,3,4,4,6,6,6,5,6,6,5,8,6,5,6,5,7,2,,4,4,4,3,2,4,7,7,6,3,,9,5,,,3,7,8,8,,6,5,7,5,5,,,5,4,5,5,5,5,3,3,3,2,3,3,,3,3,5,3,5,5,7,5,6,,4,5,9,5,5,5,6,6,5,5,7,5,6,6,,6,7,7,5,8,5,5,5,4,4,5,5,8,3,,7,4,5,6,4,5,6,5,8,9,7,7,,7,6,6,4,3,5,2,7,7,4,7,,,8,8,7,5,6,7,6,9,9,14,10,10,8,9,8,7,8,6,6,7,6,3,4,4,4,5,,3,7,6,7,8,8,4,,,11,9,4,2,6,,4,2,7,3,,,6,11,6,2,7,6,5,4,7,4,5,,7,7,5,8,10,10,6,7,10,6,6,8,6,4,3,4,4,5,2,4,,4,5,5,5,,19,2,8,8,,,,8,5,,,,10,10,6,6,3,8,7,,8,11,6,10,10,9,7,8,6,7,6,3,4,5,5,8,,5,4,14,5,12,12,9,8,16,,3,2,4,3,4,3,5,4,2,3,3,7,3,2,3,4,3,4,,11,,9,5,5,8,5,,4,4,,,6,4,4,7,,6,6,1,,10,7,6,9,3,7,8,6,8,9,,,,2,,5,10,,8,8,6,8,4,5,1,4,2,3,,9,,,10,,10,8,8,8,8,8,11,9,,11,6,7,7,7,7,8,9,12,20,8,5,6,7,6,9,6,8,8,6,,5,6,5,,7,7,,7,5,6,10,10,,14,6,,,3,6,,3,,12,11,9,10,9,5,,9,9,,2,4,,7,,9,7,11,,15,7,8,11,6,,6,4,4,4,3,6,3,8,8,8,9,8,8,8,11,14,7,6,6,14,14,7,23,10,7,5,7,9,4,5,6,8,5,,4,5,4,4,2,3,3,6,3,8,3,9,5,6,,6,4,13,,9,7,7,7,5,,10,8,4,,4,,1,4,6,3,3,3,2,,,,2,,3,,2,3,2,,2,4,7,3,5,,7,,6,5,7,5,2,2,,8,6,9,6,8,8,,5,,,8,1,3,2,,10,12,10,10,11,6,6,7,8,8,8,8,7,6,3,3,10,7,5,4,8,9,9,4,4,,12,16,14,9,5,7,8,5,,,,,7,8,,6,3,7,6,5,3,4,6,5,5,5,5,5,4,6,6,5,,9,2,2,,3,2,,2,4,3,2,4,4,6,3,2,5,10,5,4,,24,51,11,6,18,8,8,5,5,,7,5,4,5,4,5,9,4,4,,7,,3,4,4,4,3,8,8,9,11,,,5,4,2,4,4,5,3,4,,,7,,5,8,8,7,9,10,10,10,8,,7,3,8,7,9,10,7,6,5,2,4,5,9,,5,6,,4,7,7,7,,,6,5,5,7,6,3,4,6,4,,,5,9,5,3,5,,8,12,6,12,10,10,4,,4,5,4,,,3,7,,12,11,8,,6,,23,24,,,6,5,,,11,12,17,,,2,4,12,10,6,8,6,6,7,2,6,4,6,7,8,7,6,3,6,4,4,8,2,8,,8,8,6,,16,13,11,13,4,4,9,6,6,8,5,7,,,9,4,5,6,7,10,6,2,4,10,9,6,7,8,5,6,6,,,3,3,5,5,6,9,,5,11,11,,13,14,4,,4,5,10,9,6,2,2,6,6,10,4,8,9,8,4,12,,6,4,7,5,6,7,,4,,5,,,,6,6,6,6,3,2,,10,,9,7,6,4,4,4,2,7,7,8,10,5,4,5,5,5,6,10,7,4,5,,5,9,9,8,10,7,11,12,18,17,17,5,8,16,13,,6,18,24,14,14,4,5,7,6,18,10,6,13,6,9,,10,7,7,12,6,6,5,6,12,16,21,,6,2,2,,4,3,5,3,,4,3,1,,5,5,7,6,7,7,6,7,7,8,6,7,2,,8,4,7,16,10,,21,6,4,4,5,5,3,4,7,4,4,7,,3,4,1,,5,4,,18,6,5,5,,5,4,2,8,9,22,12,8,10,12,11,9,12,16,15,12,,3,3,6,9,7,7,7,10,9,12,11,8,5,14,7,4,9,11,7,2,5,6,5,4,4,5,5,10,10,8,10,8,9,9,12,9,8,6,7,6,6,7,17,15,7,10,10,10,11,7,9,23,22,11,7,5,6,,2,5,6,6,6,11,7,9,7,5,6,4,4,6,9,,,5,6,7,,7,9,11,9,9,6,,8,6,7,,,,,6,6,6,6,5,13,10,12,,7,8,11,8,7,8,2,3,10,5,5,,,,,6,7,5,7,7,5,2,,4,5,4,6,7,5,7,8,6,6,6,6,9,9,,11,9,5,4,6,8,4,8,5,,9,6,,7,8,,8,5,4,,6,,9,,7,9,7,13,11,10,5,6,9,4,4,7,2,4,,36,37,6,6,8,6,,5,5,3,2,5,4,,6,7,7,2,21,,4,4,6,,11,9,11,11,11,15,10,,7,13,,9,2,3,2,5,7,7,6,9,,9,4,11,4,5,9,6,7,4,,,10,7,9,9,,2,7,8,10,20,5,9,7,6,5,5,11,5,,2,5,13,8,6,7,5,,4,,4,7,4,5,9,12,22,12,6,7,11,8,4,4,,,10,4,3,6,,14,21,8,12,,4,4,,,2,9,7,5,8,6,4,4,3,6,4,6,10,7,4,,6,3,,8,6,6,8,5,12,5,10,8,4,4,4,2,8,8,25,4,11,5,2,6,9,5,8,10,8,8,6,6,11,6,7,10,5,6,8,6,6,7,2,1,10,13,9,7,9,9,1,,2,5,4,6,9,3,4,,2,10,6,7,4,6,9,2,9,7,7,3,35,5,10,6,2,5,3,,15,13,13,15,20,,21,4,8,4,4,5,6,5,3,6,3,8,5,22,14,6,,6,,6,4,5,9,1,8,8,8,6,9,8,8,6,8,4,9,8,19,7,7,6,6,8,8,5,6,3,4,2,10,8,2,9,4,6,5,2,2,3,2,,2,2,5,3,12,7,9,8,7,7,6,10,12,9,5,11,11,3,3,6,7,5,7,11,5,8,12,4,4,4,8,5,5,10,4,5,4,6,10,6,7,12,7,4,9,9,27,16,9,7,7,6,4,7,5,17,4,,3,3,3,10,11,4,7,5,6,4,4,7,7,7,4,3,2,6,1,7,9,7,8,9,,6,7,6,9,3,6,8,12,7,6,3,4,6,3,6,3,9,3,2,3,4,6,4,7,6,4,4,1,2,1,,1,2,4,6,30,14,10,5,13,13,8,2,7,5,7,6,10,10,7,5,9,,5,16,8,11,3,4,7,10,6,7,7,5,16,,4,24,5,8,4,2,2,3,7,,9,11,11,10,10,7,4,3,4,11,11,,5,,4,2,,6,6,3,7,4,8,6,4,,4,21,15,10,,,6,8,2,7,2,3,4,12,5,1,3,4,3,9,5,7,7,10,7,7,3,1,3,2,8,2,3,4,7,9,10,5,4,7,5,5,7,8,11,2,2,4,6,5,11,3,27,8,7,10,4,8,8,10,14,19,,10,6,1,6,3,8,8,7,7,7,2,6,5,4,12,3,2,6,9,7,6,6,4,,3,2,4,4,4,2,2,2,3,3,2,3,3,6,8,8,6,7,10,17,11,5,3,3,1,3,3,3,7,8,7,6,2,6,7,6,8,6,9,5,8,5,8,7
20210719,7,NO2,13,11,27,10,24,25,29,9,20,12,29,20,,,38,,38,31,30,,53,,31,12,,17,24,,51,22,22,21,20,23,14,,16,19,,23,26,4,35,14,,28,,22,12,8,29,26,18,24,19,33,14,,14,16,15,27,24,26,,11,8,16,,10,19,18,18,19,24,,4,10,9,8,41,,13,33,41,36,30,17,,16,14,,,23,21,36,18,19,27,21,,22,16,22,16,22,,16,19,25,8,9,4,11,15,4,31,5,33,27,26,16,18,17,14,21,17,24,26,19,12,,29,45,40,36,38,19,30,54,16,22,27,13,28,,19,34,21,23,19,19,15,21,8,17,21,23,12,12,,9,17,13,13,15,22,11,29,4,8,10,15,,,,16,12,,7,14,9,,,,31,,17,24,12,12,22,20,,14,31,,,,20,25,,28,27,33,8,7,,10,5,12,9,11,11,16,8,,10,,4,4,,20,14,,22,15,29,,25,26,14,21,56,11,18,,,11,17,16,33,13,40,17,,15,,,27,,20,19,,18,9,17,8,12,15,,21,18,17,18,17,17,19,12,35,26,23,24,29,29,28,49,18,26,2,,14,6,9,5,7,24,11,21,27,19,,32,17,,,11,16,23,19,,20,28,16,18,8,,,10,19,7,10,16,14,16,16,11,10,16,17,,17,5,18,33,32,32,38,24,48,,40,5,32,23,21,12,14,10,27,12,26,9,31,23,,23,32,30,21,25,15,33,13,6,15,10,10,13,13,,,12,5,8,10,8,9,14,16,19,19,24,,22,32,24,9,16,11,12,23,17,17,17,,,18,23,33,11,10,16,9,18,31,33,28,26,34,27,37,27,21,27,,26,16,20,22,15,15,12,,15,32,14,12,22,22,12,,,26,26,30,21,20,,35,54,56,28,,,27,8,9,19,23,24,17,29,24,20,15,,19,6,12,12,5,10,6,7,10,4,7,8,14,16,39,11,26,11,18,26,,13,9,21,19,,40,11,,51,,,,24,9,,,,16,16,66,59,73,75,53,,53,31,12,26,16,27,22,23,15,16,18,5,7,28,6,35,,23,50,35,28,14,16,,,22,,16,18,20,5,12,11,16,13,13,8,8,10,10,17,10,6,20,2,,17,,14,14,16,24,16,,22,18,,,17,20,20,31,,12,16,13,,9,7,13,13,6,24,12,13,13,24,,,,7,,16,14,,14,14,8,15,10,4,2,20,8,20,,12,,,4,,5,11,13,6,5,8,8,4,,18,28,30,16,34,18,8,11,11,19,,13,13,5,7,4,24,16,16,11,,18,15,16,,8,7,,5,9,10,10,19,,40,12,,,11,10,,17,,33,22,33,44,4,2,,14,2,,6,12,,9,,20,19,19,,18,18,35,28,27,,4,7,10,23,17,9,2,17,19,5,27,4,19,14,27,40,22,5,16,12,26,12,14,11,17,24,19,16,22,9,13,2,7,,5,15,13,12,16,12,9,10,8,7,7,9,13,22,,18,16,18,,12,22,28,24,2,,7,29,1,,9,,6,9,4,6,7,8,7,,,,13,,11,,3,2,,,11,11,10,8,18,,13,,14,29,10,14,17,14,,20,25,17,11,9,10,,9,,,3,10,9,7,,15,15,23,14,10,17,12,27,12,11,20,22,16,30,16,14,6,5,16,6,15,22,25,20,16,,33,12,42,14,11,20,25,14,,,,,2,7,,22,9,15,10,11,8,15,16,22,23,15,17,18,15,19,15,12,,11,13,27,,20,19,,27,13,18,24,11,11,10,10,14,10,6,5,10,,13,17,8,21,23,35,,6,10,,8,28,8,7,5,12,22,21,21,,12,,,8,8,26,26,15,,,,,,15,17,11,,,9,,14,,,13,,11,18,19,16,19,15,16,22,17,,17,22,24,23,26,9,6,24,20,18,19,14,8,,27,32,,17,15,14,19,,,13,9,6,9,11,7,5,19,4,,,25,13,14,15,14,,11,24,39,14,39,37,12,,15,16,20,,,22,16,,19,34,33,,41,,34,45,,,13,12,,,30,25,18,,,6,8,18,9,10,8,7,5,8,6,7,8,3,6,11,8,12,22,21,24,8,5,13,13,,17,10,18,,14,18,19,14,11,6,7,5,12,12,8,21,,,40,14,13,12,6,15,10,20,3,10,12,8,20,16,33,28,26,,,12,12,7,6,7,14,,,30,20,,7,9,8,,11,15,13,13,6,11,2,5,23,24,52,36,19,13,24,17,,11,9,7,2,29,26,,12,,14,,,,16,15,10,19,3,5,,17,,17,29,17,7,5,9,8,7,19,10,28,5,1,11,18,6,23,27,25,16,11,,18,5,8,5,9,7,4,8,17,12,21,7,12,14,2,,6,20,22,25,17,7,16,15,13,11,5,6,9,10,11,,15,19,12,14,29,25,20,24,19,22,34,,10,6,4,,8,5,7,15,,17,12,13,,4,15,,11,12,7,8,8,10,8,9,9,6,,14,10,10,34,17,,18,8,,18,10,8,12,9,9,15,19,21,,13,7,11,,12,11,,12,2,7,4,,7,4,6,7,5,16,11,22,15,15,16,5,12,18,22,15,,16,14,30,16,20,20,14,16,25,8,16,11,7,15,4,6,1,3,5,12,14,7,20,11,5,4,5,7,33,25,8,11,18,11,18,18,33,18,25,24,15,11,18,19,10,21,14,12,,34,25,21,25,9,9,6,26,,18,14,12,8,16,15,23,14,26,11,20,23,12,5,37,,,5,9,5,,10,17,8,8,37,10,,11,5,12,,,,,11,10,16,21,18,11,5,9,,28,14,15,5,14,31,5,10,34,26,26,,,,,14,7,8,13,16,26,18,,6,5,5,13,21,12,6,7,6,19,9,9,19,12,,5,5,7,10,4,9,23,16,12,,5,7,,6,8,,9,24,5,,6,,6,,5,5,12,30,27,30,12,17,19,14,5,10,8,14,,37,32,3,23,12,26,,14,11,41,31,7,6,,14,14,30,28,16,,38,18,16,,19,3,18,14,10,6,14,,12,30,,20,14,12,10,23,32,8,7,4,,19,9,6,10,9,5,9,10,7,,,24,22,19,8,,4,53,34,38,50,16,4,28,22,27,26,18,14,,42,21,22,27,15,16,12,,12,,8,23,28,13,29,16,14,15,11,12,25,2,17,15,,,7,24,13,26,,21,14,18,14,,2,8,,,11,30,26,12,17,7,9,20,3,29,10,25,14,11,15,,36,16,,25,8,20,15,5,16,12,16,6,8,16,32,8,25,6,35,30,13,25,5,16,18,14,8,18,17,14,14,11,34,17,6,27,8,8,15,8,6,8,4,11,9,14,16,28,26,12,5,,6,24,11,30,6,22,19,,42,34,5,23,18,2,7,26,21,20,29,9,11,26,13,12,7,28,18,,9,78,30,26,27,,6,35,15,17,16,20,22,24,20,10,9,23,26,30,15,27,,8,,10,7,8,16,9,18,30,33,21,31,20,14,12,16,9,6,23,36,6,8,9,13,14,13,7,18,15,29,26,15,11,2,25,6,13,17,3,5,12,9,,12,4,8,8,8,28,19,18,12,13,11,10,30,20,4,23,23,36,42,12,22,9,10,38,14,16,23,18,21,17,18,22,10,28,12,12,18,13,8,15,21,11,15,19,22,14,27,19,10,23,14,18,22,10,12,9,23,,12,13,17,34,29,20,16,18,6,4,25,16,22,21,10,14,7,12,6,9,83,8,29,46,,30,6,9,14,13,10,25,12,13,6,16,10,18,18,21,12,12,21,25,17,5,13,20,13,12,14,31,4,14,4,,8,1,10,15,20,8,18,10,11,12,10,23,23,24,20,16,7,14,20,19,13,,20,15,3,17,16,5,32,18,19,18,19,14,20,,16,15,14,15,7,6,13,6,25,,23,21,10,28,15,10,6,17,10,14,10,,26,,19,9,,4,14,10,13,36,25,22,26,,30,16,18,3,,,2,32,34,22,30,14,17,18,28,8,8,20,33,36,43,25,15,14,37,33,2,5,,6,10,5,6,10,26,2,18,4,17,16,12,14,18,17,30,2,1,21,32,26,21,8,42,5,11,7,10,20,23,38,29,43,,20,3,10,6,27,16,5,11,18,13,31,13,15,15,24,32,22,15,28,19,30,20,12,,3,2,5,10,19,6,5,16,19,8,12,6,12,32,10,15,18,32,28,27,15,27,20,22,12,14,,19,23,33,4,11,10,12,21,11,22,15,16,5,5,21,16,19
20210719,7,NO2_24h,15,8,24,16,16,21,24,12,10,12,20,17,,,14,,15,14,22,,22,,29,6,,6,10,,31,21,14,16,17,18,9,,13,18,,18,14,4,15,13,,13,,7,11,7,13,14,18,14,18,18,12,,12,9,14,24,18,19,,11,24,22,,28,10,13,10,15,15,,6,13,10,9,25,,9,24,22,18,17,17,,15,20,,,17,20,18,16,17,25,22,,14,18,21,18,20,,17,14,19,6,7,8,11,10,6,21,4,27,23,33,16,19,14,17,20,17,31,21,18,9,,21,30,30,25,29,17,20,29,13,17,14,9,17,,18,18,11,15,19,30,27,34,23,25,18,35,17,9,,7,16,8,10,12,16,7,21,2,4,7,10,,,,14,12,,8,13,8,,,,22,,12,21,11,9,18,15,,12,19,,,,18,21,,18,23,21,6,19,,8,4,7,4,7,3,5,7,,7,,4,3,,16,19,,22,15,21,,19,18,11,20,24,7,15,,,9,11,12,18,10,13,15,,11,,,18,,17,17,,8,4,8,9,15,13,,11,16,19,16,21,12,14,9,21,21,16,14,20,19,20,24,14,17,2,,9,3,4,4,7,13,8,22,20,14,,23,24,,,12,9,14,19,,13,14,10,11,7,,,7,8,6,8,9,13,14,15,9,11,14,11,,17,6,13,30,27,23,28,20,39,,25,10,23,23,26,12,16,14,26,15,25,12,28,21,,25,32,23,23,25,19,28,18,9,16,11,13,21,14,,5,13,9,9,14,9,12,12,22,23,22,22,,22,34,30,16,20,14,16,25,22,19,19,,,13,15,17,10,10,16,10,13,28,35,15,18,17,14,18,13,14,20,15,18,7,6,12,9,6,11,,23,29,21,24,33,26,15,,,35,25,34,26,20,,24,29,30,29,,,21,9,16,27,25,20,19,31,27,26,21,,17,9,11,13,12,14,10,12,13,9,16,15,20,20,30,18,29,18,24,20,,16,19,25,21,,26,12,40,42,,,,27,8,,,,24,25,43,44,41,52,35,,40,21,14,23,17,20,14,19,11,12,13,3,8,25,9,33,,24,30,31,22,18,20,16,13,19,,12,11,12,6,7,10,10,12,12,10,7,7,5,12,6,6,8,6,,14,,7,8,10,12,10,,11,17,,,8,11,9,16,,8,10,10,,10,4,6,11,7,12,11,9,14,13,,,,7,,7,10,,11,11,10,17,6,4,2,18,14,19,,8,,,8,,10,12,16,10,8,7,9,6,,15,16,14,14,26,10,10,10,11,17,10,17,17,6,8,5,18,13,12,10,,11,15,15,,7,8,,5,8,10,9,9,,28,14,,,14,13,,21,,17,13,16,20,5,2,,11,2,,14,19,,14,,16,15,12,,14,14,14,19,9,,6,9,14,15,17,8,2,15,18,6,15,5,18,10,28,29,13,10,14,14,14,10,14,12,18,18,17,12,17,8,12,5,10,,8,11,14,14,12,10,8,8,8,6,5,19,23,30,,25,22,23,,14,12,19,15,3,,17,11,2,,9,,6,10,4,7,6,7,7,,,,12,,11,,4,2,3,,16,11,8,12,14,,10,,17,16,11,13,12,10,,14,24,12,8,10,10,,12,,,4,10,8,8,,15,21,18,15,11,10,6,13,12,12,9,12,12,15,9,9,9,10,17,15,20,25,25,25,19,,15,11,26,17,11,16,16,15,,,,,11,17,,18,12,15,12,10,11,19,17,17,20,15,17,15,12,24,16,19,,14,15,23,,21,13,,15,9,12,15,15,15,10,10,14,16,20,19,15,,12,17,14,19,21,10,18,13,18,,13,18,10,11,11,8,16,17,17,,7,,8,5,5,14,15,8,4,11,9,,,10,11,8,7,5,7,6,9,,,10,,11,15,18,18,19,15,14,19,17,,12,18,21,19,22,5,3,14,13,11,11,11,4,,24,12,,15,15,12,17,,,12,8,6,8,12,6,4,9,3,,,20,14,15,16,12,,10,14,20,12,17,16,10,,14,13,10,,,14,14,,11,16,22,,22,,16,21,,,11,8,,,19,12,15,,,5,7,9,9,6,7,6,7,8,6,8,9,5,10,12,6,9,18,18,17,6,4,10,9,,18,9,16,,6,12,17,12,9,4,5,5,8,6,6,20,,,30,8,10,10,9,11,7,12,5,12,12,5,15,11,26,18,11,,,11,15,11,11,6,11,,8,21,18,,15,11,14,,7,8,7,9,4,12,3,7,23,23,31,33,19,15,18,14,,13,11,7,4,24,20,,10,,11,,,,10,15,6,17,3,4,,17,,18,21,18,8,7,8,8,8,18,12,21,8,2,6,6,5,18,24,20,19,9,,10,6,12,9,12,9,5,9,19,15,16,9,11,18,5,,11,16,13,16,17,8,11,12,11,11,7,8,8,11,14,,15,16,11,11,14,14,11,12,15,16,22,,11,7,7,,9,7,8,10,,12,8,14,,3,10,8,9,8,6,6,7,7,7,9,6,6,,7,8,6,28,19,,14,11,4,19,9,11,12,9,13,16,16,14,,11,8,9,,13,12,,12,2,6,6,,7,5,7,4,5,14,11,18,11,11,11,8,11,15,14,15,,14,11,18,10,13,14,12,13,21,7,8,8,12,19,5,9,3,6,8,5,18,11,21,15,6,4,5,18,25,18,20,11,10,12,15,15,17,19,19,15,12,9,10,10,9,15,12,14,10,15,19,17,17,8,9,7,15,,16,11,11,9,18,13,14,12,14,11,14,13,10,6,19,,,6,12,8,,11,9,6,5,13,11,,19,9,11,,,,,10,8,12,19,15,11,5,9,,27,11,9,9,11,12,10,12,14,16,13,,,,,11,12,10,12,16,17,23,,7,6,7,10,14,9,8,9,8,11,11,12,11,12,,7,9,11,12,7,14,16,8,14,,5,8,,9,9,,8,21,6,,6,,10,,6,5,8,13,18,17,9,15,18,14,5,8,9,9,,19,16,3,13,9,26,,15,17,22,22,18,15,,8,10,20,14,16,,24,15,14,,16,4,14,22,9,8,13,,14,25,,23,20,13,11,21,26,11,9,7,,33,13,17,18,16,8,15,13,11,,,28,25,25,7,,10,37,33,24,28,13,4,26,7,8,12,21,12,,24,23,12,19,10,14,13,,10,,5,18,22,12,24,18,16,19,10,15,21,6,12,8,,,21,17,7,8,,25,18,30,8,,2,5,,,11,24,24,7,18,6,9,26,2,22,10,28,18,17,20,,20,11,,21,8,14,12,6,14,10,11,8,12,14,16,7,18,7,25,19,7,14,5,13,16,9,10,12,11,9,9,11,32,15,9,33,8,10,9,9,10,8,4,11,12,12,17,17,20,16,5,,7,13,10,22,8,13,12,,30,32,8,14,10,2,5,20,17,17,21,10,17,20,8,6,8,18,16,,11,39,22,27,14,,14,18,15,16,13,12,16,16,15,7,6,10,24,18,11,11,,7,,10,5,4,11,5,9,23,29,25,26,26,16,13,16,10,8,26,22,7,8,12,16,10,9,6,12,20,18,12,24,7,2,19,5,12,14,4,5,11,10,,11,4,9,8,8,18,11,12,10,13,14,8,21,16,3,23,18,26,18,10,17,8,5,23,12,11,20,12,11,5,12,14,10,20,14,11,15,13,9,11,13,9,10,6,13,12,18,13,14,14,12,11,15,8,9,9,18,,8,6,9,31,17,28,18,15,5,3,18,16,19,15,6,12,5,10,3,16,52,18,31,27,,18,6,9,11,10,12,27,12,16,5,16,16,14,10,12,9,11,16,17,22,6,10,21,11,9,10,20,5,11,6,,9,3,6,9,16,10,17,7,18,25,15,11,14,12,15,12,10,13,9,8,7,,11,13,4,12,9,5,12,20,18,9,11,8,18,,14,10,22,23,3,5,8,6,17,,13,13,14,13,20,8,7,11,9,12,9,,13,,11,8,,5,20,14,17,20,17,14,14,,11,12,12,4,,,5,12,26,13,18,12,19,12,15,9,6,18,18,20,35,29,21,18,24,26,2,6,18,6,18,7,7,14,21,10,18,7,17,21,20,18,17,9,35,10,11,11,15,21,16,10,22,9,12,10,16,14,14,19,21,31,,23,8,8,6,18,15,16,9,7,14,22,11,14,9,20,26,17,14,14,10,24,14,10,,4,3,4,9,11,15,3,9,15,7,17,5,15,16,8,22,10,30,16,19,7,16,12,17,8,5,9,15,15,24,5,10,9,10,26,11,27,13,16,13,6,20,23,12
20210719,7,O3,31,39,36,40,29,31,27,53,24,37,27,37,,,13,,19,30,17,,15,,32,64,,38,46,,7,25,19,35,21,34,76,,62,58,,54,38,72,36,97,,17,,39,60,45,28,16,40,28,37,28,22,,25,52,14,18,30,21,,11,60,69,,79,56,43,39,29,26,,68,72,65,65,21,,29,34,28,25,30,27,,54,61,,,43,52,24,49,63,25,36,,16,46,37,45,38,,55,72,63,75,72,83,84,58,72,62,69,45,48,47,51,64,43,42,42,47,42,40,48,37,,33,19,26,20,31,32,28,24,46,41,33,40,37,,50,26,41,48,31,33,42,37,41,,31,40,46,38,,54,59,48,49,49,46,44,37,38,35,40,59,,,,30,36,,45,43,33,,,,21,,46,46,52,53,39,47,,46,37,,,,50,38,,27,20,25,41,39,,44,47,54,47,47,42,64,65,,54,,60,50,,41,41,,47,29,26,,28,41,43,15,8,50,50,,,37,43,46,20,35,19,26,,47,,,33,,51,52,,22,49,32,30,36,24,,37,42,40,39,42,14,22,5,32,28,38,37,34,22,33,9,35,43,70,,34,49,42,37,20,47,56,23,20,14,,15,30,,,30,50,18,43,,44,35,56,47,80,,,55,52,64,66,61,40,41,45,42,50,41,35,,38,56,25,35,27,26,9,53,14,,17,70,16,33,21,23,23,7,20,30,16,21,20,25,,24,15,16,39,27,23,14,28,34,27,28,26,30,26,,,39,40,31,32,38,32,31,27,26,26,11,,22,15,4,30,21,28,30,24,25,24,24,,,21,19,8,29,30,26,35,30,23,28,23,19,6,6,7,10,17,8,,3,3,39,25,38,38,70,,65,63,69,86,89,64,58,,,81,72,71,49,59,,6,6,4,17,,,44,91,7,10,4,6,8,3,2,17,5,,42,64,61,64,72,66,59,58,50,62,54,54,42,37,8,45,32,50,43,22,,40,34,35,28,,55,113,,52,,,,36,86,,,,81,91,6,2,5,10,17,,4,10,25,29,28,5,22,14,24,21,29,27,5,8,18,44,,55,20,45,45,76,74,,,62,,58,57,48,22,15,18,15,47,38,56,83,84,83,84,51,56,37,64,,45,,45,56,56,30,37,,31,43,,,43,39,41,30,,46,49,56,,57,59,49,48,70,45,55,52,55,44,,,,59,,29,40,,48,51,76,56,70,77,85,49,74,55,,52,,,42,,43,38,38,44,48,36,53,46,,33,22,22,40,9,33,49,33,30,10,,48,50,47,41,45,7,20,14,26,,24,33,32,,60,59,,51,54,53,44,22,,5,34,,,47,54,,30,,21,28,18,13,64,63,,54,66,,62,59,,61,,56,47,53,,66,67,30,36,38,,47,39,66,35,37,52,28,49,76,48,57,40,37,31,19,17,34,38,9,71,72,74,73,79,46,27,32,28,33,33,74,78,82,,89,31,25,36,21,27,67,85,78,82,76,37,44,38,,39,36,40,,43,18,18,26,31,,41,15,77,,41,,50,48,52,43,53,59,57,,,,43,,47,,73,67,,,59,53,54,46,33,,28,,25,12,17,9,50,42,,19,14,20,30,70,19,,88,,,56,61,44,18,,8,27,19,30,23,42,52,24,58,60,36,37,53,25,12,5,71,91,81,79,,4,3,1,12,,11,26,3,12,17,16,15,13,,,,,97,95,,66,68,79,88,79,77,75,20,19,4,4,6,37,42,42,49,52,,28,39,38,,5,6,,11,62,27,63,80,89,75,78,81,42,64,67,59,,54,46,105,66,63,48,,95,90,,82,22,109,91,101,48,43,48,48,,53,,,70,70,37,41,39,,,,,,48,39,64,,,55,,52,,,52,,58,50,54,51,48,48,44,47,48,,32,31,52,52,47,42,48,37,42,42,31,50,39,,26,21,,36,43,14,14,,,18,49,51,48,48,60,60,60,66,,,24,54,54,58,51,,61,28,12,57,19,10,61,,54,55,37,,,37,31,,48,21,17,,9,,76,62,,,59,36,,,40,58,57,,,50,45,38,48,124,134,139,70,82,82,84,63,84,75,55,63,51,34,46,36,37,42,29,27,,57,55,38,,33,20,17,12,69,78,47,47,24,28,30,30,,,17,48,43,41,39,23,19,13,23,20,15,25,33,45,15,31,18,,,56,21,21,24,39,45,,,36,35,,49,42,49,,42,40,55,48,60,42,56,54,19,24,13,5,9,35,15,35,,17,9,11,24,23,19,,48,,47,,,,44,56,48,49,58,51,,25,,56,42,45,59,56,59,60,36,32,46,10,64,78,40,27,47,8,8,7,12,25,,23,5,13,16,15,5,18,33,33,35,21,17,26,29,28,,12,19,20,12,10,26,15,30,35,30,42,48,43,42,27,,17,23,26,5,19,22,14,27,22,12,12,,43,52,53,,58,55,55,40,,38,35,56,,60,49,,53,52,53,45,54,42,60,37,34,42,,35,40,48,12,39,,36,48,,22,18,24,53,53,51,46,39,33,,48,55,40,,56,64,,51,50,22,24,,76,75,73,27,28,12,17,16,29,20,20,6,31,17,23,21,,28,23,15,21,11,19,23,18,14,15,30,11,27,19,23,26,33,19,32,4,5,16,4,1,3,6,4,47,20,33,33,21,6,19,25,19,8,35,31,28,35,50,38,39,25,8,44,47,,32,45,28,18,21,29,24,29,,23,,15,19,13,17,23,34,14,16,7,7,14,50,6,,,89,81,86,,80,13,24,19,26,21,,22,22,18,,,,,35,32,23,20,26,31,22,22,,10,79,54,74,57,31,18,29,18,31,12,,,,,45,50,27,22,44,21,10,,5,45,51,40,15,74,84,85,24,6,56,59,36,46,,32,39,35,31,22,15,30,47,29,,30,24,,71,33,,32,34,58,,52,,92,,16,13,25,9,12,10,69,68,67,73,29,23,13,32,,64,37,54,20,43,61,,77,91,30,44,106,109,,92,,39,38,35,,34,52,42,,47,90,65,51,40,117,80,,89,57,,74,75,80,76,59,52,91,91,72,,54,51,37,76,81,53,64,76,74,,,56,37,52,41,,61,22,41,13,5,47,64,18,30,43,31,35,58,,12,38,30,26,44,54,53,,60,,55,39,44,11,17,27,100,45,54,60,30,83,48,20,,,73,8,47,28,,74,94,82,43,,54,32,,,67,36,40,49,32,48,62,62,58,36,48,71,92,84,56,,11,39,,12,58,12,38,95,54,42,57,35,43,22,12,45,42,57,19,32,39,35,53,42,31,24,30,7,16,19,15,48,17,30,99,54,57,62,41,87,93,76,56,46,39,40,28,25,22,56,70,,39,16,51,35,71,9,13,,17,59,50,24,26,55,80,35,28,40,51,60,29,39,57,29,45,16,27,,44,2,61,23,72,,104,35,51,48,58,32,38,39,41,41,47,33,54,77,48,32,,49,,53,51,64,25,43,15,21,15,18,18,26,26,27,32,36,40,25,18,35,52,32,38,22,48,17,44,45,37,37,49,50,56,23,49,23,10,74,69,47,54,,40,47,12,15,26,14,9,35,18,60,53,40,46,55,43,26,46,25,11,44,18,14,62,22,61,52,30,37,38,44,43,19,45,32,57,42,54,60,33,31,30,45,19,18,19,42,5,9,33,3,52,40,37,50,48,41,5,,56,19,4,47,33,35,50,39,51,51,21,56,48,44,47,42,60,31,71,85,4,88,50,22,,2,42,21,26,28,38,17,43,15,40,26,27,25,14,49,48,44,21,40,48,55,23,26,40,57,48,26,55,39,54,,57,70,52,42,13,84,11,17,81,56,51,38,29,15,12,77,92,48,40,38,49,,25,43,72,50,38,79,,40,39,46,56,43,60,,73,77,59,52,36,55,21,57,9,,34,24,41,9,17,30,12,2,21,26,21,,25,,22,46,,20,48,62,55,21,53,33,27,,23,24,30,58,,,77,14,15,15,8,64,32,62,44,48,63,45,16,15,6,15,34,37,18,7,42,52,,59,68,56,49,51,11,86,21,69,41,34,42,38,27,73,44,109,112,8,18,39,46,56,63,32,30,44,26,22,13,24,10,19,,36,50,51,52,24,26,97,63,48,39,36,54,47,76,73,42,3,12,25,10,35,39,54,,60,62,76,65,33,71,53,35,9,16,37,14,43,18,23,44,49,48,39,16,57,24,52,51,44,35,,3,44,33,58,,60,58,34,66,31,55,52,36,39,53,4,40
20210719,7,O3_24h,81,87,115,92,102,93,94,86,84,99,97,94,,,117,,108,120,125,,107,,71,116,,88,130,,96,94,94,90,71,106,111,,106,85,,91,83,96,100,117,,103,,90,93,79,113,113,119,106,108,120,104,,104,108,108,72,78,81,,68,113,113,,117,128,128,119,125,116,,78,95,76,82,106,,113,98,99,112,102,100,,162,151,,,172,169,153,158,154,163,148,,155,153,165,163,151,,136,110,99,111,106,106,117,125,106,104,91,102,102,99,106,113,119,88,105,100,116,144,143,117,,144,160,139,141,127,142,133,144,107,105,114,104,111,,114,95,109,98,128,123,121,133,124,85,121,140,143,113,,137,127,129,126,118,114,126,110,113,115,113,94,,,,77,90,,95,87,86,,,,190,,163,150,162,162,125,148,,150,169,,,,166,160,,199,174,184,112,122,,132,104,109,96,101,97,110,102,,106,,93,81,,132,151,,155,140,144,,151,154,124,139,78,95,95,,,91,80,94,101,92,79,85,,99,,,153,,152,152,,97,92,97,92,86,94,,107,110,129,128,134,119,112,103,83,85,88,88,89,94,82,82,82,85,81,,83,80,94,67,160,115,106,98,107,93,,102,98,,,100,108,129,108,,113,130,117,144,97,,,84,89,94,94,95,92,81,84,80,83,82,81,,68,85,147,146,153,152,147,126,132,,132,140,89,88,87,87,81,77,75,86,88,81,141,182,,158,135,173,109,147,77,124,112,77,73,78,74,83,113,,51,81,98,102,92,79,85,94,180,160,177,149,,188,169,156,104,126,114,107,132,141,161,120,,,107,113,107,83,76,72,88,88,191,189,212,202,127,135,133,125,114,150,78,128,74,75,72,75,75,121,,118,151,151,213,172,222,170,,,151,170,170,150,156,,169,191,171,162,,,185,143,75,86,101,97,86,86,89,85,89,,102,94,78,93,83,81,125,114,116,121,115,128,97,93,96,91,86,103,103,110,,96,86,95,89,,212,164,191,179,,,,181,180,,,,183,226,123,114,126,120,128,,125,93,88,96,104,78,90,84,76,91,88,91,74,89,84,184,,165,166,185,159,182,178,135,120,184,,109,116,118,113,116,111,124,119,104,106,103,98,103,101,124,121,106,119,,94,,93,105,99,108,143,,146,102,,,117,121,115,126,,91,100,104,,100,101,101,104,112,102,92,96,100,102,,,,112,,111,98,,104,129,124,122,100,101,112,66,78,77,,124,,,161,,146,125,127,105,109,101,109,86,,110,107,107,96,116,100,103,97,116,116,61,96,81,88,80,86,85,75,81,98,,92,113,106,,136,109,,126,127,123,117,123,,134,88,,,89,107,,110,,120,122,125,124,84,88,,86,90,,105,92,,101,,83,81,82,,87,86,88,83,89,,135,153,129,128,121,129,67,146,143,157,132,147,136,101,97,92,89,87,93,102,104,93,98,100,112,105,120,106,115,84,78,78,86,,94,93,73,81,84,98,116,103,107,100,107,126,106,123,,116,113,118,,118,106,117,94,96,,98,96,85,,86,,92,92,102,87,104,100,89,,,,99,,101,,87,87,77,,84,82,89,99,103,,106,,140,132,155,136,144,120,,151,157,163,126,137,155,,100,,,120,99,97,65,,132,115,138,112,76,95,80,88,116,118,110,126,125,118,70,70,152,160,166,145,82,81,80,72,75,,149,170,145,150,92,115,124,87,,,,,247,197,,183,72,80,106,89,83,94,117,108,109,109,116,89,100,104,113,121,,96,102,120,,139,146,,146,158,167,147,146,153,157,162,158,123,121,128,104,,143,157,148,183,196,166,117,112,127,,110,107,133,121,128,112,113,110,110,,83,,95,106,106,102,117,97,82,82,96,,,107,92,126,89,48,93,50,84,,,146,,132,134,138,164,168,160,168,182,123,,149,140,196,204,195,157,163,144,144,115,143,93,85,,92,119,,130,129,85,92,,,87,106,90,95,89,92,90,93,101,,,155,88,87,90,85,,77,122,123,119,127,112,89,,87,89,136,,,134,127,,108,97,117,,116,,211,224,,,91,68,,,168,183,166,,,71,78,119,116,182,184,173,88,85,87,87,80,136,132,124,145,200,192,157,162,76,80,70,75,,192,186,94,,75,74,95,100,115,127,92,86,87,75,85,105,,,110,134,109,125,215,130,131,127,136,93,92,80,97,87,86,89,108,,,185,68,64,68,107,113,,167,147,158,,149,148,148,,125,119,123,118,117,71,85,76,112,118,112,98,88,141,72,91,,90,95,92,87,143,146,,113,,107,,,,92,92,94,90,117,109,,119,,116,129,129,94,96,91,85,89,94,100,121,89,102,99,98,100,113,121,123,106,84,,84,78,65,66,66,71,84,98,94,96,91,82,98,106,101,,82,95,95,89,82,125,117,117,109,128,142,139,141,147,92,,101,102,99,92,87,89,88,86,85,83,92,,72,98,92,,95,94,96,107,,121,114,89,,93,91,68,93,98,116,109,117,116,124,95,90,94,,91,89,98,115,123,,141,140,83,111,109,127,145,136,126,123,141,138,,123,125,108,,122,124,,134,143,135,131,,101,104,114,92,88,126,120,123,119,126,118,98,105,106,108,97,,112,114,124,109,140,165,155,156,143,122,133,116,134,120,69,109,128,104,110,75,63,85,83,80,82,89,75,183,170,163,174,56,68,63,101,112,58,128,127,130,135,140,130,132,124,145,165,185,82,130,122,127,127,107,98,151,154,,160,114,99,115,93,110,106,110,89,114,130,143,139,131,149,,,125,120,120,,115,100,104,102,129,111,,129,107,111,,,,,128,122,115,106,116,153,132,127,,96,109,131,120,122,117,83,74,91,77,83,,,,,101,92,102,93,64,62,91,,85,98,101,108,102,104,84,107,54,61,69,71,87,88,,84,84,68,64,55,62,100,97,64,,74,67,,85,112,,84,81,78,,114,,132,,87,77,133,138,152,133,170,154,158,156,105,127,114,117,,150,150,145,171,159,156,,141,158,151,148,138,140,,136,129,158,155,141,,153,167,158,,148,219,145,158,119,145,222,,243,172,,173,146,146,145,117,115,151,148,141,,127,125,119,158,138,111,124,136,129,,,126,127,133,92,,99,137,129,123,135,108,86,126,94,108,114,96,90,,119,127,198,188,86,170,156,,112,,115,107,185,122,81,83,136,144,131,141,160,122,150,105,,,113,167,103,116,,172,177,216,138,,91,171,,,95,171,162,88,78,96,89,85,92,154,112,187,171,217,92,,120,115,,112,136,105,107,126,159,69,128,78,104,126,98,72,97,102,196,91,81,100,63,92,106,134,91,82,86,87,82,110,150,109,112,152,93,144,150,105,103,115,99,99,141,139,94,144,186,116,86,,96,73,116,92,97,93,102,,96,186,105,116,101,86,130,143,204,113,157,86,101,156,108,89,98,156,122,,94,188,161,178,175,,134,117,106,112,118,104,108,115,103,96,91,119,176,218,155,88,,100,,135,96,96,176,99,83,104,113,136,148,144,142,82,92,94,84,159,225,94,84,97,118,105,125,102,120,122,140,135,122,120,82,138,114,108,115,86,82,87,94,,82,85,95,93,86,208,116,90,79,116,126,96,184,169,112,98,130,176,163,165,115,145,91,121,112,118,94,111,98,99,148,135,94,94,99,89,117,117,155,135,124,129,127,87,128,120,150,112,139,119,133,102,118,98,99,100,98,,117,95,79,179,155,136,163,123,127,86,186,173,152,152,122,113,101,124,96,139,130,137,117,124,,89,89,77,85,86,77,147,102,170,93,108,110,108,82,91,113,107,110,98,88,125,87,110,131,117,111,128,86,96,94,,99,90,94,95,101,110,102,85,137,107,177,157,195,137,137,161,138,138,107,113,109,,116,119,120,123,77,106,162,114,107,113,133,130,187,,144,188,134,123,66,128,143,122,159,,153,141,175,136,121,89,96,66,82,71,69,,110,,145,122,,103,93,127,102,139,138,106,79,,104,141,137,120,,,78,142,100,87,84,108,85,95,81,92,83,106,118,107,96,109,115,119,127,108,80,81,70,84,101,89,89,113,84,133,88,95,113,97,93,88,108,133,128,122,132,91,151,106,79,90,210,170,85,91,164,113,113,127,177,178,,123,110,87,92,214,102,234,86,91,110,121,127,105,239,177,134,144,149,128,135,149,109,112,,72,120,93,135,124,108,101,123,89,79,90,72,78,130,76,100,114,182,209,80,106,112,86,103,88,86,44,72,159,168,126,123,97,93,115,97,106,93,166,146,108,61,81,124
20210719,7,O3_8h,33,23,48,38,48,35,32,47,25,30,33,29,,,46,,42,51,37,,37,,34,67,,53,51,,10,27,17,24,26,39,97,,45,39,,39,34,87,47,79,,6,,69,74,62,47,34,49,45,31,47,32,,47,62,19,18,14,25,,7,24,30,,23,72,64,56,37,38,,70,73,66,69,35,,45,34,42,37,39,20,,54,62,,,47,52,37,58,30,8,25,,10,38,32,33,34,,49,77,77,82,79,84,87,67,60,73,59,57,59,47,39,64,20,33,31,39,32,50,41,42,,42,38,35,28,37,36,25,25,56,52,54,49,53,,59,39,54,54,44,50,55,51,56,,39,56,53,49,,60,67,55,56,56,54,55,49,49,47,50,57,,,,36,43,,50,47,41,,,,31,,51,51,55,57,47,50,,45,46,,,,54,35,,29,10,24,53,52,,55,51,57,54,48,51,73,62,,54,,61,53,,51,42,,36,21,27,,27,44,51,14,34,59,53,,,44,53,61,39,47,40,25,,52,,,36,,43,47,,36,65,55,34,35,30,,57,55,41,44,45,16,32,4,30,25,27,29,35,30,29,9,32,38,70,,44,58,50,44,20,46,54,14,14,19,,15,11,,,16,64,41,40,,58,55,67,60,73,,,64,67,77,72,74,27,49,50,45,54,44,46,,43,59,55,42,52,48,37,59,27,,45,65,32,31,16,17,26,19,25,30,13,19,24,30,,24,16,26,39,26,29,16,18,34,31,29,28,27,31,,,42,41,27,34,40,31,32,21,22,21,17,,14,15,3,26,23,28,29,25,24,26,22,,,32,25,22,31,36,31,44,38,25,30,41,34,18,24,28,21,26,24,,15,11,44,32,41,42,70,,30,66,61,80,82,76,61,,,77,69,64,52,67,,27,41,46,34,,,62,95,6,9,4,5,7,2,2,13,5,,45,60,58,63,67,65,64,65,58,67,60,67,62,53,24,62,55,71,65,41,,53,39,47,38,,68,117,42,68,,,,48,114,,,,65,79,18,3,5,9,15,,20,23,29,28,30,11,40,17,29,33,43,39,7,14,16,47,,54,23,52,37,80,76,,,62,,67,69,53,35,22,25,18,78,66,72,80,70,71,68,56,57,47,62,,42,,51,65,60,39,51,,54,41,,,45,40,44,41,,40,52,42,,57,67,56,45,76,60,62,65,59,44,,,,57,,45,46,,56,68,81,61,73,77,86,54,66,49,,51,,,48,,47,38,33,65,70,61,67,69,,32,28,31,39,6,42,44,36,34,13,,18,31,49,42,42,5,22,22,40,,39,35,38,,68,67,,59,61,54,51,38,,10,30,,,50,57,,12,,50,39,44,47,61,63,,58,64,,59,58,,59,,65,43,65,,73,69,56,53,61,,37,29,60,48,31,48,9,27,35,39,20,33,26,31,11,14,29,27,5,44,70,57,46,53,25,23,14,20,26,31,64,64,66,,72,14,13,14,14,11,89,84,82,87,86,33,28,30,,44,41,51,,61,39,27,39,35,,23,45,82,,55,,59,56,63,56,68,67,64,,,,47,,48,,78,72,,,65,59,61,49,35,,37,,40,32,37,24,71,66,,37,20,27,39,69,19,,84,,,64,49,49,22,,19,24,22,34,31,71,66,39,64,55,48,46,61,32,19,9,97,102,101,90,13,5,6,,10,,42,43,26,16,10,27,18,24,,,,,84,80,,60,56,64,72,61,54,58,19,28,8,4,14,42,42,50,62,60,,54,58,45,,12,25,,39,69,65,79,79,94,80,87,91,52,63,72,64,,54,44,94,66,86,75,,95,89,,74,28,120,99,106,52,49,53,53,,59,,,75,75,38,49,45,,,,,,50,33,67,,,67,,71,,,55,,60,52,55,46,44,44,46,52,50,,34,33,49,50,47,51,58,52,56,53,44,55,47,,33,44,,44,49,10,12,,,26,45,40,42,46,63,60,61,69,,,34,56,55,59,57,,57,47,28,56,51,36,58,,50,51,62,,,63,49,,72,51,25,,27,,116,106,,,60,44,,,61,104,59,,,53,47,50,51,146,152,154,50,64,60,70,43,87,78,57,68,39,22,25,25,43,48,34,29,,61,62,22,,28,21,9,8,84,93,55,55,30,36,30,31,,,9,30,18,22,20,7,17,11,17,15,10,7,18,40,6,28,12,,,43,31,28,29,48,58,,,63,53,,40,56,45,,56,60,68,61,67,54,64,62,13,18,12,3,7,27,13,37,,18,13,15,18,35,31,,53,,56,,,,50,64,56,55,71,65,,19,,46,32,38,64,61,61,62,46,21,36,8,63,74,56,53,57,7,6,16,13,27,,31,5,15,18,18,7,15,40,30,40,22,11,27,28,28,,12,28,28,16,12,37,35,38,40,39,48,57,54,44,33,,21,28,30,2,30,33,29,41,25,23,24,,51,61,62,,71,70,67,58,,51,45,70,,77,62,,66,68,67,62,68,64,74,42,43,48,,55,58,67,22,47,,39,52,,22,22,29,49,50,41,44,47,39,,60,69,50,,64,70,,57,63,37,35,,57,59,52,38,37,20,28,29,44,39,40,9,42,28,31,34,,30,27,22,29,12,25,27,23,15,15,32,14,21,30,29,13,28,12,19,8,15,20,8,10,3,8,7,46,32,45,38,28,14,34,26,20,26,39,39,41,52,61,69,63,25,16,56,59,,50,30,28,21,32,38,44,33,,51,18,18,31,10,44,40,42,29,26,29,36,36,48,30,,,71,68,71,,66,39,55,49,60,45,,20,21,26,,,,,61,50,45,36,40,47,38,42,,6,77,67,80,71,65,24,38,27,41,26,,,,,27,24,43,36,51,43,19,,6,64,66,60,36,84,72,91,28,17,46,50,48,50,,45,38,40,36,18,15,49,75,24,,43,33,,67,43,,45,46,58,,68,,104,,22,18,31,27,14,18,77,76,77,80,35,28,19,35,,85,73,73,58,72,42,,79,91,48,59,78,89,,97,89,67,80,42,,63,62,61,,57,106,75,95,51,115,92,,100,70,,80,69,87,84,60,57,84,81,81,,22,61,48,92,94,70,65,73,71,,,41,25,30,45,,57,21,28,20,18,48,66,25,50,57,51,38,58,,28,16,37,26,51,48,51,,65,,55,37,57,14,15,18,82,51,69,38,21,63,47,49,,,35,13,55,51,,69,87,61,58,,58,40,,,64,40,40,57,38,53,62,61,55,41,59,67,91,87,55,,42,50,,16,70,31,44,102,59,49,60,39,45,26,6,50,40,72,33,36,50,42,47,43,42,48,30,13,23,26,30,61,15,47,102,56,73,67,64,87,91,83,67,44,54,45,33,57,32,71,74,,47,19,44,49,72,29,30,,15,43,58,51,44,56,99,74,33,28,38,66,26,43,67,40,42,12,19,,23,23,69,38,98,,92,57,56,56,70,41,49,47,52,45,49,44,41,112,52,56,,52,,58,57,68,34,51,27,31,20,17,24,25,27,31,33,37,44,24,25,37,49,27,45,32,54,22,62,36,49,56,38,67,62,35,69,16,8,77,73,62,72,,50,56,5,12,20,17,32,46,25,68,44,37,73,66,56,25,64,39,52,64,43,34,72,31,61,54,43,46,43,54,60,47,48,40,51,44,56,50,57,47,37,52,33,46,31,55,12,14,41,12,44,48,46,53,48,41,17,,64,24,12,43,37,55,68,52,53,56,32,57,57,59,53,42,60,41,80,87,5,88,41,37,,4,65,28,33,32,43,20,39,24,46,27,25,27,24,55,63,47,20,37,36,65,27,17,35,63,55,19,59,43,65,,69,76,66,56,6,93,11,32,47,18,46,62,51,36,22,104,96,53,41,44,53,,37,61,77,59,67,79,66,33,36,48,54,47,73,,82,96,49,54,40,49,23,54,7,,56,53,42,31,20,41,16,15,21,34,25,,46,,46,52,,24,36,63,58,36,61,41,42,,40,37,37,49,,,70,61,15,25,10,39,23,54,31,64,67,47,28,18,4,15,18,21,16,4,47,58,,65,62,58,65,56,19,63,30,67,50,36,51,49,39,99,17,95,106,29,29,42,44,57,110,41,29,67,25,30,27,23,46,31,,47,55,63,61,32,37,82,68,51,40,39,56,51,96,83,49,18,28,32,23,32,40,62,,55,67,75,84,55,67,66,52,8,11,34,20,32,43,27,48,71,49,18,31,76,29,35,43,42,37,,3,56,20,74,,65,57,18,64,22,66,58,47,48,54,3,41
20210719,7,O3_8h_24h,34,34,50,38,60,36,33,47,41,34,34,30,,,72,,71,75,57,,76,,48,73,,68,69,,22,32,17,30,29,53,111,,46,39,,39,34,92,49,79,,6,,84,82,71,66,53,56,58,38,63,54,,67,68,28,35,16,47,,10,26,30,,23,80,71,62,61,56,,78,81,75,76,45,,61,57,68,47,71,28,,54,63,,,48,52,56,63,30,8,26,,15,42,37,33,41,,51,77,86,86,84,88,90,84,60,79,60,63,66,56,44,73,20,33,34,48,32,62,47,51,,65,66,58,52,49,56,31,46,62,61,66,55,67,,66,48,64,63,52,62,74,60,66,,41,66,62,58,,66,72,62,62,63,64,74,66,69,59,67,57,,,,41,49,,56,52,50,,,,46,,60,57,68,66,54,57,,55,58,,,,72,44,,45,23,34,64,66,,68,57,62,59,53,60,80,70,,59,,67,60,,58,43,,36,21,38,,33,49,60,20,54,74,63,,,61,66,72,59,70,61,40,,57,,,48,,53,50,,44,83,71,44,39,39,,71,72,46,50,57,23,49,6,36,35,27,41,36,32,32,26,32,43,72,,53,61,55,46,22,62,62,24,14,20,,15,11,,,16,86,66,52,,85,72,92,79,79,,,71,78,87,77,79,28,54,56,49,60,50,55,,50,64,77,52,68,74,82,72,47,,62,79,45,32,20,18,35,47,38,35,15,19,25,31,,28,24,43,43,27,40,17,19,34,32,30,29,27,32,,49,42,42,30,35,40,32,32,21,22,21,24,,27,15,3,26,24,29,30,27,26,28,24,,,38,33,29,35,39,35,46,42,56,44,67,57,38,42,40,38,42,39,60,22,20,46,34,42,43,102,,30,66,61,80,82,79,62,,,77,69,64,52,68,,45,65,85,42,,,81,112,6,10,4,6,8,2,4,14,5,,45,60,58,63,67,65,70,74,74,72,71,82,76,61,28,77,68,91,81,64,,86,41,48,41,,108,148,90,88,,,,62,141,,,,65,79,21,3,6,9,18,,52,33,37,47,46,26,53,32,41,50,55,45,12,42,18,56,,56,28,79,37,86,81,124,108,62,,74,79,76,62,44,51,24,114,103,96,80,70,71,68,62,59,58,62,,48,,60,74,65,53,65,,70,43,,,56,48,57,58,,50,66,50,,60,74,64,52,80,62,70,73,70,45,,,,58,,59,64,,72,72,88,65,82,78,86,57,66,49,,56,,,49,,49,38,33,72,78,74,75,76,,40,35,37,47,12,54,44,38,41,18,53,18,35,51,47,47,5,25,27,56,,58,39,54,,74,74,,60,64,56,53,66,,37,40,,,51,59,,12,,70,58,62,68,64,64,,59,65,,70,70,,76,,74,61,70,,80,72,66,61,67,,37,29,60,56,32,48,9,27,38,39,23,40,26,36,11,15,42,32,6,44,75,57,46,53,25,24,14,20,26,32,67,64,66,,72,16,18,15,21,11,107,86,92,92,98,33,28,30,,46,43,59,,83,51,41,49,37,,23,66,85,,64,,69,66,72,65,75,82,78,,,,54,,50,,86,82,73,,67,61,62,55,40,,45,,73,63,48,47,101,81,,45,31,36,45,69,22,,84,,,83,55,61,29,,34,34,37,34,33,80,71,66,65,55,50,54,65,48,20,14,106,104,106,100,21,5,9,,10,,68,63,59,18,15,55,34,51,,,,,117,87,,68,56,64,72,61,54,58,24,46,19,5,31,44,44,52,72,64,,76,67,66,,43,73,,86,82,84,87,85,96,88,89,94,62,70,84,69,,58,59,94,66,94,95,110,96,93,,74,42,123,101,108,58,58,67,67,,65,,90,77,77,57,68,62,68,59,80,,,58,38,78,74,52,83,41,82,,,60,,66,57,63,46,48,46,47,54,52,,51,48,50,50,48,66,74,80,79,61,59,66,57,,52,64,,55,62,14,12,,,32,46,51,42,46,75,71,72,80,,,54,68,64,69,67,,59,75,72,69,78,55,66,,60,61,75,,,76,74,,76,61,54,,62,,161,136,,,61,51,,,64,114,72,,,61,61,75,70,161,163,165,50,64,60,70,44,88,80,61,70,42,27,26,28,49,55,38,36,,75,74,26,,28,22,9,11,108,123,62,62,39,44,36,59,,,9,30,18,25,20,7,22,15,19,16,10,7,18,43,7,39,18,,,45,47,46,46,65,73,,,77,64,,40,62,50,,65,76,77,70,70,69,73,72,14,18,13,3,9,30,17,45,,19,24,27,18,71,67,,54,,72,,,,61,78,68,62,81,74,,20,,46,32,38,67,64,69,65,55,21,36,13,64,75,70,70,68,7,6,34,16,32,,54,5,22,24,22,16,16,46,42,47,33,11,36,28,35,,26,41,42,23,16,46,51,51,56,62,50,61,56,46,38,,29,35,38,2,39,44,33,50,37,42,43,,55,66,65,,81,83,76,89,,75,62,89,,93,71,54,74,80,78,74,82,78,85,46,49,53,,76,68,84,30,52,,39,53,86,22,30,35,60,57,51,52,50,41,,70,77,55,,70,76,,61,74,49,44,,57,59,52,53,51,36,48,43,54,51,56,18,54,41,46,52,,42,39,34,41,40,42,42,34,26,19,54,17,41,53,42,13,28,12,19,10,31,38,16,19,5,15,12,61,72,61,62,30,30,49,32,28,51,43,41,48,62,73,87,83,29,25,63,68,71,76,61,54,43,41,46,67,61,,75,18,21,47,12,74,68,68,46,38,47,54,56,71,74,,,71,72,71,,68,61,75,70,74,66,,20,21,38,,,,,84,85,76,61,64,64,51,55,,6,77,78,88,82,82,35,46,33,51,34,,,,,27,24,67,57,54,51,25,,11,85,83,80,54,91,72,95,29,22,46,50,52,52,,54,38,46,41,21,20,75,85,26,,56,41,,67,52,,55,53,58,,75,,116,,28,22,37,55,25,46,94,94,95,96,50,32,29,38,,96,100,81,124,106,67,,88,109,89,106,78,89,,99,91,80,90,50,,88,84,84,,62,122,90,134,64,119,119,,130,83,,92,81,96,100,70,58,84,81,86,,22,79,70,105,104,89,70,80,76,,,44,43,30,47,,57,21,28,41,53,53,66,26,68,74,75,51,66,,69,19,53,40,68,49,55,,76,,56,40,69,18,23,37,82,55,82,38,26,63,51,81,,,35,45,59,78,,69,98,61,61,,64,51,,,69,50,48,63,45,62,66,65,55,50,68,67,91,87,73,,70,69,,35,78,56,60,106,74,61,67,47,55,35,17,54,60,84,68,52,61,50,53,50,44,67,33,19,38,33,35,73,15,63,102,57,93,77,76,87,91,90,82,44,64,46,39,84,49,81,83,,54,28,48,52,72,51,54,,32,98,76,70,65,62,114,102,46,28,78,68,26,69,68,49,42,23,20,,31,51,86,44,120,,92,69,64,62,76,51,58,57,58,51,71,52,41,142,57,62,,56,,66,69,74,51,63,44,42,21,23,34,26,35,32,34,38,47,25,49,39,57,27,53,36,58,24,68,36,62,69,38,82,69,76,81,19,12,82,79,84,94,,60,62,5,13,23,33,38,60,42,69,49,40,93,68,67,30,86,52,75,78,67,59,77,57,65,70,54,56,57,66,72,64,50,42,54,47,65,60,80,68,42,53,48,78,44,62,18,16,46,32,45,58,52,58,55,43,24,,66,31,20,52,56,80,101,60,59,63,50,64,79,81,60,60,65,54,90,111,6,88,41,64,,12,69,46,40,32,46,22,42,44,48,28,26,37,29,77,76,64,26,43,52,74,30,17,35,76,58,19,67,46,68,,80,86,76,67,6,106,11,58,47,18,58,78,84,48,32,116,97,56,50,61,74,,56,68,84,61,75,86,68,33,45,60,64,72,77,,91,125,49,54,47,55,29,64,10,,89,74,45,44,30,56,24,28,23,40,29,,63,,54,65,,36,36,63,58,60,76,55,57,,66,52,57,55,,,70,90,16,32,13,39,23,54,31,78,71,76,33,22,8,20,33,41,18,4,49,66,66,74,62,62,82,64,28,63,33,71,54,38,53,56,46,103,17,95,106,60,53,46,58,68,155,44,29,71,28,34,37,45,68,40,,51,68,71,70,47,61,108,74,65,47,46,67,53,132,102,57,73,44,45,34,36,50,78,,58,70,76,96,68,69,75,73,8,11,34,27,40,71,31,58,86,53,18,45,89,46,35,43,75,56,42,6,89,20,94,,74,58,37,64,32,77,68,66,57,54,3,54
20210719,7,CO,0.5,0.5,0.7,0.6,0.5,0.6,0.4,0.4,0.5,0.5,0.5,0.5,,,0.6,,0.6,0.8,0.3,,0.7,,0.5,0.6,,0.7,0.5,,1.1,0.7,0.6,1,0.8,0.6,1.1,,1.3,1.3,,1.4,1,0.3,0.2,0.4,,0.4,,0.4,0.5,0.5,0.2,0.4,0.3,0.2,0.2,0.2,0.2,,0.5,0.3,0.1,0.6,0.7,0.8,,0.7,0.5,0.2,,0.3,0.5,0.3,0.4,0.3,0.6,,,0.3,0.2,0.2,1.1,,0.5,0.9,0.5,0.7,0.4,0.6,,0.6,0.6,,,0.4,0.6,0.5,0.5,0.9,1.1,0.6,,1.1,0.5,0.4,0.6,0.4,,0.3,0.7,0.5,0.5,0.6,0.4,0.5,0.5,0.4,0.7,0.6,0.7,0.6,0.7,0.5,0.6,0.4,0.5,0.4,0.5,0.5,0.3,0.7,0.5,,0.6,0.9,0.6,0.8,0.3,0.5,0.3,0.4,0.5,0.5,0.3,0.4,0.5,,0.4,0.3,0.4,0.2,0.4,0.5,0.2,0.2,0.7,0.5,0.4,0.6,0.4,0.2,,0.4,0.5,0.3,0.1,0.3,0.5,0.4,0.3,0.4,0.5,0.5,0.4,,,,0.5,0.4,,0.5,0.4,0.4,,,,0.7,,0.5,0.3,0.4,0.4,0.4,0.3,,0.3,1.2,,,,0.7,0.6,,0.7,0.9,0.8,0.4,0.7,,0.3,0.3,0.4,0.1,0.2,,0.6,0.4,,0.3,,0.4,0.5,,0.4,0.4,,0.7,0.3,0.9,,0.6,0.4,0.5,0.5,0.5,0.7,0.4,,,0.4,0.5,0.5,0.4,0.4,0.4,0.5,,0.8,,,0.5,,0.7,0.6,,0.4,0.4,0.3,0.3,0.4,0.5,,0.4,0.4,0.4,0.2,0.5,0.5,0.4,0.5,0.7,0.7,0.7,0.8,0.7,0.7,0.7,0.8,0.4,0.7,0.4,,0.6,0.8,0.7,0.4,0.3,0.5,0.2,1,0.8,0.7,,0.9,0.7,,,0.8,0.8,0.4,1.6,,0.9,0.8,0.6,0.3,0.3,,,0.1,0.3,0.4,,0.2,0.5,0.5,0.4,0.5,0.4,0.4,0.5,,0.5,0.4,0.9,0.8,0.7,1,1,0.7,0.8,,1,0.4,0.8,0.7,0.7,0.9,0.6,0.7,0.5,0.6,0.6,0.4,0.5,0.6,,0.4,0.4,0.6,0.5,0.5,0.5,0.6,0.4,0.4,0.6,0.6,0.5,0.4,0.4,,,0.4,0.4,0.5,0.5,0.5,0.4,0.5,0.3,0.4,0.3,0.4,,0.4,0.5,0.5,0.5,0.5,0.5,0.4,0.5,0.5,0.4,0.4,,,0.7,0.6,0.7,0.5,0.6,0.5,0.7,0.6,0.5,0.5,0.3,0.4,0.6,0.7,0.6,0.6,0.4,0.7,,0.6,0.3,0.4,0.5,0.4,0.4,0.5,,0.4,0.5,0.5,0.6,0.8,0.2,0.4,,,0.6,0.4,0.7,,0.5,,0.5,0.5,0.6,0.6,,,0.6,0.2,0.3,0.4,0.7,0.7,0.7,0.6,0.6,0.5,0.8,,0.3,0.2,0.2,0.3,0.2,0.4,0.2,0.3,0.2,0.4,0.4,0.3,0.4,0.8,0.8,0.7,0.7,0.5,0.7,0.4,,0.7,0.9,0.7,0.8,,0.9,0.6,,0.4,,,,0.7,0.3,,,,0.4,0.6,0.7,0.4,1,0.4,0.9,,0.9,0.8,1,1.1,0.9,0.8,1,0.9,0.8,1,0.8,0.4,0.6,0.9,0.8,0.9,,0.5,1,1,0.7,0.8,0.8,,,0.8,,0.6,1,0.4,0.4,0.5,0.3,0.7,0.7,0.5,0.6,0.5,0.6,0.5,0.5,0.3,0.3,0.3,0.3,,0.6,,0.5,0.8,0.4,1.1,0.6,,0.7,0.6,,,0.6,0.8,0.7,0.7,,0.3,0.7,0.4,,0.3,0.3,0.3,0.4,0.3,0.3,0.1,0.4,0.2,0.4,,,,0.3,,0.3,0.7,,0.4,0.7,0.4,0.8,0.5,0.2,0.3,0.3,0.4,0.4,,0.4,,,0.7,,0.7,0.5,1.4,0.3,0.5,0.4,0.2,0.3,,0.7,0.4,0.6,0.5,0.5,0.5,0.6,0.6,0.7,0.8,,0.6,0.5,0.3,0.5,0.5,0.8,0.8,0.9,0.4,,0.5,0.5,0.4,,0.6,0.6,,0.3,0.6,0.6,0.5,0.6,,0.7,0.5,,,0.5,0.4,,0.7,,0.9,0.6,0.6,0.7,0.7,0.6,,0.9,0.8,,0.5,0.5,,0.6,,1,0.8,0.8,,0.7,0.9,0.4,0.3,0.2,,0.4,0.6,0.5,1.1,1.7,0.4,0.2,0.5,0.7,0.4,0.7,0.3,0.6,0.3,1.1,3.6,0.7,0.5,0.9,0.7,0.8,0.5,0.6,0.5,0.7,0.7,0.7,0.8,0.7,0.5,0.4,0.4,0.1,,0.1,0.4,0.3,0.3,0.4,0.3,0.5,0.5,0.7,0.4,0.5,0.6,0.6,0.6,,0.7,0.5,0.8,,0.4,0.7,0.5,0.6,0.8,,0.5,0.4,0.3,,0.7,,0.7,0.3,0.4,0.3,0.5,0.7,0.5,,,,0.5,,0.5,,0.4,0.5,,,0.6,0.6,0.5,0.6,0.6,,0.6,,0.4,0.6,0.5,0.5,0.7,0.9,,0.8,0.6,0.5,0.8,0.7,0.6,,0.7,,,0.8,0.4,0.3,0.6,,0.7,0.7,0.7,0.7,0.7,0.5,0.6,0.7,0.6,0.7,0.8,1.1,0.8,0.8,0.5,0.4,0.5,0.5,0.8,0.4,0.6,0.9,0.8,0.5,0.7,,1.6,2.5,2.9,0.7,0.6,0.7,0.9,0.8,,,,,0.4,0.4,,0.5,0.5,0.4,0.2,0.2,0.4,0.3,0.6,0.5,0.7,0.6,0.4,0.6,0.6,0.8,0.6,0.8,,0.6,0.6,0.8,,0.6,0.6,,0.8,0.8,0.7,0.7,1,0.8,0.6,0.6,0.6,0.7,0.7,0.8,0.7,,0.5,0.7,0.3,0.4,0.6,0.4,,0.6,0.4,,0.5,0.4,0.2,0.4,0.3,0.3,0.5,0.1,0.1,,0.5,,,0.3,0.3,0.3,0.2,0.4,,,,,,0.3,0.4,0.4,,,0.3,,0.5,,,0.6,,0.7,0.3,0.7,0.5,0.4,0.6,0.3,0.6,0.3,,0.6,0.7,0.7,0.6,0.6,0.4,0.4,0.4,0.4,0.7,0.7,0.1,0.4,,0.6,0.4,,0.4,0.4,0.5,0.7,,,0.6,0.5,0.5,0.5,0.4,0.4,0.8,0.8,0.5,,,0.5,0.7,0.9,0.9,0.8,,0.8,0.6,0.5,0.7,0.9,0.5,0.4,,0.4,0.7,1,,,0.9,0.9,,0.6,0.6,0.4,,0.6,,1.2,1.2,,,0.1,0.4,,,0.8,0.7,0.5,,,0.2,0.3,0.3,0.2,0.4,0.4,0.4,0.5,0.5,0.5,0.5,0.7,0.4,0.2,0.4,0.5,1,0.4,0.8,0.9,0.4,0.3,0.6,0.5,,0.5,0.5,0.5,,0.4,0.8,0.5,0.6,0.6,0.3,0.5,0.4,0.4,0.5,0.4,0.4,,,0.6,0.7,0.8,0.7,0.5,1.7,0.5,1.7,0.2,1.1,1.3,0.6,0.6,0.5,0.8,0.7,0.6,,,0.5,0.8,0.6,0.7,0.3,0.2,,,0.4,0.5,,0.6,0.6,0.5,,0.4,0.8,0.6,0.6,0.6,0.5,0.6,0.5,0.8,0.5,0.5,0.6,0.7,0.4,0.6,0.8,,0.4,0.3,0.3,,0.8,0.6,,0.6,,0.5,,,,0.6,0.7,0.8,0.5,0.5,0.7,,1.2,,0.5,0.5,0.5,0.4,0.7,0.5,0.6,0.4,0.6,0.5,0.8,0.4,0.1,0.6,0.6,0.3,0.6,0.7,0.5,0.5,0.4,,0.6,0.4,0.6,0.3,0.5,0.7,0.3,1,1.6,0.4,1.1,0.3,0.5,0.5,0.7,,0.4,0.7,0.8,0.4,0.5,1,0.9,0.6,1,1.3,0.4,0.7,0.6,0.5,0.6,,0.6,0.8,0.5,0.6,0.8,0.5,0.6,0.7,0.6,0.9,0.8,,0.4,0.4,0.2,,0.4,0.4,0.5,0.6,,0.7,0.6,0.6,,0.6,0.6,,0.6,0.6,0.9,0.9,0.8,0.7,0.6,0.7,0.5,0.5,,0.6,0.4,0.6,1.7,0.7,,0.9,0.9,,0.7,1.1,0.8,0.6,0.8,0.7,0.7,0.8,1,,0.6,0.8,0.6,,1.1,1.1,,0.5,0.4,0.5,0.5,,0.8,0.7,0.8,1.2,1,1,0.6,0.6,0.8,0.5,0.6,0.4,0.6,0.6,0.9,0.6,,0.6,1,1.1,1.5,0.6,0.6,0.6,0.6,0.7,0.6,0.5,0.7,0.5,0.7,1.3,0.9,0.8,0.8,1.3,1.2,0.4,0.5,1.4,0.7,0.4,0.6,0.5,0.8,0.8,0.8,0.7,0.4,1.1,0.5,0.8,0.8,0.6,0.7,0.6,0.8,0.8,0.5,0.6,0.6,0.7,0.7,0.6,0.6,,0.9,0.9,0.9,0.9,0.6,0.5,0.5,0.4,,0.4,0.4,0.3,0.3,0.2,0.5,0.5,0.4,0.6,0.6,0.4,0.6,0.6,0.3,0.5,,,0.3,0.3,0.6,,0.5,0.4,0.4,0.3,0.5,0.4,,0.2,0.4,0.3,,,,,0.6,0.6,0.7,0.8,0.7,0.3,0.3,0.4,,0.2,0.5,0.5,0.3,0.6,0.7,0.3,0.7,2.7,0.8,0.8,,,,,0.2,0.3,0.5,0.5,0.5,0.6,0.4,,0.4,0.5,0.4,0.5,0.8,0.9,0.8,0.6,0.5,0.5,0.6,0.6,0.6,0.5,,0.5,0.4,0.2,0.3,0.2,0.3,0.7,0.5,0.4,,0.3,0.6,,0.7,0.6,,0.4,0.2,0.5,,0.3,,0.3,,0.6,0.5,0.4,1.2,1,1.2,0.6,0.6,0.5,0.6,0.5,0.5,0.6,0.5,,1.1,1,0.2,0.5,0.7,0.3,,0.3,0.3,0.3,0.6,0.2,0.2,,0.8,0.9,0.4,0.2,0.6,,0.3,0.2,0.1,,0.4,0.6,0.6,0.4,0.5,0.3,0.4,,0.6,0.4,,0.5,0.4,0.5,0.3,0.8,0.6,0.1,0.2,0.2,,0.5,0.1,0.3,0.2,0.4,0.2,0.5,0.5,0.3,,,0.6,0.9,0.6,0.8,,0.3,0.4,0.6,0.5,4.1,0.4,0.5,0.6,0.7,0.8,0.8,0.9,0.6,,0.5,0.7,0.5,0.7,0.5,0.5,0.5,,0.4,,0.3,0.8,0.7,0.4,0.9,0.5,0.2,0.5,0.5,0.4,1.1,0.3,0.5,0.4,,,0.4,0.5,0.3,0.6,,0.8,0.5,0.5,0.6,,0.4,0.4,,,0.3,0.4,0.3,0.7,0.4,0.5,0.3,0.2,0.4,0.6,0.7,0.5,0.2,0.3,0.7,,0.6,0.7,,0.5,0.6,0.5,0.4,0.2,0.6,0.4,0.7,0.4,0.7,0.5,0.7,0.5,0.7,0.4,0.9,0.4,0.4,0.4,0.3,0.5,0.2,0.6,0.8,0.5,0.6,0.5,0.4,0.5,0.4,0.4,0.3,0.6,0.6,0.4,0.5,0.6,0.6,0.7,0.6,0.6,0.4,0.8,0.5,0.8,0.5,0.7,0.7,,0.6,0.6,0.3,0.5,0.7,0.6,0.6,,0.5,0.5,0.3,0.4,0.4,0.4,0.4,0.8,0.6,0.8,0.4,0.6,0.4,0.6,0.6,0.4,0.6,0.5,1.2,,0.6,0.6,0.4,0.6,0.6,,0.2,0.4,0.4,0.3,0.5,0.3,0.5,0.4,0.4,0.6,0.4,0.6,1.1,0.9,0.4,0.3,,0.6,,0.5,0.6,0.6,0.7,0.5,0.6,0.6,0.8,0.7,0.6,0.6,0.6,0.4,0.5,0.5,0.5,0.5,0.6,0.4,0.5,0.5,0.6,0.8,0.6,0.2,0.4,0.5,1,0.3,0.5,0.5,0.5,0.8,0.5,1.3,1.2,0.3,0.5,0.6,0.4,,0.3,0.7,0.6,0.5,0.8,0.8,0.5,0.6,0.7,0.4,0.5,0.5,0.6,0.5,0.3,0.5,0.3,0.6,0.4,0.4,0.6,0.6,0.2,0.7,0.2,0.5,0.2,0.5,0.6,0.5,0.6,0.5,0.5,0.2,0.5,0.5,0.7,0.7,0.2,0.6,0.7,0.6,0.6,0.6,0.5,0.6,0.7,0.7,0.9,0.7,0.4,0.4,0.4,0.4,0.3,0.2,0.5,,0.5,0.7,0.3,0.8,0.5,0.5,0.5,0.4,0.6,0.2,,0.4,0.4,0.5,0.2,0.5,0.4,0.3,0.5,0.3,0.5,0.5,0.4,0.4,,0.6,0.4,0.7,,0.3,0.4,0.5,0.7,0.6,0.3,0.3,0.4,0.7,1.8,0.6,0.5,0.2,0.9,0.7,0.7,0.4,0.5,0.6,0.6,0.5,0.7,0.5,0.4,0.5,0.4,,0.1,0.4,0.5,0.7,3.4,0.7,0.5,0.4,0.4,0.5,0.3,0.7,0.4,0.4,0.8,0.6,0.4,0.6,0.8,0.7,0.6,,0.6,0.8,0.3,0.8,0.4,0.2,0.7,0.7,0.7,0.5,0.6,0.5,0.5,,0.5,0.9,0.8,0.7,0.6,0.5,0.4,0.3,0.5,,0.7,0.6,0.6,0.9,0.5,0.4,0.6,0.5,0.4,0.4,0.4,,0.6,,0.6,0.7,,1.3,0.5,0.2,0.4,0.5,0.6,0.5,0.4,,0.5,0.6,0.7,0.5,,,0.7,0.8,0.5,0.3,0.7,0.8,1.4,1.6,2.1,0.6,1.2,0.3,0.4,0.1,0.5,0.3,0.4,0.3,0.3,0.4,0.5,0.5,,0.7,0.7,0.4,0.8,0.6,0.7,1,0.7,0.3,0.7,0.6,0.4,0.7,0.7,0.4,0.7,0.1,0.4,0.6,0.6,0.8,0.9,0.6,1,0.6,0.5,0.4,0.4,0.5,0.5,0.7,1.2,1.8,,0.6,0.3,0.5,0.6,1,0.5,0.4,0.5,0.1,0.5,0.4,0.5,0.4,0.6,0.5,1,0.7,0.7,1.1,0.6,0.5,0.3,0.4,,0.6,0.6,0.2,0.3,0.9,0.5,0.5,0.8,0.5,0.5,0.5,0.4,0.5,0.8,0.5,0.6,0.8,1.1,1.4,0.5,0.4,0.8,1.5,1.2,0.5,0.6,,0.4,0.5,0.4,0.2,0.3,0.6,0.1,0.4,0.1,0.3,0.4,0.4,0.5,0.5,0.4,0.7,0.6
20210719,7,CO_24h,0.6,0.5,0.7,0.7,0.7,0.7,0.6,0.6,0.5,0.6,0.6,0.5,,,0.9,,0.9,0.8,0.6,,1,,0.4,0.5,,0.6,0.5,,0.6,0.6,0.5,0.7,0.6,0.4,0.5,,0.8,0.6,,0.8,0.5,0.3,0.2,0.4,,0.3,,0.4,0.4,0.4,0.1,0.4,0.3,0.1,0.1,0.1,0.2,,0.4,0.3,0.1,0.6,0.7,0.8,,0.7,0.6,0.3,,0.5,0.3,0.1,0.2,0.1,0.5,,,0.4,0.2,0.3,0.7,,0.5,0.6,0.5,0.6,0.4,0.6,,0.5,0.5,,,0.4,0.5,0.4,0.4,0.9,0.8,0.9,,0.7,0.9,0.8,0.8,0.8,,0.7,0.7,0.5,0.5,0.6,0.4,0.5,0.5,0.5,0.6,0.6,0.6,0.5,0.7,0.5,0.6,0.4,0.4,0.4,0.4,0.5,0.4,0.7,0.5,,0.5,0.6,0.4,0.6,0.4,0.5,0.3,0.4,0.4,0.4,0.3,0.4,0.4,,0.4,0.3,0.4,0.2,0.4,0.6,0.2,0.3,0.8,0.5,0.5,0.7,0.4,0.2,,0.3,0.5,0.3,0.2,0.3,0.5,0.4,0.3,0.4,0.5,0.5,0.3,,,,0.5,0.4,,0.5,0.4,0.3,,,,0.6,,0.4,0.2,0.4,0.4,0.4,0.3,,0.3,0.6,,,,0.6,0.6,,0.5,0.8,0.7,0.4,0.3,,0.2,0.2,0.3,0.1,0.2,,0.5,0.3,,0.3,,0.4,0.5,,0.4,0.4,,0.6,0.3,0.7,,0.5,0.4,0.4,0.3,0.4,0.6,0.4,,,0.3,0.4,0.4,0.4,0.3,0.4,0.4,,0.7,,,0.5,,0.6,0.5,,0.3,0.3,0.2,0.3,0.4,0.5,,0.3,0.4,0.3,0.3,0.4,0.4,0.3,0.4,0.4,0.4,0.5,0.5,0.4,0.5,0.5,0.4,0.4,0.5,0.3,,0.5,0.6,0.5,0.4,0.3,0.5,0.3,1.1,0.8,0.6,,0.8,0.7,,,0.7,0.4,0.2,0.7,,0.4,0.4,0.6,0.4,0.3,,,0.1,0.3,0.5,0.1,0.2,0.4,0.6,0.4,0.5,0.4,0.6,0.5,,0.5,0.5,0.9,0.9,0.7,1,0.8,0.7,0.9,,0.9,0.4,0.8,0.7,0.6,0.7,0.6,0.6,0.4,0.5,0.6,0.4,0.5,0.6,,0.5,0.4,0.6,0.6,0.6,0.5,0.6,0.4,0.4,0.6,0.6,0.5,0.5,0.4,,0.7,0.4,0.4,0.4,0.5,0.5,0.4,0.6,0.4,0.4,0.4,0.4,,0.5,0.4,0.5,0.6,0.6,0.5,0.5,0.5,0.6,0.5,0.5,,,0.6,0.5,0.7,0.4,0.6,0.6,0.7,0.5,0.5,0.5,0.3,0.4,0.6,0.6,0.5,0.6,0.4,0.7,0.6,0.5,0.3,0.4,0.4,0.4,0.4,0.6,,0.5,0.7,0.7,0.7,1,0.3,0.5,,,0.8,0.5,0.9,0.4,0.6,,0.4,0.4,0.5,0.6,,,0.5,0.3,0.3,0.4,0.5,0.6,0.6,0.4,0.6,0.4,0.7,,0.4,0.3,0.3,0.3,0.3,0.4,0.2,0.4,0.2,0.4,0.4,0.3,0.4,0.8,0.7,0.7,0.7,0.5,0.7,0.4,,0.7,0.8,0.7,0.7,,0.6,0.5,0.5,0.4,,,,0.7,0.3,,,,0.5,0.6,0.7,0.5,0.7,0.3,0.8,,0.7,0.7,0.7,0.7,0.7,0.7,0.9,0.7,0.6,0.8,0.6,0.4,0.5,0.7,0.7,0.7,,0.6,0.9,0.8,0.7,0.7,0.6,0.7,0.7,0.6,,0.4,1,0.4,0.4,0.5,0.3,0.6,0.7,0.5,0.6,0.4,0.6,0.3,0.5,0.2,0.3,0.3,0.3,,0.6,,0.3,0.6,0.3,0.8,0.5,,0.6,0.7,,,0.4,0.6,0.6,0.3,,0.2,0.5,0.2,,0.2,0.1,0.2,0.4,0.3,0.2,0.1,0.2,0.2,0.3,,,,0.3,,0.4,0.7,,0.4,0.3,0.4,0.6,0.5,0.2,0.3,0.4,0.4,0.4,,0.3,,,0.9,,0.9,0.7,0.6,0.3,0.6,0.5,0.2,0.4,,0.5,0.4,0.6,0.5,0.4,0.4,0.5,0.6,0.7,0.9,0.5,0.6,0.6,0.3,0.5,0.4,0.7,0.7,0.6,0.4,,0.5,0.5,0.4,,0.6,0.6,,0.4,0.6,0.6,0.5,0.6,,0.6,0.8,,,0.5,0.5,,0.6,,0.7,0.5,0.6,0.6,0.6,0.4,,0.7,0.6,,0.6,0.6,,0.6,,0.9,0.8,0.7,,0.7,0.7,0.3,0.2,0.1,,0.6,0.7,0.7,1,1,0.5,0.2,0.6,0.7,0.5,0.6,0.5,0.7,0.3,1.2,1.9,0.7,0.6,0.6,0.7,0.6,0.4,0.6,0.5,0.7,0.6,0.6,0.7,0.6,0.5,0.4,0.5,0.2,,0.1,0.4,0.4,0.3,0.4,0.3,0.4,0.4,0.5,0.3,0.4,0.6,0.7,0.6,,0.9,0.8,0.8,,0.5,0.6,0.5,0.5,0.7,,0.6,0.3,0.3,,0.7,,0.7,0.3,0.4,0.3,0.4,0.6,0.4,,,,0.5,,0.5,,0.4,0.4,0.3,,0.6,0.6,0.6,0.6,0.6,,0.7,,0.4,0.6,0.6,0.5,0.5,0.7,,0.7,0.6,0.5,0.7,0.6,0.6,,0.7,,,0.8,0.3,0.3,0.5,,0.6,0.8,0.7,0.7,0.7,0.4,0.5,0.7,0.5,0.6,0.7,1,0.8,0.7,0.4,0.3,0.3,0.5,0.8,0.4,0.6,0.7,0.7,0.5,0.8,,0.9,2.7,2.1,0.9,0.6,0.7,0.9,0.8,,,,,0.5,0.5,,0.6,1.2,0.4,0.3,0.3,0.4,0.4,0.6,0.4,0.6,0.5,0.4,0.5,0.5,0.9,0.7,0.8,,0.7,0.7,0.8,,0.7,0.6,,0.6,0.6,0.7,0.6,0.8,0.7,0.5,0.5,0.5,0.6,0.7,0.7,0.6,,0.5,0.7,0.4,0.4,0.5,0.3,0.7,0.6,0.5,,0.5,0.4,0.3,0.4,0.3,0.2,0.5,0.1,0.1,,0.5,,0.4,0.4,0.4,0.3,0.2,0.4,0.1,0.2,0.3,,,0.3,0.4,0.4,0.5,0.2,0.3,0.1,0.5,,,0.6,,0.7,0.3,0.6,0.5,0.5,0.7,0.3,0.5,0.4,,0.6,0.7,0.7,0.5,0.6,0.4,0.3,0.3,0.3,0.6,0.6,0.1,0.3,,0.5,0.3,,0.4,0.4,0.5,0.6,,,0.6,0.5,0.5,0.5,0.4,0.5,0.8,0.7,0.5,,,0.4,0.6,0.7,0.8,0.6,,0.6,0.6,0.4,0.7,0.7,0.5,0.4,,0.4,0.7,0.7,,,0.7,0.9,,0.6,0.6,0.5,,0.5,,0.9,0.8,,,,0.5,,,0.7,0.5,0.5,,,0.3,0.3,0.3,0.3,0.4,0.3,0.3,0.3,0.3,0.4,0.4,0.6,0.5,0.4,0.5,0.8,0.7,0.5,0.6,0.7,0.4,0.3,0.6,0.5,,0.6,0.5,0.5,,0.4,0.5,0.5,0.5,0.6,0.4,0.5,0.4,0.4,0.5,0.4,0.4,,,0.5,0.7,0.7,0.7,0.6,1.4,0.4,0.8,0.5,0.9,1,0.7,0.6,0.6,0.7,0.7,0.6,,,0.4,0.8,0.7,0.6,0.3,0.2,,0.6,0.4,0.5,,0.6,0.6,0.5,,0.4,0.5,0.5,0.5,0.5,0.5,0.6,0.5,0.7,0.5,0.5,0.6,0.7,0.4,0.5,0.6,,0.3,0.4,0.3,,0.6,0.4,,0.6,,0.4,,,,0.4,0.5,0.6,0.4,0.6,0.7,,0.7,,0.4,0.4,0.4,0.4,0.6,0.5,0.5,0.4,0.6,0.5,0.7,0.4,0.1,0.5,0.4,0.3,0.5,0.6,0.5,0.5,0.3,,0.5,0.4,0.7,0.4,0.6,0.7,0.4,1.1,1.4,0.8,1.1,0.3,0.4,0.6,1,,0.4,0.5,0.6,0.4,0.5,1,0.9,0.6,0.9,1.3,0.5,0.6,0.7,0.4,0.6,,0.5,0.7,0.6,0.5,0.6,0.5,0.5,0.6,0.5,0.8,0.8,,0.5,0.5,0.4,,0.4,0.5,0.5,0.5,,0.5,0.4,0.6,,0.6,0.6,0.4,0.6,0.6,0.8,0.9,0.7,0.6,0.6,0.6,0.5,0.6,,0.5,0.4,0.6,1.2,0.8,,0.8,1,0.4,0.7,0.9,0.7,0.6,0.8,0.8,0.7,0.7,0.7,,0.6,0.8,0.5,,1,1,,0.5,0.4,0.5,0.4,,0.7,0.6,0.7,0.9,1,0.7,0.6,0.6,0.7,0.5,0.6,0.4,0.6,0.6,0.5,0.5,,0.5,0.9,1,1.3,0.5,0.4,0.5,0.4,0.6,0.6,0.6,0.6,0.5,0.7,1.3,0.9,0.9,0.8,1.2,0.5,0.7,0.7,1.1,1,0.4,0.4,0.6,0.9,0.7,0.8,0.7,0.4,0.8,0.5,0.7,0.6,0.5,0.6,0.7,0.7,0.8,0.5,0.5,0.5,0.6,0.6,0.5,0.6,0.6,0.6,0.7,0.8,0.8,0.5,0.4,0.5,0.4,,0.4,0.3,0.3,0.3,0.2,0.5,0.4,0.4,0.5,0.5,0.4,0.5,0.5,0.3,0.4,,,0.4,0.4,0.7,,0.6,0.4,0.4,0.3,0.3,0.5,,0.3,0.5,0.3,,,,,0.5,0.5,0.5,0.5,0.5,0.3,0.2,0.5,,0.3,0.5,0.6,0.4,0.6,0.6,0.5,0.7,0.7,0.7,0.4,,,,,0.2,0.3,0.4,0.5,0.4,0.5,0.4,,0.4,0.4,0.4,0.3,0.4,0.8,0.7,0.6,0.5,0.4,0.7,0.6,0.6,0.6,,0.5,0.4,0.3,0.3,0.3,0.3,0.7,0.5,0.5,,0.4,0.6,,0.8,0.6,,0.4,0.2,0.5,,0.3,,0.3,,0.6,0.7,0.5,0.7,0.6,0.7,0.5,0.5,0.4,0.6,0.4,0.4,0.5,0.5,,0.6,0.6,0.2,0.5,0.7,0.3,,0.3,0.3,0.2,0.3,0.4,0.3,,0.6,0.8,0.3,0.1,0.6,,0.2,0.2,0.2,,0.4,0.7,0.6,0.4,0.5,0.3,0.4,,0.3,0.3,,0.4,0.3,0.4,0.3,0.8,0.7,0.2,0.4,0.3,,0.6,0.1,0.3,0.3,0.3,0.2,0.5,0.6,0.4,,,0.6,0.9,0.7,0.7,,0.3,0.5,0.6,0.4,1.7,0.3,0.4,0.6,0.6,0.4,0.6,0.8,0.6,,0.5,0.6,0.4,0.7,0.4,0.4,0.5,,0.4,,0.3,0.9,0.6,0.4,1.1,1.1,0.7,0.5,0.4,0.8,0.8,0.5,0.4,0.4,,,0.5,0.4,0.3,0.6,,0.8,0.5,0.5,0.6,,0.4,0.4,,,0.2,0.4,0.3,0.4,0.4,0.5,0.3,0.2,0.3,0.5,0.6,0.7,0.4,0.4,0.7,,1,0.5,,0.4,0.6,0.3,0.4,0.2,0.5,0.4,0.5,0.6,0.7,0.5,0.3,0.4,0.8,0.4,0.7,0.3,0.3,0.3,0.4,0.5,0.3,0.6,0.8,0.4,0.5,0.4,0.4,0.5,0.4,0.4,0.2,0.7,0.6,0.4,0.5,0.6,0.6,0.7,0.5,0.6,0.4,0.8,0.6,0.7,0.5,0.7,0.6,,0.6,0.4,0.3,0.4,0.7,0.5,0.6,,0.5,0.5,0.4,0.4,0.3,0.3,0.4,0.6,0.4,0.9,0.3,0.6,0.5,0.4,0.6,0.3,0.6,0.5,0.8,,0.6,0.4,0.4,0.5,0.4,,0.4,0.4,0.4,0.3,0.4,0.2,0.4,0.3,0.4,0.6,0.4,0.6,0.7,0.6,0.3,0.2,,0.5,,0.5,0.6,0.6,0.6,0.4,0.6,0.6,0.7,0.7,0.6,0.7,0.6,0.4,0.5,0.5,0.6,0.6,0.5,0.4,0.6,0.6,0.6,0.8,0.6,0.2,0.3,0.5,0.9,0.2,0.7,0.4,0.6,0.6,0.6,0.8,0.7,0.3,0.4,0.6,0.4,,0.3,0.6,0.4,0.5,0.7,0.6,0.4,0.5,0.6,0.5,0.7,0.7,0.5,0.6,0.4,0.5,0.4,0.5,0.3,0.4,0.5,0.5,0.3,0.6,0.1,0.3,0.2,0.3,0.4,0.3,0.6,0.6,0.5,0.3,0.5,0.4,1,0.7,0.2,0.6,0.7,0.6,0.6,0.5,0.4,0.6,0.6,0.7,0.9,0.6,0.3,0.3,0.4,0.4,0.3,0.2,0.4,,0.4,0.5,0.6,0.7,0.4,0.5,0.6,0.3,0.5,0.2,,0.3,0.4,0.4,0.2,0.5,0.4,0.3,0.5,0.3,0.4,0.6,0.3,0.3,,0.5,0.5,0.7,0.6,0.3,0.5,0.5,0.7,0.5,0.4,0.4,0.4,0.6,0.5,0.5,0.3,0.3,0.5,0.6,0.7,0.5,0.3,0.6,0.5,0.4,0.7,0.3,0.4,0.5,0.5,,0.2,0.4,0.5,0.6,1.9,0.5,0.5,0.3,0.5,0.5,0.5,0.6,0.4,0.3,0.7,0.6,0.4,0.5,0.4,0.5,0.5,,0.5,0.5,0.3,0.5,0.3,0.3,0.7,0.7,0.8,0.4,0.4,0.4,0.7,,0.4,0.6,0.7,0.7,0.6,0.4,0.4,0.4,0.4,,0.6,0.6,0.6,0.8,0.5,0.4,0.6,0.4,0.4,0.3,0.4,,0.5,,0.5,0.7,,1.3,0.5,0.4,0.4,0.4,0.5,0.5,0.3,,0.4,0.6,0.7,0.5,,,0.8,0.6,0.3,0.3,0.5,0.5,0.7,0.5,0.7,0.4,0.7,0.2,0.3,0.1,0.4,0.2,0.3,0.3,0.2,0.4,0.5,0.6,0.6,0.6,0.7,0.6,0.8,0.7,0.6,1.1,0.7,0.4,0.6,0.6,0.5,0.6,0.5,0.3,0.7,0.1,0.4,0.5,0.5,0.5,0.8,0.8,0.6,0.7,0.5,0.4,0.4,0.5,0.4,0.7,1,1.1,,0.8,0.3,0.5,0.6,0.6,0.4,0.5,0.5,,0.6,0.3,0.4,0.4,0.5,0.5,0.9,0.6,0.7,1,0.5,0.4,0.3,0.4,,0.6,0.5,0.2,0.3,0.7,0.7,0.4,0.7,0.5,0.5,0.6,0.4,0.6,0.6,0.5,0.6,0.4,0.9,0.7,0.4,0.4,0.7,0.7,0.6,0.5,0.6,0.6,0.5,0.5,0.4,0.2,0.4,0.8,0.1,0.4,0.1,0.4,0.3,0.5,0.4,0.5,0.5,0.7,0.5
20210719,8,AQI,13,28,13,13,13,15,16,18,23,18,16,13,,,50,,51,53,54,,54,,45,40,,50,48,,33,39,34,25,28,46,57,,57,58,,67,57,20,49,34,,34,,38,36,39,39,45,47,48,37,40,29,,34,36,48,48,44,42,,,22,22,,27,51,42,51,33,23,,21,26,19,23,33,,27,31,37,35,38,29,,23,19,,,16,27,30,22,29,36,40,,48,28,38,31,30,,31,27,23,,25,27,29,24,23,23,24,38,40,54,30,28,25,19,39,28,31,22,34,,,38,42,49,,39,20,50,38,18,19,19,23,14,,34,16,16,17,32,24,39,27,34,,31,39,22,31,,25,20,20,46,21,19,28,20,15,,18,20,,,,44,35,,49,46,36,,,,54,,24,29,30,20,25,25,,29,24,,,,25,24,,33,44,36,34,32,,32,29,26,39,32,34,28,24,,21,,34,35,,30,15,,38,26,42,,47,41,27,30,36,16,17,,,17,35,17,46,38,47,42,,26,,,31,,22,25,,29,24,26,12,11,12,,40,28,26,41,30,35,37,42,42,39,48,40,46,52,46,48,58,44,22,,42,29,41,25,26,28,22,31,49,30,,52,30,,,32,39,32,52,,39,46,32,34,27,,,19,21,24,22,20,19,25,22,29,26,33,33,,24,20,38,28,30,26,42,30,24,,40,24,44,28,41,25,41,40,32,32,35,26,27,24,,27,37,25,28,26,28,23,25,10,10,9,10,16,15,,,13,12,12,11,16,9,13,21,17,26,17,,28,41,27,8,8,8,10,12,11,9,12,,,29,29,37,33,24,23,13,12,27,34,29,33,46,58,37,31,31,44,,51,18,18,26,11,21,32,,18,23,24,19,18,19,22,,,21,23,21,30,18,,46,28,28,24,,,25,33,24,31,44,34,41,44,32,27,41,,28,18,19,20,21,18,15,19,13,16,15,12,42,36,44,54,38,43,32,36,,72,25,54,31,,39,32,55,56,,,,20,30,,,,29,32,66,79,,62,66,,88,40,32,33,33,47,29,,,31,29,34,13,26,17,41,,53,40,45,36,53,41,,,52,,25,26,21,28,23,23,28,20,20,21,42,39,29,28,28,25,26,20,,31,,46,24,25,34,56,,59,33,,,46,35,35,57,,30,40,42,,29,46,29,39,,31,28,22,45,41,,,,27,,34,25,,25,41,26,27,25,24,27,31,29,33,,27,,,20,,22,21,28,13,13,19,20,15,,39,40,36,24,36,28,29,27,27,39,,28,29,15,14,15,30,27,31,18,,29,24,24,,23,23,,15,14,15,35,30,,53,21,,,34,39,,33,,26,31,48,55,19,20,,19,20,,26,38,,46,,38,29,30,,36,21,41,39,30,,20,24,23,34,36,20,18,44,33,22,34,19,40,47,23,56,39,,49,43,53,38,43,35,28,26,21,39,30,25,26,21,22,,29,25,20,16,60,22,35,41,40,53,35,32,29,39,,28,24,30,,30,37,30,26,17,,28,38,24,,15,,32,17,16,26,45,38,33,,,,42,,42,,20,18,,,,38,44,28,33,,30,,19,22,26,39,25,31,,33,40,32,42,28,32,,25,,,30,19,27,16,,32,32,45,28,39,27,24,44,33,38,55,52,39,38,22,24,19,24,23,18,16,19,26,32,25,,38,33,47,31,26,32,16,21,,,,,33,31,,25,29,24,31,23,22,27,32,38,37,42,26,22,23,36,30,26,,15,28,38,,20,29,,50,38,25,40,34,31,48,40,39,39,28,27,33,,42,42,500,48,48,53,,25,22,,28,46,25,27,31,31,44,27,27,,22,,,24,24,21,24,25,,,,,,21,22,,,,16,,19,,,21,,21,21,20,19,21,19,28,28,17,,38,33,23,27,26,28,26,24,26,27,28,20,18,,58,45,,33,31,24,28,,,28,20,23,27,37,31,31,24,27,,,36,17,17,21,19,,20,48,76,32,57,56,36,,29,28,35,,,35,38,,24,35,51,,78,,60,61,,,38,23,,,60,40,36,,,30,28,26,19,39,42,45,39,39,43,,34,27,26,19,27,39,32,29,29,38,36,44,42,,34,19,23,,26,47,45,53,31,27,33,26,19,26,16,39,,,55,26,34,30,18,35,48,41,18,39,24,42,38,18,41,17,37,,,17,59,63,64,25,27,,,28,22,,27,34,34,,38,58,39,44,40,39,30,36,26,42,31,55,28,32,20,23,,26,25,18,20,54,39,,43,,45,,,,16,21,21,36,19,24,,26,,45,41,46,19,19,25,25,16,25,19,53,20,24,17,37,24,,49,53,22,16,,16,39,32,24,26,39,8,41,25,18,29,19,32,29,39,,21,43,44,42,50,26,32,30,29,39,31,28,21,23,37,,34,41,42,27,45,35,34,36,52,55,49,,32,38,33,,32,47,39,40,,34,35,25,,24,24,,27,24,28,28,30,31,30,31,36,30,,53,45,52,30,35,,33,28,,23,33,26,26,30,40,35,45,32,,23,26,28,,16,23,,26,21,22,24,,22,20,19,19,26,34,26,,,35,,28,,40,48,48,,11,11,26,,18,17,24,35,31,52,34,47,39,49,16,31,44,57,48,46,33,15,48,30,10,23,18,33,34,40,34,10,63,22,36,39,64,64,67,62,67,41,48,52,38,48,28,25,,25,35,68,72,28,27,18,21,,27,,29,15,28,26,36,30,29,25,34,26,24,17,29,,,26,23,25,,23,34,21,19,19,36,,19,16,23,,,,,43,21,35,20,14,15,29,36,,18,28,21,,22,29,12,22,41,22,52,,,,,15,17,32,16,14,25,28,,27,14,16,29,28,25,28,18,44,13,16,18,33,22,,16,22,9,9,9,9,32,20,13,,15,13,,19,12,,11,13,17,,42,,26,,7,12,32,60,51,61,25,25,24,24,23,34,25,23,,32,51,19,25,25,43,,197,283,29,43,417,388,,31,,41,38,27,,48,37,17,,18,29,23,23,15,35,40,,27,22,,,28,,,50,57,28,37,22,,48,20,22,28,29,23,19,23,22,,,53,47,51,31,,18,45,51,73,39,26,21,26,74,63,47,38,21,,65,29,33,53,15,23,22,,33,,28,45,25,34,25,25,276,28,37,30,34,24,35,19,,,25,46,24,48,,35,28,42,23,,,45,,,23,22,20,22,46,39,21,21,21,26,28,18,29,24,42,,50,33,,30,18,35,26,29,40,35,32,23,27,33,39,19,44,28,46,44,56,36,20,34,12,57,33,40,69,38,48,26,44,26,29,22,23,26,16,25,26,29,32,46,38,27,37,26,,29,22,,37,27,24,28,20,22,17,,40,46,43,36,32,32,24,31,51,41,65,47,30,45,34,18,48,39,31,,26,63,57,82,32,,500,25,16,17,20,22,18,18,19,16,26,28,44,70,26,38,,47,,34,19,24,38,32,33,33,34,29,26,18,9,10,10,9,,17,43,11,29,13,29,27,41,31,55,47,45,44,33,53,32,44,23,27,31,20,20,25,19,,15,30,9,10,18,11,22,25,55,18,18,39,21,15,20,16,23,29,23,20,42,25,,38,45,29,51,27,48,31,58,57,44,19,21,18,48,25,15,23,32,30,32,32,30,35,52,40,55,49,21,20,28,19,28,39,57,,27,45,36,45,33,30,29,30,19,43,,26,31,23,24,24,25,32,24,22,75,49,53,75,,24,12,22,,14,12,12,34,24,14,16,8,26,32,48,35,42,53,42,64,43,51,32,29,43,42,54,22,41,28,,43,20,23,35,70,38,22,22,17,18,33,32,20,28,27,25,26,,32,44,39,,51,32,24,31,19,26,,47,48,27,39,32,31,,26,41,39,29,20,22,25,20,46,,39,53,25,69,42,22,24,26,19,20,20,,25,,19,26,,16,26,18,17,39,36,42,47,,27,32,31,23,,,22,69,26,50,41,42,70,68,55,36,38,25,52,54,74,70,54,52,57,54,36,17,,19,36,50,19,30,58,25,62,21,33,28,39,30,38,28,64,500,500,21,27,34,23,22,81,20,9,18,8,33,30,48,46,44,,35,32,22,25,34,33,31,21,19,40,49,27,36,40,50,34,54,38,35,35,45,36,24,,24,34,24,28,36,25,59,37,33,21,28,30,14,38,18,32,35,47,63,48,32,23,63,69,47,28,13,39,25,34,36,,,34,40,24,44,18,28,46,11,15,28,43
20210719,8,PM2.5,8,19,8,9,7,8,9,6,16,12,9,9,,,30,,30,24,36,,36,,31,28,,35,25,,17,27,15,17,16,32,40,,31,41,,48,37,9,34,14,,13,,24,25,14,25,25,19,32,25,17,13,,15,2,15,29,28,23,,51,15,12,,5,35,19,30,15,16,,10,18,9,5,17,,11,16,25,16,17,14,,16,10,,,11,10,14,15,17,15,16,,15,14,22,14,19,,16,11,7,,5,8,11,8,9,14,11,19,15,22,16,13,13,12,16,15,16,10,13,19,,12,15,16,,27,11,14,8,12,13,7,13,3,,10,9,11,10,17,12,14,9,22,18,12,12,12,16,,10,12,9,32,11,12,19,12,6,11,12,7,,,,23,24,,34,24,18,,,,24,,12,9,9,14,17,17,,14,11,,,,17,15,,23,22,24,17,17,,22,14,17,27,22,20,10,10,,14,,17,16,,14,9,,16,13,19,,17,20,15,13,21,7,9,,,5,9,5,24,16,18,18,,14,,,13,,12,15,,11,10,15,4,7,5,,19,9,18,18,13,24,11,19,29,19,24,22,22,27,27,27,17,29,4,,14,12,10,12,11,7,10,13,19,17,,17,3,,,17,27,15,36,,27,32,15,10,7,,,,,5,2,5,10,17,14,20,18,19,15,,14,14,15,11,17,14,29,18,14,,12,11,20,17,16,12,16,12,19,16,14,18,11,13,,11,14,12,14,13,14,14,13,,,,,1,5,,,2,2,4,1,2,1,9,6,10,12,5,,9,12,7,4,2,3,,5,3,1,8,,,16,14,13,12,11,12,5,4,14,18,16,20,22,28,22,21,18,22,,19,10,5,10,3,5,17,,7,14,14,5,8,11,5,,,13,5,8,13,5,,32,18,17,11,,,14,19,14,12,12,22,12,17,22,17,12,,9,8,3,7,8,7,9,13,4,2,5,6,29,25,22,29,26,30,16,23,,24,17,28,21,,24,11,24,23,,,,11,7,,,,20,17,19,20,91,24,20,,12,28,22,23,19,16,20,,,15,20,22,9,18,10,21,,14,11,28,23,14,17,,,24,,15,11,8,19,16,16,18,12,12,11,7,12,20,16,18,6,13,4,,18,,19,14,17,15,31,,31,20,,,24,22,24,40,,18,16,21,,17,19,19,27,,19,19,9,31,17,,,,14,,16,17,,17,18,11,18,5,1,2,17,17,23,,14,,,14,,15,14,12,4,3,13,12,6,,20,15,21,13,22,14,19,12,14,19,,19,20,3,1,1,11,15,17,7,,11,14,13,,16,16,,10,9,7,24,18,,28,8,,,22,16,,17,,16,16,21,24,2,1,,5,8,,18,26,,32,,21,20,21,,16,13,15,15,12,,10,10,10,14,20,9,9,13,21,10,18,8,19,13,12,34,9,7,12,30,20,26,30,24,19,14,11,12,21,17,18,11,10,,20,5,5,5,8,12,23,27,28,37,21,21,20,20,,19,15,21,,17,17,21,12,9,,14,18,15,,10,,16,11,8,8,31,26,16,,,,29,,29,,14,10,,,,26,17,13,15,,16,,2,7,5,15,7,6,,21,26,20,29,19,22,,16,,,10,5,7,9,,17,22,27,19,27,10,10,20,23,24,34,27,27,26,9,8,4,6,7,7,9,10,14,14,10,,26,17,21,17,18,22,10,7,,,,,7,5,,4,10,3,1,3,9,13,17,14,20,18,13,15,16,25,20,16,,9,11,20,,14,14,,25,26,17,22,22,20,18,18,27,17,19,10,17,,7,11,132,33,19,33,,2,3,,6,4,4,6,10,16,29,12,12,,4,,,2,2,1,7,14,,,,,,11,14,,,,3,,4,,,13,,11,8,11,10,12,13,12,12,8,,26,22,15,16,16,18,17,16,18,16,19,14,11,,21,16,,12,14,11,14,,,19,7,16,11,23,11,16,10,13,,,16,2,5,7,7,,,13,17,12,17,18,25,,20,17,24,,,19,19,,16,18,13,,18,,24,27,,,12,16,,,20,18,19,,,16,18,9,5,23,17,21,27,19,30,32,17,9,11,11,11,15,10,11,16,26,25,25,27,,16,9,16,,9,15,23,27,10,15,23,11,8,18,8,21,,,19,14,11,21,7,24,9,21,12,27,15,29,15,12,15,10,22,,,2,42,45,46,12,14,,,19,15,,17,22,19,,20,27,21,15,25,25,21,25,13,29,13,22,19,14,14,16,,13,9,12,6,31,22,,18,,21,,,,7,11,8,6,9,12,,11,,31,27,25,7,5,17,17,3,15,12,37,10,6,8,11,8,36,27,15,15,11,,11,18,22,13,12,25,5,19,17,12,18,12,14,18,22,,5,24,22,29,12,12,14,19,18,11,17,18,10,14,21,,21,14,24,16,19,18,17,16,24,36,23,,22,26,21,,22,27,27,21,,19,21,17,,16,16,,16,10,19,18,20,16,18,17,21,18,,37,31,36,21,12,,16,13,,16,23,4,18,21,28,24,17,22,,16,18,18,,9,16,,16,7,14,7,,3,7,4,1,10,17,18,,,24,,19,,27,30,33,,5,5,7,8,5,10,13,24,13,14,17,15,27,34,10,14,21,18,20,32,23,10,24,21,5,16,12,20,16,28,23,6,19,15,14,27,35,46,48,44,48,28,33,36,16,23,10,15,,14,15,49,50,18,12,8,9,,5,8,20,7,14,3,12,21,12,11,18,13,14,8,10,,,13,5,9,,9,9,11,8,5,13,,9,10,12,,,,,25,5,7,6,8,7,18,25,,9,19,5,3,3,13,7,15,22,15,29,,,,,8,5,16,10,5,4,19,,14,8,5,20,18,9,3,8,6,5,11,5,23,15,,11,15,4,4,1,6,10,14,8,,10,7,,10,8,,2,7,,,18,,3,,4,8,12,33,30,25,13,14,13,15,13,12,9,11,,16,12,5,4,8,20,,67,110,18,6,95,87,,19,19,17,14,4,,30,18,5,,12,16,15,16,6,11,19,,16,15,,25,19,,12,21,19,11,10,1,,18,4,11,8,9,11,9,16,10,,,11,20,7,10,,4,12,18,19,21,8,,13,54,45,30,26,12,,12,11,20,22,7,14,10,,15,,19,24,16,23,8,17,90,6,21,17,13,,16,11,,,8,20,12,22,,17,14,16,13,,,31,,,2,15,13,13,26,17,5,2,7,9,19,11,6,9,29,,22,20,,15,11,13,18,2,28,24,19,16,10,12,16,11,26,19,28,20,38,17,14,22,6,35,15,28,50,22,33,18,30,16,12,7,16,13,7,11,15,14,22,29,15,13,23,12,25,18,5,,21,12,7,2,4,11,8,,17,15,17,25,22,22,6,11,23,17,40,30,21,20,17,8,26,27,16,,10,32,19,28,7,,166,17,6,9,10,15,11,12,8,11,18,17,20,27,12,10,,30,,12,9,10,26,13,17,20,12,12,11,12,6,4,2,3,,11,18,,14,9,16,14,8,5,30,29,25,26,23,30,22,23,7,15,13,13,6,17,12,,6,16,5,7,12,4,5,14,39,11,11,27,8,4,14,8,8,12,7,14,20,16,8,18,31,14,14,17,16,19,39,21,19,11,10,12,33,11,3,16,22,12,22,22,21,24,36,28,33,26,12,14,14,12,15,24,26,,14,31,24,20,17,17,16,21,13,30,30,15,17,15,12,14,12,22,7,7,20,17,19,26,,13,5,15,10,6,7,3,14,10,4,11,,13,15,33,19,29,30,27,36,14,22,22,19,30,29,33,15,24,17,,30,9,14,24,51,22,5,15,3,3,23,15,14,18,18,5,18,24,22,22,27,,26,22,11,14,13,5,30,20,24,18,23,20,13,,16,26,23,20,10,10,13,10,27,,24,37,17,30,29,15,9,11,10,14,14,,10,,11,11,,5,10,12,7,24,25,19,22,,14,13,15,10,,,8,24,12,27,16,26,51,49,39,25,8,13,32,27,26,51,34,32,39,18,17,11,,13,25,35,13,16,41,14,44,7,23,17,25,21,11,7,22,144,228,10,13,19,16,5,26,13,,12,5,16,16,16,26,16,,18,13,15,17,12,14,10,5,7,28,28,14,20,9,21,15,22,14,17,20,25,15,9,,13,17,7,16,25,17,42,13,15,11,19,13,5,26,8,22,24,22,28,32,22,9,45,50,17,14,9,27,,13,16,6,30,20,15,9,12,6,19,26,7,2,19,30
20210719,8,PM2.5_24h,12,11,15,12,15,13,11,19,16,14,15,13,,,25,,20,16,25,,23,,23,23,,23,21,,17,16,11,15,10,21,16,,22,26,,31,22,14,25,18,,19,,14,17,12,16,16,13,17,14,11,11,,10,3,14,25,24,19,,34,18,11,,10,24,18,23,14,16,,17,12,7,2,14,,9,13,14,11,12,12,,12,12,,,10,11,13,13,17,21,20,,18,19,26,24,24,,24,15,18,16,14,15,13,17,17,16,10,19,14,23,15,14,12,9,14,15,17,9,11,12,,11,12,12,,12,10,14,10,13,17,13,15,11,,14,14,13,16,16,14,18,12,21,21,10,18,14,18,,12,12,12,24,13,14,13,14,11,20,14,8,,,,22,18,,22,18,18,,,,20,,8,15,12,11,14,13,,12,11,,,,16,15,,23,23,26,16,18,,17,13,12,17,17,14,10,11,,12,,14,15,,15,18,,19,17,16,,17,18,18,15,14,11,10,,,9,9,9,14,11,10,16,,14,,,16,,14,16,,10,12,14,11,11,10,,15,17,15,15,13,16,14,16,10,7,11,7,8,11,11,11,6,9,5,,11,8,7,7,12,11,10,10,12,10,,12,6,,,12,19,13,18,,24,17,16,18,12,,,7,8,8,6,10,11,17,14,15,16,18,15,,13,16,19,19,18,16,28,19,21,,14,10,19,20,17,17,12,15,16,17,15,13,12,13,,11,13,11,13,12,11,11,13,4,1,6,6,4,5,,4,4,4,8,3,5,5,14,9,10,12,8,,14,17,12,7,8,8,3,11,11,6,12,,,11,11,10,9,10,13,5,6,17,18,17,16,19,24,20,20,22,20,22,22,7,5,8,6,5,20,,19,23,23,17,16,14,18,,,20,13,19,23,16,,15,18,12,11,,,13,16,9,11,14,22,12,15,21,16,9,,10,7,7,9,10,14,4,5,3,4,7,4,16,17,15,15,17,20,13,14,,17,13,16,17,,22,14,18,15,,,,9,10,,,,18,16,10,20,45,21,15,,18,20,17,15,17,17,12,14,,13,15,23,8,14,14,21,,22,20,23,18,13,21,17,22,21,,17,15,18,15,12,13,14,16,16,11,16,15,21,23,9,9,11,9,,17,,17,15,15,15,20,,18,21,,,18,17,18,22,,17,16,15,,15,16,12,17,17,14,19,11,18,12,,,,14,,13,14,,16,21,17,18,9,8,7,20,19,25,,17,,,16,,16,22,14,9,9,10,11,8,,14,13,13,10,16,9,15,13,13,10,13,13,17,8,10,8,12,12,13,9,,10,13,11,,14,13,,17,15,13,17,14,,17,9,,,20,19,,9,,10,12,10,14,5,8,,10,9,,19,19,,28,,14,21,17,,12,11,11,12,8,,13,12,14,17,22,12,9,24,17,15,18,13,20,12,17,24,11,10,10,30,21,20,25,25,14,11,12,11,14,11,12,10,10,,12,9,7,7,13,7,19,12,16,18,16,16,15,14,,18,16,20,,20,14,14,9,8,,9,8,10,,11,,12,8,8,11,14,13,12,,,,18,,21,,13,14,17,,18,19,16,14,13,,12,,11,8,13,17,16,13,,23,21,15,21,21,19,,15,,,14,10,9,7,,19,35,25,24,18,5,6,15,19,24,24,24,26,22,8,8,14,12,16,17,10,14,14,15,11,,24,15,23,22,17,17,16,10,,,,,9,8,,11,16,15,10,12,12,17,14,12,16,16,10,7,10,15,14,12,,15,16,17,,13,14,,16,20,18,20,20,18,18,15,23,16,16,10,11,,14,16,46,43,17,16,15,5,4,,7,7,14,10,12,13,16,12,12,,10,,11,7,7,8,10,13,12,12,12,,,13,13,15,11,11,9,14,12,,,15,,13,16,10,16,18,17,17,18,15,,22,15,17,18,20,17,17,19,18,18,21,11,12,,16,14,,13,16,9,12,,,15,14,12,9,18,12,12,10,13,,,16,3,7,11,6,,1,14,17,15,13,14,16,,17,14,17,,,19,16,,11,10,9,,9,,26,21,,,6,13,,,18,21,30,,,9,16,5,3,16,16,15,17,15,17,16,12,11,13,14,14,18,18,19,18,16,17,19,18,,20,15,14,,8,10,13,16,15,15,14,11,7,13,3,15,,,15,22,17,26,16,32,15,28,20,19,15,38,26,24,28,26,28,,,10,52,52,61,8,9,,53,18,11,,16,16,16,,16,19,14,12,8,17,15,17,10,18,10,13,13,10,7,14,,7,7,8,8,19,16,,13,,14,,,,4,6,5,6,10,9,,10,,15,14,13,7,10,12,9,6,18,17,25,12,11,9,8,8,18,15,12,12,10,,8,12,18,15,17,17,3,19,11,9,14,12,12,18,16,,8,18,18,22,16,11,14,14,13,13,20,19,20,19,18,,19,9,18,11,12,11,12,8,20,24,19,,12,17,19,,13,12,16,19,,16,18,14,,13,18,16,18,16,16,15,16,14,15,16,13,15,,19,20,16,16,17,,18,16,14,17,20,8,15,18,20,19,18,21,,21,20,23,,13,18,,16,6,12,12,,12,9,10,1,6,18,17,,,23,,24,,27,25,27,,8,6,7,6,8,12,11,18,15,15,18,16,24,24,11,16,23,19,27,16,21,16,23,24,9,9,9,20,17,25,21,6,13,7,13,14,11,43,46,43,42,22,21,22,8,21,18,20,30,26,30,39,39,17,10,10,10,,8,6,11,6,9,7,14,14,14,8,6,7,8,8,8,,,15,17,19,,21,10,8,5,7,17,,10,11,8,,,,,13,6,6,6,7,11,10,18,,7,38,9,9,11,12,10,13,15,8,10,,,,,9,9,12,8,7,6,14,,13,7,9,13,15,8,6,5,12,9,17,13,15,11,,12,14,6,6,10,6,10,6,12,,10,7,,11,5,,3,5,3,,10,,8,,4,5,10,16,14,17,12,11,12,12,7,11,8,9,,15,10,5,8,8,22,,18,22,11,8,31,34,,13,14,9,10,5,,14,17,11,,13,15,13,16,5,9,15,,11,13,,17,12,,10,32,30,11,15,8,,12,6,10,14,15,16,23,14,31,,,11,17,14,9,,6,14,13,15,19,10,3,12,25,22,20,13,13,,10,13,19,23,10,16,14,,14,,12,21,18,18,12,11,44,9,17,25,17,13,16,7,,,17,14,15,18,,17,17,19,14,,16,24,,,4,20,17,9,23,17,7,6,8,18,20,20,22,15,25,,22,16,,13,13,12,12,5,32,18,20,15,16,9,10,7,19,8,15,12,19,15,12,17,5,23,10,13,21,13,12,6,22,14,15,15,13,10,8,14,18,19,12,20,11,14,17,18,20,12,10,,14,7,11,7,8,8,6,,14,13,11,21,12,13,7,22,21,15,21,21,19,13,8,9,18,17,11,,15,19,19,19,9,,48,12,11,12,11,14,13,14,11,15,12,11,16,17,12,7,,22,,14,11,6,21,14,10,13,13,12,13,10,8,6,6,6,7,17,13,3,14,5,11,10,14,6,22,20,22,22,14,20,17,13,7,10,10,13,10,12,10,,10,11,10,14,11,8,7,16,8,13,14,18,16,5,13,17,12,9,8,14,15,9,9,15,28,17,15,15,10,9,21,21,14,14,10,10,24,20,5,21,22,15,21,12,23,24,24,14,45,17,15,14,14,13,15,18,16,,10,23,18,18,21,18,20,18,15,18,20,15,17,17,14,18,13,18,3,10,11,14,12,17,,10,11,7,9,7,11,7,10,15,6,9,6,10,11,25,17,23,22,20,23,15,11,14,10,15,17,14,13,17,12,,17,13,20,26,24,15,7,11,9,6,18,10,11,12,16,11,18,19,16,14,17,,22,19,15,18,12,7,28,21,21,15,20,18,16,,12,12,20,15,8,12,14,13,18,,22,26,23,31,29,9,12,9,7,11,12,,12,,14,19,,6,12,14,10,19,20,15,14,,11,18,16,10,,,12,20,8,11,12,20,31,29,31,19,14,11,20,23,16,28,19,14,22,14,14,14,18,11,14,19,18,14,23,36,25,9,13,13,18,15,13,9,16,211,175,8,11,14,15,8,24,15,5,14,8,10,10,9,15,20,,16,14,13,16,14,9,13,7,11,25,16,18,18,11,17,15,18,13,17,14,20,15,11,,7,43,9,17,22,21,14,13,12,13,16,13,14,13,12,18,21,20,13,24,13,8,32,40,12,17,11,20,15,11,12,15,13,14,17,5,13,8,22,21,7,1,14,26
20210719,8,PM10,8,22,12,13,13,15,16,11,21,15,16,11,,,50,,52,55,58,,58,,44,40,,46,48,,33,36,34,22,28,27,27,,63,62,,45,64,14,30,34,,34,,38,29,39,39,45,47,48,37,40,29,,34,36,48,48,44,42,,41,21,18,,27,52,42,51,33,19,,21,19,16,23,33,,27,31,37,35,38,29,,19,17,,,11,27,30,20,29,36,40,,48,28,38,31,30,,31,16,13,,13,16,18,16,13,21,13,38,40,57,30,28,25,19,39,28,31,22,34,25,,38,42,49,41,39,20,50,38,16,19,19,23,14,,34,16,7,17,32,24,39,27,34,41,31,39,22,31,,25,17,20,41,21,19,9,20,10,,9,17,,,,44,30,,37,46,36,,,,58,,24,29,30,19,22,24,,29,24,,,,21,24,,32,44,36,34,32,,32,29,26,29,29,34,28,24,,21,,34,35,,30,13,,38,26,42,,47,41,27,30,36,13,17,,,10,35,17,46,38,47,42,,26,,,31,,22,25,,29,24,26,11,10,12,,40,28,26,41,30,34,37,42,39,39,48,40,46,53,46,48,66,44,13,,42,29,41,25,26,28,22,31,49,30,,53,30,,,32,39,32,54,,39,46,32,34,5,,,7,9,9,9,7,19,24,22,22,24,33,33,,24,14,38,28,30,26,36,30,24,,40,16,44,28,41,25,41,40,32,32,35,26,27,24,,27,37,25,28,26,28,23,25,4,8,4,6,8,15,,,7,6,12,2,6,5,6,21,17,26,17,,28,41,27,4,7,8,6,12,11,8,10,,,29,29,37,33,24,23,1,1,27,34,29,33,46,65,37,31,31,44,,51,18,18,26,9,21,15,,14,9,9,19,10,18,8,,,11,8,17,30,15,,43,28,28,24,,,25,33,24,31,44,34,41,44,31,27,41,,28,8,9,14,14,10,13,17,10,8,10,10,37,36,44,57,30,32,32,36,,93,25,57,31,,39,21,60,61,,,,20,17,,,,15,31,82,107,,74,81,,125,40,32,26,33,47,22,17,22,31,24,34,9,25,17,41,,56,40,45,36,56,41,,,53,,25,21,16,27,23,21,28,16,20,20,42,39,6,28,28,25,26,18,,31,,46,24,24,34,62,,67,33,,,46,35,21,56,,30,40,42,,29,46,29,36,27,31,22,22,27,41,,,,27,,34,24,,21,41,11,27,5,2,9,31,29,15,,27,,,14,,7,21,28,10,3,14,20,4,,39,40,36,24,36,28,29,27,27,39,,21,24,5,,3,30,27,31,18,,29,24,24,,17,18,,4,10,13,10,30,,56,21,,,34,39,,33,,26,31,48,60,6,9,,7,11,,23,26,,32,,38,26,22,,36,16,41,39,30,,19,24,18,34,36,17,18,44,32,20,34,16,40,47,23,62,39,,49,28,56,20,34,35,24,26,21,39,30,16,21,14,17,,16,25,20,16,70,22,35,41,34,52,35,32,27,39,,28,24,22,,30,37,26,26,17,,28,38,10,,10,,32,17,12,26,38,25,33,,,,28,,36,,14,15,,,,25,44,28,33,,30,,19,22,26,39,25,31,,33,40,32,29,25,28,,16,,,17,9,27,16,,32,26,45,28,21,27,19,44,31,38,59,53,37,37,22,24,9,13,13,16,16,19,26,32,25,,30,33,47,31,17,21,16,21,,,,,16,15,,17,29,12,24,14,12,9,32,38,37,42,26,10,7,27,30,26,,10,28,38,,20,29,,50,38,20,40,34,31,48,40,29,39,24,27,33,,42,42,679,36,48,56,,14,14,,7,46,21,10,9,31,44,27,27,,22,,,7,7,17,24,25,,,,,,21,22,20,,,10,,19,,,19,,21,21,20,19,21,19,28,28,14,,31,33,23,27,26,28,26,24,26,27,26,18,18,,65,45,,33,31,24,28,,,14,15,21,27,37,31,31,24,27,,,36,13,15,19,7,,15,48,102,32,63,61,22,,29,28,31,,,35,38,,24,35,51,,105,,69,72,,,38,14,,,70,40,36,,,30,28,26,6,32,33,22,36,39,35,50,34,16,14,18,27,39,32,29,29,38,26,44,42,,34,18,22,,26,47,45,56,31,24,30,26,19,25,16,39,,,60,26,34,30,16,30,48,41,13,22,24,35,38,18,41,17,37,,,12,51,49,50,25,27,,2,20,20,,27,34,34,,38,66,39,44,40,39,30,23,26,42,31,59,26,32,19,20,,26,25,14,20,57,39,,43,,45,,,,15,21,21,36,16,24,,26,,39,41,46,15,13,25,19,11,25,19,46,20,10,17,37,24,56,49,56,18,14,,10,39,30,24,26,39,8,41,19,17,29,19,32,29,39,,21,43,44,41,50,26,32,30,29,39,31,28,21,23,37,,34,41,42,27,45,35,34,36,54,59,49,,27,31,33,,32,47,36,40,,34,35,21,,24,24,,27,24,26,28,30,31,30,31,36,30,,43,28,38,26,35,,33,28,,20,32,26,25,20,23,20,45,22,,21,24,28,,14,15,,26,21,22,24,,5,9,5,19,26,34,26,34,34,27,30,28,42,40,48,42,,11,9,26,,18,17,24,35,31,53,34,47,32,44,16,31,44,64,48,45,22,13,48,25,10,20,8,33,34,36,34,10,76,13,36,36,77,47,69,70,66,41,30,47,38,48,28,25,,25,35,86,93,28,27,18,21,,27,20,14,15,28,26,36,30,29,25,34,26,24,17,29,,,15,14,20,,23,34,21,19,19,36,,19,16,23,,,,,43,21,35,20,14,15,29,28,,18,16,13,8,22,29,12,2,41,19,53,,,,,15,17,32,16,14,25,25,,27,13,10,27,28,13,18,9,44,13,14,10,21,20,,11,8,5,9,9,8,32,16,13,,14,13,,7,12,,11,11,1,,42,,6,,7,12,32,70,51,72,23,25,24,21,23,34,25,23,,31,52,10,25,25,43,,344,408,29,43,517,490,,31,33,41,38,27,,48,37,15,,13,15,16,16,15,17,40,,18,19,,32,25,22,,50,64,25,37,,,48,20,22,17,19,23,4,21,18,,,55,47,51,31,,3,45,51,96,39,26,14,26,66,58,47,18,21,,80,29,33,56,11,22,22,,33,,24,45,25,34,25,24,403,28,37,30,34,19,35,19,,,13,46,24,48,,35,22,42,23,,33,37,,,17,22,17,22,46,39,9,9,17,26,20,12,29,11,23,,50,33,,30,12,35,21,9,37,24,32,1,27,33,39,13,44,27,46,44,61,36,11,34,8,64,33,40,45,38,19,9,44,26,14,11,21,26,11,18,16,18,32,46,38,27,37,26,28,29,22,,37,27,24,28,11,22,17,,40,46,43,35,24,24,12,31,51,41,80,47,26,45,34,18,48,38,31,,26,76,63,114,32,,739,15,13,14,17,15,18,17,19,9,25,28,44,90,26,38,,47,,34,9,22,36,32,33,33,34,29,26,17,7,10,10,8,,17,43,7,29,12,29,27,41,31,59,47,45,44,24,56,27,44,23,27,31,8,12,20,19,,7,30,9,8,11,10,22,25,39,15,18,32,21,12,16,16,23,29,20,19,42,25,,38,42,29,51,27,48,31,66,63,44,19,7,12,31,24,11,15,24,30,25,32,26,26,53,37,60,49,21,20,28,14,28,39,64,,27,35,36,45,33,30,29,23,14,18,33,26,31,23,24,24,15,24,14,21,100,49,55,100,,24,,22,22,14,7,12,34,24,12,16,2,26,32,48,35,13,55,42,77,43,52,32,29,41,33,58,20,41,28,,36,10,23,29,68,38,22,13,10,15,30,32,20,28,27,11,17,56,32,44,27,,51,32,20,31,14,7,76,47,48,27,39,32,31,,24,41,39,26,20,22,25,20,46,,39,41,16,88,38,21,24,26,19,16,19,,25,,19,26,,16,26,14,13,39,35,42,47,,27,32,31,9,,,4,88,26,50,41,42,86,71,60,14,38,25,54,58,97,61,57,54,63,58,36,17,,16,30,35,17,30,37,15,37,9,21,28,39,24,38,16,78,942,1176,21,27,34,23,22,112,20,7,1,7,33,30,48,46,44,,35,32,10,14,34,33,20,10,9,35,49,27,36,40,50,34,58,38,35,35,45,36,24,,24,34,14,28,32,24,38,37,33,21,24,30,14,26,18,30,34,47,76,48,28,23,67,45,47,28,13,33,25,34,36,20,48,34,40,24,44,12,28,46,11,4,28,36
20210719,8,PM10_24h,18,22,25,20,25,21,19,32,29,20,23,21,,,39,,37,38,45,,39,,34,36,,31,34,,26,19,21,16,20,20,17,,47,44,,41,45,21,37,33,,40,,21,26,32,24,26,31,27,19,22,17,,22,20,23,36,34,35,,35,34,32,,42,35,34,38,20,18,,12,20,17,19,25,,16,21,21,23,23,20,,27,24,,,24,28,31,33,29,40,41,,43,34,43,37,38,,37,26,28,21,21,18,21,17,24,24,16,41,41,60,37,32,23,19,45,30,41,21,29,25,,33,33,37,32,30,23,37,34,26,25,22,26,26,,30,22,22,24,33,26,34,30,37,38,29,35,27,21,,21,22,29,42,20,24,21,20,21,23,22,20,,,,34,29,,36,37,31,,,,49,,26,34,29,21,25,27,,27,33,,,,30,34,,36,38,42,30,27,,25,24,24,17,20,24,25,19,,18,,30,25,,36,24,,41,32,33,,42,41,34,34,21,17,18,,,14,17,17,30,26,27,39,,25,,,30,,27,27,,23,24,21,16,18,18,,30,28,29,36,38,26,30,28,18,18,23,21,21,25,21,20,21,18,14,,24,18,24,21,26,28,25,24,32,19,,34,24,,,22,28,30,37,,34,30,29,30,15,,,10,12,14,15,14,19,27,23,25,24,26,26,,27,24,28,32,33,26,33,26,32,,35,20,26,23,28,27,24,28,21,24,28,20,32,28,,29,36,28,28,30,27,26,25,12,14,14,15,13,16,,12,12,15,20,7,9,10,10,33,28,31,26,,32,35,29,19,23,17,18,28,22,24,21,,,24,23,24,24,23,25,18,18,29,32,28,28,39,38,37,32,39,36,42,41,15,12,20,16,14,27,,36,33,31,39,33,27,35,,,35,29,37,45,40,,26,31,21,23,,,25,24,21,22,35,34,34,37,31,24,31,,24,12,13,17,18,14,8,12,9,9,15,11,29,26,32,34,27,28,24,23,,37,23,32,28,,39,35,46,47,,,,21,15,,,,28,40,58,65,45,57,54,,76,31,20,31,29,26,10,18,17,23,20,29,11,19,18,38,,54,37,41,32,51,47,29,37,48,,27,28,24,26,25,23,28,23,22,15,27,30,29,34,23,26,29,25,,27,,30,17,19,25,36,,39,34,,,31,31,28,42,,27,29,28,,32,41,30,29,26,25,23,21,25,28,,,,23,,22,34,,33,32,14,36,11,14,13,30,26,31,,25,,,28,,27,33,27,24,25,35,24,20,,26,24,22,20,35,21,28,24,22,35,23,24,24,17,20,23,30,29,27,18,,22,22,24,,28,28,,29,28,31,28,24,,38,21,,,32,32,,21,,18,19,24,28,15,19,,18,17,,24,19,,28,,29,20,19,,22,15,18,24,17,,23,28,27,36,35,22,19,50,35,23,35,18,37,29,31,47,32,21,33,41,53,34,39,40,24,26,22,21,27,14,30,18,27,,24,23,19,22,32,18,32,26,24,29,21,29,28,27,,35,34,46,,31,23,19,22,17,,20,17,7,,9,,24,12,12,23,25,21,21,,,,30,,32,,16,17,14,,32,27,30,26,28,,26,,26,20,26,30,34,33,,28,33,23,24,27,24,,23,,,21,23,22,17,,28,41,41,32,26,27,18,30,33,34,38,40,38,33,16,15,21,27,25,22,20,25,26,25,21,,32,28,33,35,21,18,19,15,,,,,29,25,,28,26,20,29,18,15,19,23,28,29,30,27,16,11,29,24,23,,23,28,33,,26,26,,31,36,34,37,36,33,36,36,35,28,21,20,27,,46,47,239,45,39,31,39,11,15,,17,34,47,41,41,24,27,33,33,,18,,16,13,13,15,16,22,22,27,21,,,23,22,23,19,18,12,20,20,,,23,,29,27,24,26,29,28,32,31,25,,34,32,30,31,35,27,26,29,29,32,32,17,19,,50,32,,33,33,24,16,,,17,19,15,19,24,24,24,22,23,,,36,26,17,23,16,,26,23,28,30,31,30,18,,23,21,27,,,33,34,,23,22,27,,35,,48,48,,,31,21,,,50,41,39,,,21,27,16,9,25,24,18,31,32,25,34,28,20,26,26,35,40,34,39,34,36,28,40,38,,48,33,22,,20,29,37,31,28,23,21,20,20,25,22,30,,,46,31,35,45,30,38,32,34,23,19,29,45,47,35,48,45,35,,,15,62,61,73,18,19,,45,20,16,,24,29,26,,29,40,20,25,20,30,15,22,20,35,20,31,18,21,15,16,,14,22,10,19,34,29,,23,,20,,,,12,11,9,11,15,21,,19,,26,29,25,24,22,24,29,16,33,26,47,24,11,16,17,18,29,28,34,28,25,,23,24,25,24,27,30,6,33,20,22,22,18,33,27,29,,20,32,32,34,19,25,25,22,24,31,35,34,32,32,35,,37,38,33,21,25,25,25,22,43,51,42,,18,23,24,,23,34,28,28,,27,27,22,,20,24,22,25,26,24,22,25,21,23,27,27,29,,22,21,19,29,33,,33,31,20,28,19,23,21,20,22,24,36,23,,28,36,33,,22,24,,27,19,24,17,,12,15,19,17,25,38,36,34,29,33,33,34,37,38,42,38,,13,15,14,19,20,23,22,27,28,32,40,33,32,44,21,26,47,51,44,23,26,24,40,36,18,16,13,34,36,45,44,17,31,15,26,31,33,63,69,59,60,36,27,34,29,37,33,30,41,42,61,66,62,29,27,18,18,,18,15,11,12,17,17,23,27,25,15,16,15,15,13,17,,,24,26,32,,38,20,17,15,21,32,,20,14,18,,,,,23,15,15,15,15,18,22,20,,19,37,26,17,19,36,14,11,24,18,13,,,,,22,24,17,12,13,14,22,,24,14,15,17,22,13,21,12,13,11,15,17,17,19,,15,15,10,11,22,17,20,12,14,,11,15,,8,13,,7,8,5,,28,,16,,12,7,25,37,35,36,20,23,27,21,17,25,21,18,,35,33,9,21,25,49,,64,74,14,24,198,214,,18,25,29,32,15,,37,33,24,,15,18,21,19,14,19,35,,28,38,,41,26,21,26,111,99,53,59,14,,42,28,31,36,42,49,71,75,76,,,43,38,45,27,,14,49,47,62,36,26,13,30,32,34,33,14,17,,36,27,34,52,16,25,34,,11,,20,39,30,24,29,27,222,36,28,45,43,27,34,13,,,27,34,26,38,,36,27,44,27,,32,45,,,18,33,36,15,27,30,19,23,18,32,28,32,38,26,21,,44,25,,27,28,28,20,21,36,22,34,15,28,21,18,17,39,23,32,25,36,31,11,31,12,38,31,19,22,19,12,9,47,26,25,26,21,18,15,20,22,23,23,29,22,28,35,26,40,21,23,,26,16,24,21,15,15,13,,23,51,28,24,13,22,17,31,44,36,78,38,33,31,24,24,38,35,20,,23,52,57,73,35,,218,26,15,21,19,22,25,21,24,19,18,22,31,58,36,24,,37,,38,13,17,33,26,19,30,35,32,29,28,20,14,17,15,8,36,32,17,24,12,19,22,33,25,43,39,33,36,25,36,24,32,13,19,23,18,18,21,23,,7,24,17,19,27,16,16,26,19,20,23,16,27,22,17,21,24,19,14,17,33,15,20,35,33,31,35,21,30,19,41,39,31,24,14,12,33,29,8,16,22,36,31,18,38,38,40,29,67,32,25,25,28,20,29,32,34,,21,36,28,40,37,32,36,24,18,25,30,27,33,25,26,22,17,27,14,48,59,42,46,66,,24,21,14,18,18,10,23,27,26,16,20,13,21,23,35,27,24,43,38,44,31,25,26,21,25,24,28,23,29,22,,22,16,29,47,37,26,19,10,20,26,37,27,19,20,24,21,25,42,28,30,30,,37,35,27,36,16,16,51,44,37,32,32,28,30,,21,29,41,23,16,25,25,23,32,,32,28,39,45,39,12,22,16,15,25,22,,26,,23,26,,16,28,20,17,28,33,33,22,,20,35,29,12,,,18,48,19,31,29,42,64,52,48,13,24,14,34,34,67,62,45,46,49,44,28,23,27,16,23,17,26,26,31,45,30,18,20,24,27,23,32,13,61,880,942,13,22,23,25,19,64,30,15,23,18,24,26,26,30,41,,34,42,12,13,35,27,31,13,13,37,32,27,32,30,39,35,41,26,41,26,39,31,26,,21,40,16,59,26,27,23,31,25,24,33,21,27,15,13,40,27,35,46,44,18,15,57,44,18,30,18,29,31,29,24,24,28,28,43,23,43,14,44,34,13,4,25,38
20210719,8,SO2,1,3,3,3,3,2,3,3,1,1,3,3,,,9,,5,5,9,,4,,5,14,,7,6,,6,3,3,5,4,3,5,,14,17,,8,7,7,4,5,,1,,4,5,3,7,8,5,7,6,5,4,,6,6,7,9,10,8,,7,4,6,,7,4,8,4,11,4,,4,5,3,3,4,,4,5,3,8,2,1,,10,9,,,5,8,6,11,20,15,48,,12,30,48,30,33,,10,9,5,,6,8,6,8,6,5,5,5,4,4,4,2,4,4,3,5,4,14,9,,,12,19,21,17,13,15,11,15,2,4,6,3,8,,3,5,7,5,5,8,5,9,10,1,1,6,1,12,,2,8,4,1,2,3,6,12,10,7,8,6,,,,8,8,,6,8,6,,,,10,,6,4,3,7,2,3,,5,13,,,,6,6,,10,9,8,4,4,,4,1,3,3,10,3,6,5,,2,,4,4,,5,6,,8,4,6,,7,4,5,5,13,7,9,,,7,6,8,6,4,6,3,,6,,,5,,8,5,,3,2,4,5,3,4,,5,4,5,4,4,6,6,6,6,7,8,6,10,6,5,7,6,10,2,,6,6,6,3,2,4,6,10,10,8,,12,11,,,3,7,8,9,,9,7,8,5,5,,,5,4,6,5,5,5,3,3,3,2,3,3,,3,3,3,2,4,4,6,5,5,,4,5,8,7,6,6,7,7,5,5,7,6,5,5,,6,7,8,5,7,5,6,6,4,4,5,5,8,3,,,4,5,5,4,4,5,5,8,7,6,6,,8,6,5,3,2,5,1,8,6,3,7,,,8,9,7,5,6,9,5,8,10,14,10,12,10,12,10,9,10,19,,8,6,3,5,3,4,4,,3,4,6,5,5,7,4,,,8,6,3,2,4,,5,2,10,3,,,9,25,7,1,8,5,5,5,4,4,6,,6,6,7,8,9,11,6,8,10,6,7,8,7,4,3,4,5,5,2,5,,4,5,5,5,,73,3,16,31,,,,6,5,,,,6,10,6,5,3,7,6,,6,14,9,15,13,9,10,10,9,10,9,2,5,7,5,15,,3,6,22,11,11,12,,,13,,8,3,5,1,4,1,4,5,3,2,2,6,2,3,4,5,3,4,,16,,10,5,5,10,5,,4,8,,,9,6,7,16,,6,12,1,,5,7,9,9,4,8,8,6,7,17,,,,2,,5,9,,8,13,5,12,4,4,1,4,3,4,,26,,,6,,6,10,16,6,7,7,9,8,,51,21,50,15,19,27,9,9,18,36,,6,17,6,6,8,8,12,17,6,,6,5,3,,11,9,,5,3,4,6,21,,15,6,,,3,7,,17,,15,11,14,12,9,5,,9,8,,2,4,,6,,22,12,16,,26,12,9,16,13,,5,4,3,5,3,6,3,9,5,11,6,7,10,7,12,11,6,6,5,17,14,8,23,9,7,6,7,8,4,4,6,7,5,,5,5,5,4,2,3,3,6,5,9,3,11,8,9,,5,4,7,,9,9,9,5,5,,25,32,4,,4,,1,4,6,3,4,3,1,,,,3,,4,,2,3,,,,4,4,4,6,,6,,5,5,7,5,2,3,,11,6,8,6,12,9,,6,,,9,1,3,2,,8,17,8,17,13,6,6,42,7,8,13,15,8,13,4,2,8,6,2,5,6,6,7,3,4,,15,13,19,4,5,7,14,6,,,,,6,6,,6,4,8,7,2,3,2,6,8,6,5,5,4,5,6,8,5,,9,2,3,,3,2,,4,4,2,2,4,5,5,3,2,5,8,4,3,,11,15,17,4,13,8,,5,5,,7,6,4,5,4,10,11,4,4,,7,,,5,5,5,5,8,,,,,,4,4,2,,,7,,5,,,8,,5,8,7,6,8,9,9,8,6,,8,6,8,8,9,10,8,13,7,2,4,5,10,,5,6,,4,8,6,7,,,10,5,5,7,6,3,4,6,5,,,8,8,5,2,5,,7,19,12,11,10,15,4,,4,5,6,,,5,7,,16,14,8,,7,,39,38,,,8,4,,,23,13,21,,,2,5,11,11,5,8,5,6,7,1,,5,6,6,9,6,15,6,7,5,4,8,3,7,,10,12,5,,18,26,10,12,3,5,8,7,6,7,4,7,,,9,5,6,6,5,21,12,3,13,14,18,6,10,11,39,6,6,,,3,3,4,5,14,19,,2,13,13,,14,16,6,,2,6,12,10,8,2,2,6,4,13,4,15,5,9,4,4,,5,4,9,4,9,10,,5,,5,,,,12,13,9,7,4,2,,4,,6,7,10,4,4,4,2,7,4,6,6,5,4,6,13,5,9,16,7,5,5,,6,11,9,10,6,6,12,15,19,17,15,8,7,10,9,,4,10,14,7,9,5,4,7,5,20,10,7,15,3,9,,10,7,5,54,7,6,6,7,16,17,14,,5,2,2,,3,3,5,4,,5,4,1,,5,13,,9,14,7,5,6,7,7,6,6,2,,14,4,8,18,11,,16,6,,4,5,5,2,5,6,4,8,10,,5,4,1,,6,4,,16,6,5,5,,5,4,1,8,8,47,8,11,8,14,6,14,35,24,32,18,,2,2,7,10,12,11,11,12,7,14,12,12,6,13,7,5,4,6,2,2,4,5,3,3,4,5,6,10,10,11,26,6,9,9,9,16,10,7,8,6,8,8,8,14,8,12,10,10,,6,8,49,28,8,5,4,5,,2,5,8,6,10,12,9,10,6,6,8,5,3,6,10,,,4,5,5,,5,8,11,7,6,5,,8,6,7,,,,,6,6,8,8,7,13,10,13,,7,7,12,8,6,9,1,3,8,5,5,,,,,5,6,5,6,8,6,2,,3,5,4,10,17,6,6,8,7,8,5,6,10,8,,8,6,5,4,5,8,4,9,2,,9,6,,6,7,,8,7,5,,8,,10,,7,9,9,63,86,21,5,7,9,7,4,30,2,6,,94,41,5,8,11,6,,5,5,1,2,5,3,,6,9,8,2,22,,5,3,6,,9,10,14,12,11,16,9,,8,6,,8,1,3,2,5,7,4,4,7,,8,3,8,3,6,9,5,8,4,,,8,6,8,12,,2,6,7,6,29,4,10,7,14,5,6,13,6,,1,5,13,7,7,7,5,,4,,4,10,5,5,8,11,11,15,7,4,15,5,5,4,,,10,4,3,7,,7,11,6,17,,4,4,,,2,8,7,5,8,4,4,3,4,7,5,2,7,5,4,,5,4,,7,10,6,10,5,12,4,17,5,10,5,4,4,6,8,27,4,16,6,2,8,9,6,9,22,29,20,23,6,13,3,7,6,5,6,8,6,7,9,1,1,12,15,10,6,,9,1,,2,7,4,7,9,3,4,,3,16,6,8,6,6,9,2,11,9,12,4,6,9,14,6,2,6,5,,5,25,15,11,18,,19,4,8,4,6,5,7,6,3,6,3,8,5,39,20,7,,6,,6,4,5,10,1,8,8,9,6,8,8,7,6,8,4,,7,9,7,6,6,6,9,5,6,7,2,4,1,12,9,3,11,4,7,6,1,2,3,2,,3,2,7,4,14,3,11,7,6,6,5,10,13,6,7,11,11,4,4,6,10,7,7,18,4,10,10,4,4,4,7,3,6,8,4,6,6,6,12,6,7,12,9,4,9,8,38,33,8,18,6,6,4,8,6,49,8,,3,3,3,11,14,7,7,10,5,4,5,8,8,12,4,4,2,5,2,6,7,6,8,9,,6,6,6,10,3,6,7,21,6,6,3,3,6,4,8,2,9,3,2,3,4,7,7,9,7,4,7,1,3,2,,1,1,10,10,85,12,7,4,13,12,8,4,7,5,8,6,9,,8,6,13,,5,17,7,16,5,4,7,18,7,9,10,5,8,,5,14,6,8,4,3,2,3,9,,8,11,9,8,10,4,4,3,5,8,5,,5,,4,2,,6,6,1,6,6,9,6,5,,4,34,60,12,,,6,21,2,7,3,3,8,20,13,1,4,4,8,8,5,9,7,11,5,7,2,1,,2,6,3,4,4,8,8,11,4,4,7,6,5,8,8,10,1,1,4,6,7,14,4,47,7,7,8,3,8,8,17,15,15,,9,5,1,6,4,9,8,7,7,8,7,6,7,4,11,4,4,6,9,7,9,6,4,,3,3,4,3,6,3,3,4,3,3,1,3,3,6,4,8,8,16,25,12,10,6,5,11,1,3,3,3,7,6,8,6,3,6,6,9,7,6,11,6,8,6,6,8
20210719,8,SO2_24h,1,3,3,4,3,2,3,3,3,1,3,4,,,8,,5,5,9,,4,,5,9,,6,5,,6,3,3,5,4,2,5,,3,6,,5,3,7,4,4,,2,,3,4,3,6,7,5,6,5,5,4,,6,5,7,8,9,8,,10,5,7,,7,5,4,2,11,4,,5,6,4,3,4,,4,2,2,3,2,2,,8,7,,,4,6,8,9,12,7,24,,9,15,20,16,16,,8,9,6,5,6,9,6,8,6,6,5,3,3,4,4,3,4,4,3,4,3,13,9,9,,12,18,18,17,14,16,11,15,1,4,6,6,7,,3,5,6,5,5,7,4,8,8,2,1,4,2,6,,2,9,4,2,2,3,6,8,10,7,7,6,,,,8,8,,5,8,6,,,,9,,5,4,4,6,2,4,,4,7,,,,7,6,,6,9,6,5,4,,5,1,3,3,6,3,7,5,,4,,4,4,,5,7,,6,4,5,,6,3,5,5,9,7,8,,,7,6,8,5,4,5,3,,6,,,5,,7,5,,2,2,4,5,3,4,,3,3,3,4,4,6,6,6,5,6,6,5,8,6,4,6,5,7,2,,4,4,4,3,2,4,7,8,6,4,,9,6,,,3,7,8,8,,6,5,7,5,5,,,5,4,5,5,5,5,3,3,3,2,3,3,,3,3,4,3,5,5,7,5,6,,4,5,9,5,5,5,6,6,5,5,7,5,6,6,,6,7,7,5,7,5,5,5,4,4,5,5,8,3,,7,4,5,6,4,5,6,5,8,9,7,7,,7,6,6,4,3,5,2,7,6,4,7,,,8,8,7,5,6,7,5,9,9,14,10,10,8,9,8,7,8,7,6,7,6,3,4,4,4,5,,3,7,6,7,8,8,4,,,11,8,3,2,6,,4,2,7,3,,,6,11,6,2,7,6,5,4,7,4,5,,7,7,5,8,10,10,6,7,10,6,6,8,6,4,3,4,4,5,2,4,,4,5,5,5,,21,2,9,9,,,,8,5,,,,10,10,6,6,3,8,7,,8,11,6,10,10,9,7,8,6,8,7,3,4,5,5,8,,5,4,14,5,12,12,9,8,16,,3,2,4,3,4,2,5,5,2,2,3,6,3,2,3,4,3,4,,12,,9,5,5,8,5,,4,5,,,6,4,4,7,,6,6,1,,10,7,7,9,3,7,8,6,8,9,,,,2,,5,10,,8,8,6,8,4,5,1,4,2,3,,10,,,10,,10,8,9,7,8,8,11,9,,12,7,8,8,7,8,8,9,13,21,8,5,6,6,6,9,6,8,9,6,,5,6,5,,8,7,,7,5,6,8,10,,13,6,,,3,6,,4,,12,11,9,10,9,5,,9,9,,2,4,,7,,10,7,11,,15,7,8,11,6,,6,4,4,4,3,6,3,8,8,8,8,8,8,8,11,14,7,6,6,14,14,7,23,10,7,5,7,9,4,5,6,8,5,,4,5,4,4,2,3,3,6,3,8,3,9,5,6,,6,4,13,,9,7,7,7,5,,11,9,4,,4,,1,4,6,3,3,3,2,,,,2,,3,,2,3,2,,2,4,6,3,5,,7,,6,5,7,5,2,2,,8,6,9,6,8,8,,5,,,8,1,3,2,,9,12,10,11,11,6,6,8,8,8,9,8,7,6,3,3,10,7,5,4,8,9,9,4,4,,13,17,14,9,5,7,9,5,,,,,7,8,,6,3,7,6,5,3,4,6,6,5,5,5,5,4,6,6,5,,9,2,2,,3,2,,2,4,3,2,4,4,6,3,2,5,10,5,4,,22,44,11,6,18,8,8,5,5,,7,5,4,5,4,5,9,4,4,,7,,3,4,4,4,4,8,8,10,11,,,5,4,2,4,4,5,3,4,,,7,,5,8,8,7,9,10,10,10,8,,7,3,8,7,9,10,7,7,5,2,4,5,9,,5,6,,4,7,7,7,,,7,5,5,7,6,3,4,6,4,,,4,9,5,3,5,,8,12,5,12,10,10,4,,4,5,4,,,3,7,,12,11,8,,6,,22,23,,,6,5,,,12,12,18,,,2,4,12,10,6,8,6,6,7,2,6,4,6,7,8,7,6,3,6,4,4,8,2,8,,8,8,6,,15,13,11,12,4,4,9,6,6,8,5,7,,,9,4,5,6,7,11,6,2,5,10,10,6,7,8,7,6,5,,,3,3,5,5,6,9,,5,12,11,,13,14,4,,4,5,10,9,6,2,2,6,6,11,3,9,9,7,4,12,,6,4,7,5,7,7,,4,,5,,,,6,6,6,6,3,2,,10,,9,7,6,4,4,4,2,7,7,8,9,5,4,5,5,5,6,10,7,4,5,,5,9,9,8,10,7,11,11,18,16,17,5,8,16,13,,6,17,23,13,14,4,5,7,6,18,10,6,13,6,9,,10,7,7,14,6,6,5,6,12,16,21,,6,2,2,,4,3,5,3,,4,3,1,,5,6,7,6,7,7,6,7,7,8,6,7,2,,9,4,7,17,10,,21,6,4,4,5,5,3,4,7,4,4,7,,3,4,1,,5,4,,17,6,5,5,,5,4,1,8,9,23,12,8,9,12,10,9,13,16,16,12,,3,3,6,9,7,6,7,9,8,12,11,8,5,14,7,4,9,11,7,2,4,6,5,4,4,5,5,10,10,8,10,8,9,9,12,10,8,6,7,6,6,7,16,13,7,10,10,9,11,7,9,23,22,11,7,5,6,,2,5,6,6,6,11,7,9,7,5,6,4,4,6,9,,,5,6,7,,7,8,11,9,9,6,,8,6,7,,,,,6,6,6,6,5,13,10,12,,7,8,11,8,7,8,2,3,10,5,5,,,,,6,7,5,7,7,5,2,,4,5,4,6,8,5,7,8,6,6,6,6,9,9,,11,9,5,4,6,8,4,8,5,,9,6,,7,8,,8,5,4,,6,,9,,7,9,8,15,14,10,5,6,9,4,4,8,2,4,,35,36,5,6,8,6,,5,5,3,2,5,4,,6,7,7,2,21,,4,4,6,,11,9,11,11,11,15,10,,7,13,,9,2,3,2,5,7,6,6,9,,9,4,11,4,5,9,6,7,4,,,10,7,9,9,,2,7,8,10,21,5,9,7,6,5,5,11,5,,2,5,13,8,6,7,5,,4,,4,7,4,5,9,11,21,12,6,6,11,8,4,4,,,10,4,3,6,,12,20,8,12,,4,4,,,2,9,7,5,8,5,4,4,3,6,4,5,10,7,4,,6,3,,8,6,6,8,5,11,5,11,8,4,4,4,2,8,8,26,4,11,5,2,6,9,5,8,11,9,8,6,6,11,6,7,10,5,6,8,6,6,7,2,1,11,14,9,7,9,9,1,,2,5,4,6,9,3,4,,2,10,6,8,4,6,9,2,9,7,7,3,36,5,10,5,2,5,3,,15,13,13,15,20,,21,4,8,4,4,5,6,5,3,6,3,8,5,21,14,6,,6,,6,4,5,9,1,8,8,8,6,9,8,8,6,8,4,9,7,19,7,7,6,6,8,8,5,6,3,4,2,10,8,2,9,4,6,5,2,2,3,2,,2,2,5,3,12,7,9,8,7,7,6,10,12,9,5,11,11,3,3,6,7,5,7,11,4,8,12,4,4,4,8,5,5,10,4,5,4,6,10,6,7,12,7,4,9,9,28,16,9,8,7,6,4,7,5,19,4,,3,3,3,10,11,4,7,5,5,4,4,7,7,8,4,3,2,6,1,7,9,7,8,9,,6,7,6,9,3,6,8,12,7,6,3,4,6,3,6,3,9,3,2,3,4,6,4,7,6,4,4,1,2,1,,1,2,4,6,33,14,9,5,13,13,8,2,7,5,7,6,10,10,7,5,9,,5,16,8,11,3,4,6,11,6,7,7,5,16,,4,21,5,8,4,2,2,3,7,,9,11,11,9,10,7,4,3,4,12,11,,5,,4,2,,6,6,3,7,4,8,6,4,,4,22,17,10,,,6,8,2,7,3,3,4,12,6,1,3,4,3,9,5,8,7,10,6,7,3,1,3,2,8,2,3,4,7,9,10,5,4,7,5,5,7,8,11,2,2,4,6,5,11,3,25,8,7,10,4,8,8,10,14,19,,10,6,1,6,3,8,8,7,7,7,3,6,5,3,12,3,2,6,9,7,7,6,4,,3,2,4,3,4,2,2,2,3,3,2,3,3,6,8,8,6,8,11,16,11,5,3,3,1,3,3,3,7,8,7,6,2,6,6,6,8,6,9,5,8,5,8,7
20210719,8,NO2,12,10,25,11,16,21,29,9,19,10,22,22,,,28,,34,36,25,,40,,30,13,,13,16,,48,22,14,31,18,22,12,,20,22,,22,18,5,8,17,,2,,21,17,10,28,23,20,26,22,33,13,,15,9,13,27,20,25,,16,16,16,,23,25,24,26,18,19,,8,16,12,12,30,,20,43,27,33,27,19,,17,16,,,24,23,33,15,26,23,17,,15,19,19,12,22,,15,14,21,,6,5,9,9,5,23,3,28,24,22,17,19,12,10,19,12,20,27,23,7,,31,38,38,32,29,18,26,36,16,20,19,11,16,,18,16,14,17,19,16,16,17,8,16,23,19,13,9,,9,18,10,15,14,18,7,28,2,4,8,15,,,,20,15,,8,15,10,,,,32,,16,20,12,11,15,16,,12,30,,,,16,18,,23,18,23,10,8,,10,5,11,8,8,5,7,7,,10,,6,6,,19,16,,25,13,33,,28,25,11,22,54,14,16,,,10,12,15,34,21,29,19,,18,,,24,,20,22,,17,8,12,7,11,10,,20,18,20,19,18,15,16,15,32,28,26,25,31,30,24,33,20,28,1,,22,8,13,9,5,21,12,20,26,15,,26,20,,,12,16,26,23,,28,25,29,14,8,,,9,12,3,11,15,11,29,23,13,13,23,20,,25,6,14,20,30,38,36,28,38,,41,5,28,18,20,6,10,9,24,7,16,9,27,25,,20,30,26,21,26,15,23,18,9,19,17,19,32,17,,,14,10,9,13,22,12,18,17,18,23,26,,28,25,19,16,16,14,13,21,17,17,16,,,16,21,31,13,11,16,6,16,28,28,22,23,33,25,35,20,17,26,,23,19,16,20,22,15,8,,26,46,19,38,36,28,10,,,41,46,34,25,35,,38,51,56,43,,,38,14,9,21,23,21,19,28,25,23,19,,18,9,9,15,9,19,18,11,18,10,12,24,18,24,37,18,27,16,18,22,,17,13,28,19,,42,14,60,66,,,,23,11,,,,20,17,54,58,77,73,49,,45,21,12,21,12,18,16,22,12,14,15,6,9,25,8,35,,24,33,30,22,16,16,,,14,,13,8,12,7,7,13,15,12,14,8,8,8,6,12,9,9,10,2,,14,,15,15,17,22,18,,24,19,,,16,18,20,29,,5,17,19,,8,8,10,12,7,21,16,12,16,18,,,,10,,14,12,,11,11,7,16,6,3,2,42,23,29,,11,,,5,,5,9,15,10,11,7,14,7,,18,25,25,22,28,20,7,12,13,16,,13,12,4,6,2,18,15,15,15,,17,14,15,,8,8,,5,6,9,9,22,,44,11,,,15,12,,20,,28,12,29,32,7,2,,12,4,,21,25,,21,,23,17,15,,22,17,30,34,27,,5,10,9,25,20,7,2,10,20,10,16,2,25,18,24,42,16,7,17,14,13,8,15,14,14,17,15,12,14,7,20,3,11,,6,11,11,12,13,9,8,10,8,11,11,6,12,20,,18,16,16,,13,20,21,27,15,,9,22,2,,12,,7,10,6,7,7,9,10,,,,11,,12,,5,3,,,15,11,10,9,14,,12,,15,19,10,16,19,20,,16,28,14,12,10,12,,7,,,2,12,8,13,,13,14,25,15,13,15,8,26,12,12,15,22,12,26,11,12,9,22,31,25,14,22,24,20,18,,21,16,38,14,11,17,26,20,,,,,4,12,,17,11,18,12,14,16,13,19,20,21,15,17,24,12,26,15,14,,8,12,23,,20,17,,33,11,15,23,19,14,9,19,16,10,8,7,11,,17,20,16,20,21,34,,15,14,,9,28,24,12,7,12,22,14,14,,11,,,5,5,11,16,9,,,,,,14,12,8,,,13,,14,,,9,,11,17,18,15,16,12,14,16,14,,16,18,20,20,23,7,6,16,16,18,14,9,5,,33,24,,20,17,13,22,,,14,8,6,6,11,7,4,24,3,,,25,15,16,14,14,,9,19,29,19,24,25,12,,14,14,14,,,16,13,,23,26,23,,32,,40,48,,,12,9,,,19,20,18,,,4,6,10,9,12,9,6,4,8,5,,6,4,6,14,7,12,17,16,23,7,5,12,9,,18,10,11,,12,36,19,15,9,5,8,5,8,16,6,22,,,33,15,11,10,7,14,11,29,9,15,14,5,26,16,54,30,15,,,15,13,7,7,11,16,,,18,19,,8,12,8,,12,16,12,11,7,13,2,6,25,27,52,47,23,14,19,14,,13,8,9,2,34,26,,10,,16,,,,16,19,9,18,3,5,,15,,16,21,17,7,5,9,7,6,16,13,36,6,1,13,19,10,25,24,23,24,7,,15,5,11,8,9,7,4,7,14,10,14,5,10,14,3,,6,17,17,17,10,9,15,15,17,16,6,8,9,10,10,,12,18,12,16,18,18,19,19,20,21,34,,13,8,7,,13,10,10,15,,17,11,14,,4,16,,13,15,10,8,10,12,9,9,9,7,,13,12,12,36,14,,19,11,,15,9,12,18,12,10,16,25,24,,13,15,8,,15,13,,20,2,6,4,,12,6,8,5,6,14,13,26,15,13,14,8,12,17,16,17,,16,9,23,13,16,18,14,15,22,6,12,10,5,18,4,6,1,3,5,14,13,7,22,9,5,5,7,9,28,26,11,13,16,13,18,16,29,17,31,21,15,16,15,29,13,16,16,17,,14,18,17,16,8,8,5,19,,18,12,14,14,17,23,20,19,29,16,21,25,16,5,40,,,5,13,7,,12,15,7,15,19,20,,9,7,12,,,,,12,10,22,22,23,13,6,11,,30,15,10,,19,35,6,11,29,28,29,,,,,14,12,13,14,21,29,17,,3,5,6,15,23,18,8,15,9,16,16,9,18,22,,5,4,13,15,6,12,31,13,18,,5,9,,9,20,,12,25,8,,14,,8,,6,5,12,24,24,26,11,16,20,16,4,11,8,16,,30,32,2,23,16,44,,11,11,27,33,12,11,,21,20,33,31,20,,36,28,16,,28,3,18,27,12,8,14,,15,28,,27,23,14,12,24,28,11,10,4,,19,8,8,9,5,3,7,8,4,,,42,21,31,8,,8,46,23,42,36,16,5,29,26,23,37,24,13,,32,17,19,22,13,15,14,,17,,6,19,26,12,23,24,13,19,13,11,22,5,15,11,,,10,17,10,31,,28,20,10,23,,1,10,,,11,20,19,6,18,8,8,17,3,28,11,35,15,14,28,,27,17,,17,9,22,19,4,16,12,12,5,9,17,34,8,21,13,26,31,13,13,6,16,12,18,9,16,18,13,14,17,35,16,6,44,9,24,31,10,7,7,6,12,23,16,16,21,24,11,6,,6,19,10,25,11,21,16,,37,29,6,20,14,1,6,18,22,18,27,10,10,26,13,10,8,23,13,,7,57,39,31,18,,12,23,16,16,16,14,17,17,20,7,10,16,22,35,14,23,,9,,13,5,4,16,7,12,29,27,20,26,30,16,16,18,14,,21,29,8,8,13,27,12,7,8,24,16,37,24,16,11,2,26,7,9,14,4,6,12,10,,11,6,8,7,8,22,21,18,16,16,17,8,19,20,4,28,25,42,45,25,29,17,8,31,15,13,20,15,16,11,23,26,10,18,10,17,12,8,12,15,22,18,14,14,16,14,25,18,10,18,12,12,20,8,12,12,22,,14,14,14,27,14,16,17,20,6,5,24,16,18,15,9,8,5,12,4,11,81,16,37,68,,17,11,10,15,17,11,23,12,15,5,21,13,16,22,20,10,11,21,26,20,4,12,14,13,13,15,26,7,15,8,,14,2,11,12,31,12,14,13,31,16,9,19,32,20,22,8,16,15,12,17,15,,10,14,3,12,24,5,28,16,18,16,15,9,17,,15,23,16,14,5,3,16,4,25,,11,17,10,20,21,13,6,16,13,12,12,,18,,21,6,,4,19,15,16,36,23,22,25,,20,13,16,1,,,6,33,31,14,26,9,18,21,23,10,7,18,27,29,36,25,18,19,29,26,3,10,,8,10,5,7,10,23,8,18,7,10,14,16,14,24,9,43,2,2,20,20,28,15,11,47,8,12,10,15,19,17,37,35,41,,19,4,11,6,24,27,12,12,14,11,33,16,13,23,30,28,27,16,32,12,34,23,14,,3,4,6,6,16,17,4,12,19,13,14,5,14,32,9,12,31,35,32,27,13,12,11,23,10,14,12,16,19,17,4,12,,12,22,15,22,14,18,6,11,20,15,10
20210719,8,NO2_24h,15,8,25,16,15,21,25,11,10,12,20,18,,,15,,16,15,23,,23,,30,7,,6,10,,32,22,15,17,17,19,9,,14,18,,19,14,3,14,13,,12,,8,11,6,14,15,18,15,19,19,12,,12,9,14,24,18,19,,11,24,22,,29,11,14,11,16,15,,6,13,10,9,25,,9,25,22,19,17,17,,14,19,,,18,19,18,16,17,25,21,,14,17,20,17,20,,16,14,18,6,7,8,10,10,6,21,4,27,23,33,16,19,13,17,20,17,31,20,18,9,,21,30,30,25,29,17,21,29,13,17,14,9,17,,18,18,11,15,19,30,28,34,23,25,18,36,17,9,,7,16,8,10,13,16,7,22,2,4,7,10,,,,14,12,,8,13,8,,,,22,,12,22,11,9,18,15,,12,20,,,,18,21,,18,23,22,6,19,,8,4,7,4,7,3,5,7,,7,,4,3,,16,18,,22,15,21,,19,18,11,20,25,7,15,,,9,11,12,18,10,13,15,,11,,,18,,17,17,,8,4,8,9,15,13,,11,16,19,16,21,12,14,9,21,21,16,14,20,20,20,24,14,17,1,,10,3,4,4,7,13,8,22,21,14,,24,24,,,12,9,15,20,,14,14,11,11,7,,,6,8,6,8,9,13,15,16,9,10,14,11,,17,6,13,30,26,24,29,20,39,,25,9,23,23,26,12,15,14,26,15,24,12,28,21,,24,32,23,23,25,19,28,18,9,16,11,13,21,14,,5,13,9,9,14,9,12,12,21,22,22,22,,23,34,30,16,20,14,16,25,21,19,19,,,13,16,17,10,9,15,9,13,28,35,16,18,18,14,19,14,14,20,15,18,8,6,12,9,6,11,,23,28,20,24,33,26,14,,,34,25,34,26,20,,25,30,30,29,,,21,9,16,27,25,20,19,31,27,26,21,,17,9,11,13,12,14,10,12,13,9,16,14,20,20,31,18,29,18,24,21,,16,18,25,21,,26,12,40,42,,,,27,8,,,,24,24,44,45,42,53,36,,40,21,14,23,16,20,14,19,11,12,13,3,8,25,8,33,,24,31,31,22,17,20,15,13,19,,12,10,12,6,7,10,10,12,11,10,7,7,5,12,6,6,8,5,,14,,8,8,10,13,10,,12,17,,,9,11,10,17,,8,10,10,,10,4,6,11,7,12,11,9,14,13,,,,7,,7,10,,11,11,10,17,6,4,2,19,14,20,,8,,,8,,10,12,16,10,9,7,9,6,,15,16,15,14,26,11,10,10,11,17,9,17,17,6,7,5,18,14,12,10,,11,14,15,,7,8,,5,8,10,9,9,,29,14,,,14,13,,21,,17,12,16,20,5,2,,11,2,,14,20,,14,,16,16,12,,14,14,14,20,9,,6,9,14,15,17,8,2,14,18,6,15,5,18,10,28,29,13,10,14,15,14,10,14,12,18,18,17,12,17,8,12,5,10,,7,11,14,14,12,10,8,8,8,6,5,19,23,30,,25,22,23,,13,12,19,15,3,,16,10,2,,9,,6,10,4,6,6,7,7,,,,12,,11,,4,2,3,,15,11,7,11,14,,10,,17,16,11,13,12,10,,14,24,12,7,10,10,,12,,,4,10,8,8,,15,20,18,15,10,10,6,14,12,12,9,13,12,16,9,9,9,10,17,15,20,25,25,25,19,,15,11,26,17,11,16,15,15,,,,,11,17,,18,12,15,12,11,11,18,18,17,21,15,17,15,12,24,16,18,,14,15,23,,21,14,,16,10,12,15,15,15,9,11,14,17,19,19,15,,12,16,14,19,21,11,18,13,19,,13,19,11,11,12,8,16,16,16,,7,,7,5,5,14,15,8,3,10,8,,,10,11,8,6,4,7,5,9,,,10,,11,14,18,18,19,15,14,19,17,,12,18,21,20,22,5,3,14,13,11,11,11,4,,25,12,,15,14,12,17,,,12,8,6,8,12,6,4,9,3,,,20,14,15,16,12,,10,13,19,12,17,15,10,,14,13,11,,,14,13,,11,16,21,,21,,17,21,,,11,8,,,19,12,15,,,5,7,9,9,6,7,6,7,8,6,8,9,5,10,12,6,9,18,18,16,6,4,10,9,,18,8,16,,6,12,17,12,9,4,5,5,8,7,6,20,,,31,9,10,11,9,12,7,12,5,12,12,5,16,11,28,18,10,,,12,15,11,11,7,11,,8,21,18,,15,11,13,,7,8,8,9,4,13,3,7,23,24,32,34,19,14,18,14,,13,11,7,4,24,20,,10,,11,,,,10,15,5,17,3,4,,17,,17,21,18,8,7,8,8,8,18,12,22,8,2,6,6,5,18,24,20,19,8,,10,6,12,9,11,9,5,9,19,15,16,9,11,18,5,,10,15,13,16,17,8,11,12,11,11,6,7,7,11,14,,14,16,11,11,14,14,12,12,14,16,22,,10,7,7,,9,7,8,10,,12,7,14,,4,10,8,9,9,7,6,7,7,7,9,6,6,,7,8,6,28,18,,14,10,4,19,8,11,12,9,13,16,16,14,,10,8,9,,13,12,,12,2,6,6,,6,5,7,4,5,14,11,18,11,11,11,8,10,15,14,15,,13,11,18,10,13,14,12,12,20,7,8,8,11,19,5,8,3,6,8,5,18,11,21,15,6,4,5,18,25,18,20,12,11,12,15,15,17,19,19,15,11,9,10,11,10,15,12,14,10,14,19,17,17,7,9,7,15,,16,11,11,10,18,14,14,12,14,11,13,13,10,6,19,,,7,13,8,,11,9,6,6,13,12,,19,9,11,,,,,10,8,12,19,15,11,5,9,,28,11,8,9,11,13,10,12,15,17,14,,,,,12,12,10,13,16,18,23,,7,6,7,10,15,10,8,9,8,12,11,12,11,12,,7,9,11,12,7,14,17,8,14,,5,8,,9,9,,8,21,6,,7,,9,,6,5,8,13,19,18,8,14,16,12,5,8,9,10,,19,16,3,14,9,25,,14,17,22,22,18,14,,8,10,20,15,16,,24,15,13,,16,4,14,22,9,8,12,,13,24,,22,19,11,10,22,27,11,10,7,,33,13,17,17,14,7,15,13,10,,,28,24,25,8,,10,38,32,24,29,13,4,26,8,9,13,21,12,,24,24,13,19,10,15,13,,11,,5,18,22,12,23,18,15,19,10,14,21,6,12,8,,,21,16,7,9,,24,18,29,8,,2,5,,,11,24,25,7,18,6,8,26,2,22,10,28,18,17,20,,20,11,,20,8,14,12,6,14,11,11,8,12,14,18,7,18,7,25,20,7,14,5,13,15,9,10,12,11,9,10,11,32,15,8,33,8,10,9,9,9,8,4,11,12,12,16,17,20,15,5,,6,13,10,21,8,13,12,,31,31,8,14,10,2,5,20,17,17,21,10,17,20,9,6,8,18,16,,11,38,22,27,14,,13,18,15,16,14,12,16,17,15,7,6,11,24,18,11,11,,7,,10,5,4,12,5,9,23,29,24,26,26,16,12,16,10,8,26,22,7,8,12,16,10,9,6,12,20,18,12,24,7,2,19,5,12,15,4,5,11,10,,11,4,9,8,8,18,11,12,10,13,14,8,21,16,3,23,18,26,19,10,18,8,5,24,12,12,20,12,11,6,12,14,10,19,14,11,14,13,9,11,13,9,10,6,13,12,19,13,13,15,12,10,15,8,9,9,18,,8,6,9,31,17,28,18,15,5,3,18,16,19,15,6,12,5,10,3,16,53,18,31,28,,18,6,9,11,10,12,27,12,16,5,16,16,14,10,12,9,11,16,18,22,6,10,21,11,9,10,20,5,12,6,,9,3,6,9,16,10,17,7,18,25,15,11,15,12,15,12,10,12,10,9,8,,10,13,4,12,10,5,13,20,18,10,11,9,17,,13,10,22,23,3,5,9,6,17,,13,13,14,13,20,9,7,11,10,13,9,,13,,12,7,,5,20,13,17,20,17,14,14,,11,12,12,4,,,5,13,27,13,19,12,19,12,16,8,6,18,18,21,35,29,21,18,24,26,2,6,18,6,17,7,7,14,21,9,18,7,17,20,19,17,17,9,34,10,11,12,15,21,15,10,22,9,12,10,16,14,14,20,20,31,,23,8,8,5,18,15,16,9,7,13,22,11,14,9,20,26,18,14,14,10,24,14,11,,4,3,4,8,12,15,3,9,15,8,17,5,15,16,8,22,11,31,17,19,7,16,12,17,8,6,10,14,14,24,5,10,9,10,26,11,26,13,16,12,6,20,23,12
20210719,8,O3,40,48,38,37,39,34,28,57,36,46,32,33,,,25,,30,34,24,,35,,36,78,,49,68,,12,31,52,24,19,34,84,,67,66,,65,64,63,82,89,,96,,38,54,36,38,32,52,39,38,43,31,,54,73,25,20,38,27,,,68,68,,65,55,45,35,40,38,,66,68,60,64,32,,29,23,55,27,37,27,,57,59,,,49,48,33,58,37,44,49,,38,52,53,62,49,,67,86,71,,80,84,92,75,72,72,74,52,55,57,54,67,61,51,50,62,55,56,53,52,,55,54,46,48,60,47,49,58,49,45,45,49,44,,53,46,51,41,44,44,47,48,49,,36,50,54,47,,61,62,55,50,55,56,55,46,48,43,47,63,,,,30,36,,47,42,36,,,,30,,53,59,59,59,54,60,,57,48,,,,62,56,,45,39,45,40,43,,46,57,60,54,55,54,81,73,,64,,60,52,,50,47,,46,47,28,,33,51,56,46,9,51,53,,,53,45,48,25,30,25,27,,44,,,41,,67,62,,33,52,42,37,34,30,,44,47,36,39,42,23,25,10,41,32,41,52,48,35,41,40,43,47,69,,20,48,36,36,29,51,60,34,32,42,,29,36,,,37,63,33,55,,50,53,54,56,86,,,59,66,74,70,64,59,24,34,34,41,29,28,,25,46,41,66,48,27,15,41,29,,23,75,28,45,30,48,31,24,26,40,37,36,24,23,,27,17,22,37,26,21,27,26,29,19,18,18,9,24,,,40,36,28,33,49,27,29,25,26,20,7,,20,23,6,23,23,24,30,27,26,27,25,,,28,20,8,26,29,25,41,36,29,39,31,27,10,13,13,19,23,16,,14,4,29,20,30,38,100,,56,36,76,52,52,59,68,,,61,50,65,42,45,,14,12,9,12,,,36,80,7,12,8,9,9,6,5,16,6,,42,57,58,62,66,56,45,49,41,51,48,38,38,28,12,37,29,44,47,28,,35,38,23,29,,48,102,40,36,,,,42,93,,,,81,100,21,4,6,12,20,,5,30,32,40,39,26,37,27,30,31,39,34,15,28,35,49,,60,48,58,55,82,80,,,69,,71,81,65,26,26,26,22,61,50,66,84,84,86,85,56,54,55,62,,59,,49,61,58,41,38,,35,44,,,57,58,54,47,,67,53,50,,61,59,57,52,72,52,52,62,54,56,,,,61,,44,47,,58,66,81,62,78,76,85,28,52,47,,66,,,43,,44,41,35,40,41,48,49,46,,27,31,33,34,15,36,53,39,32,20,,51,51,47,42,47,24,26,21,21,,23,38,38,,58,56,,41,43,46,38,54,,15,36,,,46,59,,46,,34,57,35,35,58,61,,58,63,,33,31,,30,,63,59,69,,68,67,40,35,44,,62,55,72,48,44,64,47,63,105,70,80,58,41,45,41,23,54,48,22,87,87,88,85,88,70,56,50,54,68,54,61,66,70,,75,48,35,44,38,46,70,81,75,74,76,46,52,46,,43,43,48,,44,31,30,30,30,,57,29,74,,40,,49,48,50,44,49,52,50,,,,43,,48,,62,57,,,,52,55,49,42,,39,,24,23,23,12,46,38,,34,24,31,36,74,24,,77,,,94,59,53,31,,13,34,19,32,25,57,74,29,61,59,48,43,63,37,34,17,60,74,73,56,3,4,2,3,12,,24,21,6,15,17,18,16,11,,,,,104,98,,78,66,74,98,73,68,86,18,16,7,7,7,34,52,44,51,52,,47,46,46,,11,12,,12,61,28,62,70,85,74,63,75,45,57,60,50,,65,60,92,83,76,51,,80,68,,87,22,80,84,99,55,56,62,62,,63,,,74,74,65,70,61,,,,,,61,55,71,,,50,,50,,,65,,62,52,54,59,60,59,59,64,54,,48,48,63,64,58,53,54,56,56,47,47,57,45,,33,39,,36,45,22,16,,,31,62,52,64,61,59,60,55,69,,,29,54,52,66,58,,61,57,43,56,55,45,69,,66,63,54,,,49,46,,36,35,34,,21,,69,58,,,62,51,,,59,68,57,,,50,52,59,60,123,132,142,90,90,92,90,77,84,81,58,74,69,70,67,55,40,43,32,33,,60,60,66,,48,38,30,29,80,86,54,52,36,26,36,32,,,32,72,68,76,55,51,40,25,43,28,24,67,34,55,9,40,46,,,54,20,20,24,43,53,,37,50,40,,52,44,53,,46,47,64,58,63,42,58,55,28,26,16,5,15,38,23,40,,28,12,18,24,31,36,,49,,50,,,,50,58,51,56,60,54,,36,,60,44,58,59,58,59,62,50,41,49,17,60,74,40,30,41,,20,9,12,42,,34,13,14,18,20,9,21,41,39,43,30,33,43,42,41,,27,16,20,18,16,26,22,32,35,21,45,43,43,48,31,,28,31,30,19,42,29,21,47,18,17,15,,37,45,46,,46,44,46,44,,48,45,54,,60,47,,48,48,51,48,55,41,58,40,37,42,,34,39,42,21,46,,36,50,,28,25,27,47,55,53,51,32,28,,51,55,44,,50,58,,39,51,36,34,,68,62,60,25,24,20,19,18,27,30,27,29,41,26,37,23,,32,34,22,34,24,24,28,20,25,20,42,15,34,25,28,30,38,30,28,10,7,22,9,12,5,8,6,45,24,29,29,18,11,18,27,27,16,39,27,36,43,45,49,29,19,11,44,47,,74,68,39,37,21,28,28,26,,23,,15,19,16,17,26,27,19,12,11,8,17,46,7,,,82,72,77,,70,10,23,11,42,18,,23,26,12,,,,,39,40,22,26,27,26,20,20,,12,71,65,67,60,24,17,34,17,34,15,,,,,43,40,25,19,36,19,16,,9,42,50,39,22,78,87,56,20,7,40,55,30,29,,36,41,27,26,20,12,22,59,25,,27,20,,58,33,,30,30,53,,41,,81,,15,12,28,18,22,16,78,77,73,76,27,22,10,24,,71,51,59,30,47,36,,89,97,44,48,105,105,,85,,38,31,37,,39,46,52,,39,92,72,54,35,112,81,,86,68,,,72,81,76,64,56,88,89,70,,58,52,36,87,91,71,59,69,70,,,36,35,35,39,,56,34,64,8,19,48,67,18,32,50,29,30,66,,23,70,40,41,47,71,56,,56,,63,44,42,16,34,16,91,49,52,67,46,74,55,24,,,79,19,54,26,,78,89,98,37,,54,38,,,72,57,61,66,33,50,67,66,65,46,47,55,90,75,28,,28,47,,29,57,16,26,90,57,46,68,38,49,20,24,58,35,43,30,38,42,60,60,54,36,29,31,22,21,27,28,39,19,58,90,42,57,44,20,78,83,92,49,48,21,40,32,39,35,58,58,,41,24,59,47,61,10,17,,24,68,50,39,47,56,75,56,38,47,61,58,47,53,61,47,47,20,37,,66,35,52,13,81,,86,48,49,53,61,45,51,48,44,48,48,46,62,74,58,43,,51,,55,58,75,35,45,27,23,21,19,22,17,21,17,27,27,,30,31,33,53,22,23,28,42,33,40,50,30,50,56,56,55,37,49,31,20,64,62,48,52,,47,45,27,20,36,24,18,36,16,57,46,36,60,46,42,29,50,23,9,35,16,6,69,44,64,64,42,52,51,56,35,24,47,45,67,44,63,77,45,30,39,40,27,28,29,48,11,16,38,8,64,56,45,58,53,36,28,,59,18,14,65,61,48,56,44,57,52,33,61,60,62,54,52,78,38,76,70,7,77,46,5,,26,36,29,26,28,37,20,44,22,44,20,23,29,24,50,56,51,19,38,47,58,33,42,48,56,47,46,42,40,46,,44,62,50,43,26,82,39,19,54,56,60,48,19,23,8,80,71,53,65,46,54,,48,59,74,64,36,81,,47,42,57,72,65,77,,81,86,53,55,40,56,29,63,16,,63,36,42,27,15,22,16,15,30,34,30,,40,,20,64,,25,42,57,52,32,58,38,29,,34,55,46,71,,,70,46,24,29,14,81,49,57,63,46,61,52,34,27,25,24,38,39,32,19,33,46,,55,67,51,50,51,17,80,12,67,45,37,38,44,13,88,33,106,110,11,20,37,65,60,60,36,28,40,21,25,25,32,11,27,,42,50,50,51,31,22,99,66,58,54,43,56,52,77,71,49,6,19,23,33,37,39,51,,58,57,75,82,43,51,48,47,13,23,32,14,43,28,22,54,47,49,47,19,55,50,77,65,45,40,29,21,53,65,59,,54,61,33,66,34,56,52,51,35,45,6,59
20210719,8,O3_24h,81,87,115,92,102,93,94,86,84,99,97,94,,,117,,108,120,125,,107,,71,116,,88,130,,96,94,94,90,71,106,111,,106,85,,91,83,96,100,117,,103,,90,93,79,113,113,119,106,108,120,104,,104,108,108,72,78,81,,68,113,113,,117,128,128,119,125,116,,78,95,76,82,106,,113,98,99,112,102,100,,162,151,,,172,169,153,158,154,163,148,,155,153,165,163,151,,136,110,99,92,106,106,117,125,106,104,91,102,102,99,106,113,119,88,105,100,116,144,143,117,,144,160,139,141,127,142,133,144,107,105,114,104,111,,114,95,109,98,128,123,121,133,124,85,121,140,143,113,,137,127,129,126,118,114,126,110,113,115,113,94,,,,77,90,,95,87,86,,,,190,,163,150,162,162,125,148,,150,169,,,,166,160,,199,174,184,112,122,,132,104,109,96,101,97,110,102,,106,,93,81,,132,151,,155,140,144,,151,154,124,139,78,95,95,,,91,80,94,101,92,79,85,,99,,,153,,152,152,,97,92,97,92,86,94,,107,110,129,128,134,119,112,103,83,85,88,88,89,94,82,82,82,85,81,,83,80,94,67,160,115,106,98,107,93,,102,98,,,100,108,129,108,,113,130,117,144,97,,,84,89,94,94,95,92,81,84,80,83,82,81,,68,85,147,146,153,152,147,126,132,,132,140,89,88,87,87,81,77,75,86,88,81,141,182,,158,135,173,109,147,77,124,112,77,73,78,74,83,113,,52,81,98,102,92,79,85,94,180,160,177,149,,188,169,156,104,126,114,107,132,141,161,120,,,107,113,107,83,76,72,88,88,191,189,212,202,127,135,133,125,114,150,82,128,74,75,72,75,75,121,,118,151,151,213,172,222,170,,,151,170,170,150,156,,169,191,171,162,,,185,143,75,86,101,97,86,86,89,85,89,,102,94,78,93,83,81,125,114,116,121,115,128,97,93,96,91,86,103,103,110,,96,86,95,89,,212,164,191,179,,,,181,180,,,,183,226,123,114,126,120,128,,125,93,88,96,104,78,90,84,76,91,88,91,74,89,84,184,,165,166,185,159,182,178,139,124,184,,109,116,118,113,116,111,124,119,104,106,103,98,103,101,124,121,106,119,,94,,93,105,99,108,143,,146,102,,,117,121,115,126,,91,100,104,,100,101,101,104,112,102,92,96,100,102,,,,112,,111,98,,104,129,124,122,100,101,112,66,78,77,,124,,,161,,146,125,127,105,109,101,109,86,,110,107,107,96,116,100,103,97,116,116,63,96,81,88,80,86,85,75,81,98,,92,113,106,,136,109,,126,127,123,117,123,,134,88,,,89,107,,110,,120,122,125,124,84,88,,86,90,,105,92,,101,,83,81,82,,87,86,88,83,89,,135,153,129,128,121,129,67,142,143,157,132,147,136,101,97,92,89,87,93,102,104,93,98,100,112,105,120,106,115,84,78,78,86,,94,93,73,81,84,98,116,103,107,100,107,126,106,123,,116,113,118,,118,106,117,94,96,,98,96,85,,86,,92,92,102,87,104,100,89,,,,99,,101,,87,87,77,,84,82,89,99,103,,106,,140,132,155,136,144,120,,151,157,163,126,137,155,,100,,,120,99,97,65,,132,115,138,112,76,95,80,88,116,118,110,126,125,118,70,70,152,160,166,145,82,81,80,72,75,,149,170,145,150,92,115,124,87,,,,,247,197,,183,72,80,106,89,83,94,117,108,109,109,116,89,100,104,113,121,,96,102,120,,139,146,,146,158,167,147,146,153,157,162,158,117,121,128,102,,143,157,148,183,196,166,121,112,120,,110,107,133,121,128,112,113,110,110,,83,,97,106,106,102,117,97,85,88,100,,,107,92,126,91,48,93,53,84,,,146,,132,134,138,164,168,160,168,182,123,,149,140,196,204,195,157,163,144,144,115,143,93,85,,92,119,,130,129,85,92,,,87,106,90,95,89,92,90,93,101,,,155,88,87,90,85,,77,122,123,119,127,112,89,,87,89,136,,,134,127,,108,97,117,,116,,211,224,,,91,68,,,168,183,166,,,71,78,119,116,182,184,173,90,90,92,90,80,136,132,124,145,200,192,157,162,76,80,70,75,,192,186,94,,75,74,95,100,115,127,92,86,87,75,85,105,,,110,134,109,125,215,130,131,127,136,93,92,80,97,87,86,89,108,,,185,68,64,68,107,113,,115,147,158,,149,148,148,,125,119,123,118,117,71,85,76,112,118,112,98,88,141,72,91,,90,95,92,87,143,146,,113,,107,,,,92,92,94,90,117,109,,119,,116,129,129,94,96,91,85,89,94,100,121,89,102,99,98,100,113,121,123,106,84,,84,78,65,66,66,71,84,98,94,96,91,82,98,106,101,,82,95,95,89,82,125,117,117,109,128,142,139,141,147,92,,101,102,99,92,87,89,88,86,85,83,92,,72,98,92,,95,94,96,107,,121,114,89,,93,91,71,93,98,116,109,117,116,124,95,90,94,,91,89,98,115,123,,141,140,82,111,109,127,145,136,126,123,141,138,,123,125,108,,122,124,,134,143,135,131,,101,104,114,92,88,126,120,123,119,126,118,98,105,106,108,97,,112,114,124,109,140,165,155,156,143,122,133,116,134,120,69,109,128,104,110,75,63,85,83,80,82,89,75,183,170,163,174,56,68,63,101,112,58,128,127,130,135,140,130,132,124,145,165,185,84,130,122,127,127,107,98,151,154,,160,114,99,115,93,110,106,110,89,114,130,143,139,131,149,,,125,120,120,,115,100,104,102,129,111,,129,107,111,,,,,128,122,115,106,116,153,132,127,,96,109,131,120,122,117,83,74,91,77,83,,,,,101,92,102,93,64,62,91,,85,98,101,108,102,104,87,107,54,61,69,71,87,88,,84,84,68,64,55,62,100,97,64,,74,67,,85,112,,84,81,78,,114,,132,,87,77,133,138,152,133,170,154,158,156,105,127,114,117,,150,150,145,171,159,156,,141,158,151,148,138,140,,136,129,158,155,141,,153,167,158,,148,219,145,158,119,145,222,,243,172,,173,146,146,145,117,115,151,148,141,,127,125,119,158,138,111,124,136,129,,,126,127,133,92,,99,137,129,123,135,108,86,126,94,108,114,96,90,,119,127,198,188,86,170,156,,112,,115,107,185,122,81,83,136,144,131,141,160,122,150,105,,,113,167,103,116,,172,177,216,138,,91,171,,,95,171,162,88,78,96,89,85,92,154,112,187,171,217,92,,120,115,,112,136,105,107,126,159,69,128,78,104,126,98,72,97,102,196,91,81,100,63,92,106,134,91,82,86,87,82,110,150,109,112,152,93,144,150,105,103,115,99,99,141,139,94,144,186,116,86,,96,73,116,92,97,93,102,,96,186,105,116,101,86,130,143,204,113,157,86,101,156,108,89,98,156,122,,94,188,161,178,175,,134,117,106,112,118,104,108,115,103,96,91,119,176,218,155,88,,100,,135,96,96,176,99,83,104,113,136,148,144,142,82,92,94,84,159,225,94,84,97,118,105,125,102,120,122,140,135,122,120,82,138,114,108,115,86,82,87,94,,82,85,95,93,86,208,116,90,79,116,126,96,184,169,112,98,130,176,163,165,115,145,91,121,112,118,94,111,98,99,148,135,94,94,99,89,117,117,155,135,124,129,127,87,128,120,150,112,139,119,133,102,118,98,99,100,98,,117,95,79,179,155,136,163,123,127,86,186,173,152,152,122,113,101,124,96,139,130,137,117,124,,89,89,77,85,86,77,147,102,170,93,108,110,108,82,91,113,107,110,98,88,125,87,110,131,117,111,128,86,96,94,,99,90,94,95,101,110,102,85,137,107,177,157,195,137,137,161,138,138,107,113,109,,116,119,120,123,77,106,162,114,107,113,133,130,187,,144,188,134,123,66,128,143,122,159,,153,141,175,136,121,89,96,66,82,71,69,,110,,145,122,,103,93,127,102,139,138,106,79,,104,141,137,120,,,78,142,100,87,84,108,85,95,81,92,83,106,118,107,96,109,115,119,127,108,80,81,72,84,101,89,89,113,84,133,88,95,113,97,93,88,108,133,128,122,132,91,151,106,79,90,210,170,85,91,164,113,113,127,177,178,,123,110,87,92,214,102,234,86,91,110,121,127,105,239,177,134,144,149,128,135,149,109,112,,72,120,93,135,124,108,101,123,89,79,90,72,78,130,76,100,114,182,209,80,106,112,86,103,88,86,89,72,159,168,126,123,97,93,115,97,106,93,166,146,108,61,81,124
20210719,8,O3_8h,34,26,46,38,47,35,32,48,26,32,33,29,,,44,,41,49,35,,37,,34,69,,52,53,,10,28,21,24,25,38,96,,48,42,,42,38,84,52,80,,18,,65,71,59,46,33,50,44,32,47,32,,48,63,20,19,17,25,,7,30,34,,28,70,62,53,37,38,,69,72,65,68,34,,43,32,44,36,39,21,,54,62,,,48,51,36,58,31,12,28,,13,40,35,36,36,,52,78,77,,79,84,88,68,61,73,61,56,58,48,41,64,25,36,33,42,35,51,43,43,,44,40,37,30,40,37,28,29,55,51,53,49,52,,58,40,54,53,44,49,54,51,55,,39,56,53,49,,60,66,55,55,56,54,55,49,49,46,49,57,,,,35,42,,50,46,40,,,,31,,52,52,56,58,48,52,,47,46,,,,55,38,,31,14,27,51,51,,54,52,57,54,49,52,74,63,,55,,61,53,,51,43,,37,24,27,,28,45,52,18,31,58,53,,,45,52,59,37,45,38,25,,51,,,37,,46,49,,36,64,54,34,35,30,,55,54,40,43,45,17,31,5,31,26,28,32,37,30,30,12,34,40,70,,41,57,49,43,21,47,55,16,16,22,,16,14,,,18,64,40,42,,57,55,66,59,74,,,64,66,77,72,73,31,46,48,44,52,42,44,,40,58,53,45,51,46,34,57,28,,42,66,31,33,19,21,27,20,25,31,16,22,24,30,,24,16,25,38,26,28,18,19,34,30,28,26,24,30,,,42,41,28,34,41,30,32,22,22,21,16,,15,16,3,26,23,28,29,25,24,26,23,,,31,24,20,31,35,30,43,38,26,31,40,33,17,23,26,21,26,23,,15,10,42,31,40,42,74,,34,62,63,76,79,74,62,,,75,67,64,50,64,,25,38,42,32,,,59,94,6,9,4,6,7,3,2,14,5,,44,60,58,63,67,64,62,63,56,65,58,64,59,50,22,58,52,68,62,39,,51,39,44,37,,66,115,41,64,,,,48,111,,,,67,81,18,3,5,9,15,,18,24,29,30,31,13,40,18,30,33,43,38,8,16,18,47,,54,26,53,39,80,76,,,63,,68,70,55,34,22,25,18,76,64,71,80,72,73,70,56,56,48,62,,44,,51,64,60,39,50,,52,42,,,47,42,45,42,,44,52,43,,58,66,56,46,76,59,61,65,58,45,,,,58,,45,46,,56,68,81,61,74,77,86,51,64,49,,52,,,47,,46,38,33,62,66,60,64,66,,31,29,31,38,7,41,45,36,34,14,,22,34,49,42,43,7,23,22,37,,37,36,38,,67,66,,57,59,53,49,40,,11,31,,,50,58,,16,,48,41,43,45,61,63,,58,64,,56,54,,56,,64,45,65,,72,68,54,50,58,,40,32,62,48,33,50,14,31,43,43,27,36,28,33,15,15,32,29,7,50,72,61,51,57,31,27,18,24,31,34,63,64,67,,72,18,16,18,17,16,86,84,81,85,84,34,31,32,,44,41,50,,59,38,28,38,34,,28,43,81,,54,,58,55,61,55,65,66,62,,,,46,,48,,76,70,,,65,58,60,49,36,,37,,38,31,35,22,68,63,,36,21,28,38,69,20,,83,,,68,50,49,23,,18,26,22,33,30,69,67,38,63,56,48,46,61,33,21,10,93,99,97,86,12,4,6,,10,,40,41,23,16,11,26,18,22,,,,,86,82,,62,58,65,75,62,56,61,19,27,8,5,13,41,44,49,61,59,,53,56,45,,12,23,,36,68,60,77,78,92,79,84,89,51,62,70,62,,55,46,94,68,85,72,,94,86,,76,27,115,98,106,52,50,54,54,,60,,,75,75,42,52,47,,,,,,51,36,67,,,65,,68,,,56,,60,52,55,47,46,46,47,54,51,,35,35,51,52,48,51,58,52,56,52,45,56,47,,33,44,,43,49,12,13,,,26,47,42,45,48,63,60,60,69,,,33,56,54,60,57,,58,48,30,56,51,37,60,,52,52,61,,,61,49,,68,49,26,,26,,110,100,,,60,45,,,61,99,59,,,52,47,52,52,143,150,153,55,67,64,72,47,86,78,57,69,43,29,30,29,42,47,34,30,,61,61,28,,31,24,12,11,83,92,55,54,31,35,31,31,,,12,35,24,29,25,12,20,12,20,16,12,15,20,42,6,29,17,,,44,30,27,29,47,58,,37,62,52,,42,54,46,,55,59,68,60,66,53,63,62,15,19,12,4,8,28,14,38,,19,12,15,19,35,32,,52,,55,,,,50,64,56,55,70,64,,21,,47,33,41,64,61,61,62,47,23,38,9,63,74,54,50,55,7,8,15,13,29,,32,6,14,18,18,8,16,40,31,40,23,14,29,30,30,,14,27,27,17,12,36,33,37,39,37,48,56,52,44,32,,22,28,30,4,31,33,28,41,24,22,23,,49,59,60,,68,67,65,56,,51,45,68,,75,60,,64,65,65,60,67,61,72,42,42,47,,52,56,64,22,47,,38,52,,23,23,29,48,50,43,44,46,37,,58,67,49,,62,68,,55,62,37,35,,58,59,53,36,36,20,27,27,42,38,39,11,42,28,32,33,,30,28,22,30,14,25,27,22,16,16,33,14,23,30,29,15,29,14,20,8,14,20,8,10,3,8,7,46,31,43,37,26,14,32,26,21,25,39,38,41,51,59,66,59,24,15,55,58,,53,35,30,23,30,37,42,32,,47,18,18,30,11,41,39,40,28,24,27,33,34,47,27,,,72,69,72,,67,35,51,44,58,42,,20,22,24,,,,,58,49,42,35,38,44,36,39,,7,76,67,78,69,60,23,38,26,40,24,,,,,29,26,41,34,49,40,18,,6,62,64,58,35,84,74,87,27,15,45,51,46,47,,44,39,38,35,19,15,45,73,24,,41,31,,66,42,,43,44,58,,65,,101,,21,17,31,26,15,18,77,76,76,80,34,28,18,34,,83,71,71,54,69,42,,80,92,48,58,82,91,,96,89,64,74,41,,60,60,60,,55,104,75,90,49,115,91,,98,70,,80,69,86,83,61,57,85,82,79,,26,60,46,92,94,70,64,72,71,,,41,27,30,44,,56,23,33,18,18,48,66,24,48,56,48,37,59,,28,23,38,28,51,51,52,,64,,56,38,56,14,18,18,83,51,67,42,24,64,48,46,,,40,14,55,48,,70,87,65,55,,57,40,,,65,42,43,58,37,53,63,62,56,42,57,66,91,85,52,,40,50,,18,69,29,41,100,59,48,61,39,46,25,8,51,40,68,32,36,49,44,49,44,42,45,30,14,23,26,29,58,16,48,100,54,71,64,58,86,90,84,64,44,50,45,33,54,32,69,72,,46,20,46,49,70,26,28,,16,46,57,49,44,56,96,72,33,30,40,65,29,44,66,41,43,13,21,,28,24,66,35,96,,91,56,55,56,69,42,49,47,51,45,49,44,44,108,53,54,,52,,58,57,69,34,50,27,30,20,17,24,24,26,30,32,35,44,25,26,37,49,26,42,31,52,24,59,38,47,55,40,65,61,35,67,18,10,75,72,60,70,,50,55,7,13,22,18,30,44,24,66,44,37,71,64,54,25,62,37,46,60,40,30,72,33,61,55,42,47,44,54,57,44,48,41,53,44,56,53,55,45,37,50,32,44,31,54,12,14,41,12,46,49,46,54,48,40,19,,63,23,12,46,40,54,67,51,54,55,32,57,57,59,53,43,62,40,80,85,5,87,41,33,,6,61,28,32,31,42,20,40,24,46,26,25,27,24,54,62,47,20,37,38,64,27,20,37,62,54,23,57,43,62,,66,74,64,55,9,92,15,31,48,23,48,60,47,34,20,101,93,53,44,44,53,,38,61,77,60,63,79,66,35,37,49,56,49,73,,82,94,50,54,40,50,24,55,8,,57,51,42,30,20,38,16,15,22,34,26,,45,,43,53,,24,36,62,57,36,60,40,40,,39,39,38,52,,,70,59,16,26,10,44,26,54,35,61,67,48,29,20,7,16,20,23,18,6,45,57,,64,63,57,63,55,19,65,27,67,49,36,49,49,36,97,19,96,106,26,28,41,47,58,104,40,29,63,24,29,27,24,41,30,,46,55,61,60,32,35,84,68,52,42,40,56,51,94,82,49,16,26,31,24,33,40,61,,56,66,75,84,53,65,64,51,9,13,34,19,33,41,26,49,68,49,21,30,73,31,40,46,43,37,28,5,56,25,72,,64,58,20,64,23,64,57,48,46,53,3,43
20210719,8,O3_8h_24h,34,34,50,38,60,36,33,48,41,34,34,30,,,72,,71,75,57,,76,,48,73,,68,69,,22,32,21,30,29,53,111,,48,42,,42,38,92,52,80,,18,,84,82,71,66,53,56,58,38,63,54,,67,68,28,35,17,47,,10,30,34,,28,80,71,62,61,56,,78,81,75,76,45,,61,57,68,47,71,28,,54,63,,,48,52,56,63,31,12,28,,15,42,37,36,41,,52,78,86,94,84,88,90,84,61,79,61,63,66,56,44,73,25,36,34,48,35,62,47,51,,65,66,58,52,49,56,31,46,62,61,66,55,67,,66,48,64,63,52,62,74,60,66,,41,66,62,58,,66,72,62,62,63,64,74,66,69,59,67,57,,,,41,49,,56,52,50,,,,46,,60,57,68,66,54,57,,55,58,,,,72,44,,45,23,34,64,66,,68,57,62,59,53,60,80,70,,59,,67,60,,58,43,,37,24,38,,33,49,60,20,54,74,63,,,61,66,72,59,70,61,40,,57,,,48,,53,50,,44,83,71,44,39,39,,71,72,46,50,57,23,49,6,36,35,28,41,37,32,32,26,34,43,72,,53,61,55,46,22,62,62,24,16,22,,16,14,,,18,86,66,52,,85,72,92,79,79,,,71,78,87,77,79,31,54,56,49,60,50,55,,50,64,77,52,68,74,82,72,47,,62,79,45,33,20,21,35,47,38,35,16,22,25,31,,28,24,43,43,27,40,18,19,34,32,30,29,27,32,,50,42,42,30,35,41,32,32,22,22,21,24,,27,16,3,26,24,29,30,27,26,28,24,,,38,33,29,35,39,35,46,42,56,44,67,57,38,42,40,38,42,39,64,22,20,46,34,42,43,102,,34,66,63,80,82,79,62,,,77,69,64,52,68,,45,65,85,42,,,81,112,6,10,4,6,8,3,4,14,5,,45,60,58,63,67,65,70,74,74,72,71,82,76,61,28,77,68,91,81,64,,86,41,48,41,,108,148,90,88,,,,62,141,,,,67,81,21,3,6,9,18,,52,33,37,47,46,26,53,32,41,50,55,45,12,42,18,56,,56,28,79,39,86,81,128,112,63,,74,79,76,62,44,51,24,114,103,96,80,72,73,70,62,59,58,62,,48,,60,74,65,53,65,,70,43,,,56,48,57,58,,50,66,50,,60,74,64,52,80,62,70,73,70,45,,,,58,,59,64,,72,72,88,65,82,78,86,57,66,49,,56,,,49,,49,38,33,72,78,74,75,76,,40,35,37,47,12,54,45,38,41,18,55,22,35,51,47,47,7,25,27,56,,58,39,54,,74,74,,60,64,56,53,66,,37,40,,,51,59,,16,,70,58,62,68,64,64,,59,65,,70,70,,76,,74,61,70,,80,72,66,61,67,,40,32,62,56,33,50,14,31,43,43,27,40,28,36,15,15,42,32,7,50,75,61,51,57,31,27,18,24,31,34,67,64,67,,72,18,18,18,21,16,107,86,92,92,98,34,31,32,,46,43,59,,83,51,41,49,37,,28,66,85,,64,,69,66,72,65,75,82,78,,,,54,,50,,86,82,74,,67,61,62,55,40,,45,,73,63,48,47,101,81,,45,31,36,45,69,22,,84,,,83,55,61,29,,34,34,37,34,33,80,71,66,65,56,50,54,65,48,21,14,106,104,106,100,21,5,9,,10,,68,63,59,18,15,55,34,51,,,,,117,87,,68,58,65,75,62,56,61,24,46,19,5,31,44,44,52,72,64,,76,67,66,,43,73,,86,82,84,87,85,96,88,89,94,62,70,84,69,,58,59,94,68,94,95,112,96,93,,76,42,123,101,108,58,58,67,67,,65,,91,77,77,57,68,62,70,62,82,,,58,38,78,77,52,83,42,82,,,60,,66,57,63,47,48,46,47,54,52,,51,48,51,52,48,66,74,80,79,61,59,66,57,,52,64,,55,62,14,13,,,32,47,51,45,48,75,71,72,80,,,54,68,64,69,67,,59,75,72,69,78,55,66,,60,61,75,,,76,74,,76,61,54,,62,,161,136,,,61,51,,,64,114,72,,,61,61,75,70,161,163,165,55,67,64,72,47,88,80,61,70,43,29,30,29,49,55,38,36,,75,74,28,,31,24,12,11,108,123,62,62,39,44,36,59,,,12,35,24,29,25,12,22,15,20,16,12,15,20,43,7,39,18,,,45,47,46,46,65,73,,37,77,64,,42,62,50,,65,76,77,70,70,69,73,72,15,19,13,4,9,30,17,45,,19,24,27,19,71,67,,54,,72,,,,61,78,68,62,81,74,,21,,47,33,41,67,64,69,65,55,23,38,13,64,75,70,70,68,7,8,34,16,32,,54,6,22,24,22,16,16,46,42,47,33,14,36,30,35,,26,41,42,23,16,46,51,51,56,62,50,61,56,46,38,,29,35,38,4,39,44,33,50,37,42,43,,55,66,65,,81,83,76,89,,75,62,89,,93,71,54,74,80,78,74,82,78,85,46,49,53,,76,68,84,30,52,,39,53,85,23,30,35,60,57,51,52,50,41,,70,77,55,,70,76,,61,74,49,44,,58,59,53,53,51,36,48,43,54,51,56,18,54,41,46,52,,42,39,34,41,40,42,42,34,26,19,54,17,41,53,42,15,29,14,20,10,31,38,16,19,5,15,12,61,72,61,62,30,30,49,32,28,51,43,41,48,62,73,87,83,29,25,63,68,74,76,61,54,43,41,46,67,61,,75,18,21,47,12,74,68,68,46,38,47,54,56,71,74,,,72,72,72,,68,61,75,70,74,66,,20,22,38,,,,,84,85,76,61,64,64,51,55,,7,77,78,88,82,82,35,46,33,51,34,,,,,29,26,67,57,54,51,25,,11,85,83,80,54,91,74,95,29,22,46,51,52,52,,54,39,46,41,21,20,75,85,26,,56,41,,67,52,,55,53,58,,75,,116,,28,22,37,55,25,46,94,94,95,96,50,32,29,38,,96,100,81,124,106,67,,88,109,89,106,82,91,,99,91,80,90,50,,88,84,84,,62,122,90,134,64,119,119,,130,83,,92,81,96,100,70,58,85,82,86,,26,79,70,105,104,89,70,80,76,,,44,43,30,47,,57,23,33,41,53,53,66,26,68,74,75,51,66,,69,23,53,40,68,51,55,,76,,56,40,69,18,23,37,83,55,82,42,26,64,51,81,,,40,45,59,78,,70,98,65,61,,64,51,,,69,50,48,63,45,62,66,65,56,50,68,67,91,87,73,,70,69,,35,78,56,60,106,74,61,67,47,55,35,17,54,60,84,68,52,61,50,53,50,44,67,33,19,38,33,35,73,16,63,102,57,93,77,76,87,91,90,82,44,64,46,39,84,49,81,83,,54,28,48,52,72,51,54,,32,98,76,70,65,62,114,102,46,30,78,68,29,69,68,49,43,23,21,,31,51,86,44,120,,92,69,64,62,76,51,58,57,58,51,71,52,44,142,57,62,,56,,66,69,74,51,63,44,42,21,23,34,26,35,32,34,38,47,25,49,39,57,27,53,36,58,24,68,38,62,69,40,82,69,76,81,19,12,82,79,84,94,,60,62,7,13,23,33,38,60,42,69,49,40,93,68,67,30,86,52,75,78,67,59,77,57,65,70,54,56,57,66,72,64,50,42,54,47,65,60,80,68,42,53,48,78,44,62,18,16,46,32,46,58,52,58,55,43,24,,66,31,20,52,56,80,101,60,59,63,50,64,79,81,60,60,65,54,90,111,6,88,41,64,,12,69,46,40,32,46,22,42,44,48,28,26,37,29,77,76,64,26,43,52,74,30,20,37,76,58,23,67,46,68,,80,86,76,67,9,106,15,58,48,23,58,78,84,48,32,116,97,56,50,61,74,,56,68,84,61,75,86,68,35,45,60,64,72,77,,91,125,50,54,47,55,29,64,10,,89,74,45,44,30,56,24,28,23,40,29,,63,,54,65,,36,36,63,58,60,76,55,57,,66,52,57,55,,,70,90,16,32,13,44,26,54,35,78,71,76,33,22,8,20,33,41,18,6,49,66,67,74,63,62,82,64,28,65,33,71,54,38,53,56,46,103,19,96,106,60,53,46,58,68,155,44,29,71,28,34,37,45,68,40,,51,68,71,70,47,61,108,74,65,47,46,67,53,132,102,57,73,44,45,34,36,50,78,,58,70,76,96,68,69,75,73,9,13,34,27,40,71,31,58,86,53,21,45,89,46,40,46,75,56,28,6,89,25,94,,74,58,37,64,32,77,68,66,57,54,3,54
20210719,8,CO,0.5,0.5,0.7,0.7,0.6,0.7,0.6,0.4,0.5,0.5,0.5,0.5,,,0.6,,0.7,0.8,0.4,,0.7,,0.5,0.6,,0.7,0.6,,1,0.7,0.5,1,0.8,0.5,0.8,,1.9,2,,1.9,1.6,0.3,0.2,0.4,,0.3,,0.5,0.6,0.5,0.2,0.5,0.3,0.1,0.2,0.2,0.3,,0.5,0.7,0.1,0.7,0.7,0.9,,,0.5,0.2,,0.4,0.5,0.4,0.4,0.3,0.6,,,0.4,0.2,0.3,0.6,,0.5,1.5,0.5,0.8,0.5,0.6,,0.6,0.6,,,0.8,0.6,0.6,0.5,1.4,0.9,0.5,,1,0.6,0.4,0.4,0.5,,0.5,0.7,1.3,,0.5,0.4,0.5,0.5,0.4,0.6,0.6,0.9,0.8,0.9,0.7,0.8,0.5,0.5,0.6,0.6,0.6,0.4,0.8,0.4,,0.6,0.8,0.6,0.9,0.4,0.6,0.3,0.4,0.5,0.5,0.3,0.4,0.5,,0.4,0.3,0.4,0.2,0.3,0.5,0.2,0.2,0.7,0.5,0.4,0.5,0.4,0.2,,0.4,0.5,0.3,0.2,0.3,0.6,0.4,0.3,0.4,0.5,0.5,0.5,,,,0.6,0.4,,0.5,0.4,0.3,,,,0.6,,0.5,0.3,0.4,0.4,0.4,0.3,,0.3,1.4,,,,0.6,0.5,,0.6,0.8,0.7,0.5,0.8,,0.4,0.3,0.4,0.2,0.3,,0.6,0.4,,0.3,,0.4,0.5,,0.4,0.4,,0.6,0.3,0.9,,0.6,0.4,0.4,0.3,0.7,0.7,0.4,,,0.4,0.5,0.5,0.5,0.4,0.5,0.5,,0.8,,,0.5,,0.7,0.6,,0.4,0.4,0.2,0.3,0.4,0.5,,0.4,0.4,0.4,0.3,0.5,0.5,0.4,0.5,0.7,0.7,0.7,0.8,0.7,0.7,0.7,0.7,0.3,0.7,0.4,,0.7,0.9,0.6,0.5,0.3,0.5,0.2,1,0.8,0.8,,1,0.7,,,0.7,0.7,0.5,1.1,,0.8,0.8,0.6,0.4,0.3,,,0.1,0.3,0.4,,0.1,0.4,0.6,0.4,0.5,0.5,0.5,0.5,,0.6,0.5,0.8,0.8,0.6,1,0.9,0.7,0.8,,1,0.4,0.8,0.7,0.7,0.8,0.7,0.7,0.5,0.6,0.6,0.4,0.5,0.6,,0.4,0.4,0.6,0.6,0.6,0.5,0.6,0.4,0.4,0.6,0.6,0.5,0.4,0.5,,,0.4,0.4,0.5,0.5,0.6,0.4,0.5,0.3,0.4,0.3,0.5,,0.5,0.4,0.5,0.6,0.5,0.6,0.4,0.5,0.6,0.5,0.5,,,0.7,0.6,0.7,0.5,0.6,0.5,0.7,0.6,0.5,0.5,0.4,0.4,0.6,0.7,0.6,0.6,0.4,0.8,,0.5,0.4,0.4,0.5,0.5,0.4,0.5,,0.5,0.7,0.5,0.7,0.8,0.3,0.4,,,0.8,0.6,0.8,0.2,0.6,,0.5,0.6,0.7,0.7,,,0.7,0.3,0.4,0.5,0.7,0.7,0.7,0.6,0.7,0.6,0.9,,0.4,0.2,0.3,0.3,0.2,0.4,0.3,0.4,0.3,0.5,0.4,0.3,0.4,0.8,0.8,0.7,0.7,0.5,0.7,0.5,,0.8,0.9,0.7,0.8,,1,0.6,0.5,0.7,,,,0.8,0.4,,,,0.4,0.6,0.6,0.4,1,0.4,0.9,,1.2,0.8,0.8,0.8,0.7,0.9,1,0.9,0.7,1.1,0.7,0.5,0.7,0.9,0.8,0.9,,0.5,1,0.9,0.7,0.8,0.7,,,0.7,,0.5,0.9,0.4,0.4,0.4,0.3,0.7,0.7,0.6,0.6,0.5,0.6,0.4,0.5,0.3,0.3,0.3,0.3,,0.9,,0.5,0.8,0.4,1.1,0.6,,0.7,0.6,,,0.7,0.9,0.8,0.6,,0.3,0.6,0.4,,0.3,0.2,0.2,0.4,0.3,0.3,0.2,0.2,0.2,0.4,,,,0.3,,0.3,0.7,,0.3,0.8,0.5,0.9,0.4,0.2,0.3,0.4,0.4,0.4,,0.5,,,0.8,,0.7,0.6,0.6,0.4,0.6,0.4,0.3,0.3,,0.6,0.4,0.7,0.5,0.5,0.5,0.6,0.7,0.7,1.2,,0.7,0.6,0.3,0.5,0.5,0.8,0.8,0.9,0.5,,0.7,0.5,0.5,,0.6,0.6,,0.5,0.6,0.7,0.8,0.7,,0.7,0.5,,,0.5,0.5,,0.8,,0.9,0.5,0.7,0.7,0.8,0.5,,0.7,0.8,,0.6,0.7,,0.8,,1.1,0.8,0.8,,0.9,1,0.4,0.3,0.3,,0.4,0.6,0.5,0.8,1.2,0.3,0.2,0.5,0.7,0.4,0.8,0.3,1.3,0.3,0.7,3.7,0.6,0.6,0.8,0.8,0.6,0.5,0.7,0.6,0.8,0.6,0.7,0.8,0.7,0.5,0.5,0.5,0.2,,0.1,0.4,0.3,0.3,0.3,0.3,0.5,0.4,0.6,0.4,0.5,0.6,0.7,0.6,,0.7,0.6,0.7,,0.4,0.7,0.5,0.6,0.8,,0.6,0.4,0.3,,0.7,,0.8,0.4,0.4,0.4,0.5,0.8,0.5,,,,0.5,,0.5,,0.5,0.7,,,0.6,0.6,0.6,0.6,0.6,,0.6,,0.4,0.6,0.5,0.6,0.7,0.9,,0.9,0.7,0.6,0.8,0.7,0.6,,0.7,,,0.8,0.4,0.3,0.6,,0.7,0.7,0.8,0.7,0.8,0.5,0.6,0.8,0.6,0.7,0.8,1.1,0.9,0.8,0.4,0.3,0.5,0.6,0.8,0.5,0.7,0.9,0.9,0.6,0.8,,1.2,2.6,3.1,0.6,0.6,0.7,0.9,0.8,,,,,0.4,0.4,,0.5,0.5,0.5,0.3,0.3,0.4,0.3,0.7,0.5,0.8,0.6,0.5,0.6,0.5,0.9,0.7,0.9,,0.6,0.5,0.9,,0.6,0.6,,0.8,0.8,0.7,0.7,1,0.9,0.6,0.6,0.7,0.7,0.8,0.8,0.8,,0.6,0.8,0.4,0.4,0.4,0.4,,0.7,0.5,,0.5,0.4,0.3,0.4,0.3,0.3,0.6,0.1,0.1,,0.5,,,0.3,0.3,0.2,0.2,0.4,,,,,,0.4,0.4,0.4,,,0.7,,0.6,,,0.7,,0.7,0.3,0.7,0.5,0.4,0.6,0.5,0.8,0.3,,0.6,0.7,0.7,0.6,0.5,0.4,0.4,0.3,0.3,0.7,0.6,0.1,0.4,,0.6,0.4,,0.4,0.4,0.5,0.7,,,0.6,0.5,0.5,0.5,0.4,0.5,0.8,0.8,0.5,,,0.5,0.8,0.9,0.8,0.6,,0.7,0.7,0.4,0.7,0.7,0.5,0.4,,0.4,0.7,1.1,,,1.1,1.1,,0.6,0.6,0.5,,0.6,,1.2,1.2,,,,0.4,,,0.7,0.6,0.5,,,0.2,0.3,0.3,0.2,0.5,0.4,0.4,0.5,0.5,0.5,0.6,0.7,0.4,0.3,0.4,0.5,1.1,0.7,0.9,1,0.5,0.3,0.7,0.5,,0.4,0.5,0.4,,0.5,0.7,0.5,0.6,0.5,0.3,0.5,0.5,0.4,0.5,0.4,0.5,,,0.5,0.8,0.8,0.6,0.5,1.4,0.7,1.9,0.6,1.4,1.6,0.5,0.6,0.5,0.7,0.7,0.6,,,0.5,1.3,0.6,0.6,0.4,0.3,,0.8,0.5,0.5,,0.6,0.6,0.5,,0.4,0.7,0.6,0.6,0.6,0.5,0.6,0.5,0.8,0.5,0.6,0.7,0.7,0.5,0.6,0.8,,0.4,0.4,0.3,,0.9,0.7,,0.7,,0.5,,,,0.7,0.8,0.9,0.7,0.5,0.7,,0.7,,0.5,0.5,0.5,0.4,0.6,0.5,0.6,0.3,0.6,0.4,0.8,0.4,0.2,0.6,0.6,0.4,0.5,0.7,0.6,0.6,0.4,,0.6,0.4,0.7,0.3,0.6,0.7,0.3,1,1.2,0.5,1.3,0.3,0.4,0.7,0.8,,0.5,0.6,0.7,0.4,0.6,1.1,0.9,0.6,1,1.4,0.5,0.7,0.7,0.5,0.5,,0.6,0.8,0.5,0.6,0.8,0.5,0.7,0.7,0.5,0.9,0.8,,0.3,0.5,0.3,,0.4,0.4,0.5,0.6,,0.6,0.6,0.6,,0.6,0.6,,0.7,0.7,0.9,1,0.8,0.7,0.7,0.7,0.6,0.6,,0.7,0.4,0.7,1.5,0.7,,1.2,0.9,,0.8,1,0.8,0.6,0.9,0.8,0.7,1,1,,0.6,0.8,0.5,,1.2,1.1,,0.6,0.4,0.5,0.5,,0.9,0.7,0.9,0.8,1.1,1,0.6,0.6,0.8,0.4,0.6,0.4,0.6,0.6,0.6,0.6,,0.6,0.9,1.1,1.5,0.7,0.6,0.7,0.6,0.8,0.7,0.5,0.7,0.5,0.7,1.3,0.9,0.8,0.8,1.3,1.3,0.4,0.5,1.7,0.6,0.5,0.5,0.5,0.9,0.8,1,0.8,0.5,1,0.5,0.8,0.7,0.6,0.7,0.9,0.7,0.8,0.6,0.7,0.7,0.7,0.7,0.5,0.6,,0.7,0.9,0.9,0.9,0.6,0.5,0.5,0.4,,0.5,0.4,0.4,0.3,0.3,0.6,0.5,0.4,0.6,1.1,0.6,0.7,0.7,0.3,0.6,,,0.3,0.3,0.6,,0.5,0.5,0.4,0.4,0.4,0.6,,0.2,0.5,0.3,,,,,0.6,0.6,0.7,0.8,0.8,0.3,0.2,0.4,,0.4,0.5,0.5,0.4,0.6,0.8,0.3,0.6,1.5,0.8,1,,,,,0.3,0.4,0.6,0.5,0.6,0.8,0.4,,0.4,0.6,0.4,0.6,0.6,0.9,0.8,0.6,0.5,0.6,0.7,0.6,0.7,0.6,,0.4,0.4,0.4,0.4,0.3,0.3,0.8,0.6,0.5,,0.3,0.7,,0.7,0.6,,0.5,0.2,0.5,,0.6,,0.3,,0.6,0.6,0.5,1.4,2,1.2,0.6,0.6,0.5,0.6,0.5,0.7,0.6,0.6,,1.2,1.3,0.2,0.5,0.7,0.6,,0.2,0.3,0.3,0.5,0.2,0.2,,0.8,0.9,0.4,0.2,0.6,,0.5,0.3,0.2,,0.5,0.7,0.7,0.5,0.5,0.3,0.5,,0.4,0.4,,0.5,0.4,0.5,0.4,0.9,0.7,0.1,0.2,0.2,,0.6,0.1,0.3,0.2,0.4,0.2,0.5,0.5,0.3,,,0.6,0.9,0.7,0.9,,0.3,0.5,0.5,0.6,2.1,0.3,0.5,0.6,0.9,0.5,0.8,0.9,0.6,,0.6,0.6,0.5,0.7,0.5,0.5,0.5,,0.5,,0.3,0.8,0.8,0.5,0.6,1.2,0.1,0.4,0.6,0.5,1.1,0.3,0.5,0.4,,,0.3,0.5,0.3,0.5,,0.8,0.6,0.6,0.8,,0.5,0.5,,,0.2,0.4,0.3,0.6,0.4,0.6,0.3,0.2,0.5,0.9,0.6,0.6,0.3,0.3,0.9,,0.6,0.7,,0.4,0.6,0.4,0.5,0.2,0.5,0.4,0.6,0.4,0.7,0.5,0.6,0.5,0.8,0.3,1,0.4,0.4,0.6,0.4,0.9,0.3,0.7,0.8,0.5,0.6,0.5,0.4,0.7,0.5,0.4,0.3,0.6,0.6,0.6,0.7,0.6,0.7,0.7,0.6,0.6,0.6,0.9,0.5,0.7,0.5,0.7,0.8,,0.6,0.5,0.3,0.5,0.7,0.8,0.7,,0.5,0.6,0.3,0.5,0.4,0.4,0.4,0.6,0.6,0.9,0.5,0.6,0.4,0.7,0.6,0.4,0.6,0.6,0.8,,0.6,0.7,0.6,0.7,0.6,,0.2,0.4,0.4,0.3,0.5,0.3,0.5,0.3,0.4,0.6,0.4,0.6,0.8,0.9,0.4,0.3,,0.6,,0.5,0.6,0.6,0.7,0.5,0.6,0.7,0.7,0.8,0.6,0.7,0.6,0.4,0.6,0.5,,0.6,0.6,0.4,0.5,0.7,0.7,0.9,0.7,0.2,0.5,0.6,1.2,0.4,0.6,0.4,0.6,0.9,0.5,0.8,1,0.4,0.5,0.6,0.5,,0.4,0.7,0.8,0.7,0.8,0.6,0.5,0.6,0.7,0.5,0.6,0.4,0.4,0.5,0.3,0.6,0.6,0.7,0.5,0.5,0.7,1.2,0.2,0.6,0.2,0.4,0.2,0.3,0.6,0.5,0.7,0.7,0.5,0.2,0.4,0.8,0.6,0.6,0.2,0.6,0.7,0.7,0.6,0.6,0.4,0.6,0.7,0.8,0.9,0.8,0.4,0.3,0.4,0.4,0.3,0.3,0.5,,0.5,0.8,0.4,0.9,0.4,0.5,0.6,0.4,0.6,0.3,,0.4,0.5,0.4,0.2,0.5,0.3,0.4,0.5,0.3,0.5,0.5,0.3,0.6,,0.5,0.5,0.7,,0.3,0.5,0.5,0.8,0.7,0.3,0.5,0.4,0.7,1.4,0.7,0.5,0.3,0.9,0.8,0.8,0.4,0.6,0.6,0.6,0.6,0.7,0.4,0.4,0.5,0.4,,0.2,0.5,0.5,0.6,3.5,0.7,0.5,0.4,0.4,0.5,0.4,0.7,0.5,0.4,0.9,0.6,0.4,1.1,0.7,0.8,0.6,,0.6,1.1,0.4,0.8,0.4,0.2,0.8,0.8,0.8,0.5,0.6,0.5,0.2,,0.5,0.9,0.7,0.7,0.6,0.5,0.5,0.3,0.5,,0.6,0.6,0.6,0.9,0.6,0.5,0.6,0.5,0.5,0.5,0.4,,0.5,,0.6,0.7,,1.4,0.5,0.2,0.4,0.6,0.6,0.5,0.4,,0.5,0.6,0.7,0.5,,,0.9,0.7,0.5,0.4,0.7,0.4,1.4,1.6,1.7,0.5,0.8,0.3,0.3,0.2,0.5,0.4,0.4,0.4,0.3,0.4,0.6,0.6,,0.7,0.6,0.3,0.8,0.6,0.7,1.1,0.8,0.3,0.7,0.7,0.4,0.8,0.7,0.3,0.9,0.1,0.4,0.6,0.7,0.8,0.8,0.4,1,0.6,0.5,0.5,0.5,0.5,0.5,0.8,1.4,2.1,,0.6,0.3,0.6,0.7,0.6,0.6,0.4,0.5,0.1,0.6,0.6,0.4,0.4,0.6,0.6,0.9,0.8,0.8,1.3,0.6,0.5,0.3,0.4,,0.6,0.7,0.2,0.4,1.1,0.7,0.5,1.1,0.5,0.5,0.6,0.4,0.5,0.8,0.6,0.6,0.8,1.2,1.4,0.5,0.4,0.7,1.3,1.3,0.5,0.6,0.6,0.6,0.7,0.5,0.2,0.4,0.5,,0.4,0.2,0.4,0.4,0.4,0.5,0.7,0.4,0.8,0.5
20210719,8,CO_24h,0.6,0.5,0.7,0.7,0.7,0.7,0.6,0.6,0.5,0.6,0.6,0.5,,,0.9,,0.9,0.8,0.6,,1,,0.4,0.5,,0.6,0.5,,0.6,0.6,0.5,0.7,0.6,0.4,0.5,,0.8,0.7,,0.8,0.5,0.3,0.2,0.4,,0.3,,0.4,0.4,0.4,0.1,0.4,0.3,0.1,0.1,0.1,0.2,,0.4,0.3,0.1,0.6,0.7,0.8,,0.7,0.6,0.3,,0.5,0.3,0.2,0.2,0.1,0.5,,,0.4,0.2,0.3,0.7,,0.5,0.6,0.5,0.6,0.4,0.6,,0.5,0.5,,,0.4,0.5,0.4,0.4,0.9,0.7,0.8,,0.7,0.8,0.7,0.7,0.8,,0.7,0.7,0.6,0.5,0.6,0.4,0.5,0.5,0.5,0.6,0.6,0.6,0.5,0.7,0.5,0.6,0.4,0.4,0.4,0.4,0.5,0.3,0.7,0.5,,0.5,0.6,0.4,0.6,0.4,0.5,0.3,0.4,0.4,0.5,0.3,0.4,0.5,,0.4,0.3,0.4,0.2,0.4,0.6,0.2,0.3,0.8,0.5,0.5,0.7,0.4,0.2,,0.3,0.5,0.3,0.2,0.3,0.5,0.4,0.3,0.4,0.5,0.5,0.3,,,,0.5,0.4,,0.5,0.4,0.3,,,,0.6,,0.4,0.2,0.4,0.4,0.4,0.3,,0.3,0.6,,,,0.6,0.6,,0.5,0.8,0.7,0.4,0.3,,0.2,0.2,0.3,0.1,0.2,,0.5,0.3,,0.3,,0.4,0.5,,0.4,0.4,,0.6,0.3,0.7,,0.5,0.4,0.4,0.3,0.4,0.6,0.4,,,0.3,0.4,0.4,0.4,0.3,0.4,0.4,,0.7,,,0.5,,0.6,0.5,,0.3,0.3,0.2,0.3,0.4,0.5,,0.3,0.4,0.3,0.3,0.4,0.4,0.3,0.4,0.5,0.4,0.4,0.5,0.4,0.5,0.5,0.4,0.4,0.5,0.3,,0.5,0.6,0.5,0.4,0.3,0.5,0.3,1.1,0.8,0.6,,0.8,0.7,,,0.7,0.4,0.2,0.7,,0.4,0.4,0.6,0.4,0.3,,,0.1,0.3,0.5,0.1,0.2,0.4,0.6,0.4,0.5,0.4,0.6,0.5,,0.5,0.5,0.9,0.8,0.7,1,0.8,0.7,0.9,,0.9,0.4,0.8,0.7,0.6,0.7,0.6,0.6,0.5,0.5,0.6,0.4,0.5,0.6,,0.5,0.4,0.6,0.6,0.6,0.5,0.5,0.4,0.4,0.6,0.6,0.5,0.5,0.4,,0.7,0.4,0.4,0.4,0.5,0.5,0.4,0.6,0.4,0.4,0.4,0.4,,0.5,0.4,0.5,0.6,0.6,0.5,0.5,0.5,0.6,0.5,0.5,,,0.6,0.5,0.7,0.4,0.6,0.6,0.7,0.5,0.5,0.5,0.3,0.4,0.6,0.6,0.5,0.6,0.4,0.7,0.6,0.5,0.3,0.4,0.4,0.4,0.4,0.6,,0.5,0.7,0.7,0.7,1,0.3,0.5,,,0.8,0.5,0.9,0.4,0.6,,0.4,0.4,0.5,0.6,,,0.5,0.3,0.3,0.4,0.5,0.6,0.6,0.4,0.6,0.5,0.7,,0.4,0.3,0.3,0.3,0.3,0.4,0.2,0.4,0.2,0.4,0.4,0.3,0.4,0.8,0.7,0.7,0.7,0.5,0.7,0.4,,0.7,0.8,0.7,0.7,,0.6,0.5,0.5,0.4,,,,0.7,0.3,,,,0.4,0.6,0.7,0.5,0.7,0.3,0.8,,0.8,0.7,0.7,0.7,0.6,0.7,0.9,0.7,0.6,0.8,0.6,0.4,0.5,0.7,0.7,0.7,,0.6,0.9,0.8,0.7,0.7,0.6,0.7,0.7,0.6,,0.4,1,0.4,0.4,0.5,0.3,0.6,0.7,0.5,0.6,0.5,0.6,0.3,0.5,0.2,0.3,0.3,0.3,,0.6,,0.3,0.6,0.3,0.8,0.5,,0.6,0.7,,,0.4,0.6,0.6,0.3,,0.2,0.5,0.2,,0.2,0.1,0.2,0.4,0.3,0.2,0.1,0.2,0.2,0.3,,,,0.3,,0.4,0.7,,0.4,0.4,0.4,0.6,0.5,0.2,0.3,0.4,0.4,0.4,,0.3,,,0.8,,0.8,0.6,0.6,0.3,0.6,0.5,0.2,0.4,,0.5,0.4,0.6,0.5,0.4,0.4,0.5,0.6,0.7,0.9,0.4,0.6,0.6,0.3,0.5,0.4,0.7,0.7,0.6,0.4,,0.5,0.5,0.4,,0.6,0.6,,0.4,0.6,0.6,0.6,0.6,,0.6,0.8,,,0.5,0.5,,0.6,,0.7,0.5,0.6,0.6,0.6,0.4,,0.7,0.6,,0.6,0.6,,0.6,,0.9,0.8,0.7,,0.7,0.7,0.3,0.2,0.1,,0.6,0.7,0.7,1,1,0.5,0.2,0.6,0.7,0.5,0.7,0.5,0.7,0.3,1.1,1.9,0.7,0.6,0.6,0.7,0.6,0.4,0.6,0.5,0.7,0.6,0.6,0.7,0.6,0.5,0.4,0.5,0.2,,0.1,0.4,0.4,0.3,0.4,0.3,0.4,0.4,0.6,0.3,0.5,0.6,0.7,0.6,,0.9,0.8,0.8,,0.5,0.6,0.5,0.4,0.7,,0.6,0.3,0.3,,0.7,,0.7,0.3,0.4,0.3,0.4,0.6,0.4,,,,0.5,,0.5,,0.4,0.4,0.3,,0.6,0.6,0.6,0.6,0.6,,0.7,,0.4,0.6,0.6,0.5,0.5,0.7,,0.7,0.6,0.5,0.7,0.6,0.6,,0.7,,,0.8,0.3,0.3,0.5,,0.6,0.8,0.7,0.7,0.7,0.4,0.5,0.7,0.5,0.6,0.7,1,0.8,0.7,0.4,0.3,0.3,0.5,0.8,0.4,0.6,0.7,0.7,0.5,0.8,,0.9,2.7,2.1,0.9,0.6,0.7,0.9,0.8,,,,,0.5,0.5,,0.6,1.1,0.4,0.3,0.3,0.4,0.4,0.6,0.4,0.6,0.5,0.4,0.5,0.5,0.9,0.7,0.8,,0.7,0.7,0.8,,0.7,0.6,,0.6,0.6,0.7,0.6,0.9,0.7,0.5,0.5,0.5,0.6,0.7,0.7,0.6,,0.5,0.7,0.4,0.4,0.5,0.3,0.6,0.6,0.5,,0.5,0.4,0.3,0.4,0.3,0.2,0.5,0.1,0.1,,0.5,,0.4,0.4,0.4,0.3,0.2,0.4,0.1,0.2,0.3,,,0.3,0.4,0.4,0.5,0.2,0.3,0.1,0.5,,,0.6,,0.7,0.3,0.6,0.5,0.5,0.7,0.3,0.5,0.4,,0.6,0.7,0.7,0.5,0.6,0.4,0.3,0.3,0.3,0.6,0.6,0.1,0.3,,0.5,0.3,,0.4,0.4,0.5,0.6,,,0.6,0.5,0.5,0.5,0.4,0.5,0.8,0.8,0.5,,,0.4,0.6,0.7,0.8,0.6,,0.6,0.6,0.4,0.7,0.7,0.5,0.4,,0.4,0.7,0.7,,,0.7,0.9,,0.6,0.6,0.5,,0.5,,0.9,0.8,,,,0.5,,,0.7,0.5,0.5,,,0.3,0.4,0.2,0.2,0.4,0.3,0.3,0.3,0.3,0.4,0.4,0.6,0.5,0.4,0.5,0.8,0.7,0.5,0.6,0.7,0.4,0.3,0.5,0.5,,0.6,0.5,0.5,,0.4,0.5,0.5,0.5,0.6,0.4,0.5,0.4,0.4,0.5,0.4,0.4,,,0.5,0.7,0.7,0.7,0.6,1.4,0.4,0.9,0.5,1,1.1,0.7,0.6,0.6,0.7,0.7,0.6,,,0.4,0.8,0.7,0.7,0.3,0.2,,0.7,0.4,0.5,,0.6,0.6,0.5,,0.4,0.5,0.5,0.5,0.5,0.5,0.6,0.5,0.7,0.5,0.5,0.6,0.7,0.4,0.5,0.7,,0.3,0.4,0.3,,0.6,0.4,,0.6,,0.4,,,,0.4,0.5,0.6,0.4,0.6,0.7,,0.8,,0.4,0.4,0.4,0.4,0.6,0.5,0.5,0.4,0.5,0.5,0.7,0.4,0.1,0.5,0.4,0.3,0.5,0.6,0.5,0.5,0.3,,0.5,0.4,0.7,0.4,0.6,0.7,0.4,1.1,1.4,0.8,1.1,0.3,0.4,0.6,1,,0.4,0.5,0.6,0.4,0.5,1,0.9,0.6,0.9,1.3,0.5,0.6,0.7,0.4,0.6,,0.5,0.7,0.6,0.5,0.7,0.5,0.5,0.6,0.5,0.8,0.8,,0.5,0.5,0.4,,0.4,0.5,0.5,0.5,,0.5,0.4,0.6,,0.6,0.6,0.4,0.6,0.6,0.8,0.9,0.7,0.6,0.6,0.6,0.5,0.6,,0.5,0.4,0.6,1.2,0.8,,0.9,1,0.4,0.7,0.9,0.7,0.6,0.8,0.8,0.7,0.7,0.7,,0.6,0.8,0.5,,1,1,,0.5,0.4,0.5,0.4,,0.7,0.6,0.7,0.9,1,0.8,0.6,0.6,0.7,0.5,0.6,0.4,0.6,0.6,0.5,0.5,,0.5,0.9,1,1.3,0.5,0.4,0.5,0.4,0.6,0.6,0.6,0.6,0.5,0.7,1.3,0.9,0.9,0.8,1.2,0.5,0.7,0.7,1.1,1,0.4,0.4,0.6,0.9,0.7,0.8,0.7,0.4,0.8,0.5,0.7,0.6,0.5,0.6,0.7,0.7,0.8,0.5,0.5,0.5,0.6,0.6,0.5,0.6,0.6,0.6,0.7,0.8,0.8,0.5,0.4,0.5,0.4,,0.4,0.3,0.3,0.3,0.2,0.5,0.4,0.4,0.5,0.5,0.4,0.5,0.5,0.3,0.4,,,0.4,0.4,0.7,,0.6,0.4,0.4,0.3,0.3,0.5,,0.3,0.5,0.3,,,,,0.5,0.5,0.5,0.5,0.5,0.3,0.2,0.4,,0.3,0.5,0.6,0.4,0.6,0.6,0.5,0.7,0.8,0.7,0.5,,,,,0.3,0.3,0.5,0.5,0.4,0.5,0.4,,0.4,0.4,0.4,0.3,0.4,0.8,0.7,0.6,0.5,0.4,0.7,0.6,0.6,0.6,,0.5,0.4,0.3,0.3,0.3,0.3,0.7,0.5,0.5,,0.4,0.6,,0.8,0.6,,0.4,0.2,0.5,,0.3,,0.3,,0.6,0.7,0.5,0.7,0.6,0.7,0.5,0.5,0.4,0.6,0.4,0.4,0.5,0.5,,0.6,0.6,0.2,0.5,0.7,0.3,,0.3,0.3,0.2,0.3,0.4,0.3,,0.7,0.8,0.3,0.1,0.6,,0.2,0.2,0.2,,0.4,0.7,0.6,0.4,0.5,0.3,0.4,,0.3,0.3,,0.4,0.3,0.4,0.3,0.8,0.7,0.2,0.3,0.3,,0.6,0.1,0.3,0.3,0.3,0.2,0.5,0.5,0.4,,,0.6,0.9,0.7,0.7,,0.3,0.5,0.6,0.4,1.8,0.3,0.4,0.6,0.6,0.4,0.7,0.8,0.6,,0.5,0.6,0.4,0.7,0.4,0.4,0.5,,0.4,,0.3,0.9,0.6,0.4,1.1,1.1,0.6,0.5,0.4,0.7,0.8,0.5,0.4,0.4,,,0.4,0.4,0.3,0.6,,0.7,0.5,0.5,0.6,,0.4,0.4,,,0.2,0.4,0.3,0.4,0.4,0.5,0.3,0.2,0.3,0.5,0.6,0.7,0.4,0.4,0.7,,0.9,0.5,,0.4,0.6,0.3,0.4,0.2,0.5,0.4,0.5,0.6,0.7,0.5,0.3,0.4,0.7,0.3,0.7,0.3,0.3,0.3,0.4,0.5,0.3,0.6,0.8,0.5,0.5,0.4,0.4,0.5,0.4,0.4,0.2,0.7,0.6,0.4,0.5,0.6,0.6,0.7,0.5,0.6,0.4,0.8,0.6,0.7,0.5,0.7,0.6,,0.6,0.5,0.3,0.4,0.7,0.5,0.6,,0.5,0.5,0.4,0.4,0.3,0.3,0.4,0.6,0.4,0.9,0.3,0.6,0.5,0.4,0.6,0.3,0.6,0.5,0.8,,0.6,0.4,0.4,0.5,0.4,,0.4,0.4,0.4,0.3,0.4,0.2,0.4,0.3,0.4,0.6,0.4,0.5,0.7,0.6,0.3,0.2,,0.5,,0.5,0.6,0.6,0.6,0.4,0.6,0.6,0.7,0.7,0.6,0.7,0.6,0.4,0.5,0.5,0.6,0.6,0.5,0.4,0.6,0.6,0.6,0.8,0.6,0.2,0.3,0.5,0.9,0.2,0.7,0.4,0.6,0.6,0.6,0.8,0.7,0.3,0.4,0.6,0.4,,0.3,0.6,0.5,0.5,0.7,0.6,0.4,0.5,0.6,0.5,0.7,0.7,0.5,0.6,0.3,0.5,0.4,0.5,0.3,0.4,0.5,0.6,0.3,0.6,0.1,0.3,0.2,0.3,0.4,0.3,0.6,0.5,0.5,0.3,0.5,0.4,0.9,0.7,0.2,0.6,0.7,0.6,0.6,0.5,0.4,0.6,0.6,0.7,0.9,0.6,0.3,0.3,0.4,0.4,0.3,0.2,0.4,,0.4,0.5,0.6,0.7,0.4,0.5,0.6,0.3,0.5,0.2,,0.3,0.4,0.4,0.2,0.5,0.4,0.3,0.5,0.3,0.4,0.6,0.3,0.3,,0.5,0.5,0.7,0.6,0.3,0.5,0.5,0.7,0.5,0.4,0.4,0.4,0.6,0.6,0.5,0.3,0.3,0.5,0.6,0.7,0.5,0.4,0.6,0.5,0.4,0.7,0.3,0.4,0.5,0.5,,0.2,0.4,0.5,0.6,2,0.5,0.5,0.3,0.5,0.5,0.5,0.6,0.4,0.3,0.7,0.6,0.4,0.6,0.4,0.5,0.5,,0.5,0.5,0.3,0.5,0.3,0.3,0.7,0.7,0.8,0.4,0.4,0.4,0.6,,0.4,0.6,0.7,0.7,0.6,0.4,0.4,0.4,0.4,,0.6,0.6,0.7,0.8,0.5,0.4,0.6,0.4,0.4,0.3,0.4,,0.5,,0.5,0.6,,1.3,0.5,0.4,0.4,0.4,0.5,0.5,0.3,,0.4,0.6,0.6,0.5,,,0.8,0.6,0.3,0.3,0.5,0.5,0.7,0.6,0.7,0.4,0.7,0.2,0.3,0.1,0.4,0.3,0.3,0.3,0.2,0.4,0.5,0.6,0.6,0.6,0.7,0.6,0.8,0.7,0.6,1.1,0.7,0.4,0.6,0.6,0.5,0.6,0.5,0.3,0.7,0.1,0.4,0.5,0.5,0.5,0.8,0.8,0.6,0.6,0.5,0.4,0.4,0.5,0.4,0.7,1,1.1,,0.8,0.3,0.5,0.6,0.6,0.4,0.6,0.5,,0.6,0.3,0.4,0.4,0.5,0.5,0.9,0.6,0.7,1,0.5,0.4,0.3,0.4,,0.6,0.5,0.2,0.3,0.8,0.7,0.4,0.7,0.5,0.5,0.6,0.4,0.6,0.6,0.5,0.6,0.4,0.9,0.8,0.4,0.4,0.7,0.7,0.6,0.5,0.6,0.6,0.5,0.5,0.4,0.2,0.4,0.8,0.1,0.4,0.1,0.4,0.3,0.5,0.5,0.5,0.5,0.7,0.5
20210719,9,AQI,16,20,17,15,15,17,14,23,18,19,17,21,,,56,,57,56,63,,58,,,30,,54,45,,32,45,34,26,36,49,45,,61,55,,60,52,21,28,27,,35,,35,43,33,35,43,43,47,35,37,39,,34,27,31,51,43,41,,,23,17,,30,58,47,,33,28,,21,23,18,25,35,,25,36,43,39,39,26,,36,27,,,23,33,46,23,23,31,32,,26,26,33,31,28,,,29,24,,28,28,31,26,25,27,23,37,38,57,45,25,29,22,47,28,28,26,31,,,37,30,40,,38,30,42,35,18,23,18,24,19,,31,22,19,17,35,31,35,24,38,,29,31,24,24,,23,23,26,43,21,22,20,19,18,,18,23,,,,50,33,,49,52,39,,,,54,,27,25,32,22,24,,,29,25,,,,26,25,,24,39,23,38,32,,31,32,32,50,37,38,27,28,,23,,53,37,,37,19,,41,28,30,,41,51,28,25,23,19,19,,,19,34,15,40,30,44,41,,25,,,32,,29,25,,31,20,22,11,11,12,,39,36,35,42,36,35,40,25,44,41,49,48,52,57,44,52,57,,21,,40,30,32,23,21,36,20,39,54,38,,45,33,,,44,34,44,44,,52,39,37,35,28,,,22,22,23,25,22,22,35,37,37,32,35,44,,39,28,26,24,30,29,42,24,22,,40,25,42,29,38,33,41,38,34,39,43,27,28,26,,30,38,34,30,27,26,22,21,9,12,20,11,12,13,,,13,10,13,9,16,8,10,24,19,26,13,,38,31,27,8,8,11,9,12,10,10,13,,,33,26,31,31,27,24,,12,27,,40,30,57,62,63,30,48,47,,26,30,19,29,18,22,31,,21,16,22,18,20,20,16,,,19,24,26,26,26,,64,40,27,30,,,50,22,34,36,48,39,48,48,44,29,46,,26,19,20,25,21,19,16,18,14,17,20,14,39,38,48,52,41,43,40,36,,52,32,52,49,,44,34,45,54,,,,23,34,,,,30,36,63,77,135,72,70,,92,36,32,35,38,36,29,,,36,36,42,19,25,31,48,,46,41,44,51,48,36,,,51,,27,30,26,28,,21,26,26,25,25,26,34,28,29,25,25,30,25,,39,,48,27,24,34,57,,53,42,,,38,38,32,53,,28,31,,,34,51,36,39,,34,29,20,24,44,,,,30,,39,30,,26,39,27,39,25,24,27,39,22,26,,25,,,20,,19,23,23,14,16,67,18,17,,44,27,32,25,44,34,36,31,31,48,,31,33,13,,12,24,37,27,25,,37,23,25,,31,30,,15,13,17,29,32,,54,15,,,52,40,,36,,33,43,48,49,19,20,,20,21,,48,40,,58,,37,35,36,,36,22,42,40,32,,24,24,26,34,32,25,20,29,27,29,26,22,52,39,31,40,28,26,34,49,44,30,51,38,27,29,25,62,28,30,41,20,24,,25,28,15,,17,23,33,43,36,49,27,40,33,36,,,26,29,,26,40,35,32,23,,32,41,23,,18,,16,15,16,,45,43,42,,,,40,,45,,19,20,,,,49,41,20,25,,26,,27,28,30,44,32,34,,35,43,32,33,29,39,,27,,,28,17,17,17,,39,59,42,32,40,27,24,44,33,37,45,,43,38,19,19,21,25,25,24,24,26,,31,24,,40,32,37,41,32,23,20,21,,,,,32,29,,27,26,26,32,25,20,27,31,42,35,41,27,14,16,36,28,31,,20,24,45,,29,37,,51,49,23,47,33,37,37,43,40,36,32,27,38,,47,50,500,51,51,49,,28,16,,18,38,31,23,31,25,28,34,34,,23,,,25,25,,26,26,,,,,,24,21,25,,,18,,18,,,24,,23,24,17,21,21,21,28,28,19,,30,26,24,25,24,29,26,24,24,26,28,20,16,,58,37,,36,33,25,21,,,35,19,21,20,35,41,29,,,,,40,19,18,21,18,,22,,53,32,42,33,48,,39,29,35,,,38,34,,33,35,46,,59,,70,69,,,40,22,,,55,49,36,,,30,,24,23,45,45,47,34,37,,54,36,28,26,21,32,34,36,36,30,36,38,,38,,26,24,28,,30,33,48,46,29,30,26,23,21,40,16,40,,,55,30,31,30,27,26,52,,22,39,26,29,46,22,49,20,37,,,22,51,57,64,32,34,,,,24,,31,39,36,,44,59,38,35,42,42,30,55,29,35,26,47,33,44,27,30,,18,27,19,26,52,43,,41,,47,,,,22,34,23,33,19,,,27,,42,35,43,25,,22,35,25,19,28,45,21,23,24,22,28,46,40,52,31,34,,,45,46,34,28,29,7,36,47,26,35,23,39,34,40,,23,42,39,44,39,27,34,35,37,39,32,28,27,26,34,,36,40,38,32,48,40,40,46,52,55,46,,39,41,36,,42,52,43,36,,46,31,28,,24,27,,29,39,30,32,29,26,31,40,35,38,,57,49,53,34,35,,42,28,,33,,28,28,29,33,32,52,30,,26,26,28,,19,30,,28,33,32,32,,21,20,19,20,26,36,45,,,26,,36,,45,49,53,,17,18,18,17,22,20,28,35,31,52,37,53,33,45,16,28,38,46,42,51,30,23,55,28,13,18,19,32,36,42,49,20,59,30,36,38,50,67,73,63,58,45,48,54,54,57,32,29,,22,38,74,63,25,28,26,26,,31,,30,19,39,24,32,31,26,29,27,29,27,24,25,,,26,24,25,,25,36,27,28,32,38,,20,18,22,,,,,38,24,12,29,16,19,25,26,,23,24,21,,25,35,14,23,40,23,52,,,,,12,14,26,20,17,19,26,,18,18,18,35,25,29,28,27,62,24,,15,49,,,13,25,9,9,14,9,30,22,18,,20,16,,19,19,,19,26,16,,65,,23,,14,10,35,46,53,57,33,28,28,31,35,36,34,34,,44,40,27,25,24,61,,187,192,29,36,400,388,,30,47,38,55,25,,59,42,21,,20,38,30,26,22,35,36,,32,32,,,30,,,67,54,30,61,20,,40,18,22,26,29,27,19,22,23,,,52,45,59,22,,17,52,44,94,39,26,24,28,77,55,53,43,29,,55,,30,51,15,29,29,,50,,23,42,55,35,23,43,500,38,50,28,34,23,31,19,,,25,37,,55,,43,34,38,23,,26,50,,,25,24,24,25,48,39,22,23,24,27,28,23,30,20,49,,57,28,,24,24,47,23,27,,29,39,19,23,30,44,40,44,39,58,41,54,38,30,33,18,52,28,43,65,39,49,36,46,29,28,26,,22,17,27,25,27,43,42,31,31,39,21,,36,20,,33,25,22,27,19,25,17,,44,49,44,33,25,26,24,40,48,42,94,48,34,51,33,18,45,41,31,,26,48,66,66,29,,437,19,16,18,20,16,20,20,18,16,25,24,36,82,31,33,,51,,32,21,27,33,30,24,34,31,30,27,28,21,10,15,12,,20,37,,22,15,18,31,33,50,60,57,52,50,35,53,35,43,31,27,32,20,19,25,33,,15,25,16,,30,12,24,28,43,18,15,36,18,15,19,17,41,56,20,20,43,29,,50,44,27,31,31,36,27,54,57,51,24,20,16,39,26,17,23,28,39,43,29,43,38,56,46,54,45,24,21,27,21,23,35,52,,29,42,40,46,32,34,29,33,22,43,,25,32,25,22,39,27,35,26,25,72,54,52,94,,22,14,14,,12,22,12,46,24,15,29,10,25,29,51,50,30,54,54,73,41,41,35,29,53,48,53,38,38,37,,52,19,29,38,42,33,20,,23,21,34,28,23,31,43,23,23,,27,31,27,,50,32,25,39,19,26,,41,34,,41,32,33,,31,39,50,26,18,25,23,23,44,,43,65,29,71,42,25,24,20,21,28,28,,19,,23,28,,18,28,19,21,35,37,38,52,,28,,35,26,,,22,66,52,36,32,50,63,62,67,29,45,29,45,52,65,65,57,57,62,63,40,27,,18,39,46,22,30,54,26,46,24,40,23,32,33,30,26,80,500,500,22,27,38,26,20,94,21,12,22,13,31,34,53,55,57,,37,30,,25,37,37,31,22,23,53,53,30,40,46,50,31,53,37,43,36,36,35,25,,32,30,22,34,32,48,50,50,28,20,30,26,16,35,24,37,42,46,68,53,40,25,57,69,23,20,24,38,25,23,28,,,,41,29,41,18,36,50,13,15,38,39
20210719,9,PM2.5,6,14,8,9,7,10,9,15,12,13,8,10,,,39,,38,29,45,,40,,30,17,,38,24,,12,31,16,16,23,34,31,,33,39,,43,32,6,19,14,,20,,21,30,14,24,24,14,26,17,15,9,,19,14,15,32,30,24,,,16,10,,10,41,19,25,23,19,,9,16,7,5,19,,10,22,30,16,19,12,,14,13,,,11,16,13,16,12,14,14,,15,14,20,15,19,,19,12,8,9,4,7,11,9,8,12,11,15,13,23,17,13,12,9,16,12,15,10,13,12,,13,13,16,,25,12,12,10,9,13,8,11,6,,8,8,9,10,17,14,24,9,19,12,17,17,14,16,,10,7,8,24,11,10,7,10,6,12,10,7,,,,35,19,,24,29,13,,,,26,,7,14,12,9,12,14,,12,8,,,,18,17,,16,27,15,26,16,,18,17,22,35,25,26,9,10,,8,,17,20,,13,9,,16,15,15,,15,20,13,12,11,6,10,,,6,9,6,19,13,14,18,,13,,,13,,10,10,,12,10,15,4,5,4,,21,12,19,19,15,24,12,17,24,22,31,29,24,27,27,29,19,29,3,,14,10,9,12,10,11,11,20,22,21,,24,5,,,17,20,20,22,,29,22,22,24,12,,,2,5,2,2,7,12,19,17,22,22,24,16,,17,19,12,15,10,12,29,16,14,,17,12,20,20,20,15,17,15,21,18,20,18,12,14,,14,15,16,14,13,13,14,11,,,3,,1,4,,,1,2,5,1,4,2,7,7,11,13,5,,14,13,9,4,5,4,1,5,4,,9,,,18,12,12,14,12,10,6,4,13,15,20,17,25,32,26,21,18,23,,18,11,6,12,4,6,10,,5,10,13,7,8,10,11,,,9,7,10,16,6,,46,26,18,14,,,27,12,12,17,17,27,19,27,22,19,12,,10,8,5,9,6,6,7,9,3,8,6,9,27,26,23,28,26,30,17,24,,24,17,28,26,,25,11,21,21,,,,13,7,,,,15,12,15,34,53,28,17,,20,22,21,24,17,17,20,,,16,21,29,8,17,13,23,,19,24,24,22,12,19,,,12,,12,9,6,19,16,12,15,11,12,10,8,13,17,10,9,7,12,8,,18,,15,11,13,11,28,,27,27,,,20,23,22,23,,19,17,23,,14,27,14,27,,17,14,14,12,14,,,,21,,21,9,,14,17,13,19,5,7,2,27,15,18,,17,,,14,,10,16,14,4,9,10,12,7,,20,16,18,11,22,16,22,19,18,19,,19,22,3,2,5,10,14,18,4,,11,13,12,,16,19,,10,9,8,20,18,,25,8,,,23,19,,16,,16,11,17,10,2,,,,9,,26,28,,41,,18,24,25,,18,12,11,17,13,,9,9,8,15,11,7,9,13,13,9,12,8,15,12,18,16,8,8,19,29,17,17,30,26,17,16,11,17,19,21,17,14,10,,12,5,4,9,6,15,19,28,18,34,12,24,23,20,,,15,20,,18,20,24,12,10,,17,20,13,,12,,11,9,8,8,31,30,19,,,,27,,31,,12,14,,,,34,22,10,12,,12,,5,7,7,19,9,7,,24,30,19,23,20,27,,17,,,13,7,3,6,,27,42,28,21,22,12,5,24,23,24,29,27,30,26,9,9,4,7,8,9,16,11,,15,11,,21,17,21,23,22,16,14,11,,,,,5,5,,4,11,9,1,1,10,10,21,22,17,14,10,9,11,25,18,15,,11,11,20,,18,22,,25,21,16,20,22,21,17,16,24,24,22,12,17,,11,15,173,32,20,30,,19,5,,8,10,11,16,17,17,19,12,12,,6,,,5,5,,9,8,,,,,,10,9,8,,,4,,7,,,14,,11,10,9,9,11,12,10,12,7,,21,17,15,14,13,18,18,14,16,16,19,6,8,,22,15,,18,14,12,11,,,24,7,12,9,14,14,20,13,14,,,17,,5,,5,,,4,4,19,9,22,33,,27,20,23,,,26,19,,14,24,13,,18,,27,27,,,16,15,,,19,26,17,,,13,18,6,2,18,19,22,19,18,28,33,16,8,9,10,11,12,11,12,13,25,26,,26,,18,12,13,,14,15,20,18,15,13,17,10,9,24,10,21,,,12,16,8,17,7,17,15,23,14,27,13,20,19,11,20,12,22,,,3,34,40,46,16,20,,,12,11,,19,17,24,,20,25,26,16,12,29,21,27,19,24,16,30,23,29,17,15,,12,4,13,16,27,19,,24,,25,,,,4,13,7,11,13,14,,12,,29,24,24,8,6,12,15,6,12,12,22,9,8,10,12,7,27,23,24,21,11,,12,18,17,9,17,18,3,24,27,16,24,16,24,19,23,,6,22,22,19,14,11,17,24,18,15,19,18,16,18,20,,21,16,22,21,24,21,17,21,28,31,25,,27,24,19,,29,29,27,21,,20,20,19,,15,15,,9,14,18,22,20,18,17,28,24,23,,40,34,37,22,16,,16,12,,16,25,7,18,20,23,22,19,21,,18,18,19,,12,21,,17,6,13,9,,9,10,7,,8,25,24,,,18,,20,,30,34,37,,4,4,8,6,9,8,17,24,20,16,17,14,23,28,9,12,18,17,19,34,21,16,26,19,6,10,13,19,21,28,23,8,23,21,17,26,25,48,53,45,41,31,33,30,25,40,18,16,,14,20,54,45,17,15,7,4,,9,9,21,12,14,4,17,19,9,13,16,15,16,13,6,,,16,9,9,,7,8,6,19,5,18,,11,10,11,,,,,23,5,6,6,8,5,17,18,,11,16,6,4,4,19,1,16,21,16,27,,,,,6,7,14,10,5,6,18,,12,7,6,24,16,15,4,4,13,5,12,8,34,21,,9,17,4,5,,5,9,11,12,,9,5,,11,13,,8,11,2,,35,,6,,5,6,14,27,28,25,15,16,14,16,14,14,10,10,,16,14,5,6,8,22,,80,103,20,6,68,88,,15,15,17,9,4,,36,14,8,,8,14,16,14,9,8,18,,16,15,,19,18,,11,22,18,6,8,1,,14,2,13,6,9,9,8,10,16,,,14,19,11,10,,3,16,13,21,22,8,,14,56,39,34,30,20,,9,,21,18,9,13,10,,21,,8,25,32,24,14,12,180,4,27,15,11,2,15,10,,,17,18,14,27,,18,18,16,13,,,34,,,,14,12,12,30,21,6,2,7,4,19,10,10,7,34,,31,19,,12,13,12,12,5,33,20,14,13,16,12,16,14,30,22,39,14,35,11,21,22,8,36,11,30,47,23,34,25,25,20,10,5,,11,6,12,16,18,24,29,18,11,20,14,24,16,5,,22,14,10,3,7,13,8,,21,11,16,23,14,18,5,10,22,18,41,31,21,25,23,10,26,22,17,,10,29,24,30,7,,116,4,7,7,9,8,9,9,8,5,17,16,13,20,9,8,,28,,12,5,12,23,12,11,20,12,12,13,16,11,6,5,6,,11,18,,14,10,11,15,11,6,22,40,33,32,24,30,24,17,13,16,13,10,4,17,13,,7,15,6,,8,7,9,12,26,11,10,25,11,2,13,10,9,27,14,12,20,19,6,20,29,9,14,19,14,12,36,28,27,15,8,8,27,11,5,15,19,16,26,20,30,26,36,29,38,31,11,14,12,12,13,23,23,,20,29,28,21,22,17,16,21,11,30,28,13,15,13,10,27,12,24,5,5,16,14,13,33,,12,6,8,10,6,15,4,19,10,3,11,,12,15,29,35,14,38,38,53,14,17,24,18,37,33,30,19,26,19,,36,11,20,26,28,23,6,15,5,3,19,12,16,20,22,6,12,39,17,17,17,,22,19,10,15,10,7,45,23,19,,24,22,8,,13,18,26,18,10,11,11,11,25,,30,47,20,38,29,17,12,13,9,14,15,,6,,9,13,,5,10,9,11,23,24,19,24,,12,19,21,12,,,4,22,29,11,20,19,45,43,48,20,31,11,24,28,25,33,33,34,44,29,18,16,,9,27,32,15,13,38,18,32,10,22,16,20,23,9,8,24,117,169,11,13,18,18,,36,14,3,15,5,14,18,16,38,25,,19,16,15,17,15,17,9,2,9,37,25,14,25,10,27,15,20,12,19,20,18,16,10,,17,19,7,12,17,33,35,20,13,14,21,15,7,24,15,19,24,22,20,30,24,9,37,50,16,12,13,26,6,12,3,8,35,,15,13,16,7,24,34,8,3,26,27
20210719,9,PM2.5_24h,12,11,16,12,14,13,11,19,16,15,15,14,,,26,,21,17,26,,24,,23,23,,23,21,,17,17,12,16,11,22,17,,23,27,,32,22,14,25,18,,20,,14,17,12,17,17,13,17,15,12,11,,10,4,14,25,25,19,,34,18,10,,10,25,18,23,14,16,,17,13,7,2,14,,9,13,14,11,12,12,,11,12,,,10,11,12,13,17,20,20,,18,19,26,24,24,,23,15,17,16,14,15,13,16,16,16,10,19,14,24,15,14,12,9,14,15,17,9,11,12,,11,11,12,,13,10,14,10,13,18,13,14,11,,13,14,13,16,16,14,18,12,21,21,10,18,14,18,,12,12,12,23,13,14,13,13,11,19,14,7,,,,23,18,,22,19,18,,,,20,,8,15,12,11,14,13,,12,11,,,,16,15,,22,23,25,16,18,,17,14,13,17,17,14,10,11,,12,,14,15,,15,18,,19,17,16,,17,18,18,15,14,11,10,,,9,9,9,14,11,10,16,,14,,,16,,14,16,,11,12,14,11,11,10,,16,16,15,15,13,17,14,17,10,7,11,8,9,11,11,11,6,10,5,,11,8,7,7,12,11,10,10,13,11,,13,6,,,13,19,14,18,,24,17,16,19,12,,,7,8,8,6,10,11,17,14,15,16,19,15,,13,16,18,18,17,15,28,18,21,,14,10,19,20,17,17,12,15,16,16,15,13,12,13,,12,13,12,13,12,11,11,13,4,,5,5,4,5,,4,4,4,7,3,5,5,14,9,10,12,7,,14,17,12,7,7,8,3,10,11,6,12,,,11,11,10,9,10,13,5,6,17,19,17,17,19,24,21,21,21,20,22,22,7,5,8,6,5,19,,18,23,22,16,16,14,18,,,20,13,19,22,15,,16,18,13,12,,,14,16,10,12,14,23,13,16,21,16,9,,10,7,7,9,10,13,4,6,3,4,7,4,17,17,16,16,18,20,13,15,,17,14,16,18,,22,14,18,16,,,,9,10,,,,17,15,10,21,43,21,16,,18,20,17,16,17,17,12,14,,13,15,23,8,14,13,21,,22,20,23,18,12,20,16,21,20,,16,15,18,15,12,13,14,15,16,11,16,15,21,23,9,9,11,9,,17,,17,14,14,15,21,,18,22,,,18,17,17,22,,17,16,16,,15,17,12,17,17,14,18,11,18,12,,,,14,,13,14,,16,21,17,18,9,8,7,20,18,25,,17,,,15,,16,22,14,9,9,10,11,8,,14,13,13,10,16,10,15,13,13,10,12,12,18,8,9,8,12,12,13,8,,10,13,11,,14,13,,17,15,13,17,14,,17,9,,,20,19,,9,,10,11,11,14,5,8,,9,10,,19,19,,27,,14,21,17,,12,11,10,12,8,,13,12,14,17,21,12,9,24,17,15,18,13,20,11,17,24,11,10,11,30,22,20,25,26,15,11,12,11,15,12,12,10,9,,12,9,7,8,13,8,20,13,16,19,16,16,16,14,,18,16,21,,20,15,15,8,8,,10,9,10,,11,,12,8,8,11,14,13,12,,,,19,,21,,13,15,17,,18,20,16,14,13,,12,,11,8,13,17,16,13,,24,22,16,21,21,19,,16,,,14,10,9,7,,19,35,26,24,17,5,6,15,19,24,25,24,26,22,8,8,14,12,16,17,10,14,13,14,11,,24,15,23,22,18,18,16,10,,,,,9,8,,11,16,15,9,12,12,17,14,13,17,16,10,7,10,16,14,12,,15,16,17,,13,14,,16,20,18,21,21,19,18,15,23,16,16,11,12,,13,15,52,42,17,16,14,5,4,,7,7,14,11,12,13,17,12,12,,10,,10,7,7,8,10,13,12,11,11,,,13,13,15,11,13,9,13,12,,,15,,13,16,11,16,18,17,17,18,15,,22,15,17,18,20,17,17,19,18,18,21,11,12,,17,14,,13,16,9,12,,,15,14,12,9,18,13,12,10,13,,,16,3,7,11,6,,1,13,16,14,11,13,16,,17,14,17,,,18,16,,11,10,9,,9,,26,21,,,7,13,,,19,21,29,,,10,17,5,3,16,16,16,17,15,18,17,13,11,13,13,14,18,18,19,18,16,17,19,19,,21,15,14,,8,10,13,16,15,15,15,12,7,13,4,16,,,15,21,16,25,15,31,14,27,19,18,14,37,25,22,26,25,26,,,9,52,52,61,8,9,,49,19,12,,16,16,17,,16,20,15,12,9,18,15,18,10,18,10,14,13,11,8,14,,7,7,8,8,19,16,,14,,15,,,,4,6,5,6,10,10,,10,,15,15,13,7,10,12,9,6,17,17,26,12,11,9,8,8,18,15,12,12,10,,9,12,18,15,17,17,3,19,11,9,14,12,13,18,17,,8,19,18,22,16,11,14,15,13,13,20,19,20,19,18,,19,9,18,12,12,12,13,9,21,24,19,,12,17,18,,13,13,16,19,,16,18,14,,13,17,17,18,16,16,16,16,15,15,17,14,16,,20,20,16,16,16,,18,15,13,17,20,8,15,18,20,19,18,21,,20,19,22,,12,18,,16,7,12,11,,11,9,10,1,6,18,17,,,22,,24,,26,25,26,,8,6,7,6,7,12,11,18,15,15,18,16,24,24,11,16,23,19,28,16,21,16,22,23,9,9,10,20,17,25,21,6,13,8,13,14,11,44,46,44,43,22,22,22,9,23,19,20,28,26,29,40,39,17,10,10,10,,8,6,11,7,9,7,14,14,14,7,7,7,8,8,7,,,15,17,19,,21,9,7,6,7,17,,10,11,8,,,,,14,6,6,6,8,11,11,18,,7,38,9,9,10,12,10,13,15,9,11,,,,,9,9,12,9,7,6,14,,13,7,9,14,15,8,6,4,12,9,17,13,15,11,,12,14,6,6,10,6,10,6,13,,10,7,,11,5,,4,5,3,,11,,8,,4,5,11,17,15,17,12,10,11,11,8,11,8,9,,15,9,5,8,8,22,,21,26,11,8,33,37,,13,14,10,10,5,,15,17,11,,13,15,13,16,5,9,15,,11,13,,16,12,,10,32,30,10,15,8,,12,6,10,14,14,15,22,13,31,,,11,17,14,10,,6,14,13,15,19,10,3,12,26,24,21,14,13,,10,14,19,23,10,16,14,,14,,12,22,19,19,12,11,51,9,18,24,17,13,16,8,,,17,14,15,18,,17,16,19,14,,15,24,,,4,20,17,9,24,18,7,6,8,17,19,19,21,15,24,,22,16,,13,13,11,12,5,32,18,20,16,16,9,10,8,20,9,16,12,20,14,12,17,5,24,10,14,23,14,13,7,23,14,15,14,13,10,8,15,18,19,12,21,11,14,17,18,20,12,10,,15,7,11,6,8,8,6,,14,13,11,21,11,14,7,22,21,16,22,21,19,13,8,9,18,17,11,,15,19,19,20,8,,52,12,11,12,11,14,13,14,11,15,12,11,16,16,11,7,,22,,14,11,6,21,14,10,14,13,12,13,10,8,6,6,6,7,17,14,3,14,6,11,10,14,6,22,21,23,22,15,21,17,14,8,10,11,14,10,12,11,,10,11,9,13,9,8,7,15,9,13,14,18,16,4,13,17,12,9,8,14,15,9,8,15,27,16,15,15,10,9,22,21,15,14,9,10,24,19,4,20,22,15,21,11,23,24,25,14,45,18,15,14,14,13,15,19,16,,10,23,18,18,22,18,20,18,15,18,20,15,17,16,14,19,13,18,3,10,11,14,12,18,,11,10,7,9,6,11,7,10,15,6,9,6,10,12,25,18,23,22,20,24,15,12,14,10,16,18,15,13,18,12,,17,13,20,26,24,16,7,12,8,5,19,10,11,12,17,11,18,20,16,14,17,,22,18,15,18,12,7,29,21,21,15,19,18,15,,12,13,21,15,8,12,14,13,18,,23,27,23,31,29,9,12,9,7,11,12,,12,,14,18,,6,11,13,9,19,20,15,14,,11,18,16,10,,,11,19,9,11,12,20,33,30,31,19,14,12,21,24,17,29,20,15,23,15,14,14,18,11,15,19,18,14,24,35,25,9,14,13,18,15,12,9,16,205,177,8,11,14,16,7,23,14,5,14,8,10,11,9,15,20,,16,14,13,16,14,9,12,6,11,25,17,18,19,11,18,15,18,13,17,14,21,15,11,,8,41,9,16,22,21,14,12,12,13,15,13,13,13,12,18,21,20,13,24,14,8,32,40,12,17,12,20,15,10,12,15,14,14,17,6,13,8,23,22,7,1,14,26
20210719,9,PM10,8,20,11,15,,17,13,23,17,16,17,21,,,62,,63,62,72,,66,,43,26,,47,45,,32,43,34,26,36,31,27,,71,59,,52,53,12,23,24,,35,,35,30,33,34,43,43,47,35,37,39,,34,27,31,51,41,41,,36,20,15,,30,51,47,49,32,23,,14,18,17,25,35,,25,36,38,39,39,26,,36,27,,,18,33,46,23,23,31,32,,26,26,33,31,27,,,18,16,11,11,15,18,15,13,19,12,37,38,63,45,25,18,12,47,28,28,26,31,28,,37,27,40,36,38,30,42,35,14,23,17,24,13,,31,22,16,17,35,31,34,24,38,44,29,31,24,24,,21,15,26,43,21,18,14,19,7,,11,19,,,,46,33,,49,53,39,,,,58,,27,25,32,22,24,29,,29,25,,,,22,24,,24,37,23,36,32,,31,32,32,29,37,26,27,28,,20,,56,37,,37,17,,41,28,30,,41,51,28,25,23,13,19,,,8,34,15,40,30,44,41,,25,,,32,,20,24,,31,20,21,10,10,12,,39,36,35,42,36,26,40,21,44,41,49,48,53,63,44,53,63,48,9,,40,30,32,23,21,36,19,39,57,38,,45,33,,,44,34,44,44,,53,39,37,32,7,,,5,19,7,7,7,17,35,37,37,30,34,44,,39,27,26,24,30,29,34,24,22,,40,13,42,29,38,33,41,38,34,39,43,27,28,26,,30,38,34,30,27,26,22,21,5,12,20,9,6,13,,,6,9,13,2,6,2,6,24,19,26,12,,38,31,27,7,8,11,8,12,10,7,12,,,33,26,31,31,27,24,,7,27,29,40,30,63,74,75,30,48,47,,25,30,19,29,18,22,13,,18,11,10,16,14,18,12,,,15,10,20,26,26,,56,40,27,30,,,50,22,34,36,48,34,48,48,44,29,46,,26,7,20,25,11,14,12,18,14,11,20,13,36,38,48,54,41,35,40,36,,53,32,54,49,,44,16,45,58,,,,23,20,,,,20,31,76,103,219,93,89,,133,36,32,31,38,36,27,34,30,36,36,31,19,23,31,48,,46,41,44,51,48,36,,,51,,16,20,12,27,23,21,26,26,25,11,21,34,24,16,25,25,30,25,,39,,48,27,24,34,63,,55,42,,,38,38,26,56,,23,31,35,,34,51,36,39,34,34,29,17,24,44,,,,29,,39,30,,26,39,9,39,9,14,7,27,15,17,,19,,,20,,19,20,23,10,12,83,5,12,,44,27,32,25,44,34,36,31,31,48,,31,33,,,8,24,37,27,25,,37,23,25,,31,30,,5,11,17,6,32,,58,14,,,54,40,,36,,33,25,48,49,5,16,,10,13,,48,35,,35,,37,26,28,,36,18,42,40,32,,19,22,17,34,32,14,17,29,27,26,26,14,54,39,31,40,28,11,34,49,44,21,51,35,23,29,18,74,28,19,41,19,24,,25,28,13,22,17,23,33,43,36,44,27,40,31,36,,34,26,17,,26,40,34,32,23,,32,41,10,,9,,10,15,13,25,39,33,42,,,,40,,35,,12,12,,,,21,41,19,25,,26,,27,28,30,44,32,34,,32,42,32,31,24,30,,27,,,9,13,17,8,,39,40,42,32,40,17,,44,28,37,45,,40,34,19,19,14,10,24,24,24,26,,31,24,,40,32,37,41,21,13,13,21,,,,,15,19,,20,26,11,21,22,9,4,31,42,35,41,27,6,5,26,28,31,,13,24,45,,29,37,,52,49,23,47,33,37,37,43,40,36,22,27,38,,47,50,823,51,51,49,,9,16,,13,38,31,16,31,25,25,34,34,,16,,,7,7,16,16,22,,,,,,22,20,17,,,11,,18,,,15,,23,24,15,21,20,18,28,28,14,,27,26,22,25,20,29,26,21,22,26,25,8,14,,65,37,,36,33,25,21,,,24,11,19,18,35,41,26,44,24,,,40,14,14,15,16,,13,34,55,32,42,33,29,,24,27,35,,,31,34,,33,28,46,,67,,90,87,,,40,17,,,60,49,36,,,30,21,21,14,33,36,17,34,37,37,57,36,11,13,18,32,34,25,36,30,34,33,36,34,,24,23,26,,30,33,48,46,25,14,26,23,21,40,16,40,,,60,30,31,30,20,22,53,49,11,19,26,26,46,22,49,12,37,,,10,51,42,50,32,34,,2,26,24,,31,39,36,,44,67,34,35,42,38,18,60,29,33,26,47,31,44,27,30,,15,27,13,26,53,43,,41,,47,,,,22,34,23,33,19,25,,27,,38,35,43,25,18,10,35,25,19,28,45,20,12,24,22,28,46,40,54,31,34,,22,45,46,34,28,29,5,36,32,26,34,19,39,34,40,,23,42,39,44,39,27,34,25,37,39,32,28,27,23,34,,36,40,38,32,48,40,40,46,53,59,46,,26,41,36,,42,54,43,36,,46,31,27,,24,27,,29,39,30,32,29,26,31,35,32,38,,48,23,47,34,35,,42,28,,33,32,28,28,26,25,24,53,28,,23,25,27,,19,20,,28,33,32,32,,6,7,12,20,26,23,45,38,26,24,21,36,46,45,38,52,,10,8,11,14,22,20,28,35,31,54,37,56,30,45,16,28,38,46,42,51,26,22,59,26,13,18,13,32,36,42,49,20,68,17,36,37,50,53,90,68,61,41,33,57,57,52,32,29,,22,38,90,66,19,28,26,26,,31,21,19,19,39,24,32,31,26,29,27,29,27,16,25,,,14,17,21,,25,36,27,21,32,38,,20,18,22,,,,,38,24,10,29,16,19,20,16,,23,14,14,16,25,35,14,15,40,23,54,,,,,11,12,26,20,17,19,26,,17,12,13,30,25,12,16,15,74,24,24,11,22,22,,7,12,8,,14,7,30,16,17,,20,16,,4,12,,19,26,5,,80,,14,,14,10,35,46,55,63,33,26,26,31,35,36,34,34,,44,40,7,25,24,72,,324,333,27,36,500,490,,29,47,38,59,25,,67,42,21,,15,14,21,26,22,16,36,,27,32,,39,24,15,,83,58,30,72,,,40,18,22,14,19,24,7,17,18,,,54,45,67,22,,14,53,44,138,39,26,10,28,66,53,55,39,24,,60,,28,51,13,21,29,,50,,22,42,59,35,23,43,747,38,50,28,34,22,31,19,,,12,37,,59,,43,26,38,23,,26,50,,,22,21,18,17,48,39,9,9,14,27,22,13,25,11,31,,63,26,,24,24,47,23,17,34,27,39,2,15,30,44,40,44,39,65,41,58,38,19,33,18,44,28,40,45,39,36,20,46,29,17,11,,21,7,27,18,21,43,39,31,31,39,21,32,36,20,,33,25,17,27,13,25,17,,44,49,44,32,25,22,11,40,48,42,138,48,34,51,26,17,45,41,31,,23,48,82,82,24,,537,16,12,16,19,14,15,14,17,9,25,22,36,114,31,33,,51,,32,14,21,30,30,24,34,31,30,27,28,21,10,15,12,,20,37,5,22,13,18,31,33,50,69,56,53,50,23,56,30,43,31,27,32,7,14,22,33,,6,25,12,,30,12,24,28,43,18,11,26,16,12,17,17,41,61,11,17,43,29,,50,44,27,31,31,36,27,57,63,51,24,5,7,24,15,5,23,26,39,43,25,21,27,61,46,41,44,18,21,27,17,23,35,53,,29,37,31,46,31,34,29,33,13,18,34,25,32,22,21,24,16,29,17,23,94,58,53,137,,22,3,14,22,12,5,8,46,24,4,29,5,25,29,52,49,30,54,55,85,41,41,34,29,46,40,56,38,35,37,,40,14,27,27,42,33,15,9,23,21,34,28,23,31,43,14,17,66,27,31,27,,50,32,20,39,12,12,79,41,34,,41,24,28,,20,38,50,25,18,25,23,22,44,,37,54,17,92,38,23,24,20,21,28,28,,19,,23,28,,18,28,11,21,35,37,38,54,,28,32,35,12,,,9,82,53,36,32,50,66,73,68,19,37,29,45,54,80,80,64,63,73,75,40,27,,9,34,32,20,30,44,20,29,12,40,22,32,30,30,18,110,602,674,22,27,38,20,20,138,21,12,7,7,31,34,56,60,64,,37,30,14,13,37,37,20,10,9,43,55,30,40,46,50,31,56,37,43,36,36,35,25,,32,30,16,34,32,38,33,50,28,17,21,26,16,31,24,37,42,46,86,55,40,25,64,58,19,20,24,26,25,14,28,28,56,40,41,29,41,13,36,50,13,11,38,36
20210719,9,PM10_24h,18,23,25,20,23,21,19,31,29,20,24,21,,,41,,38,39,47,,41,,35,36,,32,35,,26,20,22,16,21,21,18,,47,44,,42,45,20,36,33,,40,,22,25,32,25,27,32,28,20,24,17,,23,20,23,36,34,35,,35,33,31,,41,36,34,38,20,18,,12,19,17,19,25,,16,22,21,23,24,20,,26,23,,,24,28,31,32,29,40,40,,43,34,42,36,38,,37,26,27,20,21,18,21,17,24,24,16,41,41,60,38,32,22,18,45,30,41,20,29,25,,32,32,37,32,30,23,37,34,26,25,22,27,25,,30,22,22,24,33,26,34,29,37,39,29,35,27,22,,21,21,29,42,20,24,21,20,21,23,22,19,,,,34,29,,37,38,31,,,,49,,26,34,29,20,25,27,,27,33,,,,30,34,,35,38,41,30,28,,26,24,24,18,21,24,25,19,,18,,31,25,,36,24,,41,32,33,,43,41,34,33,21,17,18,,,14,18,17,30,26,27,40,,25,,,30,,27,27,,23,24,21,16,17,18,,30,29,30,36,38,26,31,29,19,18,25,22,22,25,22,21,22,19,14,,24,19,23,21,26,28,26,26,34,21,,36,25,,,24,28,31,37,,35,31,29,31,14,,,10,12,14,14,13,19,27,24,25,24,26,27,,28,24,27,31,33,26,32,26,31,,34,20,27,23,28,27,24,28,22,24,29,20,32,28,,29,36,27,28,30,27,26,25,11,14,14,15,12,16,,12,11,15,20,7,9,9,9,33,27,30,25,,33,35,29,19,22,16,18,27,22,23,21,,,25,23,24,25,23,24,17,18,29,32,29,29,41,41,39,32,40,37,42,41,16,12,21,16,14,26,,35,32,29,38,32,26,33,,,34,28,35,43,38,,26,33,22,24,,,26,24,22,24,36,35,35,38,32,25,32,,23,12,13,17,17,13,8,12,10,10,16,11,29,27,33,35,28,27,25,23,,39,23,32,29,,39,35,46,46,,,,21,15,,,,28,39,59,65,56,58,56,,76,31,20,31,29,27,10,18,17,23,20,29,11,19,18,38,,53,37,42,33,50,46,28,36,47,,27,28,24,26,24,22,28,23,22,14,27,30,29,34,24,26,30,25,,28,,31,18,19,25,38,,40,35,,,31,31,28,43,,27,29,28,,33,41,30,29,26,25,24,20,25,28,,,,23,,22,33,,32,32,13,36,11,14,12,30,25,30,,24,,,28,,26,32,26,24,24,38,24,20,,26,24,22,20,35,22,28,24,22,35,22,24,25,16,20,23,30,30,27,18,,22,22,23,,29,28,,28,28,31,26,24,,38,20,,,34,33,,21,,18,19,25,28,14,19,,18,17,,23,19,,27,,29,20,20,,23,15,19,25,18,,23,28,27,35,35,21,19,46,35,24,35,19,37,29,30,46,30,21,33,42,53,34,40,40,24,26,22,24,28,14,30,18,26,,24,23,19,22,31,19,32,27,25,30,21,30,29,28,,35,34,46,,31,24,20,22,16,,21,18,7,,9,,24,12,12,23,25,21,21,,,,31,,32,,15,17,14,,31,27,31,26,27,,26,,26,20,26,30,34,33,,29,33,24,24,27,25,,23,,,20,22,21,16,,28,42,42,32,26,26,16,30,33,34,39,39,38,33,16,14,21,26,25,22,20,24,26,25,20,,33,28,32,36,21,17,19,15,,,,,29,24,,27,26,20,30,19,15,18,24,29,29,31,28,15,11,29,23,23,,23,27,33,,26,26,,32,37,34,38,37,34,36,36,35,29,21,21,28,,45,45,271,45,40,32,40,11,15,,17,35,48,41,42,24,26,33,33,,18,,15,13,13,15,16,22,20,28,22,,,24,22,23,19,19,12,18,20,,,22,,29,27,23,26,28,28,32,32,25,,34,32,30,31,35,27,26,29,29,32,32,17,19,,52,33,,33,33,23,16,,,17,18,14,19,24,25,24,23,23,,,36,24,16,22,16,,25,21,28,29,31,29,18,,23,21,27,,,32,32,,23,21,28,,36,,49,48,,,32,21,,,50,40,39,,,21,27,17,10,26,24,17,32,33,26,35,29,20,26,26,35,40,34,38,34,36,28,41,38,,47,33,22,,20,29,37,32,28,23,22,21,20,26,22,31,,,47,31,35,44,29,36,32,34,22,18,28,44,46,33,47,43,34,,,13,61,59,71,18,20,,42,21,17,,25,30,27,,30,41,20,25,20,31,16,24,20,35,19,32,18,22,16,16,,15,22,10,19,35,29,,24,,22,,,,12,12,9,12,15,21,,20,,26,29,25,24,22,23,28,16,33,26,47,25,11,16,17,18,29,28,33,28,25,,23,25,26,25,27,30,5,33,21,22,22,19,33,28,30,,20,33,32,35,20,25,25,22,24,32,35,34,32,31,34,,37,38,33,22,26,26,26,23,43,52,42,,18,23,24,,24,34,28,28,,27,27,22,,21,24,21,25,27,24,22,25,21,23,28,28,29,,22,21,20,29,33,,33,31,19,28,19,22,20,19,22,23,36,23,,28,35,31,,21,23,,27,19,24,17,,11,14,18,17,25,37,37,34,29,33,32,34,36,37,41,37,,13,14,14,19,20,22,22,27,28,33,40,34,32,44,21,27,48,51,45,23,26,23,40,35,18,16,13,34,36,45,45,17,34,15,26,31,33,63,69,59,60,36,27,35,31,39,33,30,39,41,59,68,63,28,27,18,18,,18,16,12,13,18,17,23,28,25,15,16,16,15,12,16,,,24,27,33,,38,20,17,15,21,32,,20,15,18,,,,,24,15,15,16,15,18,22,20,,19,37,26,18,20,36,14,11,26,19,15,,,,,22,23,18,13,13,15,22,,24,14,15,18,23,13,21,12,16,12,15,17,17,18,,15,16,11,10,21,17,20,12,15,,11,14,,8,13,,8,8,5,,30,,16,,13,7,25,38,37,38,19,21,26,21,18,26,22,18,,34,32,9,21,25,48,,76,86,15,24,217,232,,18,26,28,33,16,,38,34,24,,16,18,21,19,15,19,34,,28,38,,40,25,20,26,108,96,52,59,13,,42,28,31,35,40,48,69,73,74,,,43,38,45,27,,14,49,48,64,36,26,13,30,34,35,34,15,17,,36,28,34,52,16,25,34,,13,,20,40,32,25,29,27,250,36,29,44,43,28,34,13,,,26,34,26,39,,36,26,43,26,,32,46,,,18,33,36,15,28,31,19,22,17,32,27,31,37,26,21,,45,25,,26,28,28,19,22,36,22,34,15,27,22,20,18,40,24,33,25,37,31,12,30,13,38,30,20,23,20,14,10,47,26,24,25,21,18,14,20,21,22,23,29,22,28,35,25,40,22,23,,26,16,23,21,15,16,13,,23,50,29,23,14,22,17,32,45,36,80,38,33,31,24,24,38,35,21,,23,51,57,73,34,,240,25,15,21,19,22,24,21,24,19,19,21,31,59,36,24,,38,,37,13,17,33,26,19,30,34,32,29,27,19,13,16,14,8,36,32,16,24,12,19,23,34,26,45,40,35,36,25,37,24,32,14,20,23,18,18,21,23,,7,24,16,18,26,16,16,26,20,20,22,17,26,22,17,20,24,20,14,18,32,15,20,35,33,31,34,22,31,19,42,39,33,24,13,12,32,29,8,16,21,37,31,18,38,37,42,29,67,33,25,24,28,20,28,33,36,,21,36,29,40,37,32,36,24,17,24,29,27,33,25,26,22,17,27,14,48,61,43,47,68,,24,20,14,19,17,11,22,27,26,15,20,13,21,23,36,28,24,43,38,46,31,26,27,21,26,25,29,23,30,22,,22,17,29,45,37,26,19,10,19,26,38,27,20,20,25,20,25,43,28,30,29,,37,34,27,35,16,16,53,44,37,32,33,28,30,,20,29,41,23,16,26,25,23,32,,32,30,38,47,40,13,23,17,15,25,23,,26,,22,26,,16,27,19,16,29,33,33,22,,21,35,29,12,,,18,48,21,31,29,43,64,53,49,13,24,15,35,36,70,64,46,46,50,46,28,23,28,15,23,17,26,26,32,44,29,18,22,23,27,23,31,13,63,871,938,13,22,23,25,20,64,29,15,22,17,24,27,27,30,42,,33,38,12,13,35,27,31,12,13,37,33,27,33,31,39,34,42,26,41,27,39,31,26,,21,38,15,58,25,27,22,31,26,25,31,22,25,15,14,40,28,36,46,45,19,16,57,45,18,30,19,29,32,27,25,25,28,29,42,23,43,14,44,35,13,5,25,38
20210719,9,SO2,1,3,3,3,3,2,3,3,1,1,1,3,,,9,,5,6,13,,4,,6,14,,6,7,,5,3,3,5,4,3,5,,6,13,,9,4,7,3,5,,1,,5,4,3,8,8,5,7,6,4,3,,6,8,7,8,10,9,,8,5,6,,7,4,8,,11,5,,5,6,3,3,6,,4,2,3,6,2,1,,9,9,,,5,9,8,10,12,15,24,,11,19,18,24,16,,,10,6,,6,8,6,8,6,7,4,5,5,4,4,3,5,5,3,5,4,14,10,,,10,17,19,14,12,12,10,14,1,4,6,3,7,,3,5,7,5,5,8,5,9,9,1,1,5,1,11,,2,9,4,3,2,3,5,12,10,8,7,6,,,,8,9,,6,8,6,,,,12,,5,4,3,6,2,4,,5,9,,,,6,6,,9,8,8,5,5,,5,1,3,3,5,3,6,5,,1,,4,4,,5,6,,8,4,5,,7,4,5,5,7,7,12,,,7,6,8,6,4,6,3,,6,,,5,,8,5,,3,2,3,5,3,4,,5,4,5,4,4,6,6,6,6,7,9,6,11,7,6,8,6,11,2,,6,5,5,4,2,4,6,16,10,16,,13,11,,,3,6,9,12,,7,6,9,3,5,,,5,4,5,5,5,4,3,3,3,2,3,3,,3,3,3,2,4,4,6,5,5,,4,5,8,7,6,7,8,8,6,5,8,6,5,5,,6,9,11,5,7,6,5,5,4,4,5,5,8,2,,,4,5,5,4,6,5,5,6,7,6,6,,8,6,5,4,2,5,2,8,7,3,7,,,9,8,7,5,6,7,5,9,10,13,12,11,12,12,13,9,9,43,,6,7,4,10,4,7,4,,3,4,6,5,5,7,4,,,8,6,3,2,4,,5,2,12,4,,,7,25,7,1,8,6,5,5,5,5,5,,6,7,7,8,10,11,6,7,10,6,7,8,6,4,3,4,4,5,2,4,,4,5,5,5,,54,3,23,29,,,,8,5,,,,6,10,5,5,3,7,6,,6,15,10,15,12,11,9,11,7,10,10,3,6,8,8,21,,4,8,12,9,10,11,,,12,,6,2,5,1,4,2,4,5,3,2,2,6,2,3,3,4,4,4,,21,,8,5,5,7,7,,7,10,,,8,6,7,15,,6,7,2,,15,7,6,11,4,8,8,6,6,16,,,,2,,6,10,,8,9,6,9,4,5,1,4,3,3,,13,,,6,,5,9,16,6,8,8,9,8,,27,13,21,20,11,29,11,14,19,34,,7,9,6,6,8,8,9,15,7,,6,6,4,,13,14,,5,3,5,7,20,,13,5,,,4,8,,11,,14,11,18,11,9,5,,9,9,,4,4,,7,,16,10,14,,26,8,8,16,6,,5,4,3,21,4,6,3,10,4,29,5,7,15,7,11,15,6,6,5,19,8,8,34,14,7,6,6,9,4,4,6,7,5,,5,5,4,4,2,3,2,5,6,8,3,12,8,9,,5,4,5,,9,8,9,4,5,,18,53,3,,4,,1,4,6,3,5,3,1,,,,3,,4,,1,3,,,1,4,4,4,7,,6,,6,5,6,5,2,3,,8,5,8,6,10,10,,6,,,12,1,3,2,,33,15,10,18,13,6,5,10,13,9,11,16,9,17,3,2,8,6,2,5,8,6,12,3,5,,16,17,20,4,5,15,13,14,,,,,6,7,,6,4,7,6,2,1,3,5,6,6,5,5,4,4,6,8,5,,9,2,1,,3,2,,3,4,2,2,5,5,5,3,2,6,9,5,4,,10,11,20,4,11,9,,5,6,,6,6,4,5,4,7,11,4,4,,7,,,4,4,5,5,8,,,,,,4,4,2,,,6,,5,,,8,,6,9,9,6,8,9,8,8,6,,8,5,8,6,8,10,8,8,6,2,4,5,10,,6,6,,4,8,6,6,,,8,5,5,7,6,3,4,6,4,,,5,8,5,2,5,,8,13,7,18,12,14,4,,4,5,5,,,4,7,,16,14,8,,7,,38,28,,,6,4,,,29,8,18,,,3,5,13,14,5,8,5,6,6,,7,5,6,6,14,6,12,8,8,6,4,8,3,7,,11,11,5,,15,12,9,10,2,5,7,6,6,7,5,8,,,8,5,6,6,10,12,9,,12,16,15,5,11,9,16,6,16,,,2,3,4,5,17,18,,3,,15,,15,16,7,,3,7,10,10,9,2,2,5,5,8,5,13,12,9,4,3,,5,4,9,4,11,10,,5,,5,,,,10,10,9,10,4,2,,6,,6,7,7,5,4,4,1,6,5,7,15,5,4,6,5,6,10,14,8,7,5,,7,10,10,10,9,7,12,15,28,20,14,8,7,10,8,,5,13,13,7,8,5,5,6,4,22,12,8,64,4,8,,11,7,7,35,7,6,6,7,16,17,16,,5,2,2,,3,3,5,5,,7,6,1,,5,6,,9,7,7,5,6,6,7,6,6,2,,14,4,16,16,8,,15,6,,4,,5,2,4,6,4,8,10,,5,3,1,,6,4,,15,5,5,5,,4,3,2,8,9,34,19,6,10,12,9,25,30,29,35,22,,1,3,7,9,19,16,17,15,10,16,12,8,6,16,7,4,4,4,2,4,4,6,3,3,3,6,5,13,8,11,22,9,10,9,9,15,10,7,12,8,8,6,9,9,11,22,10,10,,6,8,57,30,8,5,3,5,,2,5,8,7,8,11,9,11,6,9,6,4,4,7,10,,,5,5,5,,6,8,12,7,8,6,,8,6,9,,,,,8,9,11,10,10,12,10,12,,9,7,12,9,9,12,2,4,8,8,7,,,,,5,6,5,6,10,6,2,,4,5,4,10,12,6,6,8,8,8,5,6,11,10,,8,6,5,4,4,8,5,10,10,,9,6,,7,8,,10,7,6,,8,,9,,7,9,12,61,88,20,5,6,9,7,5,32,2,6,,44,38,5,7,12,6,,5,5,2,2,4,4,,6,8,8,1,25,,4,4,9,,8,9,11,4,11,14,8,,6,8,,9,1,3,2,5,7,4,4,7,,10,3,8,3,6,8,5,8,4,,,10,7,10,12,,2,7,10,7,19,4,9,7,15,6,6,15,6,,1,5,14,8,7,8,4,,4,,4,11,6,4,8,10,18,15,8,6,14,5,4,4,,,10,3,3,6,,7,11,6,17,,4,4,,,2,9,7,5,8,4,4,3,4,8,4,2,7,5,4,,6,6,,8,10,10,11,5,14,4,6,5,8,5,2,4,6,8,32,4,14,15,2,14,9,6,9,27,29,20,30,6,18,1,7,6,,7,8,6,6,9,1,1,13,16,9,6,,9,3,,2,7,4,7,9,3,4,,1,25,6,7,6,6,10,2,11,11,10,4,5,10,15,10,2,8,5,,5,35,26,18,23,,22,4,8,4,6,5,5,6,3,6,3,8,4,38,21,6,,5,,6,5,5,11,2,8,8,8,6,8,12,7,6,7,4,,7,10,7,6,7,6,9,4,5,8,2,4,1,12,9,3,11,4,7,5,2,2,3,2,,3,2,7,,13,4,11,7,6,6,4,8,11,6,6,11,11,4,4,8,12,6,8,16,4,11,10,4,4,4,10,4,5,8,4,5,4,6,11,6,6,15,7,5,10,19,38,26,10,18,6,6,3,8,7,46,7,,4,3,3,11,17,5,6,8,6,5,6,8,8,7,4,4,2,6,2,6,8,8,7,9,,6,7,6,10,3,6,8,30,6,6,4,3,6,4,8,2,9,3,2,3,4,8,8,10,8,4,4,1,3,2,,3,1,6,8,62,12,6,,14,13,10,3,7,5,9,8,10,,9,4,12,,4,13,8,13,3,4,7,17,7,8,10,5,7,,5,15,5,8,3,3,2,2,10,,7,8,10,14,11,4,4,2,5,8,4,,4,,5,2,,7,6,1,8,5,8,6,5,,4,16,78,11,,,6,15,2,8,3,2,5,14,8,2,5,4,6,7,5,10,8,12,6,7,2,1,,2,6,3,4,4,12,8,11,4,4,7,6,5,9,7,11,4,1,5,4,7,13,4,46,6,7,8,4,8,9,17,31,65,,9,6,2,6,5,9,8,7,7,8,7,5,6,3,11,3,4,6,10,7,7,6,4,,3,3,4,3,6,2,3,4,3,3,1,3,3,6,7,8,7,11,17,14,9,6,8,2,1,3,3,3,8,7,8,7,3,7,6,9,7,6,10,5,8,6,7,10
20210719,9,SO2_24h,1,3,3,4,3,2,3,3,3,1,3,4,,,9,,5,5,9,,4,,5,10,,6,5,,6,3,3,5,4,2,5,,3,7,,5,3,7,4,4,,2,,3,4,3,6,7,5,6,5,4,4,,6,6,7,8,9,8,,10,5,7,,7,5,4,2,11,4,,5,6,4,3,4,,4,2,2,3,2,2,,8,7,,,4,7,8,9,12,7,24,,9,15,20,16,16,,8,9,6,5,6,9,6,8,6,6,5,3,3,4,4,3,4,4,3,4,3,13,9,6,,12,18,18,17,13,16,11,15,1,4,6,6,7,,3,5,6,5,5,7,4,8,8,2,1,4,1,7,,2,9,4,2,2,3,6,8,10,7,7,6,,,,8,8,,5,8,6,,,,9,,5,4,3,6,2,4,,4,7,,,,7,6,,6,9,6,5,4,,5,1,3,3,6,3,7,5,,4,,4,4,,5,7,,6,4,5,,6,3,5,5,9,7,9,,,7,6,8,5,4,5,3,,6,,,5,,7,5,,2,2,4,5,3,4,,3,3,3,4,4,6,6,6,5,6,6,5,8,6,4,6,5,7,2,,4,4,4,3,2,4,7,8,6,4,,10,6,,,3,7,8,8,,6,5,7,4,5,,,5,4,5,5,5,5,3,3,3,2,3,3,,3,3,4,3,5,5,6,5,5,,4,5,9,6,5,5,7,6,5,5,7,5,5,5,,6,7,7,5,7,5,5,5,4,4,5,5,8,3,,7,4,5,6,4,5,6,5,8,8,7,7,,7,5,5,4,3,5,2,7,6,4,7,,,8,8,7,5,6,7,5,9,9,14,10,10,9,9,9,7,8,8,6,7,6,3,4,4,4,5,,3,6,6,6,8,8,4,,,11,8,3,2,6,,4,2,7,3,,,6,12,6,2,7,6,5,4,7,4,5,,7,7,5,7,10,10,6,7,10,6,6,8,6,4,3,4,4,5,2,4,,4,5,5,5,,22,2,9,10,,,,8,5,,,,9,10,6,6,3,8,7,,8,11,6,10,10,9,7,8,6,8,7,3,4,5,5,9,,5,4,14,5,12,12,9,8,16,,4,2,4,3,4,2,5,5,2,2,3,6,3,2,3,4,3,4,,12,,9,5,5,8,5,,4,5,,,6,4,5,7,,6,6,1,,9,7,7,9,3,7,8,6,8,9,,,,2,,5,10,,8,8,6,8,4,5,1,4,2,3,,10,,,9,,9,8,9,7,8,8,11,9,,13,7,9,8,6,9,8,8,13,21,8,5,7,6,6,9,6,8,8,6,,5,6,4,,8,7,,7,5,6,7,10,,12,6,,,3,6,,4,,12,10,10,9,9,5,,9,9,,2,4,,6,,10,7,11,,16,8,8,12,6,,6,4,4,5,3,6,3,8,8,9,8,8,9,8,11,14,7,6,6,15,14,8,24,10,7,5,7,9,4,4,6,8,5,,4,5,4,4,2,3,3,6,3,8,3,9,5,6,,6,4,13,,9,7,6,6,5,,11,11,4,,4,,1,4,6,3,3,3,2,,,,2,,3,,2,3,2,,2,4,6,3,5,,7,,6,5,7,5,2,2,,8,6,9,6,8,8,,5,,,8,1,3,2,,8,12,10,11,11,6,6,8,8,8,9,8,7,6,3,3,10,7,5,4,8,8,9,4,4,,13,17,14,9,5,8,9,5,,,,,7,8,,6,3,7,6,5,3,4,6,6,5,5,5,5,4,6,6,5,,9,2,2,,3,2,,2,4,3,2,4,4,6,3,2,5,10,5,4,,14,22,8,6,18,8,8,5,5,,7,5,4,5,4,5,9,4,4,,7,,3,4,4,4,4,8,8,9,11,,,5,4,2,4,4,5,3,4,,,7,,5,8,8,7,9,10,10,10,8,,7,4,8,7,9,10,7,7,5,2,4,5,9,,5,6,,4,7,7,7,,,7,5,5,7,6,3,4,6,4,,,4,9,5,3,5,,8,12,5,12,10,10,4,,4,5,4,,,3,7,,12,11,8,,6,,21,22,,,6,5,,,13,12,17,,,2,4,12,10,6,8,6,6,7,2,7,5,6,7,8,7,7,3,6,4,4,8,2,8,,8,8,6,,14,12,11,12,3,4,9,6,6,8,5,7,,,9,4,5,6,8,11,6,2,5,11,10,6,7,8,7,6,4,,,2,3,5,5,6,9,,5,12,11,,13,14,4,,4,5,10,9,7,2,2,6,5,10,3,9,9,7,4,12,,6,4,7,5,7,7,,4,,5,,,,6,6,7,6,3,2,,10,,9,7,6,4,4,4,2,7,7,7,9,4,4,5,5,5,6,10,7,4,5,,5,9,9,8,10,7,12,11,17,16,16,5,8,16,13,,6,18,23,13,13,4,5,7,6,18,10,6,15,5,9,,9,7,7,15,6,6,5,6,12,16,20,,6,1,2,,4,3,5,3,,4,3,1,,5,6,6,7,7,7,6,7,7,8,6,7,2,,9,4,7,16,10,,21,6,4,4,5,5,3,4,7,4,4,7,,3,4,1,,5,4,,17,6,5,5,,5,4,1,8,9,23,12,8,9,12,10,10,13,16,16,12,,3,3,7,9,8,7,7,9,6,12,11,8,5,14,7,4,9,10,6,2,4,6,5,4,4,5,5,10,10,9,11,8,9,9,12,10,8,6,7,6,6,7,15,13,7,11,10,9,10,7,9,24,22,11,6,5,6,,2,5,6,6,6,11,7,9,7,5,6,4,5,6,9,,,5,6,7,,7,8,11,9,9,6,,8,6,8,,,,,6,6,6,7,5,13,10,12,,7,8,11,8,7,8,2,3,10,5,5,,,,,6,7,5,7,7,5,2,,4,5,4,6,8,6,7,8,6,6,6,6,9,9,,11,9,5,4,6,8,4,8,6,,9,6,,7,8,,8,5,4,,6,,9,,7,9,8,17,17,11,5,6,9,4,4,9,2,4,,34,32,5,6,8,6,,5,5,3,2,5,4,,6,7,7,2,21,,4,4,6,,11,9,11,11,11,15,9,,7,12,,9,2,3,2,5,7,6,6,9,,9,4,11,4,5,9,5,7,4,,,10,7,9,10,,2,7,8,10,21,5,9,7,7,5,6,11,5,,2,5,13,8,6,7,5,,4,,4,8,4,5,9,11,20,12,6,6,11,8,4,4,,,10,4,3,6,,9,18,8,12,,4,4,,,2,8,7,5,8,5,4,4,4,6,4,5,10,7,4,,6,3,,8,6,6,8,5,11,5,11,8,5,4,4,2,8,8,26,4,11,5,2,6,9,5,8,12,10,9,8,6,11,6,7,9,5,6,8,6,6,7,2,1,11,14,9,7,10,9,2,,2,5,4,6,9,3,4,,2,10,6,8,5,6,9,2,9,7,7,3,36,5,11,6,2,5,3,,15,14,13,14,20,,20,4,8,4,4,5,6,5,3,6,3,7,5,20,14,6,,6,,6,4,5,9,1,8,8,8,6,9,8,7,6,8,4,9,7,19,7,7,6,6,8,8,5,6,3,4,2,10,8,2,9,4,6,5,2,2,3,2,,2,2,5,3,12,6,9,8,7,7,6,10,12,8,5,11,11,3,3,6,7,5,7,12,4,8,12,4,4,4,8,4,5,10,4,5,4,6,10,6,7,12,7,4,9,9,30,17,9,8,7,6,4,7,5,21,4,,3,3,3,10,12,4,7,5,5,4,4,7,7,8,4,3,2,6,1,7,9,7,8,9,,6,7,6,9,3,6,8,13,7,6,3,4,6,3,6,3,9,3,2,3,4,6,4,7,6,4,4,1,2,1,,1,2,4,6,33,14,9,5,13,13,8,2,7,5,7,6,10,10,7,5,10,,5,16,8,11,3,4,6,11,6,7,7,5,16,,4,21,5,8,4,2,2,3,7,,9,11,11,9,11,7,4,3,4,11,11,,5,,4,2,,6,6,3,7,4,8,6,4,,4,22,19,10,,,6,9,2,7,3,3,4,12,5,1,3,4,3,9,5,8,7,10,6,7,3,1,3,2,8,2,3,4,7,9,11,5,4,7,5,5,7,8,11,2,2,4,6,5,12,3,24,8,7,10,4,8,8,10,14,20,,10,6,1,6,3,8,8,7,7,7,3,6,5,3,11,3,3,6,9,7,7,6,4,,3,3,4,3,4,2,2,2,3,3,2,3,3,6,8,8,6,8,11,15,11,5,3,3,1,3,3,3,7,8,7,6,2,6,6,6,8,6,9,5,8,5,8,7
20210719,9,NO2,14,8,19,10,15,19,27,9,16,11,18,25,,,25,,27,28,29,,33,,37,14,,8,11,,27,19,12,32,19,23,10,,18,20,,19,10,6,1,12,,2,,18,21,13,20,18,14,20,20,26,12,,11,11,13,22,16,26,,,18,21,,20,25,23,26,17,16,,9,18,14,13,30,,18,28,27,35,20,13,,11,19,,,14,17,17,16,15,13,18,,9,17,20,14,18,,13,14,20,5,5,5,9,9,5,16,3,21,22,19,14,14,10,6,12,7,16,22,22,9,,20,26,27,15,21,16,14,21,14,14,15,8,12,,14,14,11,15,19,12,16,15,8,14,21,16,14,10,,9,17,9,14,14,14,7,26,2,4,7,12,,,,18,12,,9,19,10,,,,28,,16,22,10,12,21,16,,10,22,,,,14,17,,22,13,17,10,9,,11,10,9,8,6,4,7,6,,8,,5,5,,19,15,,27,15,18,,21,21,13,14,27,7,25,,,7,8,15,28,14,25,17,,14,,,19,,16,17,,16,7,7,9,10,8,,20,17,18,16,18,15,21,14,36,28,26,25,28,33,27,26,19,28,1,,19,4,7,5,5,21,13,22,19,9,,20,12,,,14,10,28,32,,40,22,36,13,6,,,6,9,2,9,13,9,24,20,11,12,21,16,,18,7,12,27,35,20,19,25,38,,26,5,24,16,18,8,6,13,17,7,13,8,26,21,,25,30,31,23,23,17,22,13,13,21,26,21,23,18,,,13,16,10,18,31,13,16,17,21,19,26,,26,22,21,16,16,18,15,24,20,15,18,,,16,21,19,14,13,17,6,15,25,,28,15,35,27,39,16,17,28,,20,20,19,24,22,23,8,,22,32,31,33,39,39,15,,,38,48,52,30,42,,32,54,53,48,,,44,12,24,25,39,20,31,26,26,24,26,,18,11,11,13,8,17,14,11,18,12,29,20,18,20,23,24,19,18,16,17,,21,13,21,14,,43,13,43,68,,,,24,13,,,,20,15,49,48,76,57,51,,48,19,14,24,10,14,13,16,11,13,16,6,7,20,11,27,,17,24,22,14,18,14,,,11,,11,6,9,6,5,13,11,9,9,8,6,5,4,8,6,6,8,4,,15,,9,9,13,10,16,,18,18,,,16,19,23,25,,4,13,,,13,5,8,11,8,25,24,24,16,16,,,,9,,13,11,,11,9,9,13,5,3,2,38,29,16,,6,,,5,,5,10,16,16,13,9,15,8,,17,17,16,14,27,17,8,12,10,15,,14,15,5,8,3,13,14,15,16,,21,12,12,,10,11,,7,11,13,15,21,,28,10,,,14,11,,16,,18,10,22,24,10,2,,12,5,,23,26,,21,,24,20,14,,21,18,21,30,12,,5,6,9,32,10,5,3,11,12,9,10,2,19,16,34,29,6,4,11,11,12,4,12,12,9,16,10,13,11,7,23,2,12,,9,9,8,,9,7,10,9,8,10,9,5,11,17,,17,13,14,,14,16,23,10,16,,21,10,1,,12,,6,10,7,10,7,9,10,,,,10,,12,,5,5,,,,14,14,7,9,,8,,20,25,15,16,22,22,,9,28,9,23,11,13,,7,,,4,14,14,6,,14,27,21,15,11,16,8,13,10,14,15,22,10,22,10,13,15,22,23,19,12,23,,20,18,,22,14,35,15,11,18,26,26,,,,,4,17,,20,10,12,9,10,19,11,21,25,24,14,19,21,16,20,15,11,,6,9,20,,28,24,,31,12,13,19,21,23,8,13,18,8,10,8,12,,16,15,20,20,18,20,,42,31,,26,34,31,19,16,9,19,15,15,,8,,,3,3,9,11,5,,,,,,9,8,7,,,12,,16,,,10,,13,15,24,16,17,11,10,18,13,,11,14,18,16,20,6,4,11,12,13,12,8,4,,35,19,,21,21,12,14,,,8,8,5,6,11,7,5,,,,,20,14,17,14,14,,8,,12,10,17,12,21,,26,24,13,,,16,19,,12,20,23,,28,,42,24,,,12,11,,,10,9,11,,,4,6,6,8,7,10,5,3,8,5,11,6,3,6,13,8,7,12,13,19,6,4,9,5,,17,8,5,,7,10,11,11,7,5,6,5,9,16,7,23,,,29,12,8,7,10,8,12,,9,16,14,5,18,14,30,19,24,,,10,14,7,5,11,16,,,,18,,9,12,8,,9,12,11,10,6,8,2,8,21,31,32,54,23,16,15,11,,7,9,11,2,33,20,,10,,16,,,,16,19,11,23,4,6,,14,,16,20,14,7,5,5,7,5,13,13,24,6,1,12,12,7,18,17,18,27,11,,14,5,11,8,13,10,3,7,22,13,15,4,6,16,2,,6,13,6,10,7,10,14,14,13,14,8,8,9,9,13,,12,15,13,19,17,17,15,16,23,18,26,,12,11,10,,14,11,12,11,,13,8,14,,4,15,,11,15,11,8,10,10,9,8,10,9,,11,12,13,19,21,,18,9,,12,10,15,17,15,10,16,32,25,,14,11,8,,14,13,,22,2,7,7,,9,5,11,10,7,13,16,20,15,12,16,7,14,17,17,19,,12,8,15,8,14,16,15,13,23,5,8,10,3,17,5,5,1,3,3,11,13,7,21,12,5,8,10,13,18,25,12,10,16,14,16,13,22,17,30,21,17,8,13,19,20,19,15,15,,17,23,18,17,10,11,8,11,,18,10,15,14,20,11,20,16,19,24,28,26,17,5,36,,,5,10,6,,15,17,16,15,20,33,,16,8,16,,,,,10,13,19,17,17,13,4,7,,23,13,12,,19,37,9,9,27,26,30,,,,,19,10,21,21,25,29,17,,8,8,9,20,23,14,8,14,13,13,10,13,22,21,,7,6,14,14,9,17,23,9,17,,5,10,,11,7,,15,26,16,,15,,20,,8,6,9,19,21,22,8,15,18,13,4,9,8,10,,35,29,3,16,16,50,,10,13,26,30,11,11,,9,12,22,22,17,,29,26,25,,25,2,16,24,12,7,9,,11,20,,30,17,6,14,20,18,18,9,4,,40,16,14,12,10,2,10,10,6,,,45,30,37,9,,12,52,35,49,30,14,3,20,27,16,32,20,21,,29,13,18,19,16,14,15,,18,,7,18,40,10,17,16,15,13,13,7,15,6,12,9,,,11,21,8,24,,15,16,10,27,,2,8,,,8,19,20,5,18,8,8,11,2,22,11,46,15,17,26,,27,15,,12,14,23,13,5,16,12,8,6,6,18,36,7,23,14,29,21,7,15,7,16,18,9,8,14,18,10,15,19,30,12,6,52,,15,33,8,8,9,7,9,34,16,17,14,21,15,7,,6,16,8,17,16,18,15,,34,21,6,19,12,1,12,13,21,16,46,10,7,22,8,10,8,18,11,,5,36,51,29,16,,19,19,15,17,17,11,15,12,16,5,8,7,15,39,10,14,,10,,11,4,3,16,8,11,23,21,17,28,34,21,16,23,15,,20,31,8,5,11,15,13,12,11,23,16,30,21,15,10,2,19,8,7,13,4,7,12,10,,10,5,8,9,8,17,26,15,9,20,22,10,17,19,4,20,27,48,29,19,24,18,4,32,14,11,17,13,11,8,17,17,11,12,12,13,6,6,15,12,15,21,14,8,15,12,27,13,11,19,9,12,14,8,12,9,14,,13,12,12,22,11,14,16,19,6,5,26,17,16,12,5,7,5,12,2,13,67,19,37,65,,10,13,8,15,16,16,24,13,15,5,20,20,16,24,20,9,11,20,22,20,4,13,13,13,13,13,22,6,15,10,,13,1,11,11,24,10,22,18,32,16,10,13,18,22,21,11,18,14,11,11,11,,5,11,5,10,12,5,18,14,16,14,12,9,12,,15,13,15,14,3,7,13,5,21,,12,14,10,23,21,16,6,18,10,10,10,,10,,17,5,,8,20,12,15,28,25,20,26,,20,15,14,1,,,6,15,21,17,20,7,21,16,10,13,13,14,19,22,27,28,15,14,20,18,2,8,,6,10,5,7,13,39,14,20,5,10,11,15,10,22,9,55,2,4,18,15,25,17,10,46,7,16,12,25,20,18,35,40,45,,17,4,11,6,20,26,14,12,6,6,33,12,11,10,24,29,34,18,29,10,24,16,11,,5,4,11,8,16,22,4,13,24,15,13,7,15,18,12,12,38,23,28,22,14,11,7,14,10,11,12,12,14,17,5,6,,11,21,12,24,15,16,5,11,26,22,10
20210719,9,NO2_24h,15,8,25,16,15,21,25,11,10,12,20,18,,,15,,16,15,23,,24,,30,7,,7,11,,33,22,15,18,17,19,9,,14,18,,19,13,3,14,13,,12,,8,11,6,14,15,18,15,19,19,12,,12,9,14,24,18,19,,11,24,22,,29,11,14,11,16,15,,6,13,11,10,25,,9,25,22,20,18,16,,14,19,,,18,19,18,16,17,24,21,,14,17,20,16,20,,16,14,18,6,7,8,10,10,6,21,3,27,23,33,16,18,13,16,20,17,31,20,18,9,,21,30,30,25,29,17,20,29,13,17,14,9,17,,17,18,11,15,20,30,28,34,23,25,18,36,17,9,,7,16,8,10,13,16,7,22,2,4,7,10,,,,15,12,,8,13,8,,,,22,,13,22,11,9,18,16,,12,20,,,,18,21,,18,23,22,6,18,,8,4,7,5,7,3,5,7,,7,,4,3,,16,18,,22,15,21,,19,18,11,19,26,8,16,,,9,11,12,18,10,13,15,,11,,,18,,17,17,,9,4,8,9,14,12,,12,16,19,16,21,12,14,9,22,21,16,14,20,20,20,25,14,17,1,,10,3,4,4,7,13,8,22,21,14,,24,24,,,13,9,16,21,,15,15,12,11,7,,,6,8,6,8,9,13,15,16,9,11,15,12,,17,6,12,30,27,24,28,20,39,,25,9,23,23,26,12,15,14,26,15,24,12,28,21,,24,32,23,22,25,19,28,18,9,16,11,13,21,14,,4,13,9,9,14,9,12,11,20,21,21,21,,23,34,29,15,19,14,15,24,21,19,19,,,13,16,17,10,10,15,8,13,28,35,16,18,19,15,20,14,15,20,15,18,8,6,12,9,7,10,,23,27,20,24,34,26,14,,,32,25,34,26,21,,25,31,31,30,,,22,9,16,27,26,20,20,31,27,26,21,,16,9,10,13,12,13,10,12,12,9,16,13,19,20,31,18,28,18,23,21,,15,18,25,21,,25,12,40,42,,,,27,8,,,,23,23,44,45,42,53,37,,40,21,14,23,16,19,14,19,11,12,13,3,8,25,8,33,,24,31,30,22,17,20,15,12,18,,12,10,12,6,7,10,10,11,11,9,7,6,5,12,6,6,8,5,,14,,8,8,10,13,10,,12,17,,,9,12,10,18,,8,10,11,,10,4,6,11,7,13,12,10,14,14,,,,7,,8,10,,11,11,10,16,6,4,2,20,15,19,,8,,,7,,9,11,15,10,9,7,9,6,,15,16,15,14,26,11,10,9,10,17,9,17,17,5,7,5,18,14,13,10,,12,14,14,,7,8,,5,8,10,9,10,,29,13,,,14,13,,20,,17,12,16,19,5,2,,11,2,,14,19,,14,,16,16,12,,14,14,14,20,9,,6,9,14,16,17,8,2,14,18,7,15,4,18,10,28,29,12,10,14,15,14,10,14,12,18,19,17,12,17,8,13,4,10,,8,11,14,14,12,10,8,8,8,6,5,19,23,30,,25,22,23,,13,12,18,14,4,,17,10,2,,9,,6,10,4,7,5,7,7,,,,12,,11,,4,2,3,,15,11,7,11,14,,10,,17,17,11,13,12,10,,14,25,12,8,10,10,,12,,,4,10,8,8,,15,21,18,14,10,10,6,13,12,12,10,13,12,16,9,9,10,10,17,15,20,25,25,25,19,,15,11,26,17,11,16,15,15,,,,,10,17,,18,12,15,11,10,11,18,18,17,21,15,17,15,12,23,15,18,,13,15,22,,21,14,,16,10,12,15,15,15,9,10,14,17,19,18,15,,11,14,13,19,21,12,17,14,20,,13,20,12,12,12,8,17,17,17,,7,,7,5,5,14,15,8,2,10,8,,,10,11,8,6,4,7,5,9,,,10,,11,14,18,18,19,15,14,19,17,,12,18,21,19,22,5,3,14,13,11,11,11,4,,26,12,,15,15,11,17,,,12,8,6,8,12,6,4,10,3,,,20,14,15,16,12,,10,13,18,12,17,14,10,,14,13,11,,,14,13,,11,16,21,,21,,16,21,,,11,8,,,19,12,14,,,5,7,9,9,6,7,6,7,8,6,8,9,5,10,12,6,9,18,18,16,6,4,10,8,,18,8,16,,6,12,16,11,9,5,5,5,8,7,6,20,,,31,9,10,10,9,12,7,13,5,12,12,5,17,12,28,19,10,,,12,15,10,10,7,11,,8,21,17,,15,11,13,,7,8,8,9,4,12,2,7,23,24,32,36,19,14,18,14,,13,11,7,4,24,20,,10,,11,,,,10,15,6,17,3,4,,17,,17,21,18,7,7,8,8,8,18,11,22,8,2,7,7,5,18,24,19,19,8,,10,6,12,9,11,8,5,9,19,15,15,9,11,18,5,,10,15,13,17,17,8,11,11,11,11,6,7,7,11,13,,14,16,11,12,15,15,12,13,14,16,22,,10,7,7,,9,7,8,10,,11,7,14,,4,10,8,9,9,7,6,7,7,7,9,6,6,,7,8,6,27,19,,14,10,4,18,8,11,12,9,12,16,16,14,,10,8,8,,13,11,,12,2,7,6,,6,5,7,4,5,14,11,18,11,11,11,8,10,15,14,15,,13,10,18,10,13,14,12,12,20,7,8,8,11,19,5,8,3,6,8,6,17,11,21,15,6,4,5,18,25,18,20,12,11,12,15,15,17,19,19,15,11,9,10,12,10,15,12,14,9,14,19,17,17,7,8,7,15,,15,11,11,10,18,14,14,13,14,11,13,13,10,5,18,,,7,13,8,,12,10,7,6,13,13,,19,9,12,,,,,10,8,12,20,15,11,5,9,,28,11,9,9,11,14,10,12,16,17,14,,,,,12,12,11,13,16,18,23,,7,6,6,11,15,10,8,9,8,12,11,12,11,12,,7,8,11,12,7,14,16,8,14,,5,8,,10,9,,8,21,7,,7,,9,,6,5,8,14,19,18,8,12,16,11,5,8,9,10,,19,16,3,14,9,25,,14,16,22,22,18,14,,8,10,19,15,16,,24,15,14,,16,4,14,22,9,8,12,,13,24,,22,19,10,10,22,26,11,9,7,,33,13,17,16,13,7,14,12,10,,,28,24,26,7,,11,38,33,24,29,13,4,26,9,9,14,21,12,,23,24,13,19,11,15,13,,11,,5,18,23,12,23,18,15,19,10,14,20,6,12,8,,,21,16,7,10,,23,17,28,9,,2,5,,,11,24,25,7,18,6,8,26,2,23,10,28,16,16,20,,21,11,,20,8,14,12,6,13,11,11,8,11,15,19,7,19,7,25,20,7,14,5,13,15,9,10,12,12,9,10,11,32,15,7,33,8,10,9,8,9,7,4,11,12,12,16,16,20,15,5,,6,13,10,21,8,13,12,,31,30,8,14,9,2,5,19,17,17,22,10,17,21,9,6,8,18,16,,11,37,22,27,14,,13,18,15,16,14,12,16,17,15,7,6,10,25,18,11,11,,8,,10,5,4,11,5,9,24,29,24,25,26,16,12,16,10,8,26,23,7,8,12,15,10,9,5,13,20,19,13,24,7,2,20,5,12,15,4,5,11,10,,11,4,9,8,8,18,11,11,10,13,14,8,20,16,2,23,18,26,18,10,17,8,5,24,13,12,20,12,11,6,13,14,10,19,13,11,14,13,9,11,13,10,10,6,13,13,19,13,13,15,12,10,15,8,8,10,17,,8,6,9,30,17,28,18,16,5,3,18,16,19,15,6,12,5,10,3,16,54,18,31,28,,18,7,9,11,10,12,27,11,16,5,16,15,14,11,13,9,11,17,18,22,6,10,22,11,9,10,20,4,12,6,,9,3,7,9,16,10,17,8,18,24,15,11,16,13,15,11,10,13,10,9,8,,10,13,4,12,10,5,13,20,19,10,12,9,17,,12,10,21,22,3,5,9,6,17,,13,13,13,14,21,9,7,12,10,13,9,,13,,12,7,,5,20,13,16,20,17,14,14,,12,12,12,3,,,5,13,27,14,20,12,19,12,15,8,6,17,19,22,36,30,21,18,24,26,2,6,18,6,17,7,7,14,22,8,17,7,17,20,19,17,16,9,35,10,11,12,15,21,16,10,21,8,12,10,16,14,14,20,20,31,,23,8,8,5,18,15,16,9,7,13,23,11,14,8,20,25,18,14,14,10,25,14,11,,4,3,4,8,12,15,3,9,16,8,16,5,15,16,8,22,12,31,18,19,8,16,12,17,8,6,10,14,14,23,5,10,9,10,25,11,26,13,16,11,6,21,23,12
20210719,9,O3,49,51,53,43,47,41,27,50,46,49,34,31,,,31,,56,59,27,,50,,38,95,,64,94,,44,41,60,22,26,35,78,,67,64,,63,67,65,89,85,,95,,44,50,36,63,56,74,62,56,70,69,,77,76,67,30,43,29,,39,58,54,,49,62,52,47,48,44,,66,66,57,65,36,,44,51,55,28,59,52,,77,69,,,71,64,61,67,62,70,66,,62,70,71,71,73,,76,91,75,87,89,89,98,81,80,86,73,69,68,69,69,72,90,70,70,79,69,80,70,77,,93,93,83,88,73,67,83,77,56,58,57,55,60,,63,47,60,50,56,61,57,62,60,,47,66,65,55,,72,71,67,60,65,70,61,55,56,47,57,72,,,,36,42,,48,45,42,,,,50,,63,67,73,68,56,,,70,66,,,,74,74,,58,57,67,50,52,,59,67,68,62,67,64,86,81,,72,,64,56,,55,58,,56,55,56,,52,67,60,62,28,58,47,,,59,49,47,38,46,37,37,,55,,,57,,90,80,,38,54,51,35,34,34,,56,53,47,50,50,33,30,23,42,42,55,61,61,42,46,52,51,,66,,35,55,51,44,66,53,62,43,38,58,,46,54,,,42,86,66,63,,47,73,68,73,88,,,69,70,73,77,70,69,31,39,36,39,33,34,,32,40,51,48,45,56,49,41,27,,54,80,47,59,49,55,48,44,44,50,52,52,26,27,,24,17,18,37,30,22,26,33,26,17,12,13,20,25,,,40,30,25,25,30,25,29,26,24,25,16,,22,30,7,24,23,20,27,26,26,31,23,,,27,24,21,27,29,24,42,37,35,46,33,41,18,21,25,33,36,36,,36,14,25,31,39,38,98,,65,41,68,56,43,46,51,,,56,44,40,38,35,,36,19,32,19,,,53,68,10,16,14,12,13,14,11,18,12,,42,59,56,65,67,58,50,52,42,53,32,43,43,37,29,34,45,45,56,48,,36,42,29,38,,74,108,69,46,,,,64,108,,,,94,113,21,9,7,12,22,,6,43,44,50,55,44,54,50,47,45,53,48,37,54,40,74,,74,74,82,69,93,96,,,95,,85,94,83,33,,37,41,82,76,77,81,93,87,90,66,67,64,64,,65,,64,74,69,64,57,,66,49,,,71,70,67,81,,76,71,66,,64,70,64,62,,50,44,46,55,66,,,,70,,62,61,,66,82,84,75,77,74,84,44,54,72,,78,,,47,,47,40,37,42,49,49,49,53,,35,42,46,50,20,39,62,51,53,37,,53,56,40,32,38,37,33,30,22,,23,46,48,,59,56,,38,38,39,33,58,,44,47,,,50,60,,57,,68,135,62,59,58,64,,62,66,,29,31,,32,,63,66,71,,70,69,63,53,69,,75,74,82,53,67,79,61,74,78,92,70,69,60,66,46,48,81,82,59,94,85,94,93,92,86,75,77,80,86,72,52,57,60,,62,60,46,,52,58,76,83,82,76,84,63,69,69,,60,67,68,,58,55,37,53,50,,58,54,72,,39,,51,47,50,,50,51,48,,,,43,,51,,60,51,,,54,49,47,61,60,,60,,24,18,29,22,36,35,,61,41,58,36,72,46,,76,,,87,53,53,54,,22,21,34,51,46,86,74,75,69,66,65,54,74,55,45,31,66,78,79,59,11,15,11,17,27,,15,34,17,19,24,28,22,14,,,,,102,92,,84,78,81,100,77,64,84,20,12,12,16,8,44,45,54,55,63,,61,60,48,,23,33,,50,66,38,70,67,76,76,71,74,46,50,56,49,,88,98,90,119,97,81,,43,49,,57,29,69,70,82,68,70,74,74,,73,,,80,80,73,81,82,,,,,,74,67,78,,,56,,55,,,76,,71,62,53,64,65,66,69,68,60,,69,67,76,80,75,70,72,75,74,61,64,61,50,,40,59,,34,45,28,30,,,54,59,65,62,61,56,55,53,65,,,46,59,56,67,56,,68,76,72,76,79,69,50,,52,54,57,,,54,42,,70,58,41,,36,,72,102,,,72,60,,,81,86,78,,,57,,74,73,141,142,148,96,92,92,91,87,87,83,67,82,96,115,105,64,46,47,39,44,,74,75,87,,67,66,53,65,91,94,62,60,39,31,40,39,,,49,93,85,91,84,81,61,47,68,46,53,73,65,65,49,64,50,,,68,23,26,31,57,69,,40,,55,,66,56,65,,60,64,79,72,84,52,64,60,41,42,39,6,27,48,37,46,,57,15,28,27,45,56,,64,,65,,,,65,69,64,72,60,,,40,,69,61,75,65,,68,66,61,56,60,49,65,72,48,47,51,37,43,42,22,49,,44,21,24,28,24,15,20,44,32,44,32,51,65,59,61,,32,37,48,37,32,43,33,44,48,32,50,53,52,62,38,,39,41,40,38,40,45,39,32,26,40,32,,35,42,40,,41,40,40,48,,69,66,54,,60,52,,54,54,50,52,59,51,60,47,43,47,,37,39,40,47,44,,41,56,,47,37,42,51,54,61,52,36,35,,53,63,51,,55,61,,44,43,45,48,,67,62,58,28,24,35,25,30,36,37,30,48,51,39,63,41,,53,55,55,54,33,36,36,31,31,37,49,25,43,43,25,36,47,39,42,25,22,30,24,22,6,24,14,51,51,43,43,23,19,19,41,45,34,52,46,52,57,67,71,63,15,22,56,66,,61,56,54,50,26,29,35,40,,32,,21,23,34,37,33,41,28,12,18,24,26,76,26,,,82,75,77,,64,29,21,16,42,19,,18,26,18,,,,,48,50,37,37,41,29,33,30,,15,74,66,66,63,32,33,40,23,40,19,,,,,38,42,27,22,35,23,19,,13,56,56,49,30,90,88,86,20,17,,47,31,,,35,37,28,28,15,9,46,68,25,,28,22,,59,44,,31,32,51,,51,,72,,15,16,42,39,39,30,89,88,87,92,30,31,15,39,,73,70,84,78,66,35,,90,95,64,66,99,102,,93,86,74,71,49,,67,67,37,,63,119,94,77,39,111,95,,102,89,,,94,97,87,64,71,92,96,61,,25,48,37,82,90,84,60,70,67,,,36,32,34,44,,53,42,58,11,29,61,75,26,38,68,48,43,56,,35,,58,62,46,91,66,,61,,72,52,49,27,45,35,94,60,67,83,67,73,69,34,,,65,30,61,54,,104,106,108,39,,61,56,,,78,74,74,78,38,54,69,72,74,62,52,38,94,61,30,,34,65,,44,54,36,40,86,,51,85,36,63,27,48,62,41,39,39,57,56,68,70,62,44,59,40,31,34,42,38,53,33,84,87,36,,70,33,79,80,86,47,50,24,50,38,46,56,61,57,,49,37,70,56,58,23,21,,32,77,60,46,55,59,74,58,58,52,37,55,65,63,74,55,50,37,40,,81,67,48,49,91,,83,59,50,56,61,50,63,64,55,50,55,74,75,80,74,66,,54,,67,67,84,56,51,30,32,27,24,20,15,18,22,24,32,,30,34,34,60,31,45,28,36,57,48,55,59,78,76,72,61,56,50,39,25,64,60,50,55,,47,48,51,,55,38,28,48,20,53,43,39,57,48,46,38,51,28,35,61,37,17,81,53,70,75,53,63,64,65,80,49,47,54,61,51,76,83,52,40,50,44,36,72,45,66,13,31,57,20,76,62,60,67,62,43,40,,66,23,26,79,71,62,73,62,68,61,56,69,75,80,68,60,85,48,83,78,22,73,39,7,,37,44,38,24,30,32,22,55,24,48,26,17,36,24,54,63,56,25,32,49,70,49,64,69,69,59,66,42,44,38,,40,60,54,55,57,84,61,15,55,57,71,74,38,41,14,73,72,73,86,62,70,,69,77,78,73,59,81,,56,49,,94,90,104,,97,123,54,64,48,62,45,71,31,,70,53,59,40,19,25,24,26,58,42,41,,46,,32,69,,30,42,60,56,52,64,48,32,,48,,61,82,,,68,75,37,62,23,75,57,60,76,46,55,68,60,44,49,39,52,55,51,43,35,46,,55,65,49,52,57,19,68,19,74,42,48,46,47,38,83,20,104,106,23,33,50,64,62,71,45,21,46,18,25,25,41,21,40,,62,59,51,52,44,34,99,68,72,72,74,71,59,99,94,52,20,25,30,42,59,51,59,,59,54,70,87,47,38,49,49,23,29,42,28,42,65,24,64,57,80,84,31,49,58,76,73,54,51,30,33,68,72,56,,,71,48,76,38,55,68,77,39,45,14,74
20210719,9,O3_24h,81,87,115,92,102,93,94,86,84,99,97,94,,,117,,108,120,125,,107,,71,116,,88,130,,96,94,94,90,71,106,111,,106,85,,91,83,96,100,117,,103,,90,93,79,113,113,119,106,108,120,104,,104,108,108,72,78,81,,68,113,113,,117,128,128,119,125,116,,78,95,76,82,106,,113,98,99,112,102,100,,162,151,,,172,169,153,158,154,163,148,,155,153,165,163,151,,136,110,99,108,106,106,116,116,106,104,91,102,102,99,106,113,119,88,105,100,116,144,143,117,,144,160,139,141,127,142,133,144,107,105,114,104,111,,114,95,109,98,128,123,121,133,124,85,121,140,143,113,,137,127,129,126,118,114,126,110,113,115,113,94,,,,77,90,,95,87,86,,,,190,,163,150,162,162,125,148,,150,169,,,,166,160,,199,174,184,112,122,,132,104,109,96,101,97,110,102,,106,,93,81,,132,151,,155,140,144,,151,154,124,139,78,95,95,,,91,80,94,101,92,79,85,,99,,,153,,152,152,,97,92,97,92,86,94,,107,110,129,128,134,119,112,103,83,85,88,88,89,94,82,82,82,85,81,,83,80,94,67,160,115,106,98,107,93,,102,98,,,100,108,129,108,,113,130,117,144,97,,,84,89,94,94,95,92,81,84,80,83,82,81,,68,85,147,146,153,152,147,126,132,,132,140,89,88,87,87,81,77,75,86,88,81,141,182,,158,135,173,109,147,77,124,112,77,73,78,74,83,113,,85,81,98,102,92,79,85,94,180,160,177,149,,188,169,156,104,126,114,107,132,141,161,120,,,107,113,107,83,76,72,88,88,191,189,212,202,127,135,133,125,114,150,87,128,74,75,72,75,75,121,,118,151,151,213,172,222,170,,,151,170,170,150,156,,169,191,171,162,,,185,143,75,86,101,97,86,86,89,85,89,,102,94,78,93,83,81,125,114,116,121,115,128,97,93,96,91,86,103,103,110,,96,86,95,89,,212,164,191,179,,,,181,180,,,,183,226,123,114,126,120,128,,125,93,88,96,104,78,90,84,76,91,88,91,74,89,84,184,,165,166,185,159,182,178,188,125,184,,109,116,118,113,116,111,124,119,104,106,103,98,103,101,124,121,106,119,,94,,93,105,99,108,143,,146,102,,,117,121,115,126,,91,100,104,,100,101,101,104,112,102,92,96,100,102,,,,112,,111,98,,104,129,124,122,100,101,112,66,78,77,,124,,,161,,146,125,127,105,109,101,109,86,,110,107,107,96,116,100,103,97,116,116,85,96,81,88,80,86,85,75,81,98,,92,113,106,,136,109,,126,127,123,117,123,,134,88,,,89,107,,110,,120,135,125,124,84,88,,86,90,,105,92,,101,,83,81,82,,87,86,88,83,89,,135,153,129,128,121,129,67,142,143,157,132,147,136,101,97,92,89,87,93,102,104,94,98,100,112,105,120,106,115,84,78,78,86,,94,93,73,81,84,98,116,103,107,100,107,126,106,123,,116,113,118,,118,106,117,94,96,,98,96,85,,86,,92,92,102,87,104,100,89,,,,99,,101,,87,87,78,,84,82,89,99,103,,106,,140,132,155,136,144,120,,151,157,163,126,137,155,,100,,,120,99,97,65,,132,115,138,112,76,95,80,88,116,118,110,126,125,118,70,70,152,160,166,145,82,81,80,72,75,,149,170,145,150,92,115,124,87,,,,,247,197,,183,78,81,106,89,83,94,117,108,109,109,116,89,100,104,113,121,,96,102,120,,139,146,,146,158,167,147,146,153,157,162,158,117,121,128,102,,143,157,148,183,196,166,124,112,120,,110,107,133,121,128,112,113,110,110,,83,,98,106,106,102,117,97,86,95,104,,,107,92,126,92,48,93,55,84,,,146,,132,134,138,164,168,160,168,182,123,,149,140,196,204,195,157,163,144,144,115,143,93,85,,92,119,,130,129,85,92,,,87,106,90,95,89,92,90,93,101,,,155,88,87,90,85,,77,122,123,119,127,112,89,,87,89,136,,,134,127,,108,97,117,,116,,211,224,,,91,68,,,168,183,166,,,71,78,119,116,182,184,173,96,92,92,91,87,136,132,124,145,200,192,157,162,76,80,70,75,,192,186,94,,75,74,95,100,115,127,92,86,87,75,85,105,,,110,134,109,125,215,130,131,127,136,93,92,80,97,87,86,89,108,,,185,68,64,68,107,113,,115,147,158,,149,148,148,,125,119,123,118,117,71,85,76,112,118,112,98,88,141,72,75,,90,95,92,87,143,146,,113,,107,,,,92,92,94,90,117,109,,119,,116,129,129,94,96,91,85,89,94,100,121,89,102,99,98,100,113,121,123,106,84,,84,78,65,66,66,71,84,98,94,96,91,82,98,106,101,,82,95,95,89,82,125,117,117,109,128,142,139,141,147,92,,101,102,99,92,87,89,88,86,85,83,92,,72,98,92,,95,94,96,107,,121,114,89,,93,91,75,93,98,116,109,117,116,124,95,90,94,,91,89,98,115,123,,141,140,82,111,109,127,145,136,126,123,141,138,,123,125,108,,122,124,,134,143,135,131,,101,104,114,92,88,126,120,123,119,126,118,98,105,106,108,97,,112,114,124,109,140,165,155,156,143,122,133,116,134,120,69,109,128,104,110,75,63,85,83,80,82,89,75,183,170,163,174,56,68,63,101,112,58,128,127,130,135,140,130,132,124,145,165,185,85,130,122,127,127,107,98,151,154,,160,114,99,115,93,110,106,110,89,114,130,143,139,131,149,,,125,120,120,,115,100,104,102,129,111,,129,107,111,,,,,128,122,115,106,116,153,132,127,,96,109,131,120,122,117,83,74,91,77,83,,,,,101,92,102,93,64,62,91,,85,98,101,108,102,104,88,107,54,61,69,71,87,88,,84,84,68,64,55,62,100,97,64,,74,67,,85,112,,84,81,78,,114,,132,,87,77,133,138,152,133,170,154,158,156,105,127,114,116,,150,150,145,171,159,156,,141,158,151,148,138,140,,136,129,158,155,141,,153,167,158,,148,219,145,158,119,145,222,,243,172,,173,146,146,145,117,115,151,148,141,,127,125,119,158,138,111,124,136,129,,,126,127,133,92,,99,137,129,123,135,108,86,126,94,108,114,96,90,,119,127,198,188,86,170,156,,112,,115,107,185,122,81,83,136,144,131,141,160,122,150,105,,,113,167,103,116,,172,177,216,138,,91,171,,,95,171,162,88,78,96,89,85,92,154,112,187,171,217,92,,120,115,,112,136,105,107,126,159,69,128,78,104,126,98,72,97,102,196,91,81,100,70,92,106,134,91,82,86,87,82,110,150,109,112,152,73,144,150,105,103,115,99,99,141,139,94,144,186,116,86,,96,73,116,92,97,93,102,,96,186,105,116,101,86,130,143,204,113,157,86,101,156,108,89,98,156,122,,94,188,161,178,175,,134,117,106,112,118,104,108,115,103,96,91,119,176,218,155,88,,100,,135,96,96,176,99,83,104,113,136,148,144,142,82,92,94,84,159,225,94,84,97,118,105,125,102,120,122,140,135,122,120,82,138,114,108,115,86,82,87,94,,82,85,95,93,86,208,116,90,79,116,126,96,184,169,112,98,130,176,163,165,115,145,91,121,112,118,94,111,98,99,148,135,94,94,99,89,117,117,155,135,124,129,127,87,128,120,150,112,139,119,133,102,118,98,99,100,98,,117,95,79,179,155,136,163,123,127,86,186,173,152,152,122,113,101,124,96,139,130,137,117,124,,89,89,77,85,86,77,147,102,170,93,108,110,108,82,91,113,107,110,98,88,125,87,110,131,117,111,128,86,96,94,,99,90,94,95,101,110,102,85,137,107,177,157,195,137,137,161,138,138,107,113,109,,116,119,120,123,77,106,162,114,107,113,133,130,187,,144,188,134,123,66,128,143,122,159,,153,141,175,136,121,89,96,66,82,71,69,,110,,145,122,,103,93,127,102,139,138,106,79,,104,141,137,120,,,78,142,100,87,84,108,85,95,81,92,83,106,118,107,96,109,115,119,127,108,80,81,74,84,101,89,89,113,84,133,88,95,113,97,93,88,108,133,128,122,132,91,151,106,79,90,210,170,85,91,164,113,113,127,177,178,,123,110,87,92,214,102,234,86,91,110,121,127,105,239,177,134,144,149,128,135,149,109,112,,72,120,93,135,124,108,101,123,89,79,90,72,78,130,76,100,114,182,209,80,106,112,86,103,88,86,89,72,159,168,126,123,97,93,115,97,106,93,166,146,108,61,81,124
20210719,9,O3_8h,37,29,50,39,47,38,33,51,27,34,35,30,,,39,,39,47,32,,34,,33,72,,52,56,,13,29,27,23,24,36,92,,52,47,,46,43,82,60,82,,29,,60,67,54,45,34,54,44,34,48,33,,50,65,25,18,20,23,,11,34,40,,33,68,60,52,36,36,,68,70,63,67,34,,41,32,42,34,37,24,,58,63,,,50,54,37,59,36,21,33,,19,43,39,42,40,,55,82,76,83,80,86,90,67,67,77,63,58,60,52,46,67,35,41,40,49,42,53,46,46,,47,43,40,35,43,38,34,33,54,51,52,49,51,,58,40,53,51,46,50,52,52,55,,42,57,54,48,,60,66,55,55,56,55,54,47,48,45,48,60,,,,34,41,,48,45,39,,,,31,,52,54,56,58,48,51,,49,47,,,,55,41,,32,18,31,49,49,,53,53,58,54,51,52,75,64,,57,,60,52,,51,46,,39,28,29,,30,47,52,23,28,56,51,,,45,50,56,35,42,35,25,,51,,,38,,51,53,,36,60,51,33,34,29,,54,52,41,44,44,18,29,7,32,26,33,35,40,33,32,16,36,39,69,,39,56,48,43,27,46,55,19,20,28,,21,20,,,23,64,40,43,,53,55,62,59,76,,,63,66,75,72,72,36,43,46,42,50,40,41,,38,55,50,45,48,44,30,53,25,,42,66,31,37,23,26,28,19,26,33,22,26,25,29,,24,16,22,38,26,26,20,21,33,28,26,24,25,30,,44,42,40,27,33,41,29,32,24,24,23,15,,14,19,4,26,24,28,29,25,24,26,23,,,30,23,19,30,34,29,43,37,23,31,36,31,15,20,24,20,25,22,,17,10,39,31,40,42,74,,40,62,64,74,78,70,61,,,75,66,66,51,60,,24,32,35,30,,,56,88,7,10,5,6,8,4,3,14,6,,47,61,60,64,68,64,59,60,52,62,54,59,55,48,24,53,49,62,60,37,,44,40,42,37,,62,110,38,59,,,,48,107,,,,71,90,20,4,5,10,16,,12,25,31,32,32,16,40,20,30,32,43,39,11,17,21,51,,57,32,53,47,81,78,95,,69,,69,72,56,30,19,23,20,72,61,69,81,76,77,74,57,57,49,63,,46,,51,64,60,40,49,,51,42,,,49,45,47,46,,47,53,45,,58,65,56,47,75,58,58,62,56,48,,,,59,,45,46,,55,69,81,62,73,76,85,50,63,53,,55,,,48,,46,40,36,58,63,57,61,64,,31,30,32,39,8,39,47,38,35,17,,28,37,48,40,42,11,24,22,33,,32,37,37,,65,64,,54,56,52,47,39,,12,32,,,50,58,,23,,48,51,43,44,60,63,,58,64,,52,50,,51,,64,45,66,,71,68,54,50,59,,46,39,66,48,38,55,21,38,48,50,33,40,32,37,20,20,37,36,14,58,73,68,58,64,39,34,27,32,39,39,62,64,69,,74,24,19,19,21,21,83,83,80,83,83,42,39,40,,49,46,53,,56,41,29,41,36,,32,42,79,,50,,56,52,58,53,62,62,59,,,,45,,48,,72,67,,,65,58,60,50,38,,39,,32,26,33,19,60,57,,38,22,31,37,70,23,,83,,,68,50,48,26,,17,24,21,36,32,70,67,39,64,58,51,46,64,34,24,12,92,99,96,83,11,6,6,3,13,,33,37,18,16,12,22,16,18,,,,,84,83,,64,61,68,81,66,60,66,19,22,8,6,10,42,44,51,59,58,,52,56,43,,10,18,,31,66,54,75,76,90,77,82,87,49,60,67,59,,59,51,100,77,87,71,,88,81,,75,26,109,94,102,53,51,55,55,,61,,,76,76,44,53,49,,,,,,53,40,67,,,61,,65,,,58,,61,53,54,50,48,48,50,56,52,,38,38,54,56,52,52,57,52,56,52,45,55,46,,32,43,,41,47,14,15,,,29,49,44,48,50,60,58,58,67,,,32,55,53,60,56,,59,49,30,57,52,40,58,,51,52,59,,,58,45,,67,49,25,,23,,99,97,,,62,46,,,65,96,60,,,52,45,51,52,141,147,151,61,71,68,75,53,87,80,58,72,50,42,40,34,42,46,34,30,,61,62,36,,36,30,18,18,81,89,55,54,31,33,32,28,,,17,44,33,37,33,22,25,16,26,20,17,23,27,45,12,33,21,,,48,26,25,27,46,57,,38,60,52,,49,54,49,,54,59,69,61,68,50,62,60,19,22,17,4,10,31,17,38,,25,11,15,20,32,31,,53,,54,,,,51,62,55,56,68,63,,24,,51,37,47,63,61,61,62,48,29,41,13,64,74,52,47,53,12,12,16,14,31,,30,8,15,19,18,8,16,40,30,40,23,19,32,34,33,,15,26,28,19,14,36,31,36,38,33,48,55,52,48,32,,23,29,31,9,31,33,30,39,23,22,22,,47,56,57,,63,62,60,51,,50,45,64,,70,58,,61,62,62,58,64,59,70,42,41,46,,48,53,59,24,46,,40,53,,27,24,30,47,50,44,44,44,37,,56,65,49,,60,67,,53,59,37,36,,60,60,56,33,32,20,24,26,39,36,36,15,42,27,34,32,,31,30,25,31,13,24,26,22,17,18,32,15,23,28,29,19,32,18,24,10,13,20,9,10,4,9,8,45,29,41,34,26,12,28,27,24,23,40,39,42,51,58,64,56,22,15,54,58,,52,34,30,24,29,35,38,29,,42,,18,26,14,36,34,37,26,21,23,29,30,48,21,,,76,69,73,,66,31,44,38,54,36,,21,22,21,,,,,53,44,37,32,35,40,33,36,,8,77,66,75,67,54,23,37,24,39,23,,,,,34,30,36,29,49,39,18,,6,58,61,54,33,84,77,88,26,15,48,54,43,47,,42,39,36,33,18,14,42,71,24,,38,29,,66,41,,40,41,58,,62,,96,,20,16,32,24,17,16,76,76,75,79,32,28,16,34,,80,67,71,49,64,38,,81,90,44,53,90,97,,95,88,64,72,41,,58,58,54,,55,104,76,83,46,114,88,,94,70,,78,71,86,82,60,60,86,85,77,,28,56,42,90,92,70,63,71,70,,,40,25,32,45,,57,26,39,14,16,49,67,24,44,55,45,36,58,,23,24,38,31,48,57,53,,62,,58,40,53,16,20,18,90,52,66,50,30,65,51,40,,,46,12,55,45,,75,88,75,52,,57,40,,,66,45,46,60,36,52,64,63,59,44,55,64,93,82,46,,36,49,,19,66,27,39,98,57,47,63,38,47,24,12,52,38,63,29,37,48,47,51,46,42,44,31,16,22,27,31,56,20,52,101,53,,63,53,86,90,84,60,45,45,46,33,50,33,66,68,,45,21,48,50,70,23,24,,16,43,55,46,43,56,91,67,35,34,35,65,35,44,67,42,44,15,23,,34,26,62,37,93,,94,54,53,55,67,42,50,48,51,45,47,47,50,100,56,55,,52,,58,57,71,35,49,25,29,21,17,22,23,24,29,31,35,43,26,24,37,50,30,41,30,50,28,57,40,47,57,49,66,60,32,63,20,11,73,70,56,65,,48,53,13,13,26,19,29,43,21,68,44,36,67,62,51,26,58,35,41,58,36,25,73,32,62,56,42,48,45,54,58,42,48,44,54,44,58,56,52,41,39,49,30,43,31,55,12,17,42,10,50,50,47,55,49,40,22,,63,22,14,49,42,52,63,52,55,55,33,58,57,59,54,43,65,40,79,81,7,86,45,26,,10,59,27,30,31,40,20,41,21,46,26,25,27,23,51,60,46,20,36,38,64,30,28,41,61,54,29,54,42,59,,62,71,61,53,15,89,21,25,50,30,49,60,42,34,18,97,98,55,48,44,53,,40,62,76,62,61,78,63,39,38,47,60,52,79,,82,94,52,56,40,51,26,56,11,,55,48,45,31,18,34,16,15,26,34,27,,43,,40,55,,24,39,62,58,35,59,40,37,,37,37,39,55,,,70,58,18,29,12,50,31,55,41,57,65,47,33,23,12,19,23,25,22,11,44,54,,61,64,56,60,55,18,66,26,68,48,38,50,48,35,98,21,103,113,22,26,42,48,57,94,41,28,62,23,28,26,23,36,30,,51,54,59,58,32,31,83,67,52,45,44,56,53,89,80,50,10,24,29,25,36,40,58,,56,64,74,83,51,62,60,48,11,15,37,19,34,40,25,50,65,52,30,28,68,33,47,52,40,37,31,9,53,32,68,,62,59,22,66,24,62,57,50,44,52,5,45
20210719,9,O3_8h_24h,37,34,50,39,60,38,33,51,41,34,35,30,,,72,,71,75,57,,76,,48,73,,68,69,,22,32,27,30,29,53,111,,52,47,,46,43,92,60,82,,29,,84,82,71,66,53,56,58,38,63,54,,67,68,28,35,20,47,,11,34,40,,33,80,71,62,61,56,,78,81,75,76,45,,61,57,68,47,71,28,,58,63,,,50,54,56,63,36,21,33,,19,43,39,42,41,,55,82,86,86,84,88,90,84,67,79,63,63,66,56,46,73,35,41,40,49,42,62,47,51,,65,66,58,52,49,56,34,46,62,61,66,55,67,,66,48,64,63,52,62,74,60,66,,42,66,62,58,,66,72,62,62,63,64,74,66,69,59,67,60,,,,41,49,,56,52,50,,,,46,,60,57,68,66,54,57,,55,58,,,,72,44,,45,23,34,64,66,,68,57,62,59,53,60,80,70,,59,,67,60,,58,46,,39,28,38,,33,49,60,23,54,74,63,,,61,66,72,59,70,61,40,,57,,,48,,53,53,,44,83,71,44,39,39,,71,72,46,50,57,23,49,7,36,35,33,41,40,33,32,26,36,43,72,,53,61,55,46,27,62,62,24,20,28,,21,20,,,23,86,66,52,,85,72,92,79,79,,,71,78,87,77,79,36,54,56,49,60,50,55,,50,64,77,52,68,74,82,72,47,,62,79,45,37,23,26,35,47,38,35,22,26,25,31,,28,24,43,43,27,40,20,21,34,32,30,29,27,32,,45,42,42,30,35,41,32,32,24,24,23,24,,27,19,4,26,24,29,30,27,26,28,24,,,38,33,29,35,39,35,46,42,56,44,67,57,38,42,40,38,42,39,68,22,20,46,34,42,43,102,,40,66,64,80,82,79,62,,,77,69,66,52,68,,45,65,85,42,,,81,112,7,10,5,6,8,4,4,14,6,,47,61,60,64,68,65,70,74,74,72,71,82,76,61,28,77,68,91,81,64,,86,41,48,41,,108,148,90,88,,,,62,141,,,,71,90,21,4,6,10,18,,52,33,37,47,46,26,53,32,41,50,55,45,12,42,21,56,,57,32,79,47,86,81,98,115,69,,74,79,76,62,44,51,24,114,103,96,81,76,77,74,62,59,58,63,,48,,60,74,65,53,65,,70,43,,,56,48,57,58,,50,66,50,,60,74,64,52,80,62,70,73,70,48,,,,59,,59,64,,72,72,88,65,82,78,86,57,66,53,,56,,,49,,49,40,36,72,78,74,75,76,,40,35,37,47,12,54,47,38,41,18,38,28,37,51,47,47,11,25,27,56,,58,39,54,,74,74,,60,64,56,53,66,,37,40,,,51,59,,23,,70,58,62,68,64,64,,59,65,,70,70,,76,,74,61,70,,80,72,66,61,67,,46,39,66,56,38,55,21,38,48,50,33,40,32,37,20,20,42,36,14,58,75,68,58,64,39,34,27,32,39,39,67,64,69,,74,24,19,19,21,21,107,86,92,92,98,42,39,40,,49,46,59,,83,51,41,49,37,,32,66,85,,64,,69,66,72,65,75,82,78,,,,54,,50,,86,82,75,,67,61,62,55,40,,45,,73,63,48,47,101,81,,45,31,36,45,70,23,,84,,,83,55,61,29,,34,34,37,36,33,80,71,66,65,58,51,54,65,48,24,14,106,104,106,100,21,6,9,3,13,,68,63,59,18,15,55,34,51,,,,,117,87,,68,61,68,81,66,60,66,24,46,19,6,31,44,44,52,72,64,,76,67,66,,43,73,,86,82,84,87,85,96,88,89,94,62,70,84,69,,59,59,100,77,94,95,115,96,93,,76,42,123,101,108,58,58,67,67,,65,,92,77,77,57,68,62,72,65,85,,,58,40,78,79,51,83,44,82,,,60,,66,57,63,50,48,48,50,56,52,,51,48,54,56,52,66,74,80,79,61,59,66,57,,52,64,,55,62,14,15,,,32,49,51,48,50,75,71,72,80,,,54,68,64,69,67,,59,75,72,69,78,55,66,,60,61,75,,,76,74,,76,61,54,,62,,161,136,,,62,51,,,65,114,72,,,61,61,75,70,161,163,165,61,71,68,75,53,88,80,61,72,50,42,40,34,49,55,38,36,,75,74,36,,36,30,18,18,108,123,62,62,39,44,36,59,,,17,44,33,37,33,22,25,16,26,20,17,23,27,45,12,39,21,,,48,47,46,46,65,73,,38,77,64,,49,62,50,,65,76,77,70,70,69,73,72,19,22,17,4,10,31,17,45,,25,24,27,20,71,67,,54,,72,,,,61,78,68,62,81,74,,24,,51,37,47,67,64,69,65,55,29,41,13,64,75,70,70,68,12,12,34,16,32,,54,8,22,24,22,16,16,46,42,47,33,19,36,34,35,,26,41,42,23,16,46,51,51,56,62,50,61,56,48,38,,29,35,38,9,39,44,33,50,37,42,43,,55,66,65,,81,83,76,89,,75,62,89,,93,71,56,74,80,78,74,82,78,85,46,49,53,,76,68,84,30,52,,40,53,85,27,30,35,60,57,51,52,50,41,,70,77,55,,70,76,,61,74,49,44,,60,60,56,53,51,36,48,43,54,51,56,18,54,41,46,52,,42,39,34,41,40,42,42,34,26,19,54,17,41,53,42,19,32,18,24,10,31,38,16,19,5,15,12,61,72,61,62,30,30,49,32,28,51,43,41,48,62,73,87,83,29,25,63,68,77,76,61,54,43,41,46,67,61,,75,18,21,47,14,74,68,68,46,38,47,54,56,71,74,,,76,72,73,,68,61,75,70,74,66,,21,22,38,,,,,84,85,76,61,64,64,51,55,,8,77,78,88,82,82,35,46,33,51,34,,,,,34,30,67,57,54,51,25,,11,85,83,80,54,91,77,95,29,22,48,54,52,52,,54,39,46,41,21,20,75,85,26,,56,41,,67,52,,55,53,58,,75,,116,,28,22,37,55,25,46,94,94,95,96,50,32,29,38,,96,100,81,124,106,67,,88,109,89,106,90,97,,99,91,80,90,50,,88,84,84,,62,122,90,134,64,119,119,,130,83,,92,81,96,100,70,60,86,85,86,,28,79,70,105,104,89,70,80,76,,,44,43,32,47,,57,26,39,41,53,53,67,26,68,74,75,51,66,,69,24,53,40,68,57,55,,76,,58,40,69,18,23,37,90,55,82,50,30,65,51,81,,,46,45,59,78,,75,98,75,61,,64,51,,,69,50,48,63,45,62,66,65,59,50,68,67,93,87,73,,70,69,,35,78,56,60,106,74,61,67,47,55,35,17,54,60,84,68,52,61,50,53,50,44,67,33,19,38,33,35,73,20,63,102,57,75,77,76,87,91,90,82,45,64,46,39,84,49,81,83,,54,28,48,52,72,51,54,,32,98,76,70,65,62,114,102,46,34,78,68,35,69,68,49,44,23,23,,34,51,86,44,120,,94,69,64,62,76,51,58,57,58,51,71,52,50,142,57,62,,56,,66,69,74,51,63,44,42,21,23,34,26,35,32,34,38,47,26,49,39,57,30,53,36,58,28,68,40,62,69,49,82,69,76,81,20,12,82,79,84,94,,60,62,13,13,26,33,38,60,42,69,49,40,93,68,67,30,86,52,75,78,67,59,77,57,65,70,54,56,57,66,72,64,50,44,54,47,65,60,80,68,42,53,48,78,44,62,18,17,46,32,50,58,52,58,55,43,24,,66,31,20,52,56,80,101,60,59,63,50,64,79,81,60,60,65,54,90,111,7,88,45,64,,12,69,46,40,32,46,22,42,44,48,28,26,37,29,77,76,64,26,43,52,74,30,28,41,76,58,29,67,46,68,,80,86,76,67,15,106,21,58,50,30,58,78,84,48,32,116,98,56,50,61,74,,56,68,84,62,75,86,68,39,45,60,64,72,79,,91,125,52,56,47,55,29,64,11,,89,74,45,44,30,56,24,28,26,40,29,,63,,54,65,,36,39,63,58,60,76,55,57,,66,52,57,55,,,70,90,18,32,13,50,31,55,41,78,71,76,33,23,12,20,33,41,22,11,49,66,69,74,64,62,82,64,28,66,33,71,54,38,53,56,46,103,21,103,113,60,53,46,58,68,155,44,29,71,28,34,37,45,68,40,,51,68,71,70,47,61,108,74,65,47,46,67,53,132,102,57,73,44,45,34,36,50,78,,58,70,76,96,68,69,75,73,11,15,37,27,40,71,31,58,86,53,30,45,89,46,47,52,75,56,31,9,89,32,94,,74,59,37,66,32,77,68,66,57,54,5,54
20210719,9,CO,0.5,0.5,0.7,0.7,0.6,0.6,0.6,0.6,0.5,0.5,0.5,0.6,,,0.7,,1,1,0.6,,1.1,,,0.6,,0.7,0.6,,0.7,0.7,0.5,1.1,0.7,0.5,0.7,,1.5,1.2,,1.4,0.6,0.3,0.1,0.4,,0.3,,0.5,0.6,0.5,0.2,0.4,0.3,0.1,0.2,0.2,0.3,,0.6,1,0.1,0.7,0.6,0.9,,0.7,0.5,0.3,,0.4,0.8,0.6,0.7,0.3,0.6,,,0.4,0.2,0.3,0.9,,0.6,0.7,0.5,0.8,0.5,0.6,,0.5,0.5,,,0.7,0.6,0.6,0.5,0.9,0.4,0.6,,0.7,0.9,0.8,0.5,0.9,,0.6,0.7,0.6,0.4,0.5,0.4,0.5,0.5,0.4,0.6,0.6,0.8,0.6,0.8,0.7,0.8,0.5,0.4,0.6,0.6,0.6,0.4,0.8,0.5,,0.6,0.7,0.5,0.7,0.3,0.7,0.3,0.4,0.5,0.5,0.3,0.4,0.5,,0.4,0.3,0.3,0.2,0.3,0.5,0.2,0.3,0.7,0.5,0.4,0.5,0.4,0.2,,0.4,0.5,0.3,0.2,0.3,0.5,0.4,0.3,0.4,0.5,0.5,0.4,,,,0.5,0.4,,0.6,0.4,0.3,,,,0.7,,0.4,0.3,0.4,0.4,0.4,0.3,,0.3,1,,,,0.6,0.6,,0.5,0.8,0.6,0.7,1,,0.5,0.3,0.4,0.2,0.2,,0.5,0.3,,0.3,,0.4,0.5,,0.4,0.4,,0.6,0.3,0.8,,0.6,0.4,0.4,0.3,0.6,0.6,0.4,,,0.3,0.5,0.5,0.5,0.4,0.4,0.4,,0.9,,,0.5,,0.6,0.5,,0.4,0.4,0.2,0.3,0.4,0.5,,0.4,0.4,0.4,0.2,0.4,0.5,0.5,0.5,0.7,0.7,0.6,0.8,0.6,0.7,0.7,0.7,0.3,0.8,0.4,,0.7,0.8,0.6,0.4,0.3,0.5,0.2,1.3,0.9,0.9,,1,0.6,,,1,0.5,0.5,1,,1.1,0.6,0.7,0.4,0.3,,,0.1,0.3,0.4,0.1,0.1,0.4,0.6,0.4,0.5,0.5,0.5,0.5,,0.5,0.5,0.8,0.8,0.7,0.9,0.7,0.7,1,,0.9,0.4,0.8,0.7,0.7,0.8,0.7,0.7,0.5,0.6,0.6,0.4,0.5,0.6,,0.5,0.5,0.7,0.6,0.6,0.5,0.5,0.4,0.4,0.7,0.7,0.6,0.4,0.5,,,0.4,0.4,0.5,0.5,0.7,0.5,0.5,0.4,0.5,0.4,0.5,,0.5,0.4,0.5,0.7,0.6,0.6,0.5,0.5,0.8,0.5,0.5,,,0.7,0.6,0.7,0.5,0.6,0.5,0.7,0.6,0.5,0.6,0.4,0.4,0.6,0.7,0.6,0.6,0.5,0.8,,0.5,0.4,0.4,0.5,0.5,0.4,0.4,,0.4,0.7,0.6,0.7,0.9,0.4,0.5,,,0.8,0.7,1,0.6,0.7,,0.5,0.7,0.7,0.7,,,0.7,0.3,0.5,0.6,0.9,0.8,0.8,0.5,0.6,0.7,0.9,,0.4,0.3,0.3,0.3,0.3,0.4,0.3,0.4,0.3,0.5,0.5,0.3,0.5,0.8,0.9,0.8,0.7,0.5,0.8,0.5,,0.8,1,0.7,0.8,,0.9,0.6,0.7,0.8,,,,0.7,0.4,,,,0.4,0.6,0.6,0.5,1.1,0.4,1,,1.5,0.7,0.8,0.8,0.6,0.8,1.1,0.8,0.7,1.1,0.8,0.5,0.6,0.9,1,0.8,,0.3,1.1,0.7,0.7,0.8,0.7,,,0.6,,0.4,0.9,0.4,0.4,0.4,0.3,0.6,0.7,0.5,0.6,0.5,0.6,0.3,0.5,0.2,0.3,0.3,0.3,,1.5,,0.4,0.7,0.4,0.9,0.7,,0.8,0.6,,,0.7,0.9,0.9,0.4,,0.2,0.5,0.3,,0.3,0.1,0.1,0.4,0.3,0.3,0.2,0.3,0.2,0.3,,,,0.3,,0.3,0.6,,0.4,0.6,0.6,0.8,0.4,0.2,0.3,0.4,0.4,0.3,,0.4,,,0.8,,0.7,0.6,0.7,0.6,0.7,0.5,0.4,0.4,,0.6,0.4,0.6,0.5,0.5,0.5,0.6,0.9,0.9,0.8,,0.8,0.6,0.4,0.5,0.5,0.8,0.7,0.8,0.5,,0.9,0.5,0.4,,0.6,0.6,,0.5,0.8,0.9,1,0.7,,0.6,0.5,,,0.5,0.5,,0.7,,0.8,0.5,0.7,0.6,0.8,0.5,,0.7,0.7,,0.9,0.8,,1,,1.1,1,0.9,,1,0.8,0.4,0.3,0.1,,0.4,0.5,0.5,1.8,0.9,0.3,0.2,0.7,0.6,0.4,0.6,0.3,1.1,0.3,1.8,1.7,0.6,0.5,0.4,0.8,0.6,0.4,0.7,0.6,0.7,0.7,0.7,0.9,0.6,0.6,0.6,0.5,0.2,,0.1,0.4,0.3,0.3,0.3,0.3,0.5,0.3,0.5,0.4,0.4,0.6,0.7,0.6,,0.7,0.6,0.7,,0.4,0.7,0.6,0.6,0.9,,0.6,0.3,0.2,,0.8,,0.8,0.4,0.5,0.5,0.5,0.8,0.5,,,,0.5,,0.5,,0.5,0.7,,,0.6,0.6,0.6,0.6,0.6,,0.6,,0.5,0.7,0.5,0.6,0.8,1,,0.7,0.8,0.5,0.8,0.7,0.7,,0.7,,,0.8,0.4,0.3,0.6,,0.7,0.9,0.8,0.7,0.7,0.4,0.6,0.7,0.6,0.7,0.9,1.1,0.9,0.8,0.4,0.4,0.6,0.6,0.8,0.6,0.7,0.8,0.7,0.5,0.8,,1.8,2.6,3,0.7,0.6,0.7,0.8,0.8,,,,,0.4,0.5,,0.5,0.5,0.5,0.3,0.3,0.5,0.3,0.8,0.6,0.8,0.6,0.5,0.5,0.6,0.9,0.7,0.9,,0.6,0.5,0.9,,0.7,0.7,,0.8,0.9,0.7,0.7,1,0.9,0.5,0.5,0.6,0.7,0.7,0.8,0.7,,0.6,0.8,0.4,0.5,0.3,0.3,,0.8,0.6,,0.6,0.5,0.4,0.5,0.3,0.2,0.5,0.2,0.2,,0.5,,,0.3,0.3,0.2,0.2,0.3,,,,,,0.3,0.3,0.4,,,0.5,,0.6,,,0.7,,0.7,0.3,0.7,0.4,0.4,0.6,0.3,0.6,0.3,,0.6,0.6,0.7,0.5,0.5,0.4,0.4,0.3,0.3,0.6,0.6,0.2,0.4,,0.6,0.4,,0.4,0.4,0.5,0.6,,,0.6,0.5,0.6,0.5,0.4,0.5,0.8,0.8,0.5,,,0.5,0.7,0.9,0.9,0.8,,0.5,0.6,0.4,0.7,0.7,0.5,0.4,,0.4,0.7,1.1,,,1.1,1.3,,0.6,0.6,0.5,,0.5,,1.2,1,,,,0.5,,,0.6,0.5,0.4,,,0.3,0.3,0.3,0.2,0.5,0.4,0.5,0.4,0.4,,0.6,0.6,0.4,0.3,0.4,0.5,0.8,0.6,0.7,0.8,0.5,0.4,0.6,0.5,,0.5,0.5,0.4,,0.4,0.4,0.5,0.5,0.7,0.3,0.5,0.5,0.4,0.6,0.4,0.5,,,0.5,0.7,0.7,0.7,0.5,0.7,0.6,1.7,0.6,1.3,1.3,0.3,0.6,0.5,0.7,0.7,0.6,,,0.4,1.1,0.5,0.5,0.4,0.3,,0.8,0.5,0.6,,0.6,0.7,0.6,,0.4,0.7,0.5,0.5,0.7,0.5,0.6,0.5,0.8,0.5,0.6,0.8,0.6,0.5,0.6,0.8,,0.4,0.4,0.3,,1,0.6,,0.7,,0.6,,,,0.7,0.8,0.9,0.7,0.6,0.7,,0.7,,0.6,0.5,0.6,0.4,0.7,0.5,0.5,0.4,0.5,0.4,0.9,0.4,0.2,0.7,0.5,0.4,0.4,0.5,0.6,0.7,0.4,,,0.4,0.8,0.3,0.6,0.7,0.3,0.9,4.7,0.5,0.8,0.3,0.3,0.4,0.7,,0.5,0.6,0.6,0.4,0.6,1.1,0.9,0.6,1,1.3,0.5,0.7,0.6,0.3,0.6,,0.6,0.7,0.6,0.7,0.7,0.6,0.6,0.6,0.5,0.8,0.8,,0.3,0.5,0.5,,0.5,0.5,0.5,0.6,,0.6,0.5,0.6,,0.6,0.6,,0.7,0.6,0.9,1,0.8,0.7,0.7,0.7,0.6,0.6,,0.7,0.4,0.7,0.7,0.7,,1,0.9,,0.6,1,0.9,0.6,0.8,0.8,0.7,1.1,1.1,,0.6,0.7,0.4,,1.1,1.1,,0.6,0.4,0.5,0.5,,0.8,0.7,0.9,1.1,1.2,1,0.7,0.6,0.8,0.5,0.6,0.4,0.7,0.7,0.6,0.6,,0.5,0.8,1.1,1.4,0.7,0.6,0.7,0.6,0.7,0.6,0.5,0.7,0.5,0.7,1.4,0.9,0.8,0.8,1.3,1,0.5,0.5,1.4,0.7,0.5,0.6,0.5,1,0.9,1.2,0.8,0.5,1,0.5,0.8,0.7,0.6,0.6,1,0.8,0.8,0.6,0.6,0.7,0.8,0.8,0.5,0.7,,0.7,0.9,0.9,0.9,0.6,0.6,0.6,0.4,,0.5,0.4,0.4,0.4,0.3,0.6,0.5,0.3,0.6,1.7,0.7,0.8,0.9,0.3,0.5,,,0.3,0.3,0.6,,0.5,0.5,0.5,0.4,0.4,0.6,,0.3,0.5,0.3,,,,,0.8,0.6,0.6,0.7,0.7,0.4,0.2,0.4,,0.4,0.5,0.6,0.5,0.6,0.8,0.4,0.7,1.5,0.8,1.5,,,,,0.4,0.3,0.6,0.6,0.6,0.6,0.5,,0.4,0.7,0.5,0.5,0.7,0.8,0.8,0.6,0.6,0.6,0.7,0.7,0.7,0.7,,0.4,0.4,0.4,0.4,0.3,0.4,0.8,0.5,0.5,,0.3,0.7,,0.8,0.7,,0.5,0.3,0.5,,0.7,,0.3,,0.6,0.6,0.6,1.5,1.7,1,0.5,0.6,0.5,0.6,0.5,0.6,0.6,0.5,,0.8,1.1,0.2,0.6,0.8,0.6,,0.2,0.3,0.4,0.5,0.2,0.3,,0.7,0.9,0.3,0.2,0.6,,0.4,0.3,0.4,,0.4,0.7,0.6,0.4,0.5,0.3,0.4,,0.4,0.4,,0.6,0.4,0.5,0.4,0.9,0.6,0.2,0.3,0.2,,1,0.1,0.4,0.2,0.4,0.2,0.5,0.5,0.4,,,0.7,0.9,0.7,0.9,,0.3,0.6,0.6,1.4,1.4,0.4,0.4,0.6,1.1,0.6,0.9,0.8,0.6,,0.5,0.7,0.5,0.7,0.5,0.5,0.5,,0.5,,0.3,0.9,0.8,0.5,0.5,0.8,0.2,0.5,0.6,0.7,0.6,0.3,0.4,0.4,,,0.4,0.6,0.3,0.7,,0.8,0.5,0.5,0.8,,0.5,0.5,,,0.2,0.5,0.3,0.6,0.4,0.6,0.3,0.2,0.4,0.7,0.5,0.7,0.3,0.4,1,,0.8,0.6,,0.4,0.7,0.5,0.4,0.2,0.5,0.4,0.6,0.4,0.7,0.5,0.5,0.4,0.8,0.3,1.1,0.3,0.4,1.4,0.4,1.5,0.4,0.6,0.8,0.5,0.6,0.5,0.4,0.8,0.9,0.4,0.2,0.7,,0.5,0.5,0.6,0.7,0.8,0.6,0.6,0.6,0.9,0.6,0.6,0.5,0.7,0.8,,0.6,0.5,0.3,0.4,0.9,0.7,0.7,,0.6,0.6,0.3,0.6,0.4,0.4,0.4,0.6,0.6,1,0.7,0.6,0.4,0.7,0.6,0.5,0.6,0.5,0.8,,0.5,0.6,1.2,0.7,0.6,,0.3,0.4,0.4,0.3,0.5,0.2,0.4,0.3,0.4,0.6,0.4,0.6,0.8,0.9,0.3,0.2,,0.7,,0.5,0.6,0.6,0.7,0.5,0.6,0.6,0.7,0.8,0.6,0.8,0.7,0.5,0.6,0.6,,0.6,0.6,0.4,0.5,0.6,0.6,0.9,1.1,0.2,0.8,0.7,1.2,0.4,0.6,0.4,0.6,0.7,0.6,0.6,1,0.5,0.6,0.6,0.5,,0.4,0.8,0.7,0.7,0.8,0.6,0.6,0.6,0.6,0.4,0.6,0.5,0.3,0.4,0.3,0.5,1.4,0.8,0.5,0.6,0.7,1,0.2,0.7,0.2,0.4,0.2,0.3,0.4,0.4,0.8,0.7,0.5,0.3,0.4,0.5,0.6,0.7,0.2,0.6,0.7,0.8,0.6,0.6,0.5,0.6,0.9,0.8,0.9,0.8,0.3,0.3,0.4,0.4,0.3,0.2,0.6,,0.7,0.8,0.5,0.8,0.3,0.4,0.6,0.4,0.6,0.3,,0.4,0.4,0.4,0.2,0.5,0.4,0.5,0.5,0.4,0.4,0.6,0.2,0.7,,0.5,0.5,0.7,,0.4,0.5,0.6,0.8,0.7,0.3,0.4,0.4,0.7,1.2,0.7,0.4,0.3,0.9,1.2,0.9,0.5,0.6,0.6,0.6,0.6,0.8,0.4,0.4,0.5,0.5,,0.2,0.4,0.6,0.6,2.3,0.9,0.6,0.5,0.5,0.5,0.5,0.6,0.4,0.4,0.9,0.6,0.4,1.6,0.5,0.6,0.6,,0.6,0.7,0.5,0.7,0.3,0.2,0.8,0.9,0.8,0.6,0.6,0.5,0.2,,0.5,0.7,0.7,0.7,0.6,0.5,0.5,0.3,0.7,,0.6,0.6,0.7,0.9,0.6,0.5,0.6,0.5,0.4,0.5,0.4,,0.5,,0.7,0.6,,1.3,0.5,0.2,0.4,0.5,0.6,0.5,0.4,,0.4,0.6,0.7,0.5,,,0.9,0.6,0.5,0.3,0.7,0.5,1.1,1.1,1.4,0.5,1.4,0.2,0.3,0.1,0.5,0.3,0.4,0.4,0.3,0.4,0.6,0.6,,0.6,0.7,0.3,0.8,0.6,0.8,1.1,0.7,0.3,0.7,0.7,0.5,0.7,0.6,0.3,1.3,0.1,0.5,0.8,0.6,0.6,0.8,0.5,1,0.6,0.5,0.5,0.6,0.6,0.5,0.9,1.8,2.4,,0.6,0.3,,0.7,0.6,0.6,0.5,0.5,,0.4,0.6,0.4,0.4,0.6,0.6,0.9,0.8,0.7,1,0.5,0.5,0.3,0.4,,0.6,0.7,0.2,0.3,1.1,0.9,0.5,1.1,0.5,0.5,0.6,0.4,0.6,0.6,0.6,0.6,0.7,0.9,1.3,0.4,0.4,0.7,1.3,0.6,0.5,0.6,0.6,0.6,0.7,0.6,0.2,0.4,0.5,0.1,0.4,0.2,0.4,0.4,0.5,0.5,0.5,0.5,0.8,0.5
20210719,9,CO_24h,0.6,0.5,0.7,0.7,0.6,0.7,0.6,0.5,0.5,0.6,0.6,0.5,,,0.9,,1,0.8,0.6,,1,,0.4,0.5,,0.6,0.5,,0.6,0.6,0.5,0.7,0.6,0.4,0.6,,0.8,0.7,,0.8,0.5,0.3,0.2,0.4,,0.3,,0.4,0.4,0.4,0.1,0.4,0.3,0.1,0.1,0.1,0.2,,0.4,0.4,0.1,0.6,0.7,0.8,,0.7,0.6,0.3,,0.5,0.4,0.2,0.2,0.1,0.5,,,0.4,0.2,0.3,0.7,,0.5,0.6,0.5,0.6,0.4,0.6,,0.5,0.5,,,0.4,0.5,0.4,0.4,0.9,0.7,0.8,,0.7,0.8,0.7,0.7,0.7,,0.7,0.7,0.6,0.5,0.6,0.4,0.5,0.5,0.5,0.6,0.6,0.6,0.5,0.7,0.5,0.6,0.4,0.4,0.4,0.4,0.5,0.3,0.7,0.5,,0.5,0.6,0.4,0.6,0.4,0.5,0.3,0.4,0.4,0.5,0.3,0.4,0.5,,0.4,0.3,0.4,0.2,0.4,0.6,0.2,0.3,0.8,0.5,0.5,0.7,0.4,0.2,,0.3,0.5,0.3,0.2,0.3,0.5,0.4,0.3,0.4,0.5,0.5,0.3,,,,0.5,0.4,,0.5,0.4,0.3,,,,0.6,,0.4,0.2,0.4,0.4,0.4,0.3,,0.3,0.6,,,,0.6,0.6,,0.5,0.8,0.7,0.4,0.4,,0.2,0.2,0.3,0.1,0.2,,0.5,0.4,,0.3,,0.4,0.5,,0.4,0.4,,0.6,0.3,0.7,,0.5,0.4,0.4,0.3,0.4,0.6,0.4,,,0.3,0.4,0.4,0.4,0.3,0.4,0.4,,0.7,,,0.5,,0.6,0.5,,0.3,0.3,0.2,0.3,0.4,0.5,,0.3,0.4,0.3,0.3,0.4,0.4,0.3,0.4,0.5,0.4,0.4,0.5,0.4,0.5,0.5,0.4,0.4,0.5,0.3,,0.5,0.6,0.5,0.4,0.3,0.5,0.3,1.1,0.8,0.6,,0.9,0.7,,,0.8,0.4,0.2,0.8,,0.4,0.4,0.6,0.4,0.3,,,0.1,0.3,0.5,0.1,0.2,0.4,0.6,0.4,0.5,0.4,0.6,0.5,,0.5,0.5,0.9,0.8,0.6,0.9,0.8,0.7,0.9,,0.9,0.4,0.8,0.7,0.7,0.7,0.6,0.6,0.5,0.5,0.6,0.4,0.5,0.6,,0.4,0.4,0.6,0.6,0.6,0.5,0.5,0.4,0.4,0.6,0.6,0.5,0.5,0.4,,0.7,0.4,0.4,0.4,0.5,0.5,0.4,0.6,0.4,0.4,0.4,0.4,,0.5,0.4,0.5,0.6,0.6,0.5,0.5,0.5,0.6,0.5,0.5,,,0.6,0.5,0.7,0.4,0.6,0.6,0.7,0.5,0.5,0.5,0.3,0.4,0.6,0.6,0.5,0.6,0.4,0.7,0.6,0.5,0.3,0.4,0.5,0.4,0.4,0.6,,0.5,0.6,0.7,0.7,0.9,0.3,0.5,,,0.8,0.5,0.9,0.3,0.6,,0.4,0.5,0.5,0.6,,,0.5,0.3,0.3,0.4,0.5,0.7,0.6,0.5,0.6,0.5,0.7,,0.4,0.3,0.3,0.3,0.3,0.4,0.2,0.4,0.2,0.4,0.4,0.3,0.4,0.8,0.7,0.7,0.7,0.5,0.7,0.4,,0.7,0.8,0.7,0.8,,0.6,0.5,0.5,0.4,,,,0.7,0.3,,,,0.4,0.6,0.7,0.5,0.7,0.3,0.8,,0.8,0.7,0.7,0.7,0.6,0.7,0.9,0.7,0.6,0.9,0.6,0.4,0.5,0.7,0.7,0.7,,0.5,0.8,0.8,0.7,0.7,0.6,0.7,0.7,0.6,,0.4,1,0.4,0.4,0.5,0.3,0.6,0.7,0.5,0.6,0.5,0.6,0.3,0.5,0.2,0.3,0.3,0.3,,0.6,,0.3,0.6,0.3,0.8,0.5,,0.6,0.7,,,0.4,0.6,0.6,0.3,,0.2,0.5,0.2,,0.2,0.1,0.2,0.4,0.3,0.2,0.1,0.2,0.2,0.3,,,,0.3,,0.4,0.7,,0.4,0.4,0.4,0.6,0.5,0.2,0.3,0.4,0.4,0.4,,0.3,,,0.8,,0.8,0.6,0.6,0.3,0.6,0.5,0.2,0.4,,0.5,0.4,0.6,0.5,0.4,0.4,0.5,0.6,0.7,0.9,0.4,0.6,0.6,0.3,0.5,0.4,0.7,0.7,0.6,0.4,,0.5,0.5,0.4,,0.6,0.6,,0.4,0.6,0.7,0.6,0.6,,0.6,0.8,,,0.5,0.5,,0.6,,0.7,0.5,0.6,0.6,0.6,0.4,,0.7,0.6,,0.6,0.6,,0.6,,0.9,0.8,0.7,,0.7,0.7,0.3,0.2,0.1,,0.5,0.7,0.7,1,1,0.5,0.2,0.6,0.7,0.5,0.7,0.5,0.7,0.3,1.2,1.9,0.7,0.6,0.6,0.7,0.6,0.4,0.6,0.5,0.7,0.6,0.6,0.7,0.6,0.5,0.4,0.5,0.2,,0.1,0.4,0.4,0.3,0.4,0.3,0.5,0.4,0.6,0.3,0.5,0.6,0.7,0.6,,0.9,0.8,0.8,,0.5,0.6,0.5,0.4,0.7,,0.6,0.3,0.3,,0.7,,0.7,0.3,0.4,0.3,0.4,0.6,0.4,,,,0.5,,0.5,,0.4,0.4,0.3,,0.6,0.6,0.6,0.6,0.6,,0.7,,0.4,0.6,0.6,0.5,0.5,0.7,,0.7,0.6,0.5,0.7,0.6,0.6,,0.7,,,0.8,0.3,0.3,0.5,,0.6,0.8,0.7,0.7,0.7,0.4,0.5,0.7,0.5,0.6,0.7,1,0.8,0.7,0.4,0.3,0.3,0.5,0.8,0.4,0.6,0.7,0.7,0.5,0.8,,0.9,2.6,2.1,1,0.6,0.7,0.9,0.8,,,,,0.5,0.5,,0.6,1.1,0.4,0.3,0.3,0.4,0.4,0.6,0.4,0.6,0.5,0.4,0.5,0.5,0.9,0.7,0.8,,0.7,0.7,0.8,,0.7,0.6,,0.6,0.6,0.7,0.6,0.9,0.8,0.5,0.5,0.6,0.6,0.7,0.7,0.6,,0.5,0.6,0.4,0.4,0.4,0.3,0.6,0.6,0.5,,0.5,0.4,0.3,0.4,0.3,0.2,0.5,0.1,0.1,,0.5,,0.4,0.4,0.4,0.3,0.2,0.4,0.1,0.2,0.3,,,0.3,0.4,0.4,0.5,0.2,0.3,0.1,0.5,,,0.6,,0.7,0.3,0.6,0.5,0.5,0.7,0.3,0.5,0.4,,0.6,0.7,0.7,0.5,0.6,0.4,0.3,0.3,0.3,0.6,0.6,0.1,0.3,,0.5,0.3,,0.4,0.4,0.5,0.6,,,0.6,0.5,0.5,0.5,0.4,0.5,0.8,0.8,0.5,,,0.4,0.6,0.7,0.8,0.6,,0.6,0.6,0.4,0.7,0.7,0.5,0.4,,0.4,0.7,0.7,,,0.7,0.9,,0.6,0.6,0.5,,0.5,,0.9,0.8,,,,0.5,,,0.7,0.5,0.5,,,0.3,0.4,0.2,0.2,0.4,0.3,0.3,0.4,0.3,0.4,0.4,0.6,0.5,0.4,0.5,0.8,0.7,0.5,0.6,0.7,0.4,0.3,0.6,0.4,,0.6,0.5,0.5,,0.3,0.5,0.5,0.5,0.6,0.4,0.5,0.4,0.4,0.5,0.4,0.4,,,0.5,0.7,0.7,0.7,0.6,1.4,0.4,0.9,0.5,1,1.1,0.7,0.6,0.6,0.7,0.7,0.6,,,0.4,0.8,0.7,0.6,0.3,0.2,,0.7,0.4,0.5,,0.6,0.6,0.5,,0.4,0.5,0.5,0.5,0.5,0.5,0.6,0.5,0.7,0.5,0.5,0.6,0.7,0.4,0.5,0.7,,0.3,0.4,0.3,,0.6,0.4,,0.6,,0.4,,,,0.4,0.5,0.6,0.4,0.6,0.7,,0.8,,0.4,0.4,0.4,0.4,0.6,0.5,0.5,0.4,0.5,0.5,0.7,0.4,0.1,0.5,0.4,0.3,0.5,0.6,0.5,0.5,0.3,,0.5,0.4,0.7,0.4,0.6,0.7,0.4,1.1,1.4,0.8,1,0.3,0.4,0.6,1,,0.4,0.5,0.6,0.4,0.5,1,0.9,0.6,1,1.3,0.5,0.6,0.7,0.4,0.6,,0.5,0.7,0.6,0.5,0.7,0.5,0.5,0.6,0.5,0.8,0.8,,0.5,0.5,0.4,,0.4,0.5,0.5,0.5,,0.5,0.4,0.6,,0.6,0.6,0.4,0.7,0.6,0.8,0.9,0.7,0.6,0.6,0.7,0.5,0.6,,0.5,0.4,0.6,1.2,0.8,,0.8,1,0.4,0.7,0.9,0.7,0.6,0.8,0.8,0.7,0.7,0.7,,0.6,0.7,0.5,,1,1,,0.5,0.5,0.5,0.4,,0.7,0.6,0.7,0.9,1.1,0.8,0.6,0.6,0.7,0.5,0.6,0.4,0.6,0.6,0.5,0.5,,0.5,0.9,1,1.3,0.5,0.5,0.5,0.4,0.6,0.6,0.6,0.6,0.5,0.7,1.3,0.9,0.8,0.8,1.2,0.5,0.7,0.7,1.1,1,0.4,0.4,0.6,0.9,0.7,0.8,0.7,0.4,0.8,0.5,0.7,0.6,0.5,0.6,0.7,0.7,0.8,0.5,0.5,0.5,0.7,0.6,0.5,0.6,0.5,0.6,0.7,0.8,0.8,0.5,0.5,0.5,0.4,,0.4,0.3,0.3,0.3,0.2,0.5,0.4,0.4,0.5,0.5,0.4,0.5,0.5,0.3,0.4,,,0.4,0.4,0.7,,0.6,0.4,0.4,0.3,0.3,0.5,,0.3,0.5,0.3,,,,,0.5,0.5,0.5,0.5,0.5,0.3,0.2,0.4,,0.3,0.5,0.6,0.4,0.6,0.6,0.5,0.7,0.8,0.7,0.5,,,,,0.3,0.3,0.5,0.5,0.4,0.5,0.4,,0.4,0.4,0.4,0.3,0.4,0.8,0.7,0.6,0.5,0.4,0.7,0.6,0.6,0.6,,0.5,0.4,0.3,0.3,0.3,0.3,0.7,0.5,0.5,,0.3,0.6,,0.8,0.6,,0.4,0.2,0.5,,0.4,,0.3,,0.6,0.7,0.5,0.8,0.7,0.7,0.5,0.5,0.4,0.5,0.4,0.4,0.5,0.5,,0.6,0.6,0.2,0.5,0.7,0.3,,0.3,0.3,0.2,0.3,0.4,0.3,,0.7,0.8,0.3,0.1,0.6,,0.2,0.2,0.2,,0.4,0.7,0.6,0.4,0.5,0.3,0.4,,0.3,0.3,,0.4,0.3,0.4,0.3,0.8,0.7,0.2,0.3,0.3,,0.6,0.1,0.4,0.3,0.3,0.2,0.5,0.5,0.3,,,0.6,0.9,0.7,0.7,,0.3,0.5,0.6,0.4,1.8,0.3,0.4,0.6,0.6,0.4,0.7,0.8,0.6,,0.5,0.6,0.4,0.7,0.4,0.4,0.5,,0.4,,0.3,0.9,0.6,0.5,1.1,1.1,0.6,0.5,0.4,0.6,0.8,0.5,0.4,0.4,,,0.4,0.4,0.3,0.6,,0.7,0.5,0.5,0.6,,0.4,0.4,,,0.2,0.4,0.3,0.4,0.4,0.5,0.3,0.2,0.3,0.5,0.6,0.7,0.4,0.4,0.7,,0.9,0.5,,0.4,0.6,0.3,0.4,0.2,0.5,0.4,0.5,0.6,0.7,0.5,0.4,0.4,0.7,0.3,0.7,0.3,0.3,0.4,0.4,0.6,0.3,0.6,0.8,0.5,0.5,0.5,0.4,0.5,0.4,0.4,0.2,0.7,0.6,0.4,0.5,0.6,0.6,0.7,0.5,0.6,0.4,0.8,0.6,0.7,0.5,0.7,0.6,,0.6,0.5,0.3,0.4,0.7,0.5,0.6,,0.5,0.5,0.3,0.4,0.3,0.3,0.4,0.5,0.4,0.9,0.3,0.6,0.5,0.4,0.6,0.3,0.6,0.5,0.8,,0.6,0.4,0.4,0.5,0.4,,0.3,0.4,0.4,0.3,0.4,0.2,0.4,0.3,0.4,0.6,0.4,0.5,0.7,0.6,0.3,0.2,,0.5,,0.5,0.6,0.6,0.6,0.4,0.6,0.6,0.7,0.7,0.6,0.7,0.6,0.4,0.5,0.5,0.6,0.6,0.5,0.4,0.6,0.6,0.6,0.8,0.6,0.2,0.3,0.5,0.9,0.2,0.7,0.4,0.6,0.6,0.5,0.8,0.8,0.3,0.4,0.6,0.5,,0.3,0.6,0.5,0.5,0.7,0.6,0.4,0.5,0.6,0.5,0.7,0.7,0.5,0.6,0.3,0.5,0.4,0.5,0.3,0.4,0.5,0.6,0.3,0.6,0.1,0.3,0.2,0.3,0.4,0.3,0.6,0.5,0.5,0.3,0.5,0.4,0.9,0.7,0.2,0.6,0.7,0.6,0.6,0.5,0.4,0.6,0.6,0.7,0.9,0.7,0.3,0.3,0.4,0.4,0.3,0.3,0.4,,0.4,0.5,0.6,0.7,0.4,0.5,0.6,0.3,0.5,0.2,,0.3,0.4,0.4,0.2,0.5,0.4,0.3,0.5,0.3,0.4,0.6,0.3,0.4,,0.5,0.5,0.7,0.6,0.3,0.5,0.5,0.7,0.5,0.4,0.4,0.4,0.6,0.6,0.5,0.3,0.3,0.5,0.6,0.7,0.5,0.4,0.6,0.5,0.4,0.7,0.3,0.4,0.5,0.5,,0.2,0.4,0.5,0.6,1.9,0.6,0.5,0.3,0.5,0.5,0.5,0.6,0.4,0.3,0.7,0.6,0.4,0.6,0.4,0.5,0.5,,0.5,0.5,0.3,0.5,0.3,0.3,0.7,0.7,0.8,0.4,0.5,0.4,0.6,,0.4,0.6,0.7,0.7,0.6,0.4,0.4,0.4,0.4,,0.6,0.6,0.7,0.8,0.6,0.4,0.6,0.4,0.4,0.4,0.4,,0.5,,0.5,0.6,,1.3,0.5,0.3,0.4,0.4,0.5,0.5,0.3,,0.4,0.6,0.6,0.5,,,0.8,0.6,0.3,0.3,0.5,0.5,0.7,0.6,0.7,0.4,0.7,0.2,0.3,0.1,0.4,0.3,0.3,0.3,0.2,0.4,0.5,0.6,0.6,0.6,0.7,0.6,0.8,0.7,0.6,1.1,0.7,0.4,0.6,0.6,0.5,0.6,0.5,0.3,0.7,0.1,0.4,0.5,0.5,0.5,0.8,0.7,0.6,0.6,0.5,0.4,0.4,0.5,0.4,0.7,1,1,,0.8,0.3,0.5,0.6,0.6,0.4,0.6,0.5,,0.5,0.3,0.4,0.4,0.5,0.5,0.9,0.6,0.7,1,0.5,0.4,0.3,0.4,,0.6,0.5,0.2,0.3,0.8,0.7,0.4,0.8,0.6,0.5,0.6,0.4,0.6,0.6,0.5,0.6,0.4,0.9,0.8,0.4,0.4,0.7,0.7,0.6,0.5,0.6,0.6,0.5,0.5,0.4,0.2,0.4,0.8,0.1,0.4,0.1,0.4,0.3,0.5,0.5,0.5,0.5,0.7,0.5
20210719,10,AQI,16,22,19,20,21,21,26,36,26,22,18,21,,,72,,52,51,72,,48,,,35,,55,39,,30,52,26,32,40,38,36,,63,61,,,62,23,28,28,,31,,38,46,46,43,43,40,43,36,41,29,,34,39,41,49,46,46,,,33,29,,44,52,49,,36,31,,22,26,18,29,36,,23,34,38,34,34,34,,30,29,,,28,35,44,32,25,26,27,,30,27,29,27,27,,,28,26,,27,29,,27,26,29,25,36,37,49,28,26,27,24,26,28,28,32,33,,,43,37,32,,35,29,,31,20,26,21,23,21,,63,22,20,19,34,28,36,29,38,,31,41,36,27,,26,25,25,46,24,24,24,22,22,,23,25,,,,53,39,,52,44,36,,,,52,,27,30,29,27,24,,,28,28,,,,28,31,,25,39,39,49,34,,34,43,42,34,35,29,31,29,,28,,53,39,,48,25,,46,28,26,,36,53,31,26,21,22,20,,,,29,20,34,,36,37,,23,,,35,,33,29,,31,21,23,13,12,15,,46,32,27,41,42,33,48,42,49,44,51,52,54,59,48,42,54,,20,,43,26,24,21,24,32,30,42,55,38,,59,40,,,46,30,42,,,64,44,51,37,26,,,22,24,21,26,25,26,39,37,33,39,41,48,,,33,22,25,34,28,28,25,23,,35,26,39,30,41,36,40,42,38,33,46,26,28,29,,29,37,36,27,27,29,22,20,10,14,17,14,14,10,,,14,10,13,9,17,9,13,26,17,38,,,23,36,29,9,18,,9,15,17,14,29,,,33,26,27,26,29,24,15,14,23,28,38,27,59,64,56,38,49,52,,35,22,29,40,41,29,27,,23,21,25,23,18,17,19,,,18,19,29,26,29,,52,55,39,51,,,57,29,41,36,59,59,54,48,42,32,48,,29,19,19,20,22,20,16,19,16,16,28,20,35,32,35,50,41,38,42,26,,50,35,49,45,,44,40,47,52,,,,26,41,,,,38,42,65,66,92,64,59,,96,43,32,39,40,30,29,,,34,36,39,21,25,30,40,,72,48,45,45,48,36,39,,,,30,32,29,28,25,20,27,29,26,28,30,26,23,,25,30,33,23,,36,,34,28,27,25,45,,45,42,,,31,34,32,83,,28,35,,,39,49,36,32,87,31,24,31,29,31,,,,27,,29,39,,37,34,30,48,25,25,28,35,32,22,,28,,,24,,21,38,38,22,16,,19,18,,,26,35,32,43,48,39,,31,53,,26,44,11,9,13,25,35,31,20,,29,21,26,,38,42,,18,15,21,23,36,,38,19,,,56,50,,37,,26,,39,32,20,21,,21,21,,55,42,,69,,40,33,33,,33,25,30,36,36,,26,25,28,33,29,26,22,41,20,28,35,,46,29,22,35,32,31,24,38,49,30,40,51,34,30,31,,35,36,,26,36,,31,24,20,,27,23,32,,28,39,30,45,59,38,,,,31,,27,36,,32,36,,44,41,24,,13,,15,15,17,,,42,36,,,,38,,45,,61,19,,,,39,51,23,25,,26,,29,20,22,40,39,42,,34,44,31,36,28,37,,27,,,29,14,17,15,,55,78,59,49,42,29,,31,33,42,44,,42,52,24,24,25,20,31,21,33,40,33,27,20,,57,33,45,87,33,23,20,15,,,,,31,,,30,25,26,31,25,25,26,38,44,34,38,25,16,19,36,28,36,,20,20,31,,21,35,,33,23,39,31,43,45,25,37,27,41,32,34,44,,51,55,500,46,42,45,,20,41,,24,52,48,26,33,27,27,,,,26,,,26,26,,27,27,,,,,,27,24,36,,,22,,21,,,31,,29,25,23,23,25,25,27,23,21,,31,29,,31,29,29,29,29,29,34,33,22,19,,55,38,,45,35,21,21,,,40,21,21,20,,44,39,53,,,,37,20,20,20,25,,,,,28,31,25,35,,46,29,34,,,36,42,,33,28,42,,51,,79,,,,37,23,,,41,50,37,,,26,,28,26,49,50,53,,36,,51,32,27,28,23,29,27,32,36,24,36,35,,35,,32,,29,,25,,41,37,31,31,27,25,25,35,30,43,,,57,34,31,33,35,30,39,,27,38,31,25,49,28,48,25,36,,,28,49,52,55,33,37,,29,38,31,,34,48,36,,60,58,33,39,44,42,26,40,46,51,40,47,26,48,36,29,,25,30,22,24,50,43,,49,,39,,,,25,37,39,,26,,,28,,39,37,40,24,25,24,38,21,30,36,,24,24,20,28,29,35,30,34,51,32,,,38,32,34,41,39,9,32,42,29,36,29,35,36,36,,24,57,44,36,29,34,40,32,37,33,34,28,31,21,39,,36,41,40,40,53,40,47,46,53,55,50,,35,41,45,,45,54,46,35,,54,33,30,,22,,41,36,44,,28,30,26,28,36,33,45,,43,33,53,32,37,,46,32,,33,,,26,29,29,,52,35,,25,25,29,,27,29,,34,24,27,30,,24,29,23,23,27,44,59,,,34,,48,,51,55,59,,22,20,24,,26,22,29,33,31,46,36,54,30,39,21,25,28,40,40,45,31,33,51,33,18,16,16,34,42,45,54,35,48,40,31,36,37,63,78,64,62,45,48,53,70,80,33,28,,30,51,66,64,24,35,26,20,,,,25,20,42,23,33,22,15,33,25,29,28,28,16,,,30,23,,,29,28,24,26,33,38,,25,19,,,,,,33,30,14,14,22,21,20,16,,36,27,26,,27,37,23,16,41,28,56,,,,,14,15,29,21,21,18,32,,27,20,19,31,28,32,30,30,29,17,19,,,20,,12,22,13,13,5,11,24,25,20,,18,25,,19,19,,26,17,18,,64,,24,,17,16,,58,40,48,33,32,33,34,,43,26,19,,39,27,31,30,35,57,,328,439,30,34,432,422,,31,28,33,48,25,,53,36,33,,26,43,40,32,27,36,40,,38,37,,42,35,,,57,56,38,52,24,,47,22,26,25,30,29,21,25,36,,,63,51,63,30,,17,65,41,131,45,24,20,30,78,39,42,15,35,,46,,34,39,19,33,44,,38,,28,47,77,36,23,21,500,38,,27,34,25,34,20,,,,50,,51,,38,39,39,28,,47,53,,,25,30,29,26,41,46,23,23,,30,23,19,25,18,54,,65,35,,20,43,38,36,28,,31,29,18,24,34,38,20,58,42,54,22,52,26,32,41,24,41,38,25,22,20,36,34,50,29,28,19,,29,18,27,28,29,41,46,26,31,39,23,,38,29,,32,28,26,19,,21,17,,41,43,30,38,35,46,36,38,48,44,130,42,35,47,26,30,44,37,31,,28,38,71,37,35,,249,27,16,20,19,20,21,24,24,16,23,28,32,82,29,26,,46,,33,25,28,50,32,,30,31,31,29,33,25,11,17,16,9,25,32,12,28,14,18,31,33,30,61,78,43,51,32,51,39,39,34,29,35,20,20,37,33,,15,16,24,,25,20,22,23,50,29,15,26,21,28,16,19,67,48,20,28,33,31,26,50,49,29,21,25,31,25,,57,48,28,18,19,31,25,21,26,36,44,39,29,28,38,67,52,49,67,27,23,29,24,25,32,51,,27,39,38,35,36,28,36,34,27,39,,29,31,31,25,39,29,42,27,27,72,59,46,102,,20,,15,,12,15,13,27,25,15,33,10,22,28,53,57,28,57,75,69,37,50,38,34,49,46,50,35,52,40,,52,21,43,54,25,31,19,,26,18,26,31,39,23,52,26,24,,31,26,28,,45,29,29,36,,26,57,42,34,,35,35,40,,35,49,61,24,15,25,20,29,40,,39,,24,62,43,26,24,24,23,21,20,,20,,28,26,,,31,19,19,35,35,33,64,,25,,30,29,,,21,42,46,25,45,51,56,60,64,38,46,30,57,52,62,73,57,54,59,60,33,35,,15,35,52,22,,54,23,42,24,29,19,,29,31,28,73,467,500,21,27,32,31,22,94,26,17,28,14,30,34,54,57,46,,35,39,16,19,44,40,31,21,24,43,50,29,44,41,53,30,41,27,46,31,32,29,25,,28,29,22,31,33,,46,44,15,27,35,31,20,25,20,46,52,40,60,54,38,32,64,72,22,29,21,43,,,20,,,44,50,27,41,21,50,52,19,18,28,39
20210719,10,PM2.5,8,15,9,10,12,10,12,25,18,15,10,12,,,52,,36,19,52,,32,,27,9,,39,18,,12,36,11,22,28,26,25,,35,43,,,37,5,9,12,,12,,21,32,18,30,24,18,25,13,15,8,,15,17,26,34,26,24,,43,23,16,,9,31,25,,22,17,,11,18,7,7,22,,9,21,26,17,20,17,,14,10,,,12,12,13,12,10,12,12,,15,13,17,13,17,,17,12,8,10,4,7,11,10,8,11,12,14,12,16,12,11,11,6,13,11,13,12,13,21,,14,13,16,,22,13,,10,9,18,9,8,12,,9,8,5,10,17,19,17,12,17,15,12,22,22,16,,10,9,8,23,11,12,9,14,10,13,11,7,,,,30,27,,26,26,20,,,,24,,7,14,7,9,14,,,12,8,,,,18,13,,14,27,27,34,19,,21,14,18,22,24,20,9,14,,8,,20,18,,14,12,,17,15,13,,14,20,14,12,10,8,8,,,8,8,6,15,,14,16,,11,,,16,,8,10,,12,12,16,5,3,4,,23,14,18,17,17,14,13,19,34,19,29,27,24,36,29,17,29,,4,,17,12,10,12,11,12,13,29,22,26,,29,8,,,18,12,17,23,,32,20,24,24,12,,,9,2,2,2,5,7,20,18,22,23,24,17,,17,23,15,14,17,14,19,17,12,,17,12,23,21,22,20,16,20,22,18,25,16,11,14,,12,14,18,13,13,15,13,10,,,3,1,1,3,,,,1,5,1,4,5,9,9,11,14,7,,5,14,7,6,5,5,2,7,6,2,16,,,17,11,14,9,10,10,4,3,10,15,19,16,23,32,23,21,17,25,,19,12,7,13,8,8,14,,6,11,10,5,6,8,13,,,8,5,17,11,5,,36,36,26,23,,,34,17,17,22,29,29,22,19,29,22,24,,8,10,6,6,3,5,4,3,3,8,15,8,24,22,24,27,22,26,14,18,,25,17,28,23,,20,7,21,22,,,,12,5,,,,20,8,15,26,53,23,25,,19,30,22,27,14,18,20,,,18,21,27,9,16,19,15,,52,24,20,18,9,17,14,,,,8,11,11,19,17,13,16,9,13,11,7,9,16,7,9,11,14,9,,16,,14,10,10,12,22,,23,27,,,13,19,22,23,,18,17,,,14,27,14,22,64,14,16,14,19,2,,,,12,,20,9,,17,19,16,19,7,5,6,24,22,15,,12,,,16,,11,15,18,3,11,8,13,9,,19,17,16,15,19,18,24,19,21,17,20,10,14,3,2,9,10,13,14,4,,8,12,11,,16,24,,12,10,11,5,21,,21,9,,,29,28,,14,,5,12,8,9,5,4,,5,6,,39,29,,50,,27,23,22,,21,17,8,15,13,,8,8,6,12,6,7,8,17,14,7,12,7,13,9,11,12,8,10,9,16,17,13,21,18,16,16,13,19,17,25,15,13,15,,14,5,4,,7,11,16,22,12,22,15,27,25,21,,,16,19,,18,25,24,22,11,,12,19,10,,,,7,5,8,9,28,29,21,,,,26,,31,,8,13,,,17,27,29,6,7,,5,,5,9,9,16,10,9,,22,30,18,25,19,24,,16,,,13,6,2,8,,36,57,38,34,19,10,5,12,23,28,25,28,28,29,10,8,6,8,8,11,21,17,19,13,9,,40,18,31,64,23,16,14,9,,,,,8,,,4,10,7,10,9,10,14,25,17,16,15,10,11,5,25,19,16,,6,7,16,,14,15,,14,6,18,12,14,13,16,12,14,22,22,17,19,,8,17,127,26,20,31,,12,8,,13,14,11,8,10,14,16,,,,3,,,5,5,,10,7,,,,,,5,3,25,,,5,,8,,,13,,11,12,6,10,10,10,10,12,8,,15,12,16,14,14,18,16,13,17,21,23,6,8,,22,17,,21,15,11,10,,,28,5,9,8,8,18,26,19,,,,16,,2,1,17,,,10,,14,7,12,24,,32,19,20,,,24,26,,10,14,13,,8,,30,20,,,19,16,,,22,23,13,,,18,,6,2,12,19,13,24,18,24,29,16,7,7,9,11,10,8,8,14,23,24,,24,,15,,10,,6,8,22,15,16,2,18,11,12,24,8,21,,,15,13,5,12,5,14,17,14,17,26,19,11,20,11,21,13,22,,,1,34,36,39,18,22,,20,26,11,,22,17,24,,20,25,23,19,14,29,16,28,32,20,23,29,18,21,18,15,,12,7,15,13,35,19,,34,,27,,,,5,13,20,15,18,14,,12,,27,22,25,8,6,12,17,6,11,10,,8,7,12,13,9,17,14,17,21,11,,,7,11,14,16,16,3,18,29,15,25,16,21,24,19,,6,22,22,12,17,20,28,22,17,19,17,19,19,14,23,,25,17,23,25,24,21,22,24,37,21,28,,24,24,26,,29,27,28,24,,22,21,21,,15,22,20,19,29,18,19,19,16,19,25,23,27,,29,23,37,21,17,,19,13,,17,16,9,16,20,20,21,20,24,,17,16,18,,16,20,,19,7,11,11,,10,20,10,3,10,27,20,,,20,,22,,29,35,42,,8,4,7,6,13,14,14,23,18,26,11,13,18,20,11,15,18,16,17,29,12,23,28,18,10,11,11,18,22,25,23,11,19,28,17,25,22,45,52,44,44,31,33,27,44,59,23,18,,14,15,42,46,16,13,5,5,,7,9,17,14,18,4,12,13,7,16,17,13,14,10,4,,,21,7,12,,9,19,7,8,9,25,,13,13,,,,,,20,5,5,5,7,5,14,11,,4,14,9,,5,19,16,10,22,15,36,,,,,8,7,16,9,9,12,21,,14,2,10,19,17,11,3,3,20,4,12,12,30,14,,6,15,6,9,2,4,10,8,14,,9,5,,10,12,,14,8,4,,33,,8,,6,8,18,31,19,21,14,13,13,15,,17,14,12,,15,7,5,5,9,23,,108,137,21,8,96,108,,11,12,12,10,4,,37,13,14,,11,15,18,9,12,11,16,,13,13,,20,16,,10,18,17,4,6,3,,16,2,12,9,10,2,8,12,25,,,12,22,15,13,,3,19,10,22,28,7,,15,57,23,26,,24,,9,11,22,16,9,10,12,,23,,12,22,56,25,16,8,171,5,22,14,12,2,15,8,,,26,17,14,23,,19,16,19,16,,,27,,,5,14,12,17,22,27,7,2,12,6,14,9,8,11,38,,39,18,,10,19,15,25,5,35,16,14,12,16,11,19,13,40,24,33,11,32,7,22,18,4,22,13,14,15,13,12,19,28,16,9,5,,15,5,13,16,18,24,32,18,12,24,16,24,18,3,,22,17,8,1,,11,8,,23,8,18,26,24,32,12,19,20,23,42,27,16,17,17,11,27,19,16,,14,21,25,16,7,,88,4,6,10,8,10,9,8,9,7,15,18,8,28,12,6,,20,,12,9,11,20,18,,17,11,12,13,15,11,6,6,7,4,8,17,,19,7,8,15,17,6,21,57,29,34,21,29,27,17,15,18,12,12,6,19,15,,6,11,9,7,7,9,4,4,35,20,7,18,8,2,10,13,24,22,14,19,13,20,6,16,34,9,7,10,11,9,28,38,31,19,6,5,18,8,12,18,25,16,20,11,19,26,48,25,34,48,9,14,12,13,12,22,27,,14,27,26,17,16,14,15,22,11,27,25,13,14,13,10,27,13,29,5,7,18,12,14,39,,10,,8,11,6,10,5,9,11,2,11,7,10,13,36,40,12,40,55,50,13,17,26,18,33,32,28,20,27,22,,32,12,30,38,14,14,6,,3,2,16,11,27,11,25,6,7,22,10,14,12,,21,17,11,15,61,5,39,20,18,,17,23,6,,12,12,29,16,7,11,8,16,25,,27,37,15,43,30,18,9,12,7,10,12,,5,,18,18,,5,12,13,8,21,22,17,22,,12,22,17,8,,,8,25,12,9,18,23,36,43,46,26,32,8,40,33,33,53,40,30,39,26,17,24,,6,19,36,12,4,38,10,29,10,20,13,,20,8,10,24,122,95,11,16,22,19,,28,16,6,19,5,13,16,15,36,21,,21,20,11,13,18,16,6,5,9,20,29,12,29,10,23,17,18,13,16,17,15,15,11,,16,18,8,11,19,41,32,23,10,14,24,18,11,14,10,14,27,21,13,25,23,6,46,52,11,20,11,27,,,14,11,38,17,26,14,5,8,20,31,8,4,16,27
20210719,10,PM2.5_24h,12,12,16,12,14,13,12,18,16,15,15,14,,,27,,22,17,28,,25,,23,23,,24,21,,17,18,12,16,12,23,18,,24,28,,32,23,14,24,18,,20,,15,18,12,18,17,14,18,15,12,11,,10,4,14,26,25,20,,34,18,10,,9,25,19,23,14,16,,16,13,7,2,14,,9,13,14,11,12,12,,11,12,,,9,11,12,13,17,20,19,,18,19,26,23,23,,23,15,17,16,14,14,13,16,16,16,10,19,14,24,15,14,12,9,15,15,17,9,11,12,,11,12,12,,13,10,14,10,12,18,13,14,11,,13,14,13,16,16,14,18,12,21,20,10,18,15,18,,12,12,11,22,13,14,13,14,11,19,14,7,,,,23,18,,22,19,18,,,,20,,8,15,12,10,15,13,,13,11,,,,16,15,,22,23,25,17,18,,17,14,13,17,17,15,10,11,,12,,14,15,,15,18,,19,17,17,,17,18,18,15,14,11,10,,,9,9,9,14,11,11,16,,14,,,16,,14,15,,11,12,14,11,11,9,,16,16,16,15,14,17,14,17,11,7,12,8,9,12,11,11,7,10,5,,11,8,7,8,12,12,10,11,14,12,,15,6,,,13,19,14,18,,24,17,17,19,12,,,7,7,8,5,10,11,18,14,16,17,19,15,,14,16,18,17,17,15,28,19,20,,14,10,19,19,17,17,12,15,16,16,15,13,12,13,,12,13,12,13,12,11,12,13,4,,5,5,4,5,,3,3,4,7,3,4,5,14,9,10,12,7,,14,17,11,7,7,8,3,10,11,6,12,,,11,11,10,9,10,13,5,6,18,19,18,17,20,25,21,21,21,20,23,22,7,6,9,6,5,19,,17,22,22,16,15,14,17,,,19,12,19,22,15,,17,19,14,12,,,15,16,10,12,15,23,13,17,22,17,10,,10,7,6,8,9,12,4,6,3,4,8,4,17,18,16,17,18,21,13,15,,18,14,17,18,,22,14,18,16,,,,9,10,,,,17,15,10,21,42,22,16,,18,20,17,16,16,17,12,14,,13,14,23,8,14,13,21,,23,20,23,18,11,19,15,21,19,,16,15,18,15,12,13,14,15,16,11,16,15,21,23,9,10,11,9,,17,,17,14,14,15,21,,19,22,,,18,17,17,22,,17,16,16,,14,17,11,17,19,14,18,11,18,11,,,,14,,13,14,,16,21,17,18,8,8,7,20,18,24,,17,,,15,,15,22,14,8,9,10,11,8,,14,13,13,10,16,10,15,12,13,10,12,12,18,7,9,8,12,12,13,8,,10,13,11,,14,14,,17,15,13,16,14,,16,9,,,21,20,,9,,10,10,10,13,5,8,,9,10,,19,19,,28,,15,21,18,,13,11,10,13,9,,12,12,14,17,21,11,9,24,17,14,17,13,20,11,16,23,11,10,10,30,22,20,26,26,15,12,12,12,15,12,12,10,10,,12,9,7,8,13,8,20,13,16,20,16,17,16,14,,19,16,21,,19,15,15,9,9,,10,9,10,,10,,12,8,8,11,15,13,12,,,,19,,22,,13,15,18,,18,20,17,13,12,,11,,10,8,13,16,15,12,,24,22,16,21,21,20,,16,,,14,10,8,7,,20,37,26,24,17,5,6,14,19,24,25,24,26,22,8,9,14,12,16,17,10,14,13,14,10,,25,15,23,24,18,18,16,11,,,,,9,8,,11,15,15,10,12,12,18,15,13,17,16,10,7,9,16,14,12,,14,16,17,,13,14,,15,20,18,21,21,19,18,15,23,17,16,12,12,,11,13,56,41,17,16,13,6,5,,8,7,14,11,12,13,17,11,11,,9,,11,7,7,8,10,13,12,11,10,,,13,12,15,11,11,9,12,12,,,14,,13,15,10,16,17,17,17,18,15,,22,16,17,18,20,17,17,19,18,18,21,12,12,,18,14,,14,16,10,12,,,16,13,11,8,17,13,13,10,13,,,15,3,6,10,6,,1,13,15,13,10,12,17,,18,14,16,,,18,15,,11,10,9,,9,,25,20,,,7,13,,,19,21,28,,,10,17,5,3,16,16,15,18,16,18,18,13,11,13,13,14,18,18,19,18,17,18,19,20,,21,16,14,,8,9,13,15,16,15,15,12,7,14,4,16,,,15,20,15,24,14,30,13,26,19,17,14,36,24,20,25,24,25,,,9,51,51,60,8,10,,46,19,12,,17,17,17,,16,20,15,12,9,19,16,18,11,18,11,15,13,11,8,14,,8,6,9,8,20,16,,14,,15,,,,4,7,5,6,10,10,,10,,16,16,14,8,10,12,10,6,17,17,26,12,11,9,8,8,18,15,12,12,10,,9,12,18,15,17,17,4,19,12,9,14,12,14,18,18,,8,20,19,23,16,11,15,15,14,13,20,19,20,19,18,,19,9,18,12,13,12,13,10,22,24,20,,12,16,18,,14,14,16,19,,16,18,14,,13,18,15,18,16,16,16,16,15,15,17,14,17,,20,21,17,16,16,,17,15,12,17,20,7,15,18,20,19,18,22,,19,18,21,,12,17,,16,7,12,12,,11,10,9,1,6,18,17,,,22,,23,,25,25,26,,8,6,7,6,8,11,11,18,14,16,18,16,23,24,11,16,24,19,28,16,20,15,22,22,9,9,10,20,17,25,22,6,14,9,13,14,10,44,47,44,44,23,22,23,11,25,19,20,26,25,28,41,40,17,10,10,10,,8,6,11,8,10,7,14,14,14,8,7,7,8,8,7,,,15,17,19,,21,9,7,6,7,17,,11,12,9,,,,,14,6,6,6,8,11,11,18,,7,38,8,9,9,12,10,13,16,9,12,,,,,9,9,12,9,8,7,15,,14,7,10,14,15,8,6,4,12,9,17,13,15,11,,12,15,6,6,9,6,9,6,13,,10,6,,11,6,,4,5,3,,12,,8,,4,5,11,17,15,17,12,10,11,11,8,11,8,10,,15,9,5,8,8,21,,24,31,12,8,37,41,,13,14,10,10,5,,15,17,11,,13,15,13,15,6,9,15,,11,12,,16,12,,10,32,30,10,14,8,,12,6,10,14,14,14,21,11,30,,,10,18,14,10,,6,14,13,15,19,10,3,13,28,24,21,13,13,,9,14,19,23,10,16,14,,15,,12,22,21,20,12,11,57,9,18,23,17,13,16,8,,,17,14,15,18,,17,16,19,14,,14,24,,,4,20,17,9,24,17,7,6,8,16,18,18,21,15,25,,23,17,,13,14,11,12,5,32,18,19,16,15,9,11,8,21,9,16,12,20,14,12,17,5,24,11,14,23,14,13,7,23,14,15,14,13,10,8,15,18,19,12,21,12,13,17,18,20,12,9,,15,8,10,6,8,8,7,,13,13,12,21,12,15,7,22,21,16,22,21,19,13,9,9,19,17,11,,15,19,19,19,8,,55,12,11,12,11,14,13,13,11,15,13,11,15,16,11,7,,22,,14,11,6,21,14,10,14,13,12,13,11,8,6,6,6,7,16,14,3,14,6,10,11,15,5,23,23,24,23,16,21,18,14,8,11,11,14,10,13,11,,10,11,8,12,8,8,7,15,10,14,13,18,16,4,13,17,12,10,8,14,15,9,8,16,27,16,14,15,10,9,22,21,15,13,9,10,23,19,4,20,22,15,22,11,23,24,26,14,46,20,15,14,14,13,15,19,17,,10,23,19,18,21,18,20,18,15,18,20,15,16,16,14,19,12,18,3,10,11,14,13,18,,11,10,8,9,6,11,7,10,15,6,9,6,10,12,26,18,22,22,22,26,15,12,15,11,16,18,16,13,18,12,,18,12,21,26,23,16,7,12,8,5,19,11,12,12,17,10,18,20,16,14,17,,22,18,15,17,14,7,30,21,21,15,19,18,14,,12,13,22,15,8,12,14,13,17,,23,28,23,32,30,10,13,9,7,11,12,,12,,14,18,,6,11,12,8,19,20,15,14,,11,18,15,10,,,11,19,9,11,12,21,34,30,32,20,15,12,22,24,18,31,21,16,23,16,14,14,18,11,15,20,18,13,24,32,25,9,14,13,19,16,12,9,17,202,175,8,12,14,16,7,23,15,4,14,8,10,11,9,15,19,,16,14,13,16,14,9,12,6,11,25,17,17,19,11,17,14,18,13,17,14,21,15,11,,8,39,8,16,18,21,15,12,12,14,15,14,12,13,12,18,21,20,14,24,14,8,33,41,13,17,12,21,14,10,12,15,15,15,18,6,13,8,23,22,7,1,13,26
20210719,10,PM10,16,15,19,11,21,21,26,34,23,21,18,21,,,75,,53,52,86,,48,,39,12,,48,36,,30,47,26,26,40,33,23,,76,72,,66,74,13,25,23,,22,,38,36,46,34,43,40,43,36,41,29,,34,39,41,48,46,46,,,31,29,,44,53,49,,36,31,,16,20,14,29,36,,23,34,33,34,34,34,,27,24,,,23,35,44,32,22,26,27,,30,25,29,25,25,,38,18,18,12,11,15,18,14,13,18,14,36,37,49,24,26,23,17,22,21,28,30,33,31,,43,30,32,43,35,29,,27,19,22,21,23,20,,75,22,19,15,34,24,36,29,38,42,31,41,36,27,,19,15,14,46,20,15,23,22,11,,7,19,,,,56,36,,54,44,36,,,,53,,27,30,28,22,24,,,24,28,,,,23,24,,22,30,28,41,34,,34,43,42,34,27,27,26,22,,20,,56,39,,48,17,,46,28,26,,36,56,31,26,21,14,20,,,9,29,14,34,,36,37,,19,,,35,,21,24,,31,21,22,11,12,15,,46,32,27,41,42,33,48,42,48,44,52,53,58,68,48,42,58,,15,,43,26,24,21,18,32,30,41,60,38,,67,40,,,46,22,42,51,,78,44,51,37,7,,,7,5,14,12,7,9,39,37,33,39,41,48,,44,32,21,25,34,28,28,24,23,,35,14,39,30,41,36,40,42,38,33,46,26,28,29,,29,37,36,27,27,29,22,20,6,14,17,14,9,10,,,4,7,13,3,6,2,7,26,17,38,32,,23,36,29,8,18,14,7,14,17,14,29,,,33,26,27,26,29,24,7,6,23,28,38,27,68,77,62,38,49,54,,35,22,29,40,41,29,14,,22,11,11,17,10,12,14,,,17,9,22,26,29,,47,59,39,51,,,64,29,41,36,68,68,58,48,39,31,48,,29,7,15,19,22,20,10,11,13,13,28,20,30,32,35,50,41,35,42,24,,50,35,49,45,,44,22,47,54,,,,26,18,,,,26,41,80,82,134,78,67,,142,40,32,38,40,30,22,39,24,34,36,36,14,25,30,40,,40,48,45,45,48,36,22,,,,16,21,19,28,23,20,27,22,18,24,30,25,19,25,25,30,33,22,,36,,34,17,24,24,45,,45,42,,,31,34,29,47,,17,35,,,39,49,36,31,36,31,24,31,29,31,,,,27,,24,39,,37,34,21,48,9,12,9,14,22,12,,19,,,24,,21,38,38,22,15,,16,14,,39,26,35,32,43,48,39,36,31,56,15,26,44,4,7,9,25,35,31,20,,29,21,26,,38,42,,14,11,21,23,36,,38,19,,,61,50,,37,,15,17,39,32,9,14,,8,12,,38,37,,31,,40,29,33,,33,20,30,36,36,,18,21,16,33,29,14,16,41,20,16,35,7,46,24,20,35,32,24,22,38,49,13,40,51,22,26,21,95,26,24,50,26,36,,31,24,11,,27,23,32,34,27,39,23,45,68,38,,42,32,21,,23,34,27,27,36,,44,41,9,,6,,6,9,12,25,36,42,36,,,,38,,45,,71,15,,,30,26,52,14,25,,26,,29,20,22,40,39,42,,34,44,31,35,28,37,,25,,,16,13,15,2,,59,67,67,43,42,25,15,30,32,42,44,,42,54,24,24,18,11,31,19,33,40,33,27,20,,48,33,44,96,21,15,17,15,,,,,15,,,16,12,19,25,18,17,10,38,44,34,38,25,5,7,24,28,36,,14,20,31,,19,35,,33,23,39,31,43,45,11,37,12,41,29,34,44,,51,59,661,40,42,43,,9,41,,24,54,48,26,33,27,27,,,,11,,,12,12,14,14,19,,,,,,12,16,11,,,8,,13,,,20,,29,21,23,22,20,16,27,23,17,,20,20,22,26,22,27,26,21,21,34,29,2,16,,59,38,,39,35,21,21,,,24,13,17,13,26,44,39,56,,,,37,15,17,16,10,,16,17,15,28,30,23,29,,38,29,34,,,36,42,,33,28,42,,52,,108,49,,,37,20,,,41,50,37,,,25,21,12,16,33,32,17,37,36,41,51,32,9,19,17,20,25,24,36,24,36,26,48,30,,32,,21,,20,20,41,37,31,21,27,25,25,34,30,43,,,64,30,30,31,18,16,39,29,10,18,31,18,49,23,48,23,36,,,12,44,40,41,33,37,,11,27,31,,34,48,36,,69,65,29,39,44,31,26,30,44,52,40,47,26,48,36,29,,14,30,20,24,49,43,,47,,34,,,,24,37,39,41,23,34,,28,,37,37,40,23,25,24,38,18,30,36,,18,6,11,28,29,35,30,34,51,32,,,38,32,34,41,39,1,32,37,29,31,29,35,36,36,,24,63,44,36,29,34,28,27,37,33,34,28,31,21,39,,36,41,40,40,55,40,47,46,54,59,50,,29,41,45,,45,57,46,35,,58,33,24,,21,29,41,36,44,30,26,30,26,24,32,28,45,,43,16,47,32,37,,46,32,,33,30,31,26,26,23,30,54,33,,25,25,29,,27,23,,34,24,27,30,,1,10,18,23,27,44,67,25,30,34,36,48,46,52,60,64,,11,14,11,,26,22,29,32,31,46,36,58,30,39,21,25,28,40,40,45,31,24,51,33,18,16,13,34,42,45,57,35,48,38,31,32,37,71,105,78,70,38,36,56,90,75,31,28,,30,51,82,78,24,35,26,12,,12,28,24,20,42,23,33,18,15,33,25,29,28,11,15,,,14,19,22,,29,28,24,26,33,38,,25,19,,,,,,33,30,13,11,22,21,16,10,,36,14,16,,27,37,22,16,41,28,62,,,,,11,13,29,21,21,11,32,,27,7,8,31,28,12,20,17,17,17,7,15,29,18,,10,10,9,6,5,11,22,20,20,,18,25,,14,17,,26,17,11,,78,,19,,17,16,28,66,40,48,30,20,28,24,,43,26,16,,39,26,5,24,31,64,,442,539,29,34,532,522,,19,26,28,48,14,,49,36,33,,12,13,23,20,27,16,40,,37,31,,42,21,14,,63,62,38,54,1,,47,22,26,17,18,14,4,25,23,,,76,52,75,30,,15,80,41,211,45,24,9,30,68,39,42,,30,,46,,34,39,14,20,44,,38,,24,47,103,36,18,21,710,38,58,26,34,19,34,16,,,,50,,51,,37,27,34,28,,47,56,,,24,23,20,17,41,46,10,7,28,30,23,11,20,11,28,,80,35,,20,43,38,26,12,32,31,27,4,18,34,38,11,66,42,58,20,54,24,19,41,24,41,38,25,17,16,36,34,50,29,17,8,,29,6,27,23,22,41,39,18,31,39,22,48,38,29,,31,28,19,19,,21,17,,41,43,30,34,32,24,36,38,48,44,209,42,35,47,26,30,44,37,31,,17,38,91,37,22,,384,27,13,17,18,14,21,14,24,10,18,16,32,114,29,22,,46,,33,12,19,50,32,,30,31,31,29,33,25,11,17,16,7,25,32,7,22,13,12,31,33,30,71,69,43,52,32,51,33,39,34,29,35,8,11,37,33,,5,16,10,9,12,11,22,22,46,27,10,17,12,13,12,10,84,48,15,24,33,31,26,50,32,24,14,19,31,12,57,63,48,21,9,9,31,19,21,20,26,44,39,23,24,31,73,54,40,72,16,16,29,18,21,31,51,,27,34,28,35,36,28,36,34,15,18,33,27,31,21,22,12,17,40,17,27,94,67,46,154,,20,,14,22,11,5,12,27,25,8,33,7,22,28,55,60,28,61,76,82,37,50,31,34,49,45,50,35,53,40,,53,13,42,38,23,31,12,,19,17,26,23,32,19,53,14,22,51,27,19,22,,45,29,29,36,19,9,63,42,34,,35,33,25,,16,28,71,24,13,22,20,29,40,,38,68,22,74,41,25,24,24,14,15,16,,20,,28,18,,23,31,10,14,35,35,33,78,,25,38,30,10,,,13,42,46,13,45,51,62,62,66,24,42,30,46,53,73,95,60,58,67,69,33,35,,7,35,32,22,,38,20,36,14,28,16,,21,31,10,95,567,630,21,27,32,31,22,137,26,17,14,12,30,34,57,64,46,,35,39,11,8,44,40,21,10,7,43,46,26,44,41,55,30,41,27,46,31,32,29,25,,28,29,17,30,33,49,41,44,13,27,29,31,16,25,20,46,54,40,70,57,38,32,59,76,14,28,21,43,,29,16,43,49,44,50,27,41,12,50,53,17,8,28,39
20210719,10,PM10_24h,19,23,25,21,23,22,20,30,29,20,24,22,,,43,,40,40,49,,42,,35,35,,32,36,,27,21,22,17,22,21,18,,49,45,,42,47,20,36,32,,40,,22,25,32,26,29,32,30,21,25,18,,23,21,23,37,35,36,,35,32,30,,41,37,35,38,19,18,,12,17,16,19,25,,17,22,21,23,24,21,,26,22,,,23,28,31,31,29,40,39,,42,33,42,36,37,,37,26,27,20,21,18,21,17,23,24,16,41,41,61,38,32,22,18,45,30,41,20,28,25,,32,31,36,32,29,23,37,34,25,25,22,27,25,,32,22,22,23,34,26,34,29,37,39,29,35,27,22,,21,21,28,42,20,23,21,20,21,24,22,19,,,,35,30,,37,37,31,,,,49,,25,34,29,20,25,28,,27,33,,,,29,34,,34,38,41,30,28,,26,25,25,18,22,24,25,19,,18,,31,25,,37,24,,42,32,34,,43,42,34,33,22,17,19,,,14,19,17,30,25,28,40,,24,,,31,,27,27,,24,24,21,16,17,18,,31,29,30,37,38,27,32,29,20,18,26,23,24,27,22,22,23,19,14,,24,19,23,20,26,28,26,27,37,22,,38,27,,,25,28,32,38,,37,32,30,31,14,,,10,12,13,14,12,19,27,24,26,24,27,28,,29,25,27,30,33,25,32,25,30,,34,20,27,23,28,27,24,28,21,24,29,20,32,28,,30,36,27,28,29,28,26,25,11,13,14,14,12,16,,11,11,14,20,6,9,9,9,32,26,31,25,,32,35,28,18,22,16,18,26,21,22,21,,,26,24,24,25,23,23,16,17,30,33,31,30,43,44,41,33,41,38,42,42,16,13,22,16,14,25,,35,31,28,36,31,25,32,,,32,26,34,41,37,,27,34,23,26,,,28,24,24,25,38,37,37,39,33,26,34,,23,11,13,16,16,13,8,12,10,10,17,11,29,27,33,36,29,27,26,24,,40,24,33,30,,39,34,46,46,,,,21,15,,,,27,39,60,67,60,59,57,,78,31,19,30,29,27,10,18,17,23,20,29,10,19,18,38,,53,37,42,34,49,46,26,35,47,,27,27,24,25,24,22,27,23,22,14,27,30,29,34,24,27,30,25,,28,,31,17,19,26,38,,40,36,,,31,31,28,44,,26,30,28,,33,41,30,29,26,25,23,21,25,29,,,,23,,22,34,,33,32,14,36,11,14,12,29,25,29,,24,,,27,,25,32,27,24,24,38,24,19,,26,24,23,21,36,23,28,24,22,36,22,23,25,15,18,21,30,30,28,18,,21,21,23,,30,29,,28,27,30,26,24,,37,19,,,36,34,,22,,18,19,26,27,14,19,,18,17,,23,19,,27,,30,21,20,,24,16,19,25,18,,23,28,26,35,35,21,19,46,35,24,35,19,37,28,30,46,30,21,32,42,53,34,41,40,24,26,22,27,28,15,30,18,27,,25,22,19,22,32,19,33,27,25,31,22,30,31,29,,35,34,46,,31,23,20,21,17,,22,19,8,,9,,24,12,12,24,25,21,21,,,,31,,33,,17,17,14,,31,27,31,25,27,,26,,26,20,26,30,34,33,,29,34,25,24,26,25,,23,,,20,21,20,15,,30,44,43,33,26,25,15,29,33,34,39,38,38,33,16,15,21,25,25,22,20,24,26,24,20,,33,28,32,39,21,17,19,15,,,,,29,25,,27,25,21,30,19,15,18,25,30,30,32,28,14,10,28,23,23,,22,26,32,,25,26,,31,37,34,37,37,35,35,37,34,30,22,22,30,,42,42,296,46,40,32,39,11,17,,17,36,50,42,42,24,27,32,32,,18,,12,13,13,16,16,22,19,30,22,,,23,22,22,19,18,12,18,20,,,22,,29,27,23,26,28,27,32,30,25,,34,32,30,31,35,27,26,28,29,32,32,17,19,,53,33,,34,34,23,17,,,17,17,14,19,24,26,25,25,23,,,35,24,16,22,16,,25,20,26,28,30,28,18,,24,21,27,,,32,31,,24,22,28,,37,,50,48,,,32,20,,,50,40,38,,,21,26,17,10,26,25,17,32,33,27,36,29,20,26,26,34,40,34,39,35,36,29,42,38,,47,34,22,,19,29,37,32,28,23,22,21,20,26,21,31,,,48,30,34,43,28,35,31,33,21,17,27,42,45,32,46,41,32,,,12,60,58,69,18,20,,39,21,18,,25,30,27,,32,42,20,26,21,31,16,25,20,36,20,32,18,23,16,17,,15,22,10,18,35,30,,24,,22,,,,12,13,11,13,15,22,,21,,27,29,26,24,22,24,28,17,33,26,48,25,11,16,18,18,30,28,33,29,25,,23,26,26,25,28,30,5,32,21,22,22,19,34,29,30,,21,35,34,36,20,26,25,22,25,32,35,33,31,30,34,,37,37,33,23,27,26,27,24,44,53,42,,18,23,24,,25,35,29,29,,29,28,22,,21,24,26,26,28,24,22,25,21,23,28,28,30,,24,21,21,29,33,,34,31,19,28,19,22,20,19,22,23,36,23,,27,33,30,,21,23,,27,20,25,18,,9,14,18,17,24,37,38,34,29,32,31,32,36,37,40,37,,13,14,14,19,20,22,22,27,28,33,39,35,32,44,22,27,48,52,46,23,25,23,39,34,18,16,13,34,36,45,45,18,35,17,26,31,32,64,71,60,61,36,28,36,34,42,33,29,37,40,58,69,65,28,27,19,18,,18,17,13,13,20,17,23,28,24,15,17,16,16,12,16,,,24,27,33,,38,20,17,15,21,31,,21,15,18,,,,,25,16,15,16,15,18,22,19,,19,37,25,17,19,35,15,12,27,19,18,,,,,22,23,19,13,14,15,23,,25,13,15,18,23,13,21,12,16,12,14,16,17,18,,15,16,11,10,20,16,21,13,15,,11,15,,8,13,,9,8,5,,32,,15,,13,8,25,40,37,39,19,21,26,21,17,26,22,18,,34,32,9,21,25,48,,93,107,15,25,237,253,,18,26,28,34,16,,38,34,24,,15,18,21,19,15,19,34,,27,37,,40,25,19,26,105,93,49,58,13,,42,28,31,34,38,45,66,71,71,,,43,38,46,27,,14,50,48,70,36,26,13,31,36,35,35,15,18,,37,28,34,52,16,25,34,,14,,20,40,36,26,28,26,277,36,30,42,42,27,34,14,,,25,34,26,40,,34,24,41,26,,32,47,,,18,33,35,15,28,31,18,21,18,33,26,29,36,26,20,,48,26,,27,29,28,19,22,36,23,34,15,26,23,21,18,42,25,33,25,38,31,12,31,13,38,31,21,23,21,15,10,47,26,23,24,21,19,14,21,21,21,23,30,22,28,35,24,40,23,23,,27,17,22,21,15,16,13,,23,50,30,23,15,22,17,32,45,37,85,38,34,32,24,24,39,35,22,,23,50,58,73,34,,255,26,15,21,19,22,25,21,24,19,19,19,31,60,35,24,,38,,37,13,17,33,26,19,30,35,33,29,27,19,13,16,14,8,35,32,15,24,12,18,23,35,25,46,42,37,37,26,37,25,32,14,20,24,17,17,22,23,,7,23,15,17,24,16,16,25,21,21,21,17,25,21,17,20,25,22,14,18,32,16,21,36,32,31,32,22,31,18,42,40,34,23,13,12,32,29,8,15,21,37,31,17,38,37,43,29,68,36,25,24,28,20,27,34,37,,22,36,29,39,37,32,36,24,17,24,29,27,33,25,26,22,17,27,14,48,62,45,47,70,,24,20,15,19,16,11,21,27,26,14,20,13,21,24,36,29,24,44,40,49,32,27,28,21,27,26,30,24,31,22,,23,16,30,44,35,27,19,9,18,25,38,27,21,20,27,20,25,44,28,29,29,,38,34,26,35,16,15,54,44,38,32,33,29,29,,20,29,42,22,16,26,26,24,31,,32,32,37,49,41,13,24,17,15,25,22,,25,,22,25,,16,26,17,15,30,34,32,23,,21,35,28,12,,,18,48,22,31,30,44,63,53,50,14,24,16,36,38,72,67,47,47,50,48,29,23,28,15,24,17,26,25,32,41,29,17,22,22,27,23,31,13,64,867,936,14,22,24,26,20,65,29,15,21,17,25,27,28,31,41,,33,37,12,13,34,27,31,12,13,38,34,27,34,31,39,32,42,26,41,27,40,31,26,,22,37,15,57,25,27,23,31,27,26,29,23,24,15,14,40,30,36,46,46,20,17,57,47,18,30,20,30,32,27,25,26,29,30,42,24,42,14,44,36,14,5,25,38
20210719,10,SO2,1,3,3,3,3,2,3,3,1,1,3,3,,,10,,5,5,10,,4,,7,10,,6,8,,5,3,3,5,4,3,5,,3,8,,6,3,7,3,4,,1,,5,4,3,5,7,5,7,5,4,3,,6,8,7,8,9,8,,8,5,7,,7,4,7,7,12,6,,4,9,3,3,4,,5,3,1,3,3,3,,9,9,,,5,8,10,10,9,14,14,,12,16,12,9,12,,,10,7,5,6,8,,8,6,6,5,5,4,4,4,3,5,5,3,5,4,14,10,,,11,15,18,14,11,11,,14,1,4,6,3,7,,3,5,6,5,5,8,5,8,9,1,1,5,1,9,,2,8,4,3,2,3,5,12,10,7,6,6,,,,8,8,,6,8,6,,,,13,,5,4,3,6,2,,,5,10,,,,5,6,,9,5,6,5,5,,6,2,3,3,5,3,6,5,,2,,4,4,,5,7,,8,4,4,,6,4,5,4,6,7,11,,,7,6,8,6,,6,3,,6,,,5,,8,5,,3,2,4,5,3,5,,4,4,4,4,4,7,7,6,6,8,12,8,13,6,8,7,6,12,2,,5,4,5,3,2,6,6,17,9,14,,14,8,,,3,7,10,,,9,6,9,5,5,,,6,4,6,5,5,4,3,3,3,2,3,3,,3,3,4,2,4,4,6,5,5,,4,5,8,7,6,7,8,8,5,5,8,6,5,5,,6,8,10,5,7,6,5,5,4,4,5,5,8,2,,8,4,5,6,4,3,5,5,7,8,6,,,6,5,5,4,2,,2,7,6,4,6,,,8,8,7,5,6,9,5,9,9,12,11,10,12,14,12,8,11,42,,5,7,7,7,6,7,4,,3,10,6,5,6,7,4,,,11,7,3,2,3,,10,3,11,4,,,7,24,8,2,8,6,6,6,8,5,6,,6,6,6,6,10,9,6,7,10,6,6,9,7,4,3,4,5,5,2,4,,4,5,5,5,,42,3,22,26,,,,15,4,,,,6,11,5,5,3,7,6,,8,16,9,15,10,11,8,10,6,9,9,2,6,11,8,9,,5,9,12,7,8,10,8,,,,6,2,5,3,4,2,6,5,3,2,3,6,2,3,3,5,4,4,,26,,8,5,5,6,8,,5,11,,,7,6,6,13,,6,6,2,,9,7,5,10,6,6,8,6,7,11,,,,2,,6,10,,9,11,7,12,4,5,1,4,2,4,,7,,,6,,6,16,20,7,8,8,10,9,,,10,12,14,11,29,9,18,25,17,,5,5,6,6,8,6,7,8,6,,5,6,4,,15,14,,6,4,6,6,19,,10,4,,,4,7,,5,,13,9,17,10,9,5,,9,9,,4,4,,7,,16,10,16,,18,8,8,14,5,,5,4,3,13,4,6,3,12,4,11,6,8,10,7,11,14,6,6,5,8,5,7,27,14,8,6,7,9,4,4,6,7,5,,4,5,5,4,2,3,3,6,6,8,3,12,8,9,,5,4,5,,9,7,8,6,5,,9,34,5,,4,,1,4,6,3,5,3,2,,,,3,,4,,1,1,,,1,4,4,2,5,,5,,6,5,7,5,2,2,,5,5,8,6,9,9,,5,,,10,1,3,2,,58,17,12,16,11,6,,5,16,9,10,13,9,14,3,3,8,6,3,5,12,6,8,4,5,,20,15,17,24,9,10,16,14,,,,,6,6,,5,5,7,8,2,1,4,10,8,7,9,7,6,3,6,8,6,,9,2,2,,3,2,,4,4,2,1,4,4,4,2,3,6,9,5,4,,9,9,46,4,8,11,,5,7,,7,7,4,5,4,5,11,,,,7,,,5,5,5,4,8,,,,,,4,4,2,,,5,,5,,,8,,5,8,9,6,8,9,8,7,6,,9,5,7,6,8,9,7,6,5,2,4,5,9,,5,7,,101,8,6,7,,,8,5,5,7,6,3,4,7,5,,,3,8,5,2,5,,8,9,5,18,14,14,4,,4,5,8,,,6,8,,18,16,8,,7,,40,21,,,6,4,,,21,6,18,,,2,4,12,13,5,8,5,9,7,4,7,5,6,5,15,6,8,6,7,8,5,8,3,8,,8,,5,,11,10,8,10,4,5,8,6,6,6,5,11,,,8,5,5,6,7,8,8,6,7,16,10,5,9,8,9,6,30,,,2,3,4,5,13,16,,1,14,14,,15,16,8,,3,7,10,10,9,2,2,6,5,11,5,14,16,9,4,9,,5,4,8,5,9,9,,4,,5,,,,9,8,8,19,4,3,,4,,4,7,6,5,4,3,1,7,4,6,12,4,4,9,15,9,8,13,8,6,6,,,9,8,10,10,10,12,13,27,19,21,7,6,10,6,,5,52,24,8,10,5,4,5,2,20,12,6,29,5,8,,8,5,8,12,6,6,6,7,12,17,13,,5,2,2,,3,2,5,5,,7,6,1,,5,,5,6,5,7,5,6,7,7,6,6,2,,17,4,11,14,9,,16,5,,3,,,2,5,6,4,10,11,,4,3,1,,6,4,,20,7,5,6,,8,3,2,8,9,32,20,5,8,11,8,34,19,24,21,25,,2,3,7,9,17,18,19,21,24,15,13,8,6,16,7,4,4,5,2,7,4,5,3,1,3,5,6,12,9,10,20,8,10,8,13,9,14,7,15,5,7,5,5,6,25,36,10,10,,6,8,24,28,8,5,4,5,,3,6,8,6,9,10,9,12,8,63,5,5,2,7,11,,,5,5,6,,6,8,11,7,8,5,,9,8,,,,,,8,8,11,11,9,13,10,12,,6,8,11,8,7,11,2,4,14,8,16,,,,,5,6,7,6,13,9,3,,5,5,5,11,12,6,6,8,7,8,7,6,46,8,,9,7,5,4,5,8,5,10,27,,10,6,,7,8,,9,6,6,,7,,10,,8,9,,60,29,19,5,6,9,7,,23,3,6,,18,20,5,7,12,7,,5,4,3,2,4,3,,6,7,7,1,26,,4,4,9,,8,11,8,2,12,14,9,,6,12,,9,2,3,2,5,7,18,43,7,,12,5,8,3,6,9,5,8,4,,,10,8,10,12,,2,10,11,8,14,4,9,7,11,8,6,21,5,,2,6,14,7,6,8,4,,3,,4,14,5,4,8,8,28,14,7,8,14,5,4,4,,,11,4,3,6,,8,11,7,19,,4,4,,,2,8,7,5,8,4,4,3,,8,5,2,7,5,4,,5,6,,7,10,9,12,5,12,4,5,5,6,6,1,3,7,8,49,4,14,17,2,17,9,6,9,12,12,9,10,6,30,4,6,7,,7,12,6,6,8,1,1,14,16,8,6,,10,3,,2,7,4,5,,3,4,,1,29,6,8,6,6,10,2,12,11,9,4,5,7,14,12,2,4,5,,5,35,22,27,22,,35,4,8,4,5,5,4,6,2,6,3,7,4,40,23,6,,6,,6,5,5,10,2,,8,8,6,9,9,8,6,8,4,9,7,10,7,6,7,6,9,7,5,8,2,4,2,12,10,3,10,4,6,5,1,2,3,2,,1,2,6,3,12,3,12,6,6,7,4,10,10,7,7,8,10,4,8,8,10,5,7,12,4,11,10,4,4,4,9,5,4,9,4,6,3,6,10,5,7,16,7,4,10,16,82,16,9,40,6,6,3,8,5,19,8,,3,3,3,9,16,3,6,9,6,6,6,9,8,7,3,5,2,7,1,7,8,11,7,10,,6,7,6,9,3,6,8,15,6,6,4,4,7,4,7,2,10,3,3,3,4,8,8,9,7,4,3,1,3,2,,1,1,4,7,56,10,7,6,13,14,14,4,7,5,11,7,10,,10,3,11,,4,14,10,10,,4,7,14,7,,8,5,7,,4,9,5,8,4,3,1,3,7,,6,5,9,18,68,6,4,2,4,5,4,,4,,7,2,,7,6,3,6,5,8,6,5,,3,,48,11,,,6,11,2,7,3,2,4,12,10,1,4,4,4,7,5,12,7,11,6,7,3,2,,2,5,3,3,4,11,8,9,5,4,7,,5,9,10,14,3,1,5,4,4,16,2,47,6,7,9,4,8,10,13,46,42,,8,6,1,6,5,10,7,8,7,7,6,11,5,1,12,4,3,6,11,7,5,6,4,,3,2,6,3,7,,4,5,3,3,1,3,3,6,23,8,7,8,12,12,7,7,5,4,1,3,3,3,8,9,7,6,3,7,7,6,8,6,10,5,8,7,6,11
20210719,10,SO2_24h,1,3,3,4,3,2,3,3,3,1,3,4,,,9,,5,5,9,,4,,5,9,,6,5,,6,3,3,5,4,2,5,,3,7,,5,3,7,4,4,,2,,3,4,3,6,7,5,6,5,4,4,,6,6,7,8,9,8,,10,5,7,,7,5,4,2,11,4,,5,6,4,3,4,,4,2,2,3,2,2,,8,7,,,4,7,8,9,12,7,24,,9,15,20,16,16,,8,9,6,5,6,9,6,8,6,6,5,3,3,4,4,3,4,4,3,4,3,13,9,4,,12,18,18,17,13,16,11,15,1,4,6,6,7,,3,5,6,5,5,7,4,8,8,2,1,4,1,7,,2,9,4,2,2,3,6,9,10,7,7,6,,,,8,8,,5,8,6,,,,9,,5,4,3,6,2,4,,4,7,,,,7,6,,7,9,6,5,4,,5,1,3,3,6,3,7,5,,4,,4,4,,5,7,,6,4,5,,6,3,5,5,9,7,9,,,7,6,8,5,4,5,3,,6,,,5,,7,5,,2,2,4,5,3,4,,3,3,3,4,4,6,6,6,5,6,6,5,8,6,5,6,5,7,2,,4,4,4,3,2,5,7,9,6,5,,10,6,,,3,7,8,8,,6,5,7,4,5,,,5,4,5,5,5,5,3,3,3,2,3,3,,3,3,4,3,4,4,6,5,5,,4,5,9,6,5,5,7,6,5,5,7,5,5,5,,6,7,7,5,7,5,5,5,4,4,5,5,8,3,,7,4,5,6,4,5,6,5,8,8,6,7,,7,5,5,4,2,5,2,6,6,4,7,,,8,8,7,5,6,7,5,9,9,14,10,10,9,9,9,7,9,10,6,7,6,3,4,4,4,5,,3,6,6,6,8,8,4,,,11,8,3,2,5,,4,2,8,3,,,6,12,6,2,7,6,5,4,7,4,5,,7,6,5,7,10,10,6,7,10,6,6,8,6,4,3,4,4,5,2,4,,4,5,5,5,,23,2,10,11,,,,8,5,,,,8,10,6,6,3,8,7,,8,11,6,10,10,9,7,8,6,8,6,3,5,5,5,8,,6,4,13,5,12,12,9,7,16,,4,2,4,3,4,2,5,5,2,2,3,6,3,2,3,4,3,4,,13,,9,5,5,8,5,,4,5,,,6,4,5,8,,6,6,1,,9,7,7,9,3,7,8,6,8,9,,,,2,,5,10,,8,8,6,8,4,5,1,4,2,3,,10,,,9,,9,9,9,7,8,8,11,9,,13,7,9,9,7,10,8,9,14,21,8,5,7,6,6,9,5,8,8,6,,5,6,4,,8,8,,6,5,6,6,10,,12,6,,,3,6,,4,,12,10,10,9,9,5,,9,9,,2,4,,6,,10,7,12,,16,8,8,11,6,,6,4,4,5,3,6,3,9,8,9,8,8,9,8,12,14,7,6,6,14,13,8,24,11,7,5,7,9,4,4,6,8,5,,4,5,4,4,2,3,3,6,3,8,3,9,5,6,,6,4,13,,9,7,6,5,5,,11,12,4,,4,,1,4,6,3,3,3,2,,,,3,,3,,2,2,2,,2,4,6,3,5,,7,,6,5,7,5,2,2,,8,6,8,6,8,8,,5,,,8,1,3,2,,10,13,10,12,10,6,5,8,9,8,9,8,7,7,3,3,10,7,5,4,8,8,9,3,4,,13,17,14,10,5,8,9,5,,,,,7,8,,6,3,7,6,5,3,4,6,6,5,5,5,5,4,6,7,5,,9,2,2,,3,2,,2,4,3,2,4,4,5,3,2,5,10,5,4,,11,12,8,6,17,8,7,5,6,,7,5,4,5,4,5,9,4,4,,7,,3,4,4,4,4,8,8,9,11,,,5,4,2,4,4,5,3,4,,,7,,5,8,8,7,9,10,10,10,8,,7,4,8,7,9,9,7,7,5,2,4,5,9,,5,6,,8,7,7,7,,,7,5,5,7,6,3,4,6,4,,,3,9,5,3,5,,8,12,5,12,10,10,4,,4,5,4,,,3,7,,13,12,8,,6,,21,22,,,6,5,,,13,11,17,,,2,4,12,10,6,8,6,6,8,2,7,5,6,7,9,7,7,4,6,4,4,8,2,7,,8,8,6,,14,12,11,12,3,4,9,6,6,8,5,7,,,9,4,5,6,7,11,6,2,5,11,10,6,7,8,7,6,5,,,2,3,5,5,6,9,,5,12,11,,13,14,4,,4,6,11,9,7,2,2,6,5,10,4,9,10,8,4,12,,6,4,7,5,7,7,,4,,4,,,,7,6,7,6,3,2,,9,,9,7,6,4,4,4,2,7,7,7,9,4,4,5,5,5,6,10,7,3,5,,5,9,9,8,10,7,12,11,17,16,16,5,8,16,13,,6,20,24,13,13,4,5,7,6,19,10,6,16,5,9,,9,6,6,15,6,6,5,6,12,16,19,,6,1,2,,4,3,5,3,,4,3,1,,5,6,8,7,7,7,6,7,6,7,6,7,2,,10,4,7,16,10,,21,6,4,4,5,5,3,4,7,4,4,7,,3,4,1,,5,4,,17,6,5,5,,5,4,1,7,9,23,13,8,9,12,9,10,14,16,17,13,,3,3,7,9,8,7,7,9,6,12,10,8,5,14,7,4,9,10,5,3,4,6,5,4,4,5,5,10,10,9,11,8,9,9,12,10,8,6,7,6,6,7,15,13,8,12,10,9,9,7,9,24,23,10,6,5,6,,2,5,6,6,7,11,8,9,7,8,6,4,4,6,9,,,5,6,7,,7,8,11,9,9,6,,8,6,8,,,,,7,6,7,7,6,13,10,12,,7,8,11,8,7,8,2,3,11,5,6,,,,,6,7,5,7,7,5,2,,5,5,4,6,8,6,7,8,6,6,6,6,10,9,,11,9,5,4,6,8,4,8,7,,9,6,,7,8,,8,5,4,,6,,9,,7,9,8,19,18,11,5,6,9,4,4,10,2,5,,31,29,5,6,8,6,,5,5,3,2,5,4,,6,7,7,2,21,,4,4,6,,12,9,11,10,11,15,9,,7,12,,9,2,3,2,5,7,5,6,9,,10,4,11,4,5,9,5,7,4,,,10,7,8,10,,2,7,8,10,22,5,9,7,7,5,6,12,5,,2,5,13,8,6,7,5,,4,,4,8,4,5,9,11,19,12,6,5,11,8,4,4,,,10,4,3,6,,8,16,8,13,,4,4,,,2,8,7,5,8,5,4,4,3,6,4,4,10,6,3,,6,3,,8,6,6,9,5,12,5,11,8,5,4,3,2,8,8,25,4,11,6,2,6,9,5,8,12,11,9,8,6,11,6,7,9,5,6,9,6,6,7,2,1,11,14,9,6,10,9,2,,2,5,4,6,9,3,4,,2,10,6,8,5,6,9,2,9,7,7,3,36,6,11,6,2,4,3,,15,15,13,13,19,,19,4,8,4,4,5,6,5,3,6,3,7,5,19,14,6,,6,,6,4,5,9,1,8,8,8,6,9,8,7,6,8,4,9,7,19,7,7,6,6,8,8,5,6,3,4,2,10,8,2,9,4,6,5,2,2,3,2,,2,2,5,3,12,5,9,8,7,7,6,10,12,8,5,11,11,3,3,6,7,5,7,12,4,8,12,4,4,4,8,4,5,10,4,5,4,6,10,6,7,12,7,4,9,10,33,17,9,9,7,6,4,7,5,21,4,,3,3,3,10,12,4,7,5,5,4,4,7,7,8,4,3,2,6,1,7,9,7,8,9,,6,7,6,9,3,6,8,13,7,6,3,4,6,3,6,3,9,3,2,3,4,6,5,7,6,4,4,1,2,1,,1,2,4,6,33,14,9,5,13,13,8,2,7,5,7,6,10,10,7,5,10,,5,16,8,11,3,4,6,11,6,7,7,5,15,,4,20,5,8,4,2,2,3,6,,9,8,11,10,13,8,4,3,4,11,11,,5,,4,2,,6,6,2,7,4,8,6,4,,4,22,20,10,,,6,9,2,7,3,3,4,12,5,1,3,4,3,9,5,8,7,10,6,7,3,1,3,2,8,2,3,4,7,9,11,5,4,7,5,5,7,8,11,2,2,4,6,5,12,3,24,8,7,10,4,8,8,10,14,20,,10,6,1,6,3,8,8,7,7,7,3,6,5,3,11,3,3,6,9,7,7,6,4,,3,2,4,3,4,2,2,3,3,3,2,3,3,6,9,8,6,8,11,14,11,5,3,3,1,3,3,3,7,8,7,6,2,6,6,6,8,6,9,5,8,5,8,7
20210719,10,NO2,15,7,21,6,14,19,23,13,15,11,19,24,,,26,,24,21,25,,19,,38,8,,6,7,,33,18,14,24,19,24,11,,15,20,,21,19,4,2,10,,2,,16,25,14,16,15,13,17,20,26,11,,10,10,11,19,15,21,,15,15,14,,17,20,19,,17,14,,8,17,18,13,28,,19,25,27,28,18,20,,6,15,,,12,15,11,12,10,10,12,,4,16,16,11,18,,,14,21,,7,7,9,9,5,12,4,23,18,22,8,12,8,4,9,5,13,18,11,6,,12,21,24,14,18,13,10,18,12,15,12,8,10,,12,20,10,12,18,12,14,13,4,13,16,17,12,11,,8,18,8,25,14,17,7,28,2,3,6,11,,,,18,12,,7,17,10,,,,27,,16,20,10,12,20,,,9,23,,,,14,16,,21,6,16,9,8,,11,14,8,5,4,4,5,5,,8,,6,5,,21,15,,31,14,15,,15,22,13,13,21,5,31,,,10,9,10,22,10,10,16,,10,,,17,,15,14,,15,6,7,11,13,20,,19,17,16,14,16,15,21,18,32,31,23,21,23,35,29,21,18,,1,,18,4,4,5,4,14,14,22,20,14,,20,14,,,13,17,33,,,32,26,42,15,6,,,9,9,13,8,11,6,22,19,11,13,20,16,,22,8,11,18,26,21,18,21,29,,21,5,24,17,14,7,5,15,18,6,13,7,25,19,,24,27,34,18,18,14,19,11,10,20,19,18,27,16,,,13,15,7,16,34,12,18,17,20,17,28,,21,24,21,16,16,16,18,30,27,20,26,,,18,21,18,9,10,17,6,14,21,26,25,12,31,26,34,23,19,26,,17,18,13,13,25,23,11,,18,42,23,15,36,33,24,,,36,38,57,30,25,,22,40,55,60,,,53,12,36,32,36,23,33,32,32,30,30,,10,9,10,13,9,15,14,10,13,12,31,28,17,11,15,14,16,12,13,12,,17,9,19,8,,42,13,46,60,,,,31,12,,,,13,15,52,40,81,46,56,,63,19,16,24,9,14,14,16,,11,16,2,6,21,12,16,,13,16,18,11,13,11,13,,11,,11,12,11,4,5,11,6,9,8,7,6,5,3,7,5,6,8,3,,16,,6,6,10,6,13,,10,16,,,10,17,18,17,,4,12,,,12,2,5,11,9,27,18,18,14,23,,,,7,,14,10,,10,9,11,15,5,4,2,22,12,26,,4,,,6,,5,11,17,16,15,11,16,9,,,17,17,15,22,18,6,11,11,13,5,8,13,8,10,3,10,12,11,12,,12,10,10,,15,17,,11,14,16,16,20,,16,8,,,14,11,,8,,16,8,24,20,7,2,,10,4,,24,24,,20,,25,20,24,,19,19,16,14,10,,3,6,8,18,3,6,2,15,17,6,9,,13,8,18,23,6,3,9,8,9,4,10,10,6,11,7,15,8,7,21,12,8,,7,10,8,10,9,8,8,7,6,8,7,3,11,15,,16,10,11,,14,13,20,5,5,,17,6,2,,11,,6,11,6,10,6,8,8,,,,11,,14,,4,6,,,,19,13,5,8,,5,,22,19,13,15,14,10,,5,27,4,9,6,9,,6,,,4,24,14,14,,15,29,28,20,8,8,7,6,12,14,12,19,8,17,10,14,13,29,23,11,9,24,20,23,13,,28,10,34,29,10,15,20,20,,,,,4,11,,12,8,12,8,10,19,12,17,21,22,20,20,18,14,13,15,10,,5,5,19,,18,16,,12,7,10,17,15,24,8,10,17,6,14,7,10,,15,13,17,16,14,16,,29,31,,34,46,24,26,11,7,16,13,13,,5,,,4,4,9,12,5,,,,,,6,6,6,,,10,,12,,,8,,12,13,22,15,15,10,12,18,15,,6,11,16,16,20,4,2,9,11,12,10,7,4,,30,16,,22,20,9,9,,,6,6,5,6,12,8,6,16,,,,18,15,16,16,13,,7,,10,9,11,8,14,,21,22,14,,,19,18,,10,12,22,,27,,34,13,,,12,9,,,9,7,11,,,4,6,5,10,7,6,5,,8,5,9,6,3,5,10,6,6,13,14,20,6,4,9,5,,17,,6,,2,9,11,8,6,4,5,4,14,13,8,27,,,30,10,6,8,11,6,6,12,6,15,13,5,14,14,26,19,38,,,6,14,5,5,7,13,,9,16,17,,8,6,7,,5,12,10,9,6,8,2,7,18,34,26,55,31,15,19,9,,8,12,11,3,25,14,,10,,15,,,,13,14,8,33,5,6,,13,,12,21,14,5,5,6,6,5,8,8,,4,1,10,12,8,15,12,13,23,7,,,4,14,15,15,8,3,7,18,11,15,3,6,9,2,,5,19,8,4,5,11,14,16,16,13,6,7,12,9,12,,10,12,10,18,16,16,12,16,15,14,16,,12,10,10,,15,11,14,9,,11,6,13,,4,14,13,10,12,10,8,13,10,10,7,8,8,,11,10,10,13,14,,16,6,,14,10,19,16,11,8,,25,23,,12,14,5,,14,11,,18,2,5,6,,11,4,8,6,8,12,14,23,13,11,14,6,10,17,18,26,,12,12,13,6,12,18,16,15,21,4,6,10,3,14,5,5,1,3,4,12,12,7,22,7,5,4,8,12,16,20,11,12,15,18,15,11,14,16,27,18,14,6,12,12,19,20,14,15,,17,24,16,19,6,13,9,14,,15,8,13,14,12,11,13,11,14,26,25,18,21,7,25,,,5,14,6,,13,7,10,7,12,13,,16,10,31,,,,,9,8,20,22,16,10,6,6,,22,11,9,18,17,33,14,14,34,32,39,,,,,19,12,28,20,24,27,27,,7,15,14,12,22,12,7,8,13,10,10,14,13,15,,6,6,10,12,10,15,13,8,18,,6,13,,11,4,,11,20,18,,9,,21,,8,6,8,26,10,18,6,9,12,7,,12,9,6,,21,20,3,17,10,46,,11,11,22,24,9,9,,9,10,10,8,11,,39,15,26,,19,7,6,25,14,6,6,,8,16,,22,12,6,10,20,27,14,10,4,,52,16,15,13,10,5,11,14,9,,,50,42,25,11,,15,66,36,50,34,13,8,19,25,13,15,21,17,,29,11,17,14,14,12,14,,16,,4,16,44,9,15,11,11,19,10,12,10,5,12,5,,,11,15,6,18,,14,14,12,21,,2,6,,,8,20,21,5,17,8,7,15,,23,7,28,25,20,26,,28,12,,11,16,25,12,8,14,9,7,7,6,9,30,6,23,10,20,19,9,15,6,16,18,7,9,9,8,7,9,16,27,15,6,38,,16,20,7,6,8,6,13,32,9,14,10,27,13,6,,5,20,8,15,,12,12,,26,18,6,18,10,2,16,12,18,14,54,13,4,17,7,11,10,17,8,,4,30,45,18,10,,13,16,16,16,16,9,15,12,16,6,6,7,12,36,10,9,,9,,13,4,3,16,5,9,20,20,18,24,38,22,18,23,17,18,24,25,7,5,8,8,14,15,7,18,13,14,17,14,9,2,15,8,7,12,4,6,12,10,,10,6,7,,7,12,18,8,19,18,28,6,17,56,4,18,35,35,24,20,17,16,4,29,13,8,14,11,8,5,12,14,7,11,17,12,5,8,16,12,18,17,13,4,15,11,26,9,10,20,7,7,12,7,8,4,15,,10,8,10,16,10,11,15,16,4,4,20,16,15,10,5,5,6,12,2,18,70,23,33,64,,9,,7,14,16,24,26,10,14,4,15,19,12,14,15,8,13,24,30,14,4,14,11,11,10,11,18,6,15,10,,14,2,9,7,23,9,18,9,13,13,12,13,10,13,20,8,14,12,15,6,7,,6,12,6,9,,5,16,12,14,,12,10,12,,10,9,18,12,2,5,8,5,16,,11,,9,18,22,16,9,20,8,7,6,,9,,23,3,,14,16,11,12,23,18,16,24,,17,14,11,2,,,8,9,25,15,35,8,16,13,18,12,10,13,13,17,23,29,10,9,16,14,2,12,,9,12,4,7,7,27,10,16,7,7,9,12,9,20,17,63,2,5,14,18,18,22,10,39,6,17,18,27,20,20,26,37,36,,14,6,10,6,15,23,8,14,5,18,30,11,9,3,25,24,22,25,26,8,18,10,13,,4,3,13,7,17,25,4,15,15,8,7,8,9,16,9,11,29,17,16,16,12,7,10,17,7,12,15,12,,12,7,6,,10,26,12,27,14,19,4,8,19,23,8
20210719,10,NO2_24h,15,8,25,15,16,21,25,11,10,12,20,19,,,16,,17,16,24,,24,,31,7,,7,11,,33,22,15,19,17,20,9,,14,19,,19,14,3,14,12,,12,,9,11,7,15,16,18,15,19,20,12,,12,9,13,25,18,19,,11,24,22,,29,12,14,11,16,15,,6,13,11,10,25,,9,25,22,20,18,17,,14,19,,,17,19,18,16,17,24,21,,14,17,20,16,20,,15,14,18,6,7,8,10,10,6,21,3,27,23,34,16,18,13,16,20,17,31,20,18,9,,21,30,30,25,29,17,20,29,13,17,14,9,16,,17,19,11,15,20,30,28,34,23,26,18,36,17,9,,7,16,8,10,13,16,7,23,2,4,7,10,,,,15,12,,8,13,8,,,,22,,13,22,11,10,18,16,,12,20,,,,18,21,,18,23,22,6,18,,8,4,7,5,6,3,5,7,,7,,4,3,,16,18,,22,15,21,,19,18,11,19,26,7,17,,,9,11,12,18,10,13,15,,11,,,18,,17,17,,9,4,8,9,14,13,,12,16,19,16,21,13,14,10,22,21,16,15,21,21,20,25,14,18,1,,10,3,4,4,7,13,8,23,22,14,,24,24,,,13,10,17,22,,16,15,14,11,7,,,6,8,6,8,9,13,16,16,9,11,15,12,,17,6,12,29,26,24,28,20,39,,25,9,23,23,26,12,14,14,25,14,24,12,28,21,,24,32,23,22,25,19,28,17,9,16,11,13,22,14,,4,13,9,9,14,10,12,11,19,20,21,22,,23,33,29,15,19,14,15,24,21,18,19,,,13,16,18,10,10,16,8,13,28,35,16,18,20,16,21,15,15,21,15,19,9,7,12,10,8,10,,22,27,20,24,34,25,14,,,31,25,34,26,21,,24,32,32,31,,,23,9,17,28,27,20,20,31,28,27,21,,15,10,10,13,11,13,9,11,12,8,16,12,19,20,30,18,27,18,23,21,,15,16,25,21,,25,12,39,41,,,,28,8,,,,22,22,45,45,43,53,37,,40,21,14,23,16,19,14,19,11,12,13,3,8,25,8,33,,23,30,30,22,17,20,15,12,18,,12,10,12,6,7,10,10,11,11,9,7,6,5,11,7,6,8,5,,14,,8,8,10,13,10,,12,17,,,9,13,11,18,,8,11,11,,10,4,6,11,7,13,12,10,14,14,,,,7,,8,10,,11,11,10,17,5,4,2,21,15,20,,8,,,7,,9,11,15,10,9,7,9,6,,15,16,15,14,26,11,10,10,10,17,9,16,18,5,7,4,18,14,13,10,,12,13,14,,8,9,,6,8,10,9,10,,28,12,,,14,13,,20,,17,12,16,19,5,2,,11,2,,14,19,,14,,17,16,13,,14,15,14,20,9,,6,8,13,16,17,8,2,14,18,7,15,5,18,10,28,29,12,10,14,15,14,10,14,12,18,18,17,12,16,8,13,5,10,,8,11,13,14,12,10,8,8,8,6,6,19,23,30,,25,22,23,,13,12,18,13,4,,17,10,2,,9,,6,10,4,7,6,7,7,,,,12,,11,,4,3,3,,15,11,8,11,14,,10,,17,17,10,13,12,10,,14,25,12,8,10,10,,11,,,4,11,8,8,,15,21,19,15,10,9,5,13,12,12,10,13,12,16,10,10,10,11,17,15,20,25,25,25,19,,15,11,26,18,11,16,15,15,,,,,10,17,,18,11,15,12,11,12,18,18,18,22,16,17,15,12,22,15,18,,13,15,22,,21,14,,16,10,12,15,15,16,9,10,14,16,19,18,15,,11,14,12,19,21,12,17,15,20,,14,21,12,12,11,8,17,17,17,,7,,6,5,5,14,15,8,2,10,8,,,10,11,8,6,4,7,4,9,,,10,,11,14,19,18,19,15,14,19,17,,12,18,21,20,22,5,3,14,13,11,11,11,4,,26,12,,15,15,11,17,,,12,8,6,8,12,6,4,10,3,,,19,15,15,16,13,,10,13,18,12,16,14,10,,14,13,11,,,14,14,,11,16,20,,21,,16,20,,,11,8,,,19,12,14,,,5,7,9,10,6,7,6,7,8,6,9,9,5,10,12,6,9,18,19,17,6,4,10,8,,18,9,16,,6,12,16,11,9,5,5,5,8,7,6,21,,,32,9,10,10,9,12,7,13,5,12,12,5,17,12,28,19,11,,,12,15,9,10,7,11,,8,20,17,,14,10,13,,7,8,8,9,5,12,2,7,23,24,32,38,19,14,18,14,,13,11,7,4,24,20,,10,,11,,,,10,15,6,18,3,4,,17,,17,21,18,7,7,8,8,8,17,11,22,8,1,7,7,5,18,23,19,19,8,,10,6,12,9,11,8,4,9,19,15,15,9,11,18,5,,10,16,13,16,16,8,11,12,11,12,6,7,8,10,13,,14,15,11,12,15,15,12,13,14,16,22,,10,7,7,,10,7,8,10,,11,7,14,,4,11,11,9,9,7,6,7,7,7,9,6,6,,7,8,6,27,18,,14,10,4,19,8,11,12,9,12,16,16,14,,10,8,8,,12,11,,12,2,7,6,,6,5,7,4,5,14,11,19,11,11,10,7,10,15,14,15,,13,10,18,10,13,14,12,12,20,7,8,8,11,18,5,8,3,6,8,6,17,11,22,15,6,4,4,18,25,18,20,12,11,12,15,15,17,19,19,15,11,9,10,12,11,16,12,14,9,14,20,18,18,7,8,7,15,,15,11,11,10,18,13,14,13,14,11,13,13,10,5,19,,,7,13,8,,12,10,7,6,13,13,,20,9,13,,,,,10,8,12,20,15,11,5,9,,28,11,9,9,11,14,10,12,17,18,15,,,,,12,11,11,14,16,18,24,,7,6,6,11,15,10,8,9,8,12,10,12,11,12,,7,8,11,12,7,15,16,8,14,,5,8,,10,9,,8,21,7,,7,,9,,6,5,8,14,19,18,7,12,15,11,4,8,8,9,,19,16,3,14,9,26,,14,15,22,22,18,14,,9,10,19,14,16,,24,15,14,,16,4,14,22,9,8,11,,12,24,,22,18,10,10,22,26,11,9,7,,34,13,17,15,12,6,13,12,9,,,29,25,26,8,,11,40,34,23,29,13,4,26,10,10,14,21,12,,23,23,13,20,11,15,13,,11,,5,19,24,11,23,17,15,19,10,13,20,6,13,8,,,21,16,7,11,,22,16,27,9,,2,5,,,11,24,25,7,18,6,8,26,2,23,9,27,16,16,20,,22,11,,19,8,14,12,6,13,11,11,8,11,14,20,7,20,7,25,20,8,14,5,13,15,9,10,12,12,10,10,11,32,15,7,32,8,10,10,8,8,7,4,11,12,12,16,16,20,15,5,,6,14,10,21,8,13,12,,32,30,8,14,9,2,5,19,17,18,23,10,17,21,8,6,8,18,16,,11,37,23,26,14,,12,18,15,16,14,12,16,17,15,7,6,10,25,18,11,10,,8,,10,5,4,12,5,9,24,29,24,25,26,16,12,16,10,9,26,23,7,8,12,15,10,10,5,13,20,19,13,24,7,2,20,5,11,15,4,5,11,10,,11,4,9,8,8,18,11,10,10,13,15,8,19,18,3,22,18,27,18,11,17,8,5,25,13,12,20,12,11,6,13,14,10,18,13,11,13,13,9,11,14,10,10,6,14,13,20,13,13,15,12,10,15,8,8,10,17,,8,6,9,30,16,28,18,16,5,3,18,17,19,15,6,12,5,10,3,17,54,18,31,28,,18,7,9,11,11,13,26,11,16,5,16,15,14,11,13,9,11,17,18,22,6,11,22,11,9,10,20,5,12,6,,10,3,7,9,17,10,18,8,18,24,15,11,16,13,15,11,10,13,10,9,8,,10,13,4,12,10,4,13,20,19,10,12,9,17,,12,10,21,22,3,5,9,6,17,,13,13,13,14,21,9,7,12,10,12,9,,13,,12,7,,5,20,12,16,21,17,14,14,,12,12,12,3,,,5,13,28,14,21,12,20,12,16,8,6,17,19,22,36,31,20,17,24,26,2,6,19,6,16,6,7,14,22,7,17,7,17,18,20,17,16,10,35,9,11,12,15,21,16,10,21,8,11,10,16,15,15,20,20,31,,23,7,8,5,18,16,16,10,7,13,24,11,14,7,20,25,18,14,14,10,25,14,11,,4,3,5,8,12,15,3,10,16,8,16,5,15,15,8,21,13,30,18,19,8,16,12,18,8,6,11,14,15,23,5,10,9,10,25,11,26,13,16,11,6,21,23,12
20210719,10,O3,46,55,57,64,48,49,35,42,47,49,41,34,,,37,,80,92,46,,98,,,110,,81,123,,42,48,61,36,40,45,73,,72,66,,65,60,72,89,88,,97,,52,52,42,81,78,95,81,74,79,86,,89,89,89,35,46,36,,43,57,55,,52,79,75,70,55,67,,69,66,55,65,56,,49,61,56,55,66,40,,96,90,,,89,88,86,93,80,78,82,,84,84,89,86,85,,87,89,82,90,85,90,,85,83,91,78,77,80,74,87,73,85,74,81,87,77,102,99,106,,117,118,100,104,91,90,98,99,63,61,64,56,67,,69,41,63,59,74,78,76,84,81,,72,85,86,65,,83,78,79,66,75,75,74,69,70,60,71,80,,,,41,46,,55,56,54,,,,80,,81,87,92,85,73,92,,89,83,,,,88,99,,80,89,89,65,68,,74,80,85,79,85,76,99,91,,87,,72,63,,60,80,,60,66,70,,74,79,70,71,38,70,46,,,,58,62,54,51,58,47,,73,,,76,,103,90,,49,62,57,39,29,26,,69,59,61,63,61,49,46,39,57,57,78,76,81,58,59,66,64,65,64,,48,61,60,48,76,67,64,61,57,62,,58,63,,,59,96,83,,,78,91,76,94,82,,,68,74,67,81,77,81,35,43,38,41,36,35,,,38,64,67,65,68,59,65,48,,69,83,64,74,70,71,66,63,59,68,69,73,27,29,,26,21,17,43,35,30,29,40,30,20,18,17,16,30,,37,42,32,32,27,26,26,26,28,25,29,16,,29,28,13,23,23,25,25,26,23,29,19,,,28,28,26,38,35,28,45,42,41,49,40,46,42,40,46,41,50,54,,58,32,39,49,40,44,85,,72,37,79,71,53,54,40,,,56,50,28,56,49,,73,54,43,27,,,53,78,18,25,34,24,25,27,22,28,29,,57,60,58,62,66,58,50,58,49,49,30,37,56,58,49,52,62,62,68,60,,43,50,39,52,,113,127,79,78,,,,63,129,,,,121,133,19,14,10,16,24,,16,65,66,70,79,62,71,61,68,72,74,75,65,68,61,101,,94,96,105,92,111,113,123,,107,,93,102,91,54,52,57,68,91,81,89,67,82,73,,76,77,72,71,,82,,80,89,85,79,77,,85,66,,,94,92,87,186,,87,93,,,70,83,74,76,88,53,61,59,71,61,,,,85,,69,80,,84,97,96,88,78,77,89,64,77,58,,89,,,59,,57,49,48,47,48,49,49,56,,50,55,56,60,40,49,67,,64,56,71,67,62,35,28,34,46,41,43,33,,38,55,50,,56,52,,43,44,44,36,63,,58,48,,,50,63,,87,,81,,71,75,62,65,,65,67,,34,41,,41,,59,69,60,,70,67,82,84,82,,83,79,89,72,82,82,68,81,58,87,79,82,76,90,70,65,90,97,74,94,73,93,93,91,107,96,97,,110,88,,54,72,,76,72,62,76,68,67,87,,88,80,94,92,95,97,,92,,97,,85,67,,75,76,,81,62,75,,40,,48,45,52,,,58,55,,,,41,,46,,63,51,,,48,39,46,73,74,,77,,41,37,42,42,67,66,,81,54,84,73,86,73,,86,,,91,44,52,47,,36,26,27,38,70,90,73,99,84,85,86,77,88,81,54,41,80,64,80,67,47,24,60,30,51,,30,56,29,29,43,52,48,28,,,,,98,97,,95,77,82,97,80,78,82,38,29,28,31,25,50,58,63,63,70,,62,60,57,,66,74,,89,66,75,80,72,74,79,86,84,54,53,66,57,,92,96,107,146,129,108,,63,60,,62,35,78,62,87,80,80,87,87,,81,,,83,83,79,84,85,,,,,,84,74,84,,,69,,66,,,97,,88,77,66,72,78,78,73,73,66,,97,92,,99,90,92,91,92,91,74,87,70,59,,59,70,,142,60,47,50,,,75,65,66,63,,52,52,55,62,,,63,61,61,63,62,,70,,,86,98,80,61,,52,46,62,,,55,43,,80,75,49,,48,,106,,,,81,64,,,101,106,89,,,62,,88,82,154,158,162,98,93,,94,87,86,87,72,92,86,102,85,60,53,56,48,54,,88,,90,,80,,63,77,97,99,73,70,46,49,50,52,,,66,108,97,105,112,96,88,,84,74,80,77,90,88,65,79,55,,,88,41,44,49,77,83,,43,76,76,,87,80,91,,84,86,100,94,90,64,76,70,61,63,60,18,37,68,44,59,,78,26,47,40,73,85,,90,,89,,,,80,88,82,77,66,,,50,,93,81,99,74,75,72,70,66,78,85,,74,74,64,59,64,62,66,63,50,61,,56,45,37,45,39,42,28,53,44,53,42,67,74,74,70,,42,88,82,61,56,66,47,56,53,53,64,69,47,64,55,,58,59,59,66,51,44,46,35,42,48,61,,34,49,46,,39,42,38,55,,90,86,55,,63,58,67,62,63,,55,58,58,62,65,62,63,,41,45,49,64,65,,55,69,,53,46,57,59,61,65,60,48,45,,64,73,64,,65,72,,59,54,63,61,,74,69,72,44,37,57,47,46,,59,50,65,76,60,90,63,,70,64,76,78,55,54,51,49,49,57,68,46,68,69,42,50,59,46,54,51,47,51,56,46,16,46,30,77,70,77,78,26,26,20,48,56,52,72,67,74,83,87,84,86,46,51,65,78,,73,61,75,70,49,49,46,62,,59,,55,46,53,71,66,70,44,26,44,56,44,88,51,,,82,71,,,69,46,39,37,71,41,,27,34,27,,,,,62,62,42,43,51,54,45,48,,38,84,82,,79,59,34,43,24,42,28,,,,,42,45,36,35,36,26,24,,17,62,59,72,40,100,94,96,35,34,58,,,50,,37,36,39,39,15,16,76,80,28,,30,21,,59,60,,44,46,57,,70,,75,,22,16,69,41,72,58,103,101,104,107,,36,26,59,,92,86,97,93,109,70,,89,99,93,90,105,106,,97,89,103,102,80,,72,104,52,,82,137,127,102,60,113,111,,120,118,,104,110,108,98,77,66,108,110,76,,22,56,50,80,96,91,66,75,76,,,45,35,65,50,,52,27,54,13,33,66,62,27,47,122,103,46,58,,47,,78,88,59,104,82,,85,,87,69,60,38,46,45,106,62,,85,88,78,88,63,,,67,50,76,82,,120,124,122,56,,70,80,,,80,96,92,81,47,59,73,71,76,73,64,59,78,57,38,,37,90,,46,57,47,54,89,,55,92,35,74,56,73,63,37,44,71,69,65,82,68,78,65,70,46,55,60,61,55,70,59,91,89,48,,92,57,86,89,90,53,41,49,72,59,63,68,70,56,,65,43,81,56,,51,41,,58,100,71,66,76,67,71,82,88,73,50,50,74,83,81,63,42,51,53,,88,92,72,93,110,,101,66,49,64,60,62,63,74,54,50,72,88,101,110,82,83,,65,,82,80,88,79,67,38,39,28,22,27,17,19,24,27,30,26,29,41,38,68,42,56,28,41,84,72,57,118,116,102,91,73,83,58,47,41,61,63,52,58,,47,48,75,46,78,62,38,73,23,53,45,66,65,15,49,43,44,59,64,74,67,45,83,154,84,91,67,79,81,80,,76,55,53,57,59,81,79,64,50,48,51,49,91,63,86,28,48,82,49,84,72,75,76,78,64,61,,82,39,35,102,86,84,101,90,86,81,88,90,94,98,80,76,90,64,85,76,26,78,35,12,,40,,46,25,36,23,22,65,32,48,38,20,48,41,77,78,70,28,30,62,82,62,90,101,94,86,91,44,40,45,,41,67,59,67,79,87,60,30,82,56,81,97,73,72,30,82,75,101,99,82,87,,90,91,89,89,,82,94,73,68,91,102,109,125,,112,155,50,74,46,77,62,81,52,,87,81,75,71,36,34,31,33,72,65,63,,49,,49,76,,45,44,58,60,76,87,72,41,,58,87,85,92,,,66,92,33,78,14,79,71,82,70,53,59,89,81,69,69,56,72,78,73,72,40,40,,48,58,52,55,,24,73,40,74,52,54,49,48,71,88,26,109,113,42,56,77,53,61,103,58,24,46,23,28,26,56,59,65,,94,71,50,49,72,49,97,67,74,68,158,91,64,120,104,60,70,23,43,56,75,70,62,,63,57,69,99,50,41,56,50,37,46,55,34,64,79,36,86,86,102,86,51,51,76,77,70,70,47,33,29,,,45,,,81,73,84,58,65,78,93,59,56,33,83
20210719,10,O3_24h,81,87,115,92,102,93,94,86,84,99,97,94,,,117,,108,120,125,,107,,71,116,,88,130,,96,94,94,90,71,106,111,,106,85,,91,83,96,100,117,,103,,90,93,79,113,113,119,106,108,120,104,,104,108,108,72,78,81,,68,113,113,,117,128,128,119,125,116,,78,95,76,82,106,,113,98,99,112,102,100,,162,151,,,172,169,153,158,154,163,148,,155,153,165,163,151,,136,110,99,108,106,106,116,111,106,104,91,102,102,99,106,113,119,88,105,100,116,144,143,117,,144,160,139,141,127,142,133,144,107,105,114,104,111,,114,95,109,98,128,123,121,133,124,85,121,140,143,113,,137,127,129,126,118,114,126,110,113,115,113,94,,,,77,90,,95,87,86,,,,190,,163,150,162,162,125,148,,150,169,,,,166,160,,199,174,184,112,122,,132,104,109,96,101,97,110,102,,106,,93,81,,132,151,,155,140,144,,151,154,124,139,78,95,95,,,91,80,94,101,92,79,85,,99,,,153,,152,152,,97,92,97,92,86,94,,107,110,129,128,134,119,112,103,83,85,88,88,89,94,82,82,82,85,81,,83,80,94,67,160,115,106,98,107,93,,102,98,,,100,108,129,108,,113,130,117,144,97,,,84,89,94,94,95,92,81,84,80,83,82,81,,68,85,147,146,153,152,147,126,132,,132,140,89,88,87,87,81,76,75,86,88,81,141,182,,158,135,173,109,147,77,124,112,77,73,78,74,83,113,,85,81,98,102,92,79,85,94,180,160,177,149,,188,169,156,104,126,114,107,132,141,161,120,,,107,113,107,83,76,72,88,88,191,189,212,202,127,135,133,125,114,150,93,128,74,75,72,75,75,121,,118,151,151,213,172,222,170,,,151,170,170,150,156,,169,191,171,162,,,185,143,75,86,101,97,86,86,89,85,89,,102,94,78,93,83,81,125,114,116,121,115,128,97,93,96,91,86,103,103,110,,96,86,95,89,,212,164,191,179,,,,181,180,,,,183,226,123,114,126,120,128,,125,93,88,96,104,78,90,84,76,91,88,87,74,89,84,184,,165,166,185,159,182,178,188,125,184,,109,116,118,113,116,111,124,119,104,106,103,98,103,101,124,121,106,119,,94,,93,105,99,108,143,,146,102,,,117,121,115,186,,91,100,104,,100,101,101,104,112,102,92,96,100,102,,,,112,,111,98,,104,129,124,122,100,101,112,66,78,77,,124,,,161,,146,125,127,105,109,101,109,86,,110,107,107,96,116,100,103,97,116,116,85,96,81,88,80,86,85,75,81,98,,92,113,106,,136,109,,126,127,123,117,123,,134,88,,,89,107,,110,,120,135,125,124,84,88,,86,90,,105,92,,101,,83,81,82,,87,86,88,84,89,,135,153,129,128,121,129,68,142,143,157,132,147,136,101,97,92,90,97,93,102,104,94,98,100,112,105,120,106,115,88,78,78,86,,94,93,73,81,84,98,116,103,107,100,107,126,106,123,,116,113,118,,118,106,117,94,96,,98,96,85,,86,,92,92,102,87,104,100,89,,,,99,,101,,87,87,79,,84,82,89,99,103,,106,,140,132,155,136,144,120,,151,157,163,126,137,155,,100,,,120,99,97,65,,132,115,138,112,76,95,80,99,116,118,110,126,125,118,70,70,152,160,166,145,82,81,80,72,75,,149,170,145,150,92,115,124,87,,,,,247,197,,183,78,82,106,89,83,94,117,108,109,109,116,89,100,104,113,121,,96,102,120,,139,146,,146,158,167,147,146,153,157,162,158,117,121,128,102,,143,157,148,183,196,166,125,112,120,,110,107,133,121,128,112,113,110,110,,83,,98,106,106,102,117,97,85,101,107,,,107,92,126,94,48,93,57,84,,,146,,132,134,138,164,168,160,168,182,123,,149,140,196,204,195,157,163,144,144,115,143,93,85,,92,119,,142,129,85,92,,,87,106,90,95,89,92,90,93,101,,,155,88,87,90,85,,77,122,123,119,127,112,89,,87,89,136,,,134,127,,108,97,117,,116,,211,224,,,91,68,,,168,183,166,,,71,78,119,116,182,184,173,98,93,92,94,87,136,132,124,145,200,192,157,162,76,80,70,75,,192,186,90,,80,74,95,100,115,127,92,86,87,75,85,105,,,110,134,109,125,215,130,131,127,136,93,92,80,97,88,86,89,108,,,185,68,64,68,107,113,,115,147,158,,149,148,148,,125,119,123,118,117,71,85,76,112,118,112,98,88,141,72,75,,90,95,92,87,143,146,,113,,107,,,,92,92,94,90,117,109,,119,,116,129,129,94,96,91,85,89,94,100,121,89,102,99,98,100,113,121,123,106,84,,84,78,65,66,66,71,84,98,94,96,91,82,98,106,101,,82,95,95,89,82,125,117,117,109,128,142,139,141,147,92,,101,102,99,92,87,89,88,86,85,83,92,,72,98,92,,95,94,96,107,,121,114,89,,93,91,98,93,98,116,109,117,116,124,95,90,94,,91,89,98,115,123,,141,140,82,111,109,127,145,136,126,123,141,138,,123,125,108,,122,124,,134,143,135,131,,101,104,114,92,88,126,120,123,119,126,118,98,105,106,108,97,,112,114,124,109,140,165,155,156,143,122,133,116,134,120,69,109,128,104,110,75,63,85,83,80,82,89,75,183,170,163,174,56,68,63,101,112,58,128,127,130,135,140,130,132,124,145,165,185,84,130,122,127,127,107,98,151,154,,160,114,99,115,93,110,106,110,89,114,130,143,139,131,149,,,125,120,120,,115,100,104,102,129,111,,129,107,111,,,,,128,122,115,106,116,153,132,127,,96,109,131,120,122,117,83,74,91,77,83,,,,,101,92,102,93,64,62,91,,85,98,101,108,102,104,94,107,54,61,69,71,87,88,,84,84,68,64,55,62,100,97,64,,74,67,,85,112,,84,81,78,,114,,132,,87,77,133,138,152,133,170,154,158,156,66,127,114,116,,150,150,145,171,159,156,,141,158,151,148,138,140,,136,129,158,155,141,,153,167,158,,148,219,145,158,119,145,222,,243,172,,173,146,146,145,117,115,151,148,141,,127,125,119,158,138,111,124,136,129,,,126,127,133,92,,99,137,129,123,135,108,86,126,94,122,114,96,90,,119,127,198,188,86,170,156,,112,,115,107,185,122,81,83,136,144,131,141,160,122,150,105,,,113,167,103,116,,172,177,216,138,,91,171,,,95,171,162,88,78,96,89,85,92,154,112,187,171,217,92,,120,115,,112,136,105,107,126,159,69,128,78,104,126,98,72,97,102,196,91,81,100,70,92,106,134,91,82,86,87,82,110,150,109,112,152,93,144,150,105,103,115,99,99,141,139,94,144,186,116,86,,96,73,116,92,97,93,102,,96,186,105,116,101,86,130,143,204,113,157,86,101,156,108,89,98,156,122,,94,188,161,178,175,,134,117,106,112,118,104,108,115,103,96,91,119,176,218,155,88,,100,,135,96,96,176,99,83,104,113,136,148,144,142,82,92,94,84,159,225,94,84,97,118,105,125,102,120,122,140,135,122,120,82,138,114,108,115,86,82,87,94,,82,85,95,93,86,208,116,90,79,116,126,96,184,169,112,98,130,176,163,165,115,145,91,154,112,118,94,111,98,99,148,135,94,94,99,89,117,117,155,135,124,129,127,91,128,120,150,112,139,119,133,102,118,98,99,100,98,,117,95,79,179,155,136,163,123,127,86,186,173,152,152,122,113,101,124,96,139,130,137,117,124,,89,89,77,85,86,77,147,102,170,93,108,110,108,82,91,113,107,110,98,88,125,87,110,131,117,111,128,86,96,94,,99,90,94,95,101,110,102,85,137,107,177,157,195,137,137,161,138,138,107,113,109,,116,119,120,123,77,106,162,114,107,113,133,130,187,,144,188,134,123,66,128,143,122,159,,153,141,175,136,121,89,96,66,82,71,69,,110,,145,122,,103,93,127,102,139,138,106,79,,104,141,137,120,,,78,142,100,87,84,108,85,95,81,92,83,106,118,107,96,109,115,119,127,108,80,81,75,84,101,89,89,113,84,133,88,95,113,97,93,88,108,133,128,122,132,91,151,106,79,90,210,170,85,91,164,113,113,127,177,178,,123,110,87,92,214,102,234,86,91,110,158,127,105,239,177,134,144,149,128,135,149,109,112,,72,120,93,135,124,108,101,123,89,79,90,72,78,130,76,100,114,182,209,80,106,112,86,103,88,86,89,72,159,168,126,123,97,93,115,97,106,93,166,146,108,61,81,124
20210719,10,O3_8h,40,31,52,44,45,41,34,53,30,36,38,30,,,34,,41,50,30,,38,,34,76,,55,64,,17,31,33,25,26,36,87,,55,51,,49,47,79,71,85,,41,,57,64,51,48,38,57,47,40,50,39,,52,68,33,21,24,24,,16,39,46,,39,68,60,53,37,39,,67,69,60,66,35,,41,35,41,35,40,27,,64,68,,,57,59,41,62,44,30,41,,28,50,46,50,45,,60,83,75,84,80,86,90,68,70,78,65,59,60,53,51,66,44,46,44,51,48,58,53,53,,56,51,47,42,49,44,43,41,55,51,52,49,51,,59,39,54,50,49,51,53,54,56,,46,58,58,50,,63,67,58,56,58,57,55,49,49,45,50,62,,,,34,41,,49,46,40,,,,36,,55,57,61,61,51,56,,53,51,,,,58,49,,38,28,38,50,50,,54,56,61,57,55,54,77,68,,60,,62,53,,51,51,,43,35,34,,36,51,54,30,28,56,49,,,43,50,55,36,40,36,27,,53,,,42,,58,58,,37,58,50,33,33,28,,54,51,43,45,46,22,31,12,34,31,40,41,47,37,35,24,41,43,68,,39,56,49,43,34,48,56,26,25,33,,26,28,,,29,65,43,45,,53,58,61,62,76,,,63,66,73,72,72,43,41,45,41,48,39,40,,37,52,48,46,48,43,30,54,25,,42,68,35,42,29,32,32,21,29,38,29,33,27,29,,24,16,20,38,27,25,21,24,33,27,24,23,25,29,,43,42,39,28,32,39,29,32,25,24,24,14,,16,20,5,26,24,27,28,25,24,27,22,,,29,23,19,31,33,28,43,37,23,32,34,30,16,20,25,22,28,25,,22,12,40,33,39,42,74,,47,63,67,75,77,70,60,,,77,66,67,55,60,,28,31,31,29,,,53,84,8,12,9,9,10,7,6,16,9,,48,62,60,64,69,64,57,59,50,60,49,54,52,47,29,53,48,60,58,42,,45,42,43,39,,67,109,40,59,,,,49,106,,,,79,99,22,5,6,12,18,,12,29,34,33,37,20,43,25,34,36,45,43,18,23,27,55,,63,40,58,57,84,83,101,,74,,71,75,60,29,23,27,26,69,60,69,81,79,78,75,59,60,51,64,,50,,54,66,62,44,51,,53,46,,,55,51,52,61,,53,56,45,,60,67,58,51,76,56,57,60,57,50,,,,63,,47,49,,58,73,82,66,73,76,86,51,65,53,,60,,,49,,47,42,40,55,60,54,58,62,,34,33,35,41,12,38,51,38,38,22,71,36,40,46,38,40,17,26,24,30,,31,39,39,,63,62,,52,53,51,45,40,,18,33,,,50,59,,33,,51,53,44,46,60,63,,59,64,,47,46,,46,,62,48,65,,70,68,56,54,61,,52,46,70,50,44,59,28,45,52,56,42,46,38,45,27,26,46,44,22,66,73,74,66,70,50,43,38,35,50,46,62,65,72,,78,32,26,27,27,29,80,84,81,83,83,52,50,51,,54,46,56,,56,41,25,42,41,,39,41,78,,48,,54,51,57,52,60,59,56,,,,45,,47,,70,63,,,62,55,58,52,43,,44,,30,23,32,20,59,55,,43,25,37,41,74,29,,83,,,70,49,47,28,,18,24,22,36,37,72,68,44,66,63,56,49,66,40,28,16,88,94,94,79,14,9,12,6,18,,29,38,17,18,16,24,20,16,,,,,86,86,,69,65,72,86,71,65,72,21,22,8,9,10,42,46,53,58,60,,50,55,43,,16,22,,35,64,53,75,75,87,77,81,86,49,57,65,58,,63,56,102,89,91,72,,84,78,,75,25,103,89,100,56,54,58,58,,63,,,76,76,47,56,52,,,,,,56,44,68,,,62,,63,,,63,,64,56,55,53,52,52,54,58,54,,44,43,55,62,57,56,60,55,58,54,49,56,47,,33,45,,52,47,19,20,,,35,52,47,51,51,58,56,56,66,,,34,55,54,60,56,,61,45,31,60,55,42,58,,51,50,57,,,56,43,,68,51,26,,23,,94,90,,,64,48,,,73,95,64,,,53,45,54,55,140,146,151,67,75,69,79,58,87,81,60,75,56,54,48,39,43,47,36,33,,63,60,43,,43,32,24,26,80,87,56,55,32,34,33,32,,,24,54,44,48,45,34,34,17,35,28,26,32,36,50,21,38,26,,,52,26,25,28,49,59,,40,60,52,,57,56,54,,57,59,73,65,71,51,63,60,25,28,23,6,14,36,20,41,,33,12,19,23,35,36,,58,,57,,,,54,65,58,58,66,61,,28,,59,44,56,64,62,62,63,49,38,49,14,65,74,51,46,53,19,20,21,18,35,,33,13,17,21,20,11,18,41,32,41,25,26,38,40,39,,18,34,34,24,19,38,32,39,40,34,50,56,52,50,35,,27,32,34,17,33,34,32,37,24,24,24,,44,54,55,,58,57,55,47,,53,49,61,,68,56,64,59,60,60,55,61,56,67,44,43,48,,43,50,54,30,48,,42,55,,31,25,33,48,51,47,46,44,38,,56,65,50,,61,67,,53,56,40,39,,63,63,60,34,31,24,27,27,38,38,36,22,45,30,41,34,,35,34,30,36,19,27,28,24,21,23,36,18,28,31,27,24,36,23,29,16,17,22,15,14,5,14,10,48,35,43,38,26,12,26,30,26,26,45,42,44,53,60,64,58,25,18,54,60,,52,37,36,30,30,35,38,31,,41,,22,28,19,37,36,39,27,19,24,30,29,51,20,,,81,70,74,,67,30,40,35,54,34,,21,24,21,,,,,51,45,35,30,35,39,33,36,,12,78,66,74,67,51,24,37,24,38,22,,,,,38,35,34,29,46,35,18,,8,56,58,53,30,86,81,88,27,17,52,57,42,46,,40,40,35,33,17,13,44,71,25,,35,27,,67,43,,39,41,58,,61,,91,,19,16,36,24,23,20,79,78,78,82,,28,17,37,,80,66,74,45,66,41,,82,89,49,55,99,102,,95,89,66,73,46,,56,64,52,,58,107,80,81,46,114,88,,96,76,,84,75,88,82,61,61,90,90,76,,30,54,42,86,91,72,62,70,70,,,43,27,39,46,,58,29,44,12,14,52,66,24,42,63,49,36,58,,21,25,42,38,48,64,57,,63,,62,43,52,18,24,21,95,53,63,58,37,69,56,39,,,52,17,57,46,,85,93,84,52,,58,44,,,68,51,52,62,37,52,64,64,61,47,55,65,93,80,42,,31,52,,22,63,27,40,96,56,47,67,37,49,28,20,53,34,59,32,41,48,51,53,49,46,46,33,21,27,32,33,56,26,55,98,53,65,66,51,85,90,83,57,45,43,49,36,47,36,65,66,,47,22,53,51,71,23,24,,21,51,56,46,44,57,86,64,40,42,38,62,42,47,72,44,44,20,28,,43,32,60,45,92,,96,55,52,56,65,44,51,50,51,45,49,53,61,97,58,58,,53,,60,59,72,39,50,26,29,23,18,22,22,22,28,30,34,36,26,24,37,52,32,43,30,47,36,57,44,54,62,60,66,61,37,60,24,15,70,68,53,62,,48,51,22,18,33,23,29,46,20,69,44,40,65,56,50,29,53,36,40,58,38,24,74,45,65,60,44,51,49,56,55,44,48,45,55,46,60,59,51,40,39,49,31,45,34,58,13,21,47,15,55,52,50,58,52,44,27,,65,24,15,58,47,52,66,56,58,58,38,62,60,62,57,46,68,42,78,78,10,84,43,19,,14,58,29,28,32,38,21,45,21,46,28,24,30,25,52,61,48,20,34,38,65,34,39,51,64,58,38,52,42,56,,56,70,59,53,25,88,27,24,56,36,52,64,41,37,18,94,99,61,56,48,56,,46,65,77,66,59,78,94,45,42,54,66,58,85,,85,99,54,59,40,55,30,59,17,,57,49,49,33,20,33,17,15,34,37,32,,42,,40,55,,25,41,62,59,38,61,42,36,,38,43,46,60,,,70,58,21,35,12,57,38,59,46,55,63,50,41,28,20,23,30,33,30,20,44,51,,59,65,55,57,53,18,69,27,68,48,41,48,47,38,96,23,105,113,21,26,48,47,57,88,43,28,59,23,28,25,26,34,34,,55,56,57,55,34,32,86,66,55,49,57,61,55,91,83,50,15,22,31,29,41,43,57,,58,62,74,87,49,58,58,46,14,20,42,21,38,42,27,54,65,59,39,29,64,38,52,57,42,37,32,12,51,33,62,,60,62,29,68,29,60,58,52,44,53,9,50
20210719,10,O3_8h_24h,40,34,52,44,47,41,34,53,41,36,38,30,,,72,,71,75,57,,76,,48,76,,68,69,,22,32,33,30,29,53,111,,55,51,,49,47,92,71,85,,41,,84,82,71,66,53,57,58,40,63,54,,67,68,33,35,24,47,,16,39,46,,39,80,71,62,61,56,,78,81,75,76,45,,61,57,68,47,71,28,,64,68,,,57,59,56,63,44,30,41,,28,50,46,50,45,,60,83,86,86,84,88,90,84,70,79,65,63,66,56,51,73,44,46,44,51,48,62,53,53,,65,66,58,52,49,56,43,46,62,61,66,55,67,,66,48,64,63,52,62,74,60,66,,46,66,62,58,,66,72,62,62,63,64,74,66,69,59,67,62,,,,41,49,,56,52,50,,,,46,,60,57,68,66,54,57,,55,58,,,,72,49,,45,28,38,64,66,,68,57,62,59,55,60,80,70,,60,,67,60,,58,51,,43,35,38,,36,51,60,30,54,74,63,,,61,66,72,59,70,61,40,,57,,,48,,58,58,,44,83,71,44,39,39,,71,72,46,50,57,23,49,12,36,35,40,41,47,37,35,26,41,43,72,,53,61,55,46,34,62,62,26,25,33,,26,28,,,29,86,66,52,,85,72,92,79,79,,,71,78,87,77,79,43,54,56,49,60,50,55,,50,64,77,52,68,74,82,72,47,,62,79,45,42,29,32,35,47,38,38,29,33,27,31,,28,24,43,43,27,40,21,24,34,32,30,29,27,32,,45,42,42,30,35,41,32,32,25,24,24,24,,27,20,5,26,24,29,30,27,26,28,24,,,38,33,29,35,39,35,46,42,56,44,67,57,38,42,40,38,42,39,72,22,20,46,34,42,43,102,,47,66,67,80,82,79,62,,,77,69,67,55,68,,45,65,85,42,,,81,112,8,12,9,9,10,7,6,16,9,,48,62,60,64,69,65,70,74,74,72,71,82,76,61,29,77,68,91,81,64,,86,42,48,41,,108,148,90,88,,,,62,141,,,,79,99,22,5,6,12,18,,52,33,37,47,46,26,53,32,41,50,55,45,18,42,27,56,,63,40,79,57,86,83,101,118,74,,74,79,76,62,44,51,26,114,103,96,81,79,78,75,62,60,58,64,,50,,60,74,65,53,65,,70,46,,,56,51,57,61,,53,66,50,,60,74,64,52,80,62,70,73,70,50,,,,63,,59,64,,72,73,88,66,82,78,86,57,66,53,,60,,,49,,49,42,40,72,78,74,75,76,,40,35,37,47,12,54,51,38,41,22,71,36,40,51,47,47,17,26,27,56,,58,39,54,,74,74,,60,64,56,53,66,,37,40,,,51,59,,33,,70,58,62,68,64,64,,59,65,,70,70,,76,,74,61,70,,80,72,66,61,67,,52,46,70,56,44,59,28,45,52,56,42,46,38,45,27,26,46,44,22,66,75,74,66,70,50,43,38,35,50,46,67,65,72,,78,32,26,27,27,29,107,86,92,92,98,52,50,51,,54,46,59,,83,51,41,49,41,,39,66,85,,64,,69,66,72,65,75,82,78,,,,54,,50,,86,82,76,,67,61,62,55,43,,45,,73,63,48,47,101,81,,45,31,37,45,74,29,,84,,,83,55,61,29,,34,34,37,36,37,80,71,66,66,63,56,54,66,48,28,16,106,104,106,100,21,9,12,6,18,,68,63,59,18,16,55,34,51,,,,,117,87,,69,65,72,86,71,65,72,24,46,19,9,31,44,46,53,72,64,,76,67,66,,43,73,,86,82,84,87,85,96,88,89,94,62,70,84,69,,63,59,102,89,94,95,118,96,93,,76,42,123,101,108,58,58,67,67,,65,,93,77,77,57,68,62,74,68,88,,,58,44,78,81,50,83,45,82,,,63,,66,57,63,53,52,52,54,58,54,,51,48,55,62,57,66,74,80,79,61,59,66,57,,52,64,,55,62,19,20,,,35,52,51,51,51,75,71,72,80,,,54,68,64,69,67,,61,75,72,69,78,55,66,,60,61,75,,,76,74,,76,61,54,,62,,161,136,,,64,51,,,73,114,72,,,61,61,75,70,161,163,165,67,75,69,79,58,88,81,61,75,56,54,48,39,49,55,38,36,,75,74,43,,43,32,24,26,108,123,62,62,39,44,36,59,,,24,54,44,48,45,34,34,17,35,28,26,32,36,50,21,39,26,,,52,47,46,46,65,73,,40,77,64,,57,62,54,,65,76,77,70,71,69,73,72,25,28,23,6,14,36,20,45,,33,24,27,23,71,67,,58,,72,,,,61,78,68,62,81,74,,28,,59,44,56,67,64,69,65,55,38,49,14,65,75,70,70,68,19,20,34,18,35,,54,13,22,24,22,16,18,46,42,47,33,26,38,40,39,,26,41,42,24,19,46,51,51,56,62,50,61,56,50,38,,29,35,38,17,39,44,33,50,37,42,43,,55,66,65,,81,83,76,89,,75,62,89,,93,71,82,74,80,78,74,82,78,85,46,49,53,,76,68,84,30,52,,42,55,84,31,30,35,60,57,51,52,50,41,,70,77,55,,70,76,,61,74,49,44,,63,63,60,53,51,36,48,43,54,51,56,22,54,41,46,52,,42,39,34,41,40,42,42,34,26,23,54,18,41,53,42,24,36,23,29,16,31,38,16,19,5,15,12,61,72,61,62,30,30,49,32,28,51,45,42,48,62,73,87,83,29,25,63,68,80,76,61,54,43,41,46,67,61,,75,18,22,47,19,74,68,68,46,38,47,54,56,71,74,,,81,72,74,,68,61,75,70,74,66,,21,24,38,,,,,84,85,76,61,64,64,51,55,,12,78,78,88,82,82,35,46,33,51,34,,,,,38,35,67,57,54,51,25,,11,85,83,80,54,91,81,95,29,22,52,57,52,52,,54,40,46,41,21,20,75,85,26,,56,41,,67,52,,55,53,58,,75,,116,,28,22,37,55,25,46,94,94,95,96,65,32,29,38,,96,100,81,124,106,67,,88,109,89,106,99,102,,99,91,80,90,50,,88,84,84,,62,122,90,134,64,119,119,,130,83,,92,81,96,100,70,61,90,90,86,,30,79,70,105,104,89,70,80,76,,,44,43,39,47,,58,29,44,41,53,53,67,26,68,74,75,51,66,,69,25,53,40,68,64,57,,76,,62,43,69,18,24,37,95,55,82,58,37,69,56,81,,,52,45,59,78,,85,98,84,61,,64,51,,,69,51,52,63,45,62,66,65,61,50,68,67,93,87,73,,70,69,,35,78,56,60,106,74,61,67,47,55,35,20,54,60,84,68,52,61,51,53,50,46,67,33,21,38,33,35,73,26,63,102,57,93,77,76,87,91,90,82,45,64,49,39,84,49,81,83,,54,28,53,52,72,51,54,,32,98,76,70,65,62,114,102,46,42,78,68,42,69,72,49,44,23,28,,43,51,86,45,120,,96,69,64,62,76,51,58,57,58,51,71,53,61,142,58,62,,56,,66,69,74,51,63,44,42,23,23,34,26,35,32,34,38,47,26,49,39,57,32,53,36,58,36,68,44,62,69,60,82,69,76,81,24,15,82,79,84,94,,60,62,22,18,33,33,38,60,42,69,49,40,93,68,67,30,86,52,75,78,67,59,77,57,65,70,54,56,57,66,72,64,50,45,55,47,65,60,80,68,42,53,48,78,44,62,18,21,47,32,55,58,52,58,55,44,27,,66,31,20,58,56,80,101,60,59,63,50,64,79,81,60,60,68,54,90,111,10,88,45,64,,14,69,46,40,32,46,22,45,44,48,28,26,37,29,77,76,64,26,43,52,74,34,39,51,76,58,38,67,46,68,,80,86,76,67,25,106,27,58,56,36,58,78,84,48,32,116,99,61,56,61,74,,56,68,84,66,75,86,94,45,45,60,66,72,85,,91,125,54,59,47,55,30,64,17,,89,74,49,44,30,56,24,28,34,40,32,,63,,54,65,,36,41,63,59,60,76,55,57,,66,52,57,60,,,70,90,21,35,13,57,38,59,46,78,71,76,41,28,20,23,33,41,30,20,49,66,71,74,65,62,82,64,28,69,33,71,54,41,53,56,46,103,23,105,113,60,53,48,58,68,155,44,29,71,28,34,37,45,68,40,,55,68,71,70,47,61,108,74,65,49,57,67,55,132,102,57,73,44,45,34,41,50,78,,58,70,76,96,68,69,75,73,14,20,42,27,40,71,31,58,86,59,39,45,89,46,52,57,75,56,32,12,89,33,94,,74,62,37,68,32,77,68,66,57,54,9,54
20210719,10,CO,0.5,0.5,0.7,0.6,0.6,0.6,0.6,0.7,0.6,0.5,0.5,0.6,,,0.9,,1,0.9,0.7,,0.9,,,0.5,,0.7,0.6,,0.7,0.6,0.4,0.8,0.7,0.5,0.7,,1.1,1,,1.3,0.9,0.3,0.1,0.4,,0.3,,0.5,0.6,0.4,0.2,0.4,0.3,0.1,0.2,0.2,0.3,,0.5,0.7,0.1,0.8,0.7,0.9,,0.7,0.6,0.4,,0.5,0.8,0.6,0.7,0.4,0.6,,,0.4,0.2,0.3,0.7,,0.5,0.6,0.5,0.7,0.5,0.6,,0.5,0.5,,,0.6,0.6,0.5,0.5,0.7,0.3,0.5,,0.4,0.9,0.5,0.4,0.8,,0.5,0.7,0.5,0.5,0.5,0.4,0.5,0.5,0.4,0.7,0.6,0.7,0.5,0.8,0.6,0.6,0.4,0.4,0.5,0.5,0.5,0.4,0.8,0.6,,0.6,0.7,0.5,0.6,0.3,0.7,0.3,0.3,0.5,0.5,0.3,0.4,0.4,,0.4,0.3,0.3,0.2,0.3,0.5,0.2,0.4,0.7,0.5,0.4,0.6,0.4,0.2,,0.3,0.5,0.3,0.2,0.3,0.5,0.4,0.4,0.4,0.5,0.5,0.4,,,,0.5,0.4,,0.6,0.3,0.3,,,,0.7,,0.4,0.2,0.4,0.4,0.4,0.3,,0.3,1,,,,0.6,0.6,,0.5,0.6,0.7,0.6,1,,0.4,0.3,0.3,0.2,0.2,,0.5,0.3,,0.3,,0.4,0.5,,0.4,0.4,,0.6,0.3,0.8,,0.5,0.4,0.4,0.3,0.6,0.6,0.4,,,0.3,0.4,0.4,0.4,,0.4,0.4,,0.9,,,0.5,,0.6,0.5,,0.4,0.4,0.2,0.3,0.4,0.5,,0.4,0.5,0.3,0.1,0.4,0.4,0.4,0.5,0.7,0.6,0.5,0.7,0.6,0.7,0.7,0.6,0.2,0.8,0.4,,0.6,0.7,0.5,0.4,0.3,0.5,0.3,1.6,0.9,0.9,,1.1,0.6,,,0.8,0.5,0.4,1.1,,0.7,0.6,1,0.4,0.3,,,0.1,0.3,0.4,0.1,0.1,0.4,0.6,0.4,0.6,0.5,0.5,0.5,,0.6,0.5,0.8,0.8,0.6,0.9,0.7,0.6,0.8,,0.9,0.4,0.8,0.6,0.6,0.8,0.6,0.7,0.5,0.5,0.5,0.4,0.5,0.6,,0.5,0.5,0.7,0.6,0.6,0.5,0.5,0.4,0.4,0.7,0.7,0.6,0.4,0.5,,1.1,0.4,0.4,0.5,0.5,0.6,0.5,0.5,0.4,0.5,0.4,0.7,,0.5,0.4,0.5,0.6,0.6,0.6,0.5,0.7,0.7,0.5,0.5,,,0.7,0.6,0.7,0.4,0.6,0.5,0.7,0.5,0.4,0.5,0.4,0.4,0.6,0.7,0.6,0.6,0.5,0.8,,0.5,0.4,0.5,0.5,0.5,0.4,0.5,,0.4,0.9,0.6,0.6,0.9,0.4,0.5,,,0.8,0.6,1.1,0.2,0.6,,0.3,0.6,0.7,0.7,,,0.8,0.4,0.6,0.5,0.8,0.8,0.8,0.5,0.6,0.7,0.9,,0.4,0.3,0.3,0.3,0.3,0.4,0.3,0.4,0.3,0.5,0.6,0.3,0.4,0.8,0.8,0.7,0.7,0.4,0.7,0.4,,0.8,0.9,0.7,0.7,,0.7,0.5,0.7,0.7,,,,0.9,0.4,,,,0.4,0.6,0.7,0.5,1,0.4,1,,1.1,0.7,0.7,0.7,0.6,0.7,1,0.8,0.7,0.9,0.8,0.4,0.5,0.8,0.9,0.6,,0.3,0.9,0.7,0.7,0.7,0.6,0.7,,0.7,,0.3,1,0.5,0.5,0.4,0.3,0.7,0.6,0.5,0.6,0.4,0.4,0.3,0.5,0.2,0.3,0.3,0.3,,2.1,,0.3,0.7,0.3,0.8,0.6,,0.6,0.7,,,0.6,0.6,0.5,0.4,,0.2,0.6,0.3,,0.3,,0.1,0.4,0.3,0.3,0.2,0.2,0.2,0.4,,,,0.2,,0.4,0.6,,0.3,0.6,0.6,0.7,0.4,0.2,0.3,0.3,0.4,0.4,,0.3,,,0.8,,0.8,0.6,0.8,0.6,0.7,0.6,0.4,0.4,,0.6,0.4,0.6,0.5,0.5,0.5,0.5,0.9,0.7,0.7,0.4,0.6,0.5,0.4,0.5,0.5,0.7,0.7,0.7,0.4,,0.5,0.5,0.4,,0.7,0.7,,0.6,0.9,1,0.8,0.8,,0.6,0.4,,,0.5,0.5,,0.6,,0.7,0.4,0.7,0.6,0.8,0.6,,0.8,0.8,,0.9,0.8,,1,,1.4,0.8,1.2,,0.9,0.8,0.3,0.2,0.1,,0.4,0.5,0.4,1.1,0.6,0.3,0.2,1,0.8,0.4,0.7,0.3,0.8,0.2,0.8,1.1,0.6,0.5,0.4,0.7,0.5,0.4,0.6,0.5,0.7,0.6,0.7,,0.6,0.6,0.6,0.6,0.2,,0.1,0.4,0.3,,0.4,0.3,0.4,0.3,0.5,0.3,0.4,0.6,0.7,0.6,,0.7,0.6,0.7,,0.4,0.6,0.6,0.5,0.9,,0.4,0.3,0.3,,0.8,,0.7,0.4,0.5,0.4,0.5,0.7,0.5,,,,0.5,,0.5,,0.4,0.7,,,,0.6,0.6,0.5,0.5,,0.6,,0.4,0.6,0.5,0.5,0.6,0.8,,0.6,0.6,0.4,0.7,0.6,0.6,,0.7,,,0.8,0.5,0.4,0.6,,0.8,1,0.9,0.8,0.7,0.4,0.5,0.6,0.6,0.7,0.9,1.1,0.9,0.8,0.4,0.4,0.6,0.6,0.8,0.5,0.7,1,0.6,0.5,0.7,,2,2.4,2.6,2.6,0.7,0.7,0.8,0.8,,,,,0.4,,,0.5,0.6,0.5,0.3,0.3,0.5,0.3,0.8,0.6,0.9,0.6,0.6,0.5,0.5,0.8,0.7,0.8,,0.6,0.5,0.8,,0.7,0.7,,0.6,0.7,0.8,0.6,0.9,0.8,0.5,0.5,0.6,0.7,0.7,0.7,0.7,,0.6,0.7,0.6,0.5,0.2,0.4,,0.7,0.6,,0.7,0.9,0.4,0.6,0.3,0.2,0.5,0.2,0.2,,0.5,,,0.3,0.3,0.2,0.2,0.3,,,,,,0.2,0.3,0.4,,,0.4,,0.6,,,0.7,,0.6,0.3,0.7,0.4,0.4,0.6,0.3,0.5,0.3,,0.5,0.6,0.6,0.5,0.5,0.4,0.3,0.3,0.3,0.7,0.6,0.2,0.4,,0.5,0.3,,1.9,0.4,0.5,0.6,,,0.6,0.5,0.6,0.6,0.5,0.6,0.8,0.8,0.6,,,0.4,0.7,0.8,0.9,0.6,,0.5,0.6,0.4,0.7,0.7,0.5,0.5,,0.5,0.8,1.1,,,1.1,1.3,,0.6,0.6,0.5,,0.6,,1.1,0.7,,,0.1,0.4,,,0.6,0.5,0.5,,,0.2,0.4,0.3,0.3,0.5,0.3,0.4,0.4,0.4,0.5,0.6,0.6,0.4,0.3,0.4,0.5,0.7,0.5,0.6,0.6,0.5,0.4,0.6,0.5,,0.5,,0.4,,0.3,0.4,0.5,0.5,0.6,0.3,0.5,0.5,0.5,0.6,0.4,0.5,,,0.6,0.7,0.7,0.7,0.6,0.6,0.4,1.4,0.4,1,1.2,0.3,0.6,0.5,0.7,0.7,0.6,,,0.4,1,0.4,0.5,0.4,0.3,,0.8,0.5,0.6,,0.6,0.7,0.6,,0.5,0.6,0.5,0.5,0.7,0.5,0.6,0.5,0.8,0.5,0.6,0.8,0.6,0.5,0.6,0.8,,0.4,0.4,0.4,,0.9,0.4,,0.7,,0.5,,,,0.6,0.7,0.8,,0.6,0.7,,0.6,,0.5,0.5,0.5,0.4,0.6,0.5,0.5,0.4,0.5,0.4,0.8,0.4,0.2,0.7,0.7,0.5,0.3,0.5,0.5,0.6,0.4,,0.7,0.4,0.7,0.4,0.6,0.7,0.3,0.9,2.1,0.4,1.4,0.3,0.3,0.3,0.8,,0.5,0.8,0.6,0.3,0.6,1.1,0.9,0.7,1.1,1.3,0.5,0.8,0.7,0.3,0.6,,0.4,0.6,0.5,0.7,0.7,0.5,0.6,0.6,0.4,0.8,0.7,,0.3,0.5,0.5,,0.5,0.5,0.6,0.5,,0.5,0.5,0.6,,0.6,0.6,0.5,0.7,0.6,0.9,1,0.8,0.7,0.7,0.6,0.6,0.6,,0.6,0.4,0.6,0.6,0.6,,1,0.9,,0.6,0.9,0.8,0.6,0.8,0.7,0.7,1.1,1.2,,0.6,0.7,0.4,,1,1,,0.7,0.4,0.4,0.5,,0.7,0.7,0.9,1.1,1.1,1,0.6,0.6,0.8,0.5,0.6,0.5,0.7,0.6,0.6,0.7,,0.5,0.9,1.1,1.5,0.6,0.5,0.7,0.5,0.7,0.6,0.5,0.7,0.5,0.6,1.4,0.9,0.8,0.8,1.3,0.8,0.4,0.5,0.8,0.7,0.5,0.4,0.5,1,0.8,1,0.8,0.5,0.9,0.6,0.8,0.7,0.6,0.5,1,0.8,0.8,0.6,0.6,0.6,0.9,0.9,0.5,0.7,,0.7,0.7,0.9,0.9,0.6,0.6,0.7,0.4,,,0.3,0.4,0.3,0.4,0.6,0.4,0.3,0.5,0.8,0.5,0.7,0.7,0.3,0.4,,,0.3,0.4,0.5,,0.5,0.4,0.4,0.3,0.4,0.4,,0.3,0.5,0.4,,,,,0.6,0.6,0.7,0.7,0.7,0.3,0.3,0.4,,0.3,0.6,0.6,0.4,0.5,0.8,0.5,0.8,1.9,0.9,2.9,,,,,0.3,0.3,0.8,0.6,0.5,0.5,0.6,,0.4,0.7,0.6,0.5,0.7,0.8,0.8,0.5,0.6,0.5,0.7,0.7,0.6,0.6,,0.4,0.4,0.3,0.3,0.3,0.3,0.7,0.6,0.5,,0.3,0.7,,0.8,0.7,,0.5,0.3,0.5,,0.5,,0.4,,0.6,0.7,0.7,1.7,0.8,1,0.5,0.5,0.5,0.6,,0.7,0.7,0.5,,0.6,0.8,0.2,0.6,0.7,0.5,,0.2,0.3,0.4,0.5,0.2,0.3,,0.7,0.9,0.3,0.1,0.5,,0.4,0.3,0.4,,0.4,0.8,0.4,0.5,0.6,0.3,0.3,,0.4,0.4,,0.5,0.4,0.5,0.4,0.8,0.6,0.8,1.4,0.2,,2.2,0.1,0.3,0.3,0.4,0.2,0.5,0.6,0.4,,,0.7,1,0.7,0.9,,0.3,0.7,0.7,0.9,1.6,0.3,0.5,0.7,1,0.6,0.7,0.6,0.6,,0.6,,0.5,0.6,0.5,0.4,0.5,,0.5,,0.2,0.9,0.9,0.5,0.5,0.4,0.2,0.6,0.5,1,0.5,0.3,0.4,0.4,,,0.5,0.4,0.3,0.7,,0.8,0.5,0.5,0.9,,0.4,0.5,,,0.2,0.5,0.4,0.5,0.4,0.6,0.3,0.2,0.3,0.8,0.5,0.6,0.4,0.4,1,,1,0.6,,0.4,0.7,0.4,0.4,0.2,0.4,0.4,0.5,0.5,0.6,0.5,0.4,0.4,1,0.3,1,0.2,0.4,1.9,0.4,2,0.3,0.6,0.8,0.4,0.5,0.4,0.3,0.7,1.1,0.6,0.2,0.6,,0.5,0.6,0.6,0.6,0.7,0.6,0.6,0.6,0.8,0.5,0.6,0.5,0.8,0.7,,0.5,0.5,0.3,0.4,,0.5,0.6,,0.6,0.6,0.3,0.6,0.4,0.4,0.5,0.5,0.6,1,0.7,0.6,0.2,0.6,0.5,0.4,0.6,0.5,0.7,,0.5,0.5,0.8,0.7,0.6,,0.5,0.4,0.4,0.3,0.5,0.2,0.4,0.3,0.3,0.5,0.4,0.5,0.9,0.8,0.3,0.2,,0.7,,0.5,0.6,0.5,0.7,0.4,0.6,0.6,0.8,0.8,0.7,0.8,0.7,0.5,0.6,0.6,0.7,0.6,0.6,0.4,0.5,0.5,0.5,0.9,0.9,0.2,0.8,0.8,1.1,0.4,0.6,0.4,0.6,0.6,0.6,0.6,0.9,0.4,0.5,0.6,0.5,,0.4,0.6,0.6,,0.7,0.5,0.5,0.5,0.7,0.5,0.7,0.4,0.3,0.5,0.3,0.5,0.9,0.7,0.4,0.6,0.7,0.7,0.2,0.6,0.1,0.3,0.2,0.4,0.3,0.3,0.7,0.6,0.5,0.3,0.5,0.5,1.2,0.7,0.3,0.6,0.7,0.8,0.6,0.5,0.4,0.6,0.9,0.8,0.8,1,0.3,0.3,0.4,0.4,0.3,0.2,0.5,,0.5,0.8,0.5,0.6,0.3,0.4,0.6,0.4,0.6,0.3,,0.4,0.4,0.3,0.2,0.4,0.4,0.6,0.4,0.4,0.5,0.6,0.4,0.7,,0.5,0.5,0.7,,0.3,0.5,0.5,0.7,0.7,0.3,0.3,0.5,0.6,1.1,0.6,0.4,0.3,1,1.7,0.9,0.5,0.6,0.6,0.6,0.6,0.8,0.4,0.5,0.5,0.5,,0.2,0.4,0.6,0.6,2.3,0.8,0.5,,0.4,0.5,0.4,0.6,0.4,0.3,0.9,0.6,0.5,1.3,0.5,0.5,0.5,,0.6,0.7,0.5,0.6,,0.2,0.7,0.9,0.9,0.6,0.4,0.4,0.2,,0.5,0.7,0.7,0.7,0.6,0.4,0.4,0.3,0.5,,0.6,0.5,0.6,0.9,1,0.5,0.7,0.5,0.4,0.4,0.4,,0.5,,0.6,0.6,,,0.5,0.3,0.4,0.5,0.6,0.5,0.4,,0.4,0.6,0.7,0.5,,,0.9,0.6,0.6,0.4,1.6,0.4,1,0.8,1.6,0.4,1,0.2,0.3,0.1,0.4,0.3,0.4,0.3,0.2,0.4,0.5,0.6,,0.7,0.7,0.2,0.8,0.6,0.7,1,0.4,0.3,0.6,0.6,0.5,0.7,0.5,0.4,1.3,0.1,0.5,0.6,0.6,0.5,1,0.6,0.9,0.6,0.5,0.5,0.5,0.5,0.5,0.7,1.7,1.2,,0.6,0.3,0.6,0.6,0.5,0.5,0.4,0.5,,0.6,0.5,0.4,0.4,0.5,0.6,0.9,0.7,0.8,1,0.4,0.4,0.3,0.4,,0.6,0.6,0.2,0.3,1.2,0.9,0.5,1.1,0.5,0.5,0.6,0.4,0.5,0.6,0.5,0.5,0.6,0.8,0.8,0.3,0.4,0.6,1.4,1,0.5,0.6,0.6,0.6,0.6,0.5,0.2,0.5,0.4,0.1,0.5,0.1,0.4,0.3,0.5,0.5,0.6,0.4,0.8,0.5
20210719,10,CO_24h,0.6,0.5,0.7,0.7,0.6,0.7,0.6,0.5,0.5,0.6,0.6,0.5,,,0.9,,1,0.8,0.6,,1,,0.4,0.5,,0.6,0.5,,0.6,0.6,0.5,0.8,0.6,0.4,0.6,,0.8,0.7,,0.8,0.5,0.3,0.2,0.4,,0.3,,0.4,0.4,0.4,0.1,0.4,0.3,0.1,0.1,0.1,0.2,,0.4,0.4,0.1,0.6,0.7,0.8,,0.7,0.6,0.3,,0.5,0.4,0.2,0.3,0.1,0.5,,,0.4,0.2,0.3,0.7,,0.5,0.6,0.5,0.6,0.4,0.6,,0.5,0.5,,,0.4,0.5,0.4,0.4,0.8,0.7,0.8,,0.7,0.8,0.7,0.7,0.7,,0.6,0.7,0.6,0.5,0.6,0.4,0.5,0.5,0.5,0.6,0.6,0.6,0.5,0.7,0.5,0.6,0.4,0.4,0.4,0.4,0.5,0.3,0.7,0.5,,0.5,0.6,0.4,0.6,0.4,0.5,0.3,0.4,0.4,0.5,0.3,0.4,0.5,,0.4,0.3,0.4,0.2,0.4,0.6,0.2,0.3,0.8,0.5,0.5,0.7,0.4,0.2,,0.3,0.5,0.3,0.2,0.3,0.5,0.4,0.3,0.4,0.5,0.5,0.3,,,,0.5,0.4,,0.5,0.4,0.3,,,,0.6,,0.4,0.2,0.4,0.4,0.4,0.3,,0.3,0.7,,,,0.6,0.6,,0.5,0.8,0.7,0.4,0.4,,0.2,0.2,0.3,0.1,0.2,,0.5,0.4,,0.3,,0.4,0.5,,0.4,0.4,,0.6,0.3,0.7,,0.5,0.4,0.4,0.3,0.4,0.6,0.4,,,0.3,0.4,0.4,0.4,0.3,0.4,0.4,,0.7,,,0.5,,0.6,0.5,,0.3,0.3,0.2,0.3,0.4,0.5,,0.3,0.4,0.3,0.3,0.4,0.4,0.3,0.4,0.5,0.4,0.4,0.5,0.4,0.5,0.5,0.4,0.4,0.5,0.3,,0.5,0.6,0.5,0.4,0.3,0.5,0.3,1.1,0.8,0.6,,0.9,0.7,,,0.8,0.5,0.2,0.8,,0.5,0.4,0.6,0.4,0.3,,,0.1,0.3,0.5,0.1,0.2,0.4,0.6,0.4,0.5,0.4,0.6,0.5,,0.5,0.5,0.9,0.8,0.6,0.9,0.8,0.7,0.9,,0.9,0.4,0.8,0.7,0.6,0.7,0.6,0.6,0.5,0.5,0.6,0.4,0.5,0.6,,0.5,0.4,0.6,0.6,0.6,0.5,0.5,0.4,0.4,0.6,0.6,0.5,0.5,0.4,,0.7,0.4,0.4,0.4,0.5,0.5,0.4,0.5,0.4,0.4,0.4,0.4,,0.5,0.4,0.5,0.6,0.6,0.5,0.5,0.5,0.6,0.5,0.5,,,0.6,0.5,0.7,0.4,0.6,0.6,0.7,0.5,0.5,0.5,0.3,0.4,0.6,0.6,0.5,0.6,0.4,0.7,0.6,0.5,0.3,0.4,0.4,0.4,0.4,0.6,,0.5,0.6,0.7,0.7,0.9,0.3,0.4,,,0.8,0.5,0.9,0.3,0.6,,0.4,0.5,0.5,0.6,,,0.5,0.3,0.3,0.4,0.5,0.7,0.6,0.5,0.6,0.5,0.7,,0.4,0.3,0.3,0.3,0.3,0.4,0.2,0.4,0.2,0.4,0.4,0.3,0.4,0.8,0.7,0.7,0.7,0.5,0.7,0.4,,0.7,0.9,0.7,0.8,,0.6,0.5,0.4,0.4,,,,0.7,0.3,,,,0.4,0.6,0.7,0.5,0.7,0.3,0.8,,0.8,0.7,0.7,0.7,0.6,0.7,0.9,0.7,0.6,0.9,0.6,0.4,0.5,0.7,0.7,0.7,,0.5,0.8,0.8,0.7,0.7,0.6,0.7,0.6,0.6,,0.4,1,0.4,0.4,0.5,0.3,0.6,0.7,0.5,0.6,0.5,0.6,0.3,0.5,0.2,0.3,0.3,0.3,,0.7,,0.3,0.6,0.3,0.8,0.5,,0.6,0.7,,,0.5,0.6,0.6,0.3,,0.2,0.5,0.2,,0.2,0.1,0.2,0.4,0.3,0.2,0.1,0.2,0.2,0.3,,,,0.3,,0.4,0.7,,0.4,0.4,0.4,0.6,0.5,0.2,0.3,0.4,0.4,0.4,,0.3,,,0.8,,0.8,0.6,0.7,0.4,0.6,0.5,0.2,0.4,,0.5,0.4,0.6,0.5,0.4,0.4,0.5,0.6,0.7,0.9,0.4,0.6,0.6,0.3,0.5,0.4,0.7,0.7,0.6,0.4,,0.5,0.5,0.4,,0.6,0.6,,0.4,0.6,0.7,0.6,0.6,,0.6,0.7,,,0.5,0.5,,0.6,,0.7,0.5,0.6,0.5,0.6,0.5,,0.7,0.6,,0.6,0.6,,0.6,,0.9,0.8,0.8,,0.8,0.7,0.3,0.2,0.1,,0.5,0.7,0.7,1,1,0.4,0.2,0.6,0.7,0.5,0.7,0.5,0.7,0.3,1.1,1.9,0.7,0.6,0.6,0.7,0.6,0.4,0.6,0.5,0.7,0.6,0.6,0.7,0.6,0.5,0.4,0.5,0.2,,0.1,0.4,0.4,0.3,0.4,0.3,0.5,0.4,0.6,0.3,0.5,0.6,0.7,0.6,,0.9,0.8,0.8,,0.5,0.6,0.5,0.4,0.7,,0.6,0.3,0.3,,0.7,,0.7,0.3,0.4,0.3,0.4,0.6,0.4,,,,0.5,,0.5,,0.4,0.4,0.3,,0.6,0.6,0.6,0.6,0.6,,0.7,,0.4,0.6,0.5,0.5,0.5,0.7,,0.7,0.6,0.5,0.7,0.6,0.6,,0.7,,,0.8,0.3,0.3,0.5,,0.7,0.8,0.7,0.7,0.7,0.4,0.5,0.7,0.5,0.6,0.7,1,0.8,0.7,0.4,0.3,0.3,0.5,0.8,0.4,0.6,0.7,0.7,0.5,0.8,,1,2.6,2.2,1,0.6,0.7,0.9,0.8,,,,,0.5,0.5,,0.6,1.1,0.4,0.3,0.3,0.4,0.4,0.6,0.4,0.6,0.5,0.4,0.5,0.5,0.9,0.7,0.8,,0.7,0.7,0.8,,0.7,0.6,,0.6,0.7,0.7,0.6,0.9,0.8,0.5,0.5,0.6,0.6,0.7,0.7,0.6,,0.5,0.6,0.3,0.4,0.4,0.3,0.6,0.6,0.5,,0.5,0.4,0.3,0.4,0.3,0.2,0.5,0.1,0.1,,0.5,,0.4,0.4,0.4,0.3,0.2,0.4,0.1,0.2,0.3,,,0.3,0.4,0.4,0.6,0.2,0.3,0.1,0.5,,,0.6,,0.7,0.3,0.7,0.5,0.5,0.7,0.3,0.5,0.4,,0.6,0.7,0.7,0.5,0.6,0.4,0.3,0.3,0.3,0.6,0.6,0.1,0.3,,0.5,0.3,,0.5,0.4,0.5,0.6,,,0.6,0.5,0.5,0.5,0.4,0.5,0.8,0.8,0.5,,,0.4,0.6,0.7,0.8,0.6,,0.6,0.6,0.4,0.7,0.7,0.5,0.4,,0.4,0.7,0.8,,,0.8,0.9,,0.6,0.6,0.5,,0.5,,0.9,0.8,,,,0.4,,,0.6,0.5,0.5,,,0.3,0.4,0.2,0.2,0.4,0.3,0.3,0.4,0.3,0.4,0.4,0.6,0.5,0.4,0.5,0.7,0.8,0.5,0.6,0.7,0.4,0.3,0.6,0.4,,0.6,0.5,0.5,,0.3,0.5,0.5,0.5,0.6,0.4,0.5,0.4,0.4,0.5,0.4,0.4,,,0.5,0.7,0.7,0.7,0.6,1.4,0.4,1,0.5,1,1.1,0.7,0.6,0.6,0.7,0.7,0.6,,,0.4,0.8,0.6,0.6,0.3,0.2,,0.7,0.4,0.5,,0.6,0.6,0.5,,0.4,0.5,0.5,0.5,0.5,0.5,0.6,0.5,0.7,0.5,0.5,0.7,0.7,0.4,0.5,0.7,,0.3,0.4,0.3,,0.6,0.4,,0.6,,0.4,,,,0.4,0.5,0.6,0.4,0.6,0.7,,0.8,,0.4,0.4,0.4,0.4,0.6,0.5,0.5,0.4,0.5,0.5,0.7,0.4,0.1,0.5,0.4,0.3,0.5,0.6,0.5,0.5,0.3,,0.5,0.4,0.7,0.4,0.6,0.7,0.3,1.1,1.4,0.8,1,0.3,0.4,0.6,1,,0.4,0.5,0.6,0.4,0.5,1,0.9,0.6,1,1.3,0.5,0.6,0.7,0.4,0.6,,0.5,0.7,0.6,0.5,0.7,0.5,0.5,0.6,0.5,0.8,0.7,,0.5,0.5,0.4,,0.4,0.5,0.5,0.5,,0.5,0.4,0.6,,0.6,0.6,0.5,0.7,0.6,0.8,0.9,0.7,0.6,0.6,0.7,0.5,0.6,,0.5,0.4,0.6,1.1,0.8,,0.8,1,0.4,0.7,0.9,0.7,0.6,0.8,0.8,0.7,0.7,0.7,,0.6,0.7,0.5,,1,1,,0.5,0.5,0.5,0.4,,0.7,0.6,0.7,0.9,1.1,0.8,0.6,0.6,0.7,0.5,0.6,0.4,0.6,0.6,0.5,0.5,,0.5,0.9,1,1.3,0.5,0.5,0.5,0.4,0.6,0.6,0.6,0.6,0.5,0.7,1.3,0.9,0.8,0.8,1.2,0.6,0.7,0.7,1.1,0.9,0.4,0.4,0.6,0.9,0.7,0.9,0.7,0.4,0.8,0.5,0.7,0.6,0.5,0.6,0.7,0.7,0.8,0.5,0.5,0.5,0.7,0.7,0.5,0.6,0.5,0.6,0.7,0.8,0.8,0.5,0.5,0.5,0.4,,0.4,0.3,0.3,0.3,0.2,0.5,0.4,0.4,0.5,0.5,0.4,0.6,0.5,0.3,0.4,,,0.4,0.4,0.7,,0.6,0.4,0.4,0.3,0.3,0.5,,0.3,0.5,0.3,,,,,0.5,0.5,0.5,0.5,0.5,0.3,0.2,0.4,,0.3,0.5,0.6,0.4,0.6,0.6,0.4,0.7,0.9,0.7,0.6,,,,,0.3,0.3,0.5,0.5,0.5,0.5,0.4,,0.4,0.4,0.4,0.3,0.4,0.8,0.7,0.6,0.5,0.4,0.7,0.6,0.6,0.6,,0.5,0.4,0.3,0.3,0.3,0.3,0.7,0.5,0.5,,0.3,0.6,,0.8,0.6,,0.4,0.2,0.5,,0.4,,0.3,,0.6,0.7,0.5,0.8,0.7,0.7,0.5,0.5,0.4,0.5,0.4,0.4,0.5,0.5,,0.6,0.6,0.2,0.5,0.7,0.3,,0.3,0.3,0.2,0.3,0.4,0.3,,0.7,0.8,0.3,0.1,0.6,,0.2,0.2,0.2,,0.4,0.7,0.6,0.4,0.5,0.3,0.4,,0.3,0.3,,0.4,0.3,0.4,0.3,0.8,0.7,0.2,0.3,0.3,,0.7,0.1,0.4,0.3,0.3,0.2,0.5,0.5,0.3,,,0.6,0.9,0.7,0.8,,0.3,0.5,0.6,0.4,1.8,0.3,0.4,0.6,0.6,0.4,0.7,0.8,0.6,,0.5,0.6,0.4,0.7,0.4,0.4,0.5,,0.4,,0.3,0.9,0.6,0.5,1,1,0.6,0.5,0.4,0.6,0.7,0.5,0.4,0.4,,,0.4,0.4,0.3,0.7,,0.7,0.5,0.5,0.6,,0.4,0.4,,,0.2,0.4,0.3,0.5,0.4,0.5,0.3,0.2,0.3,0.5,0.6,0.6,0.4,0.4,0.7,,0.9,0.5,,0.4,0.6,0.3,0.3,0.2,0.5,0.4,0.5,0.6,0.7,0.5,0.4,0.4,0.7,0.3,0.8,0.3,0.3,0.5,0.4,0.6,0.3,0.6,0.7,0.5,0.5,0.5,0.4,0.5,0.4,0.4,0.2,0.7,0.6,0.4,0.5,0.6,0.6,0.7,0.5,0.6,0.4,0.8,0.6,0.7,0.5,0.7,0.6,,0.6,0.5,0.3,0.4,0.7,0.5,0.6,,0.5,0.5,0.3,0.4,0.3,0.3,0.4,0.5,0.4,0.9,0.3,0.6,0.5,0.4,0.6,0.3,0.6,0.5,0.8,,0.6,0.4,0.4,0.5,0.4,,0.3,0.4,0.4,0.3,0.4,0.2,0.4,0.3,0.4,0.6,0.4,0.5,0.7,0.6,0.3,0.2,,0.5,,0.5,0.6,0.6,0.6,0.4,0.6,0.6,0.7,0.7,0.6,0.7,0.6,0.4,0.5,0.5,0.6,0.6,0.5,0.4,0.6,0.6,0.6,0.8,0.7,0.2,0.3,0.5,0.9,0.2,0.7,0.4,0.6,0.6,0.5,0.8,0.8,0.3,0.4,0.6,0.5,,0.3,0.6,0.5,0.5,0.7,0.6,0.4,0.5,0.6,0.5,0.7,0.7,0.5,0.6,0.3,0.5,0.4,0.5,0.3,0.5,0.5,0.6,0.3,0.6,0.1,0.3,0.2,0.3,0.4,0.3,0.6,0.5,0.5,0.3,0.5,0.4,0.9,0.7,0.2,0.6,0.7,0.6,0.6,0.5,0.4,0.6,0.6,0.7,0.9,0.7,0.3,0.3,0.4,0.4,0.3,0.3,0.4,,0.4,0.5,0.6,0.7,0.3,0.5,0.6,0.3,0.5,0.2,,0.3,0.4,0.4,0.2,0.5,0.4,0.3,0.5,0.3,0.4,0.6,0.3,0.4,,0.5,0.5,0.7,0.6,0.3,0.5,0.5,0.7,0.5,0.4,0.4,0.4,0.6,0.6,0.5,0.3,0.3,0.5,0.6,0.7,0.5,0.4,0.6,0.5,0.4,0.7,0.4,0.4,0.5,0.5,,0.2,0.4,0.5,0.6,1.9,0.6,0.5,0.3,0.5,0.5,0.5,0.6,0.4,0.4,0.7,0.6,0.4,0.6,0.4,0.5,0.5,,0.6,0.6,0.3,0.5,0.3,0.3,0.7,0.7,0.8,0.4,0.5,0.4,0.5,,0.4,0.6,0.7,0.7,0.6,0.4,0.4,0.4,0.4,,0.6,0.5,0.7,0.8,0.6,0.4,0.6,0.4,0.4,0.4,0.4,,0.5,,0.5,0.6,,1.3,0.5,0.3,0.4,0.4,0.5,0.5,0.3,,0.4,0.6,0.6,0.5,,,0.8,0.6,0.3,0.3,0.5,0.5,0.7,0.6,0.8,0.4,0.8,0.2,0.3,0.1,0.4,0.3,0.3,0.3,0.2,0.4,0.5,0.6,0.6,0.6,0.7,0.6,0.8,0.7,0.6,1.1,0.7,0.4,0.6,0.6,0.5,0.6,0.5,0.3,0.7,0.1,0.4,0.5,0.5,0.5,0.8,0.7,0.6,0.6,0.5,0.4,0.4,0.5,0.4,0.7,1,1,,0.8,0.3,0.5,0.6,0.6,0.4,0.6,0.5,,0.5,0.4,0.4,0.4,0.5,0.5,0.9,0.6,0.7,1,0.5,0.4,0.3,0.4,,0.6,0.5,0.2,0.3,0.8,0.7,0.4,0.8,0.5,0.5,0.6,0.4,0.6,0.6,0.5,0.6,0.4,0.9,0.8,0.4,0.4,0.7,0.7,0.6,0.5,0.6,0.6,0.5,0.5,0.4,0.2,0.4,0.8,0.1,0.4,0.1,0.4,0.4,0.5,0.4,0.5,0.5,0.7,0.5
20210719,11,AQI,20,26,23,24,24,24,20,35,36,26,23,28,,,63,,59,52,63,,53,,,38,,,46,,28,59,26,30,33,30,28,,63,60,,72,54,24,29,30,,,,46,,44,46,37,39,45,41,43,32,,32,36,32,53,44,49,,48,64,61,,62,52,44,37,43,,,22,23,19,29,34,,24,24,,23,,30,,36,35,,,37,36,32,35,28,29,31,,28,33,34,31,33,,,27,,28,,28,,28,27,29,27,28,28,42,29,29,32,27,39,30,30,40,41,39,,45,,47,,46,37,,39,23,23,25,24,25,,57,30,24,21,39,32,41,34,41,,34,41,39,25,,32,30,31,53,29,30,30,27,28,,29,28,,,,46,52,,49,52,40,,,,51,,34,35,36,35,29,,,35,37,,,,,40,,,39,39,46,35,,36,33,37,,33,29,32,29,,30,,45,37,,41,30,,45,29,30,,33,44,32,29,,24,22,,,21,30,22,38,,41,37,,26,,,34,,37,37,,30,23,25,13,11,16,,49,35,26,38,63,27,38,24,53,51,55,53,53,59,56,44,51,,25,,25,20,21,20,26,,34,47,53,51,,59,47,,,44,32,51,,,60,55,62,42,26,,,24,24,25,28,25,23,43,36,35,39,42,44,,,40,25,32,33,27,35,31,31,,31,31,46,32,33,33,38,34,30,35,45,33,27,27,,26,34,34,23,26,29,23,20,10,11,8,13,12,11,,14,13,11,13,9,18,12,,28,22,,,,34,31,29,18,22,,9,,22,19,27,,,27,21,25,17,21,26,13,13,18,35,27,21,51,58,53,40,37,52,,29,,17,24,27,25,22,,24,18,28,22,20,23,19,,,20,18,19,22,21,,46,65,47,53,,,,52,,46,57,52,56,52,,46,51,,25,18,21,20,23,20,19,20,17,19,16,28,39,35,36,34,36,28,27,28,,65,32,41,45,,88,45,54,51,,,,33,49,,,,45,50,56,51,57,47,36,,66,42,36,38,42,36,32,,,34,36,42,,33,25,41,,37,44,42,38,44,42,43,,40,,31,34,28,26,24,,29,30,27,29,26,32,25,,28,32,37,28,,32,,31,33,31,29,33,,35,34,,,42,41,37,54,,31,36,,,39,37,31,32,34,24,23,22,27,31,,,,30,,29,32,,34,37,36,39,25,24,27,20,20,19,,34,,,28,,22,34,30,16,20,20,23,19,,,33,43,47,43,44,31,,36,48,,39,33,,12,13,31,33,,27,,31,21,23,,45,40,,26,17,28,30,35,,34,18,,,60,44,,32,,31,,46,35,20,25,,20,21,,52,48,,64,,41,33,38,,33,36,30,29,28,,26,26,28,31,28,26,21,41,31,31,34,,34,31,25,,41,30,26,29,38,27,30,43,35,33,32,,38,40,,39,41,,34,27,22,,26,23,30,,28,25,32,46,43,39,,,,39,,,40,,,29,,36,35,30,,13,,15,14,17,21,,40,45,,,,36,,43,,19,29,,,,36,52,24,22,,25,,29,25,21,37,35,42,,35,42,32,38,33,,,30,,,33,16,21,17,,30,64,54,59,29,30,,43,40,47,52,,57,52,21,18,27,25,29,25,27,33,30,26,27,,89,29,64,73,26,24,36,15,,,,,31,,,34,29,31,34,,29,29,39,42,34,,33,20,22,32,38,38,,20,20,28,,28,31,,,22,27,28,26,28,25,30,28,42,39,35,44,,52,54,392,55,49,40,,27,54,,27,69,42,43,27,31,35,,,,25,,,28,28,25,29,29,,,,,,29,25,28,,,24,,24,,,38,,38,31,29,31,31,31,28,30,,,38,36,35,38,34,37,37,34,33,37,38,25,21,,57,42,,32,33,21,20,,,29,23,22,23,,50,,61,,,,39,20,20,21,20,,,,,32,34,27,33,,41,33,48,,,43,45,,28,25,27,,31,,73,,,,37,29,,,46,45,35,,,29,,,29,64,67,67,,38,,51,41,28,28,,29,32,32,27,27,37,30,,36,,42,,,,28,,38,28,32,32,30,25,37,35,27,48,,,58,,36,39,47,34,29,,30,31,32,26,51,36,47,34,42,,,29,48,38,45,34,39,,57,32,33,,35,51,46,,41,53,36,34,46,42,29,40,42,55,46,55,43,45,35,31,,31,34,30,20,44,,,50,,52,,,,29,41,34,,29,,,37,,,38,38,25,26,25,32,,27,29,,27,27,25,31,36,27,28,27,38,22,,,24,45,29,,45,,36,33,33,40,34,32,33,34,,,53,35,28,25,43,32,28,35,37,35,26,37,23,,,38,44,40,47,43,44,44,42,,38,46,,40,49,48,,46,,50,49,,49,33,30,,30,,44,36,43,,28,32,22,29,33,32,42,,44,23,53,29,35,,44,31,,20,,,25,29,33,,53,38,,25,27,28,,27,38,,36,25,24,25,,26,25,25,29,32,45,42,,,37,,,,46,54,60,,28,31,29,34,28,27,32,27,40,37,34,55,29,38,25,26,29,37,39,,34,32,51,32,16,17,24,40,48,,58,45,35,56,,35,37,58,68,64,57,43,48,40,70,83,30,30,,27,25,59,64,28,44,23,27,,,,32,26,32,,29,31,25,,27,33,30,26,24,,,32,24,,,32,24,17,16,27,,,24,22,,,,,,30,26,22,20,24,25,,25,,23,34,34,,33,36,23,22,48,,63,,,,,19,18,30,22,15,20,29,,24,25,26,29,32,34,32,33,23,17,20,,,36,,14,15,15,14,9,8,26,30,22,,17,34,,25,27,,24,16,21,,48,,28,,13,14,,53,32,32,35,34,35,36,,43,32,23,,33,35,,38,40,59,,500,500,38,37,162,158,,32,29,35,40,33,,53,40,36,,35,49,42,34,30,35,41,,45,,,52,38,,,43,47,,90,30,,57,24,30,26,30,31,26,30,40,,,59,55,51,24,,22,62,37,129,48,29,21,28,72,43,41,17,32,,28,,36,38,24,37,45,,35,,30,46,58,30,23,19,337,,,32,31,25,38,26,,,52,,,52,,45,46,46,38,,36,57,,,27,42,39,24,44,51,24,23,,37,22,20,25,19,55,,59,39,,19,43,51,32,34,,32,39,16,25,28,37,,53,46,58,27,,32,29,31,31,40,42,26,23,23,23,32,58,34,29,17,,41,25,29,30,32,37,45,22,30,38,28,,38,38,,30,28,29,18,27,26,24,,26,44,43,35,49,39,30,33,41,41,109,44,30,44,,35,47,38,33,,30,44,65,44,40,,140,26,18,23,21,23,23,26,23,17,27,33,39,79,32,31,,42,,33,29,29,40,28,,31,28,29,33,33,24,10,14,15,10,25,30,12,32,15,19,26,40,30,57,85,46,46,41,51,43,36,36,29,35,23,20,50,37,,15,15,31,25,30,24,20,30,50,25,20,28,24,16,18,22,52,46,34,35,30,33,26,,39,32,25,30,29,29,,49,52,,23,21,26,,30,21,30,51,33,30,39,45,58,45,38,69,33,24,33,26,29,23,55,,31,35,35,40,36,34,42,38,32,36,,36,,35,30,35,33,38,27,25,69,34,31,,,17,,16,,12,13,16,24,23,15,30,10,19,19,44,57,36,53,70,65,38,52,37,41,38,40,46,38,44,50,,57,20,42,53,35,28,24,,27,18,33,37,42,29,34,31,30,,52,31,28,,38,37,35,34,,25,57,41,36,,41,33,45,,38,62,54,27,15,,25,29,26,,39,45,28,59,43,20,27,26,25,20,24,,,,39,26,,33,17,20,,37,36,31,43,,25,,31,33,,,27,40,34,29,35,49,62,57,,50,43,34,52,54,58,76,54,49,57,60,38,36,,15,30,43,33,,67,25,24,23,32,24,,36,33,29,44,476,500,26,28,30,40,20,88,23,17,39,19,24,27,,41,45,,39,38,15,18,45,41,33,23,26,,43,32,51,44,54,27,29,30,45,32,33,30,36,,36,,22,33,46,,49,41,19,18,39,35,32,32,20,48,52,39,55,52,51,30,68,,26,39,19,38,,,20,,,43,54,32,46,25,51,51,27,21,34,32
20210719,11,PM2.5,12,18,16,14,15,11,12,24,21,18,16,13,,,45,,40,17,45,,34,,24,8,,,22,,19,42,7,21,23,21,19,,31,42,,52,34,11,17,7,,10,,27,32,21,32,24,25,27,14,18,6,,17,14,18,35,27,26,,33,33,29,,23,24,16,25,26,,,11,16,12,5,22,,9,13,24,16,17,16,,8,13,,,10,11,14,11,9,10,12,,13,11,14,12,11,,15,12,,11,7,7,11,10,8,11,10,11,10,19,11,10,9,5,11,10,11,13,14,12,,17,16,20,,23,14,18,10,7,16,5,8,9,,13,13,10,5,27,14,22,14,27,20,12,17,27,17,,10,7,9,18,11,12,12,15,11,12,13,14,,,,28,36,,31,18,28,,,,24,,9,12,7,7,12,17,,12,11,,,,20,15,,13,21,27,28,24,,25,12,14,17,23,16,9,14,,7,,23,24,,14,13,,18,16,14,,14,19,15,13,,11,9,,,9,8,7,19,23,19,13,,13,,,16,,8,11,,11,13,17,5,3,5,,25,11,18,16,15,12,13,14,31,22,29,31,27,41,29,24,31,24,5,,15,14,12,12,12,,14,23,22,33,,31,11,,,28,17,22,,,34,29,27,29,12,,,5,2,2,5,10,5,22,19,23,24,25,18,,18,24,15,13,17,16,24,19,14,,15,12,28,22,23,20,15,20,20,19,27,17,12,14,,11,13,17,11,12,16,13,10,,,,1,1,2,,,,1,6,1,4,8,9,9,9,14,14,,7,14,7,7,5,6,2,8,7,3,12,,,13,9,16,9,8,10,4,3,8,16,13,11,22,24,19,21,16,20,,20,10,8,12,6,7,11,,9,12,9,8,9,9,9,,,10,5,10,10,8,,32,47,28,26,,,27,34,24,19,27,29,17,24,34,29,22,,6,10,3,5,3,4,5,6,5,7,9,9,16,24,25,18,22,19,13,19,,31,14,24,28,,24,8,29,22,,,,14,5,,,,15,8,14,16,38,24,25,,19,29,25,26,14,22,19,,,20,20,29,10,18,16,21,,6,26,18,12,9,22,17,,19,,7,10,14,17,15,18,18,9,12,11,11,8,17,,12,12,13,12,,14,,12,9,9,12,17,,17,23,,,19,19,19,24,,21,14,43,,22,22,12,22,17,12,11,12,13,7,,,,14,,16,9,,14,19,20,18,7,2,3,14,12,12,,12,,,19,,10,14,15,9,12,14,16,11,,15,18,28,20,18,23,12,22,21,17,20,19,17,3,2,3,12,12,,8,,14,11,10,,12,14,,12,10,14,7,18,,22,11,,,29,30,,11,,2,8,12,15,9,17,,12,4,,36,33,,46,,21,23,26,,17,25,9,12,7,,7,8,6,10,7,7,8,15,20,9,15,8,13,8,9,15,7,9,7,12,18,12,18,12,16,17,16,18,17,28,17,27,17,,17,6,4,,6,7,17,13,8,14,14,28,26,21,,,17,20,,19,28,24,17,15,,14,15,20,,7,,10,6,5,13,30,28,22,,,,23,,30,,7,20,,,13,25,36,6,6,,2,,9,9,9,15,13,10,,24,29,14,26,21,,,18,,,15,8,5,10,,21,46,29,42,17,5,5,12,27,31,32,31,33,36,8,5,7,10,11,13,13,16,19,13,10,,66,17,46,53,18,14,25,6,,,,,9,8,,6,9,11,6,4,3,16,24,14,11,11,10,8,6,22,16,15,,9,8,15,,13,11,,14,8,12,12,13,11,17,12,16,29,27,24,22,,6,14,110,19,20,25,,12,8,,10,19,14,17,12,19,24,,,,1,,,5,5,2,5,5,,,,,,3,3,5,,,5,,9,,,11,,12,12,7,10,11,10,10,13,10,,14,11,18,14,17,20,18,14,16,23,26,3,4,,26,20,,16,13,11,10,,,20,5,11,10,15,24,,32,,,,19,,,5,5,,,16,12,12,7,12,23,,28,23,33,,,20,30,,12,12,13,,7,,28,12,,,17,16,,,16,20,20,,,20,4,6,3,12,13,9,23,18,26,30,18,6,6,,10,9,6,6,11,19,21,,20,,17,,7,,3,,17,13,12,16,17,15,16,24,8,25,,,21,,6,14,5,14,15,33,14,19,21,7,20,15,21,15,25,,,,33,26,31,20,24,,40,20,18,,24,29,29,,22,21,25,16,17,29,13,28,22,19,20,35,12,25,20,13,,12,23,21,6,21,16,,33,,27,,,,7,11,19,,17,14,,14,,27,22,26,8,7,14,17,7,11,10,22,10,8,13,15,10,11,8,14,18,14,,10,13,12,15,14,18,,22,22,16,28,20,19,23,20,,8,36,24,14,17,30,22,14,18,13,21,18,25,14,26,,23,14,21,32,24,21,23,21,,26,24,,27,34,28,,31,27,27,25,,22,22,21,,18,,25,22,30,17,19,22,15,20,23,22,29,,28,16,37,15,17,,16,16,,14,24,7,17,20,23,23,24,26,,17,16,18,,17,26,,21,8,10,12,,10,16,11,4,13,22,12,,,20,,26,,26,38,40,,5,7,5,5,13,18,20,18,28,15,10,9,18,21,13,14,17,5,23,24,17,22,32,19,9,7,13,20,22,23,24,14,13,32,17,21,19,41,48,44,36,30,33,22,51,61,21,15,,17,15,34,34,14,13,9,8,,8,11,22,12,16,,12,9,6,,16,15,12,8,8,,,22,7,13,,12,11,5,2,4,25,,12,15,10,,,,,11,7,7,4,8,5,9,7,,2,14,8,9,7,17,11,9,25,16,38,,,,,8,7,15,10,8,14,19,,14,7,7,20,22,8,3,2,16,11,11,,,21,,5,10,,9,6,4,10,6,4,,11,8,,16,8,,7,8,5,,16,,7,,5,7,18,22,14,12,11,10,10,11,,17,18,11,,16,5,5,9,7,21,,157,202,19,7,54,48,,9,9,10,8,3,,34,10,13,,11,14,12,14,14,12,14,,10,14,,19,13,,9,15,14,7,17,3,,16,2,10,7,11,3,12,18,28,,,20,14,14,8,,6,14,11,21,32,9,7,14,52,9,20,7,22,,10,14,19,16,8,11,17,,24,,7,25,36,21,16,12,117,4,25,10,10,5,16,6,,,36,14,14,22,,17,12,20,15,,,22,,,2,19,17,14,25,32,6,2,,14,14,9,11,8,39,,31,19,,10,16,15,18,2,29,12,14,11,14,11,22,10,37,27,29,6,26,6,20,13,6,28,17,5,4,10,4,3,27,19,7,5,,21,4,15,18,20,21,31,12,13,21,19,16,17,13,,19,18,6,2,10,9,8,,15,5,17,24,34,27,5,19,17,17,28,30,21,23,,13,27,14,18,,8,20,27,22,7,,52,6,7,8,6,9,10,9,8,7,10,17,10,23,9,5,,20,,12,7,10,15,17,13,16,11,11,12,17,11,4,5,8,6,7,17,,22,5,7,12,11,8,34,63,29,30,21,30,30,22,18,19,13,10,14,18,17,,7,8,6,5,4,10,4,4,35,16,5,16,7,2,9,15,23,24,18,14,9,20,5,18,27,7,5,10,9,9,20,34,31,,10,10,13,,4,14,21,19,16,15,20,31,41,20,19,50,9,12,12,12,14,12,39,,13,24,24,16,11,12,17,23,12,25,19,13,,13,10,24,14,26,7,7,19,8,9,35,,9,,7,11,6,5,8,9,11,2,11,7,8,9,24,26,25,37,51,47,13,17,25,20,26,24,25,22,26,27,,40,9,29,37,12,19,6,6,,6,20,20,29,10,22,7,9,20,24,12,12,,17,22,12,15,,5,38,17,20,8,18,13,5,,10,10,29,14,6,10,7,16,16,,23,17,8,42,30,13,17,10,7,11,12,,,,27,18,,17,7,12,7,24,22,15,18,,13,,11,11,,,16,13,16,4,16,23,38,40,,35,22,14,36,38,29,48,26,23,39,37,17,23,,6,17,30,23,8,48,15,14,10,20,15,,25,9,1,7,99,78,8,16,21,25,5,30,15,6,27,7,10,12,11,17,21,,22,21,7,12,16,18,7,5,12,,17,12,31,12,22,12,15,12,16,17,16,16,12,,16,22,9,14,32,,34,27,13,10,27,17,21,12,11,14,29,19,9,30,25,8,49,,8,27,11,26,,27,14,19,39,21,31,13,17,8,16,29,8,5,21,17
20210719,11,PM2.5_24h,12,12,15,12,13,14,12,18,15,16,15,15,,,28,,23,17,30,,26,,23,22,,24,21,,17,19,12,16,13,23,19,,24,29,,33,24,14,24,18,,20,,15,18,13,19,18,14,19,15,13,10,,10,5,14,26,25,20,,34,18,11,,10,26,19,23,14,15,,16,13,6,2,14,,9,13,14,11,12,12,,11,11,,,9,11,12,12,17,20,19,,18,18,24,22,22,,22,15,17,16,14,14,13,16,16,16,11,19,15,24,15,14,12,9,14,15,17,9,11,12,,12,12,12,,14,10,14,9,12,18,13,14,11,,13,14,13,15,16,13,18,12,21,20,10,18,15,18,,12,11,11,22,13,13,12,14,11,19,14,7,,,,23,18,,22,19,17,,,,20,,9,15,11,10,15,14,,13,11,,,,16,15,,21,23,25,17,18,,18,14,13,17,17,15,10,11,,12,,15,15,,15,18,,20,18,17,,17,19,19,15,14,11,10,,,9,9,9,14,12,11,15,,14,,,16,,13,15,,11,12,14,11,10,9,,17,16,16,15,14,17,14,17,12,8,13,9,10,13,12,12,8,11,5,,11,8,7,8,12,12,10,12,15,13,,16,6,,,14,19,14,18,,25,17,17,19,12,,,6,7,7,5,10,11,18,15,16,17,19,15,,14,16,18,17,17,15,28,19,19,,14,10,19,19,17,16,12,15,16,16,15,13,12,14,,12,13,12,13,12,12,12,13,3,,5,4,4,5,,3,3,3,7,3,4,5,13,9,10,13,7,,14,17,11,7,7,8,2,10,11,5,12,,,12,11,10,9,10,13,4,6,18,20,18,18,20,25,21,21,21,21,23,22,7,6,9,6,5,18,,17,21,21,15,15,14,17,,,19,12,19,22,15,,18,21,14,13,,,15,16,11,13,15,24,13,17,23,18,11,,9,7,6,8,8,12,4,6,3,4,8,4,18,18,17,17,18,21,13,15,,18,14,18,19,,22,14,19,16,,,,9,10,,,,16,14,10,20,42,22,17,,18,20,17,16,16,17,13,13,,13,14,23,7,14,13,20,,22,20,22,18,11,19,14,20,19,,16,14,18,15,12,13,15,15,16,11,16,15,22,24,10,10,12,10,,17,,17,14,14,15,21,,19,22,,,18,17,18,22,,17,16,17,,14,17,11,17,18,14,18,10,17,11,,,,14,,14,13,,16,21,17,18,8,8,6,20,17,23,,16,,,15,,15,22,14,8,9,10,11,8,,14,13,14,11,16,10,15,13,13,11,13,12,19,6,9,7,12,12,13,8,,10,12,11,,14,14,,16,15,13,16,14,,16,9,,,21,20,,9,,9,10,11,12,5,8,,9,9,,19,20,,29,,15,22,19,,14,12,10,13,9,,12,12,13,16,20,11,9,23,17,14,17,12,19,11,16,23,10,10,10,30,22,19,26,26,15,12,12,12,15,13,13,10,10,,12,9,7,8,13,8,20,13,16,20,16,18,17,15,,19,16,21,,19,16,16,9,9,,10,10,10,,10,,13,8,8,11,15,14,12,,,,19,,22,,13,15,18,,17,21,17,13,12,,11,,10,8,13,16,15,12,,24,23,16,21,21,20,,16,,,14,9,8,7,,20,37,26,25,16,5,5,14,19,24,25,24,26,23,8,9,13,11,15,17,10,13,13,13,10,,26,15,23,25,19,18,16,11,,,,,9,8,,10,15,15,9,12,12,18,16,13,17,16,10,7,9,17,15,13,,14,15,16,,13,13,,15,20,18,20,21,19,18,15,23,18,17,12,13,,10,11,61,39,17,16,13,6,5,,8,8,14,11,13,13,17,11,11,,8,,10,7,7,8,9,12,11,11,8,,,12,12,15,10,11,8,10,11,,,14,,13,15,10,15,17,17,17,18,15,,22,16,18,18,20,17,17,18,18,18,21,12,12,,18,15,,14,16,10,12,,,16,12,11,8,16,13,13,11,13,,,15,3,6,11,6,,1,13,14,12,9,12,17,,18,15,17,,,18,15,,11,11,9,,9,,25,19,,,8,13,,,19,21,28,,,10,16,5,3,16,16,15,19,16,19,19,13,10,13,13,13,18,17,19,18,17,18,19,20,,21,16,13,,7,9,13,15,16,15,15,12,8,14,4,17,,,15,20,15,23,13,28,13,26,18,16,13,34,22,19,23,22,23,,,9,50,50,58,9,10,,42,19,12,,17,17,17,,17,20,15,13,10,19,16,19,11,18,11,16,14,12,9,15,,8,7,10,8,19,16,,15,,16,,,,4,7,6,6,10,10,,10,,16,16,15,8,10,12,10,6,17,17,27,12,12,10,9,8,18,15,12,12,10,,9,12,18,15,17,18,3,19,12,10,15,13,14,19,18,,8,21,20,23,17,12,15,15,14,13,20,19,20,18,18,,19,9,18,13,14,13,14,10,22,24,20,,13,17,18,,15,14,17,19,,16,18,15,,13,17,15,18,17,16,16,17,14,15,18,15,17,,21,21,18,16,16,,17,15,11,17,20,7,14,18,20,18,19,22,,18,17,20,,12,18,,16,7,12,11,,10,9,9,1,7,18,16,,,21,,23,,25,25,26,,8,6,7,6,8,12,11,18,15,16,18,16,23,24,12,16,23,19,28,17,19,15,22,21,9,9,10,20,18,25,22,7,14,10,12,15,10,45,48,45,44,23,23,23,13,28,19,19,25,25,28,41,40,17,10,10,10,,8,7,12,8,11,6,14,14,13,8,8,8,8,8,7,,,16,17,20,,21,9,7,6,7,17,,11,12,9,,,,,14,6,6,6,8,10,11,17,,7,38,8,8,8,11,10,13,17,10,14,,,,,9,10,13,9,8,7,16,,14,7,10,14,16,8,6,4,11,9,17,13,14,11,,12,15,6,6,9,6,9,7,12,,10,6,,11,6,,4,5,3,,12,,8,,4,5,11,18,15,17,12,10,11,11,8,11,9,10,,15,8,5,8,8,21,,30,38,12,8,38,43,,13,14,10,10,5,,16,16,10,,13,15,14,15,6,9,15,,11,12,,16,12,,10,31,29,9,14,7,,13,6,10,13,13,14,21,10,30,,,11,18,14,10,,6,14,13,15,20,10,3,13,29,23,21,13,12,,9,14,19,23,10,16,14,,15,,11,22,22,20,12,10,62,9,18,21,17,13,16,8,,,18,13,15,19,,16,15,18,13,,13,24,,,4,20,17,10,24,18,7,5,8,16,17,18,20,14,25,,24,16,,13,14,11,12,5,32,18,18,16,15,9,12,8,22,10,16,12,21,14,12,17,5,24,11,14,23,14,13,7,23,14,15,13,13,11,7,15,18,18,12,22,12,13,17,18,20,12,9,,16,8,10,5,7,8,7,,13,13,12,21,13,15,7,21,20,16,22,22,19,14,9,9,19,16,12,,14,19,19,19,8,,57,11,11,12,11,14,13,14,11,15,13,11,15,16,11,7,,22,,14,11,6,21,14,10,14,13,12,13,11,8,5,6,6,7,16,15,3,15,6,10,11,15,5,23,25,24,23,16,21,18,14,9,11,11,13,10,13,11,,10,11,8,10,7,8,7,14,12,14,13,18,15,4,13,17,12,11,9,14,14,10,8,16,26,16,13,15,10,10,23,22,16,12,9,10,23,18,4,20,21,16,21,11,23,24,28,14,46,21,15,14,14,13,14,19,18,,11,23,19,17,21,18,20,18,15,18,20,15,17,16,13,18,12,19,3,10,12,14,13,18,,11,10,8,9,6,11,7,10,14,5,9,5,10,12,26,18,21,22,23,27,15,12,16,11,17,18,16,14,18,13,,18,12,21,26,23,16,8,12,7,6,19,11,13,13,16,10,18,20,16,14,16,,22,18,15,17,14,6,30,21,21,14,19,18,14,,11,13,22,15,8,12,14,13,17,,23,27,22,33,31,10,13,9,7,11,12,,12,,15,17,,6,10,12,8,20,20,15,14,,11,18,14,10,,,12,18,10,11,13,21,36,30,32,21,15,12,23,26,19,32,22,16,24,17,14,14,17,10,15,20,18,12,25,31,23,9,15,13,19,16,11,9,17,198,173,8,12,14,17,7,23,15,4,15,8,10,11,9,15,19,,16,14,13,16,13,9,13,6,11,25,17,17,20,11,17,14,17,13,17,15,21,15,11,,8,36,8,15,18,21,16,12,13,14,15,15,12,13,12,18,21,20,14,24,14,7,34,41,13,17,12,21,14,11,13,16,16,15,18,6,13,8,23,23,8,2,13,26
20210719,11,PM10,17,20,20,20,24,24,20,33,36,26,20,28,,,67,,68,53,73,,55,,33,10,,,46,,17,47,26,20,31,26,20,,75,70,,68,58,19,22,21,,20,,46,44,44,36,37,36,45,41,43,27,,32,36,31,56,44,49,,48,77,72,,74,53,44,37,43,,,15,20,19,29,34,,19,24,31,22,27,30,,22,27,,,29,36,31,29,19,21,22,,22,22,26,24,18,,35,18,,12,11,16,19,15,13,18,13,25,26,42,27,29,15,11,39,17,24,28,34,32,,40,,47,54,46,32,45,36,17,22,19,24,21,,64,30,17,16,35,29,41,27,41,38,34,41,36,24,,17,16,22,56,20,15,24,25,23,,15,27,,,,46,38,,49,53,39,,,,51,,22,22,28,22,29,27,,27,37,,,,28,25,,22,39,30,46,34,,35,33,37,27,29,21,23,20,,20,,45,37,,41,29,,45,29,26,,33,44,32,26,,15,22,,,9,30,15,38,43,41,37,,20,,,34,,22,26,,30,23,23,11,11,16,,49,35,25,38,76,27,38,24,56,51,59,56,56,68,61,44,51,58,25,,25,16,19,20,9,,34,47,55,52,,68,47,,,44,29,51,,,70,59,73,39,9,,,7,5,9,12,12,9,43,36,35,39,42,44,,40,40,25,32,33,24,29,27,31,,31,20,46,32,33,28,38,34,30,35,45,30,27,27,,26,34,34,23,26,29,23,20,4,11,6,13,10,10,,5,4,6,13,4,6,3,9,28,22,37,36,,34,31,29,18,22,21,9,24,22,19,27,,,27,21,25,16,21,26,7,12,18,35,27,21,51,66,56,40,37,53,,28,24,17,24,27,25,14,,14,15,7,18,12,10,16,,,16,7,19,22,21,,45,80,47,56,,,53,54,44,46,63,53,61,53,48,46,51,,25,11,11,17,15,13,11,12,17,18,16,28,39,30,36,34,36,25,27,24,,80,32,41,45,,37,26,57,52,,,,33,12,,,,37,33,61,52,64,47,34,,82,40,29,36,42,36,27,29,27,34,36,34,12,27,19,37,,31,44,42,38,44,31,24,,39,,15,20,25,26,24,26,29,22,20,17,26,32,25,,26,32,37,28,,17,,31,19,22,29,33,,35,34,,,42,35,26,48,,25,33,46,,39,37,31,27,34,24,19,22,17,31,,,,22,,27,28,,33,36,29,39,9,9,7,19,15,17,,17,,,27,,18,34,30,14,20,19,15,18,,32,33,43,47,43,44,31,46,36,48,27,39,33,8,5,8,31,33,,27,,31,18,23,,45,40,,26,13,28,30,35,,34,15,,,70,44,,23,,15,18,46,35,12,11,,14,16,,51,34,,45,,41,28,33,,33,23,19,26,24,,17,19,15,31,28,13,14,41,28,15,34,12,34,26,17,32,41,14,21,26,38,20,30,43,22,26,24,88,28,32,55,35,41,,34,26,16,,25,20,29,32,19,23,19,46,43,39,,38,33,30,,29,32,25,24,29,,36,35,19,,4,,13,12,12,21,29,35,45,,,,36,,35,,19,26,,,32,25,47,15,17,,14,,29,24,21,37,35,42,,27,39,27,32,31,,,27,,,16,14,21,4,,27,59,58,60,26,19,22,43,40,47,54,,64,54,19,16,17,17,20,17,19,33,30,26,19,,99,29,68,79,21,15,17,12,,,,,14,18,,13,14,30,25,26,22,11,39,42,34,31,33,12,9,23,38,38,,12,10,28,,22,22,,20,7,26,19,16,26,20,10,2,39,29,31,44,,54,58,493,29,39,40,,21,58,,19,87,42,43,27,27,35,,,,12,,,12,12,9,5,18,,,,,,11,11,15,,,5,,22,,,18,,38,23,24,22,22,18,12,30,20,,20,19,25,28,28,30,27,22,21,37,34,12,13,,64,42,,32,33,14,19,,,24,23,12,12,27,50,,71,,,,39,14,11,20,18,,11,19,17,29,26,26,25,,41,30,29,,,43,45,,28,23,25,,31,,96,50,,,37,29,,,46,43,35,,,27,21,,20,24,35,16,39,38,40,52,41,24,26,,27,30,21,27,25,37,26,48,36,,42,,19,,12,,38,28,28,19,30,25,37,26,27,48,,,65,,26,21,28,15,19,23,6,17,29,12,52,27,47,31,42,,,10,39,31,32,34,39,,20,32,33,,29,51,46,,41,55,23,32,46,31,19,23,42,60,46,60,43,45,35,31,,15,34,23,13,44,41,,50,,53,,,,26,41,34,,29,37,,37,,41,38,35,22,21,19,32,17,18,19,22,23,11,20,31,36,23,19,26,38,18,,61,24,45,29,52,45,,36,33,33,36,34,32,33,34,,,55,33,28,20,42,28,28,35,37,35,26,37,22,38,,38,44,40,47,43,44,44,42,48,16,46,,40,46,48,,46,75,50,49,,49,31,24,,30,,44,36,39,21,24,28,21,29,31,19,42,,44,18,38,29,35,,44,31,,20,22,42,24,18,24,25,55,33,,24,24,28,,25,30,,36,25,24,25,,3,9,20,29,32,45,42,26,,37,42,60,54,46,52,69,,13,17,15,11,28,22,32,27,32,37,34,59,29,38,25,26,29,37,39,43,34,29,52,32,16,12,24,40,48,54,65,45,35,62,39,35,37,65,85,78,63,38,35,40,83,67,29,26,,27,25,68,77,28,44,20,14,,15,34,22,23,32,,23,11,9,,25,33,26,16,13,,,16,22,22,,32,24,17,16,27,38,,24,19,26,,,,,30,14,9,15,11,22,14,16,,23,14,17,29,25,36,23,22,48,27,75,,,,,15,13,30,22,15,11,29,,24,13,13,28,26,13,23,14,21,17,20,,,36,,13,10,,8,4,8,22,14,22,,17,34,,14,10,,24,12,12,,48,,20,,13,14,30,56,32,24,19,20,23,19,,43,32,18,,28,30,6,26,27,67,,608,667,32,27,273,266,,17,22,16,40,10,,56,36,36,,13,17,14,29,30,14,29,,29,42,,53,17,8,,43,47,37,130,4,,63,20,30,14,14,12,12,30,17,,,67,59,52,24,,21,73,37,208,48,28,13,28,64,16,32,17,29,,28,36,36,38,16,20,45,,19,,17,46,66,30,17,19,449,41,52,19,31,14,38,13,,,20,43,,53,,32,26,35,38,,36,64,,,20,30,22,19,44,51,14,7,,37,20,11,16,7,34,,67,39,,19,43,51,32,19,31,32,29,4,14,28,37,,56,46,66,10,49,23,20,23,19,34,42,26,7,7,19,32,65,31,22,7,,41,6,24,22,22,37,34,14,29,38,22,49,38,38,,30,28,24,18,1,15,17,,26,35,43,32,36,24,11,33,41,41,167,44,28,44,,35,47,38,33,,15,33,79,44,24,,229,21,12,16,14,10,16,13,23,12,15,17,26,108,27,15,,42,,31,17,18,40,28,22,31,28,29,33,33,24,7,14,15,5,25,30,9,19,14,11,26,40,9,63,74,40,46,38,52,32,35,36,29,35,23,15,50,37,,6,15,10,7,9,13,17,15,48,25,8,16,8,12,18,11,53,46,27,19,30,33,8,41,29,24,9,17,29,17,38,38,53,,11,14,24,,11,21,22,51,33,17,39,42,61,45,38,81,18,15,28,15,23,20,53,,19,32,26,20,36,21,39,34,20,18,43,26,,21,19,12,19,36,12,24,87,34,31,127,,17,,13,22,12,9,16,24,23,6,30,5,19,19,44,63,29,56,78,72,38,54,31,36,38,40,46,38,44,50,,51,16,42,45,9,20,8,7,12,14,33,36,37,17,34,16,19,37,54,22,19,,38,37,29,34,,14,64,41,36,32,34,19,24,,13,23,58,20,11,,18,28,26,,39,45,24,58,42,20,27,26,8,18,24,,,,36,16,,33,17,11,11,37,36,27,43,,24,,30,7,,,27,40,34,14,35,49,73,59,,20,43,26,47,54,66,102,57,49,64,70,38,36,,9,30,41,28,16,37,24,24,14,32,24,,25,26,22,44,576,628,16,24,22,40,11,125,21,17,16,19,24,27,49,41,45,,39,38,8,5,45,41,21,10,7,30,32,19,52,24,58,27,28,30,45,32,33,30,36,,36,23,18,33,33,,46,41,15,18,31,35,32,20,20,48,54,36,60,54,51,30,86,61,15,39,19,30,,,20,41,,43,58,32,46,12,51,51,21,6,34,14
20210719,11,PM10_24h,19,23,24,20,22,22,20,29,29,21,24,23,,,45,,42,42,51,,43,,34,33,,32,36,,27,23,23,17,23,22,18,,50,46,,43,48,21,36,32,,40,,23,25,32,27,30,33,32,22,27,18,,24,22,22,38,35,37,,36,34,31,,41,38,36,39,19,17,,11,16,16,19,25,,17,21,22,23,24,21,,26,22,,,23,29,30,31,28,39,39,,42,32,41,35,36,,36,26,27,20,21,18,21,17,23,24,16,41,40,61,38,32,22,18,45,30,41,20,28,25,,32,30,36,32,30,23,37,34,25,25,22,27,24,,34,22,22,23,34,26,34,29,37,39,29,35,28,22,,21,20,28,41,20,23,20,20,21,25,22,20,,,,35,30,,37,38,31,,,,48,,25,34,28,20,25,28,,27,34,,,,29,33,,34,37,41,31,28,,27,25,25,18,22,24,25,19,,18,,31,26,,37,25,,42,32,34,,43,42,34,33,22,17,19,,,13,20,17,30,26,28,41,,24,,,30,,27,26,,24,24,21,16,16,18,,31,30,30,37,39,28,33,29,22,20,27,25,26,29,24,23,24,21,14,,24,18,22,20,26,28,26,29,39,24,,40,28,,,27,29,33,39,,39,33,32,31,14,,,10,12,13,14,12,18,28,25,27,25,28,30,,30,25,26,30,32,25,32,25,30,,33,19,27,22,27,26,24,28,21,23,28,21,31,29,,30,36,27,28,29,28,26,25,10,13,13,14,12,16,,11,11,13,19,6,9,8,9,32,25,31,25,,32,35,28,17,21,16,15,26,21,22,21,,,26,24,25,24,22,23,15,17,30,34,31,30,44,45,42,34,42,40,42,42,16,13,22,17,14,24,,33,31,26,36,30,24,30,,,31,25,33,40,36,,28,37,24,28,,,30,25,25,26,39,38,38,40,34,27,35,,22,11,13,16,16,12,8,12,10,10,16,12,29,28,33,36,29,27,26,24,,42,24,34,31,,38,34,47,45,,,,22,15,,,,27,37,61,68,61,59,57,,77,31,19,30,29,26,10,18,16,23,20,29,10,19,17,38,,52,38,42,34,49,45,26,34,46,,26,27,24,25,24,22,27,23,22,14,27,30,29,34,24,27,30,25,,27,,31,16,19,26,38,,40,36,,,32,32,28,44,,26,30,29,,33,40,29,28,26,25,23,21,24,29,,,,23,,22,34,,33,32,15,36,10,13,12,29,24,29,,24,,,27,,25,32,28,23,23,37,24,19,,26,24,24,22,36,23,28,24,22,36,23,23,25,14,16,17,31,30,28,18,,21,21,23,,30,29,,27,26,30,25,25,,37,18,,,37,35,,22,,17,19,26,27,14,19,,17,17,,25,20,,27,,31,21,21,,25,16,20,26,18,,22,27,25,35,34,20,18,46,34,23,34,19,37,27,29,45,30,20,32,41,52,33,41,41,24,26,22,30,28,16,31,18,27,,25,22,19,23,32,20,33,28,25,31,22,31,32,29,,36,34,45,,31,23,20,21,18,,23,19,8,,9,,24,12,12,24,25,21,21,,,,31,,33,,18,18,14,,31,27,32,24,26,,25,,25,20,26,30,33,32,,29,34,25,24,27,25,,24,,,20,20,20,14,,30,44,43,34,25,23,15,29,33,34,40,39,39,35,16,15,21,25,25,21,20,24,25,24,20,,34,29,33,40,21,17,19,15,,,,,28,25,,27,24,22,30,20,15,18,26,31,31,33,29,14,10,28,24,24,,21,25,31,,25,25,,30,36,34,37,37,34,34,36,33,31,22,23,30,,40,39,315,45,39,31,38,12,19,,18,38,48,40,41,24,27,32,32,,18,,12,13,13,15,16,21,19,31,22,,,23,21,22,20,17,11,13,19,,,22,,29,27,23,26,28,27,31,30,24,,33,32,30,31,35,27,26,28,28,32,31,17,19,,53,34,,34,34,23,17,,,17,16,13,18,23,27,25,27,23,,,35,24,16,21,16,,25,19,25,27,29,27,18,,24,21,26,,,32,31,,24,22,27,,37,,50,47,,,32,21,,,50,39,38,,,22,26,17,11,26,25,17,33,34,28,36,30,19,26,26,33,40,34,39,35,36,29,42,38,,48,34,22,,19,29,37,32,27,23,23,22,20,27,21,32,,,49,29,33,42,27,34,29,32,20,16,26,40,44,30,45,40,31,,,12,59,56,67,19,21,,36,22,19,,25,30,28,,31,43,20,26,21,32,17,25,22,36,21,34,20,24,17,18,,15,22,10,18,35,30,,26,,23,,,,13,15,12,13,16,22,,22,,28,30,27,23,22,23,28,16,32,26,47,25,11,16,18,18,29,27,33,29,24,,24,26,28,25,28,30,5,32,20,22,22,20,34,30,31,,21,37,35,37,21,26,25,22,26,33,34,33,31,29,34,,36,37,33,24,28,28,28,25,45,51,43,,18,24,25,,26,37,30,30,,30,28,23,,21,24,27,26,28,23,22,24,21,23,28,27,30,,25,21,22,29,33,,34,30,18,28,19,22,20,19,22,23,37,23,,26,31,29,,20,22,,27,20,25,18,,8,12,17,17,24,37,37,33,28,32,30,32,36,37,40,38,,13,15,14,19,20,22,22,27,28,33,40,36,32,43,23,28,47,52,47,23,25,22,40,33,18,15,13,35,37,46,46,20,36,19,26,31,32,65,72,62,62,36,28,37,37,44,32,29,36,39,57,71,66,28,27,19,18,,18,17,14,14,20,17,23,27,24,15,17,17,16,12,16,,,24,27,32,,38,21,17,15,21,31,,21,15,19,,,,,26,16,15,16,15,18,22,19,,20,37,24,16,18,35,15,13,28,20,21,,,,,22,23,20,14,14,15,24,,26,13,15,19,24,13,21,12,17,12,15,16,17,19,,15,16,11,10,19,16,20,13,15,,11,15,,8,14,,9,8,5,,33,,15,,13,8,25,41,37,39,19,20,26,20,17,26,22,19,,34,31,9,22,26,48,,116,133,16,25,247,262,,18,26,28,34,16,,38,34,25,,15,18,21,19,16,19,34,,27,36,,40,25,19,26,99,89,47,59,13,,44,28,31,32,36,44,63,68,67,,,43,38,46,26,,15,51,48,73,37,26,13,31,37,34,35,15,18,,37,29,34,51,16,25,34,,14,,20,40,38,27,27,25,294,37,30,39,42,27,34,14,,,24,34,27,41,,33,24,40,26,,32,48,,,18,33,35,14,29,32,18,20,18,33,24,28,35,25,21,,49,27,,27,29,28,19,22,35,23,33,15,24,24,23,18,43,26,32,25,39,30,12,30,13,38,32,21,23,21,15,11,48,26,23,23,21,20,13,22,21,21,24,30,22,28,35,24,40,24,24,,27,18,22,20,14,16,14,,23,50,31,23,15,21,17,32,44,37,89,38,34,32,24,25,40,34,22,,23,49,58,73,33,,263,25,15,21,19,22,24,21,24,19,19,19,31,61,35,24,,37,,36,13,17,33,26,19,31,35,33,29,27,18,12,16,14,8,35,33,15,24,12,18,23,35,25,47,44,37,38,27,38,25,32,15,21,25,17,17,23,23,,7,23,14,16,23,16,17,25,23,21,20,17,23,20,17,19,25,23,14,18,31,16,20,36,32,31,30,21,31,18,43,41,35,21,12,12,31,28,8,14,20,37,30,17,39,38,45,30,69,39,24,24,28,19,27,35,38,,22,35,29,38,37,31,36,25,17,24,29,27,34,24,25,22,17,27,14,48,63,44,47,71,,24,20,15,19,16,11,21,27,26,13,20,12,21,23,37,30,24,44,42,51,32,28,28,21,27,26,31,25,32,22,,24,16,30,44,34,27,18,9,18,25,38,28,22,20,27,20,25,44,29,29,28,,38,34,26,35,16,15,54,44,37,32,33,28,28,,20,29,43,22,15,26,26,24,31,,32,32,35,50,42,14,24,18,15,25,22,,25,,23,25,,17,25,17,14,30,34,32,23,,21,34,28,11,,,18,47,23,30,31,44,63,53,50,14,25,16,38,40,73,71,48,48,51,49,30,24,28,14,24,18,27,24,32,39,29,17,23,22,27,23,31,14,64,869,938,14,22,23,27,20,66,30,14,21,16,25,28,29,30,40,,33,37,12,13,33,27,31,12,13,37,34,27,35,31,40,31,41,25,41,27,40,31,27,,22,35,15,55,24,27,24,30,27,26,28,24,23,15,14,40,31,35,47,46,21,16,58,47,18,30,20,30,30,27,26,26,29,31,43,25,43,14,45,37,14,5,25,37
20210719,11,SO2,1,3,3,3,3,2,3,3,1,1,3,3,,,8,,5,5,7,,4,,6,8,,5,8,,5,3,3,5,4,3,5,,3,7,,6,3,7,3,3,,1,,4,5,3,5,8,4,6,5,4,4,,7,9,7,8,9,8,,7,5,7,,7,4,8,6,11,5,,5,7,3,3,3,,5,3,,2,3,1,,9,9,,,6,8,9,9,9,11,12,,11,13,9,8,8,,8,10,,5,6,9,9,8,6,5,4,4,4,4,4,3,4,5,3,4,4,12,9,12,,12,,18,14,11,11,10,14,1,3,6,4,7,,3,5,6,5,4,8,4,8,9,1,1,5,1,8,,2,8,3,1,2,3,5,12,10,8,6,6,,,,8,8,,5,8,6,,,,12,,4,4,3,6,2,3,,5,10,,,,5,6,,9,5,6,5,4,,5,1,3,3,7,3,6,5,,3,,4,4,,5,7,,6,4,4,,6,4,6,4,6,7,15,,,7,6,7,5,4,5,3,,6,,,6,,8,5,,3,3,4,5,3,4,,4,4,4,4,4,6,6,6,6,9,13,8,12,6,9,7,7,10,2,,4,4,4,3,2,,7,12,6,13,,14,5,,,3,8,10,10,,6,7,9,4,5,,,6,4,6,5,5,5,3,3,3,2,3,3,,3,3,3,2,4,4,6,5,5,,4,5,8,6,6,6,7,8,5,5,8,6,5,5,,5,8,7,5,7,5,6,6,4,4,5,5,8,2,,6,4,5,6,5,6,5,5,7,7,5,6,,6,5,5,4,2,2,2,7,6,4,8,,,8,8,7,4,5,7,5,9,8,12,9,8,9,13,10,8,8,22,,5,7,4,4,5,5,4,,4,14,6,5,10,7,4,,,16,7,3,2,3,,8,4,9,4,,,7,19,9,3,8,6,6,6,8,7,7,,6,6,5,6,8,8,7,8,10,6,7,8,7,4,3,4,5,5,3,4,,4,4,5,6,,33,3,17,20,,,,15,4,,,,6,12,9,5,6,10,19,,19,13,16,16,10,10,6,13,5,7,6,2,5,9,6,6,,8,5,8,6,8,10,8,,9,,6,2,6,3,4,,5,4,2,1,2,6,2,,3,4,4,4,,17,,8,5,4,7,6,,5,13,,,8,5,6,11,,5,6,,,16,7,5,9,5,6,8,6,7,11,,,,3,,5,10,,9,16,11,9,4,5,1,4,2,4,,7,,,6,,6,12,9,8,8,8,9,9,,12,10,11,10,7,16,5,17,19,14,7,5,4,6,6,8,5,7,,8,,5,5,4,,9,8,,7,4,5,6,14,,8,5,,,3,5,,4,,15,9,15,35,10,5,,9,9,,4,5,,7,,9,9,15,,13,8,8,12,5,,5,4,3,12,4,5,3,12,5,10,6,19,10,7,11,15,6,6,5,5,5,6,18,6,7,6,6,,5,5,7,7,5,,5,5,5,4,1,3,4,6,4,8,3,11,7,8,,5,4,4,,8,7,7,9,5,,7,25,6,,4,,1,4,6,3,4,3,2,,,,3,,4,,1,1,,,2,4,4,3,3,,4,,5,5,7,5,2,2,,6,5,8,6,9,8,,5,,,9,1,3,2,,11,14,10,16,12,6,6,5,14,12,30,10,18,11,3,3,8,6,2,5,12,6,8,4,5,,36,12,29,28,8,7,16,8,,,,,6,,,5,4,8,6,,1,4,20,15,14,14,13,5,4,6,8,6,,9,2,2,,3,2,,,3,2,1,4,3,5,2,3,5,9,4,4,,8,6,10,4,7,12,,6,7,,9,6,5,5,4,5,8,,,,7,,,4,4,4,4,8,,,,,,4,4,2,,,5,,5,,,7,,6,7,8,6,8,9,8,7,,,10,4,6,6,8,9,7,6,5,2,4,5,8,,6,6,,4,7,6,6,,,7,5,5,7,6,3,,6,4,,,3,8,5,2,5,,8,8,,11,10,14,4,,4,5,8,,,5,6,,16,16,6,,7,,24,16,,,6,4,,,12,6,19,,,1,,14,15,5,9,5,7,7,4,7,5,6,5,,6,5,6,6,9,5,8,3,7,,8,,5,,10,,8,12,3,4,8,6,6,6,4,18,,,8,5,5,6,8,7,7,4,5,16,8,5,10,8,9,6,21,,,3,3,4,4,12,10,,3,13,13,,14,17,7,,6,6,10,10,8,2,2,6,4,25,6,24,19,7,4,5,,5,4,7,7,6,,,3,,7,,,,8,7,8,2,4,3,,6,,,8,7,5,4,4,2,7,2,5,,6,4,8,17,7,6,10,8,5,7,,12,8,7,10,12,10,8,9,28,14,24,4,6,10,6,,,31,16,6,8,4,4,5,1,14,8,4,16,8,,,7,5,3,6,6,6,7,6,,12,9,,5,2,2,,3,3,5,6,,11,8,1,,6,4,5,6,5,7,5,6,7,7,6,6,2,,16,4,8,14,8,,16,14,,3,5,,2,5,6,4,7,11,,4,4,1,,5,4,,23,6,5,5,,5,3,1,8,8,22,8,4,,12,8,39,13,13,23,20,,2,3,6,9,14,16,19,32,35,16,12,7,6,16,7,4,4,2,2,,4,6,6,2,3,5,7,8,9,,12,8,8,10,,10,10,6,10,3,6,5,7,4,23,30,10,10,,7,8,14,16,9,5,5,5,,3,6,7,8,6,,8,13,10,6,8,10,4,8,11,,,5,5,6,,6,8,11,7,10,4,,9,7,9,,,,,9,9,13,13,10,14,10,11,,7,8,11,9,7,8,4,5,17,,12,,,,,5,6,6,6,13,9,2,,4,5,5,11,11,6,7,8,7,7,6,6,,46,,9,6,5,4,5,8,5,12,18,,9,6,,7,9,,10,6,5,,6,,9,,8,9,12,36,8,9,5,6,8,7,,13,2,5,,14,17,4,6,7,7,,5,5,4,3,4,3,,6,7,6,1,26,,3,5,7,,10,11,10,12,12,16,7,,5,9,,10,2,3,2,5,7,26,24,7,,13,4,10,3,6,8,5,8,4,,,17,12,18,13,,3,12,12,8,16,5,9,7,10,8,7,14,6,,1,,14,6,6,7,4,,3,,4,13,5,5,7,8,32,14,7,6,13,5,4,4,,,11,5,3,6,,8,10,8,22,,4,4,,,2,8,7,5,7,4,4,3,8,8,4,2,7,5,4,,4,7,,7,8,11,15,5,12,4,6,5,4,5,1,2,8,8,26,4,,9,2,12,9,6,9,7,6,4,5,6,25,5,6,6,,8,11,6,5,8,1,1,11,15,6,6,,9,1,,2,7,4,5,8,3,4,,1,26,6,8,6,5,10,2,12,11,9,4,5,5,15,15,2,3,5,,5,30,22,19,23,,34,4,8,4,4,5,4,5,2,6,3,7,4,26,22,7,,5,,6,5,5,11,1,7,8,8,6,9,9,8,6,7,4,8,7,9,7,6,8,5,9,6,6,7,2,5,2,11,9,3,10,4,6,6,2,2,3,2,,3,2,6,3,11,2,13,6,6,7,4,9,10,9,7,8,11,4,6,7,9,6,7,,3,9,10,6,3,3,8,4,3,9,4,7,2,6,9,5,7,18,6,5,10,12,73,17,8,24,6,6,3,7,6,10,8,,4,3,3,8,16,3,7,7,6,6,6,8,,6,3,5,2,7,1,7,18,21,10,9,,6,,6,9,3,6,8,9,6,6,4,4,6,4,7,3,12,1,3,3,4,8,8,8,7,3,3,3,3,2,,1,1,4,7,68,14,8,5,14,15,13,4,7,5,9,6,10,,10,3,9,,4,16,12,10,,4,7,13,7,6,8,5,7,,5,23,6,8,3,2,1,3,5,,10,2,10,16,53,5,4,3,4,5,4,,,,8,2,,7,5,2,,5,8,6,4,,3,49,32,10,,,6,15,1,6,1,2,3,11,,1,3,8,3,7,5,11,7,11,6,8,3,1,,2,6,3,5,,9,7,7,4,4,6,,5,10,9,15,1,3,5,4,4,12,2,29,6,7,11,3,8,8,10,33,33,,8,6,1,6,5,11,7,8,6,10,4,9,4,1,11,3,3,7,9,7,5,6,4,,3,3,5,2,6,,4,4,3,1,1,3,3,6,19,9,7,6,16,7,7,6,2,4,1,3,3,3,,,8,6,3,6,7,6,8,5,9,6,8,6,14,7
20210719,11,SO2_24h,1,3,3,4,3,2,3,3,2,1,3,4,,,9,,5,5,9,,4,,5,9,,6,5,,6,3,3,5,4,2,5,,3,7,,6,3,7,4,4,,2,,3,4,3,6,7,5,6,5,4,4,,6,6,7,8,9,8,,10,5,7,,7,5,4,2,11,4,,5,6,4,3,4,,4,3,2,3,2,2,,8,7,,,4,7,8,9,12,7,24,,9,15,20,16,16,,8,9,6,5,6,9,6,8,6,6,5,3,3,4,4,3,4,4,3,4,3,13,9,4,,12,18,18,17,13,16,11,15,1,4,6,3,7,,3,5,6,5,5,7,4,8,8,2,1,4,1,7,,2,8,4,2,2,3,6,9,10,7,7,6,,,,8,8,,5,8,6,,,,9,,5,4,3,6,2,3,,4,7,,,,7,6,,7,9,6,5,4,,4,1,3,3,6,3,7,5,,4,,4,4,,5,7,,6,4,5,,6,3,5,5,9,7,9,,,7,6,8,5,4,5,3,,6,,,5,,7,5,,3,2,4,5,3,4,,3,3,4,4,4,6,6,6,5,6,7,5,9,6,5,6,5,7,2,,4,4,4,3,2,5,7,9,7,5,,10,6,,,3,7,8,8,,6,5,7,4,5,,,5,4,5,5,5,5,3,3,3,2,3,3,,3,3,4,3,4,4,6,5,5,,4,5,9,6,5,5,7,6,5,5,7,5,5,5,,6,8,7,5,7,5,5,5,4,4,5,5,8,3,,7,4,5,6,4,5,6,5,8,8,6,7,,6,5,5,4,2,5,2,6,6,4,7,,,8,8,7,5,6,7,5,9,9,14,9,10,9,9,9,7,9,10,6,7,6,3,4,4,4,4,,3,6,6,6,8,8,4,,,11,8,3,2,5,,4,2,8,3,,,6,13,6,2,7,6,5,4,7,4,5,,7,6,5,7,10,9,6,7,10,6,6,8,6,4,3,4,4,5,2,4,,4,5,5,5,,23,2,10,11,,,,8,5,,,,8,10,6,6,3,8,7,,8,11,6,10,10,8,7,8,6,8,7,3,5,5,5,8,,6,4,12,6,11,12,8,7,15,,4,2,4,3,4,2,5,5,2,2,3,6,3,2,3,4,3,4,,13,,9,5,4,8,5,,4,5,,,6,4,5,8,,6,7,1,,10,7,7,9,3,7,8,6,8,10,,,,2,,5,10,,8,9,6,8,4,5,1,4,2,3,,10,,,9,,9,9,9,7,8,8,11,9,,13,7,9,8,7,10,8,9,14,21,8,5,7,6,6,9,5,8,8,6,,5,6,4,,8,8,,6,5,6,6,10,,12,6,,,3,6,,4,,12,10,10,10,9,5,,9,9,,2,4,,6,,11,8,12,,17,8,8,11,6,,6,4,4,6,3,6,3,9,8,9,8,8,9,8,12,14,7,6,6,14,13,7,24,10,7,5,7,9,4,4,6,7,5,,4,5,4,4,2,3,3,6,3,8,3,9,6,6,,6,4,13,,9,7,6,5,5,,11,13,4,,4,,1,4,6,3,3,3,2,,,,3,,3,,2,2,2,,2,4,6,3,5,,7,,6,5,7,5,2,2,,7,6,8,6,8,8,,5,,,8,1,3,2,,10,12,9,12,10,6,5,8,9,8,10,9,7,7,3,3,10,7,5,4,8,8,9,3,4,,14,17,15,10,5,8,9,6,,,,,7,8,,6,3,7,6,5,3,4,6,6,6,6,6,5,4,6,7,5,,9,2,2,,3,2,,3,4,3,2,4,4,5,3,2,5,10,5,4,,11,11,9,6,17,7,6,5,6,,7,5,4,5,4,5,9,4,4,,7,,3,4,4,4,4,8,8,9,11,,,5,4,2,4,4,5,3,4,,,7,,5,8,8,7,9,10,10,10,8,,7,4,8,7,9,9,7,7,5,2,4,5,9,,5,6,,8,7,7,7,,,7,5,5,7,6,3,4,6,4,,,3,9,5,3,5,,8,11,5,11,10,10,4,,4,5,5,,,3,7,,13,12,8,,6,,21,21,,,6,5,,,13,10,17,,,2,4,12,11,6,8,6,6,8,3,7,5,6,7,9,7,7,4,6,5,4,8,2,7,,8,8,6,,14,12,10,12,3,4,9,6,6,8,5,7,,,9,4,5,6,7,11,6,2,5,11,10,6,7,8,8,6,6,,,2,3,4,5,7,9,,5,12,11,,13,14,5,,4,6,11,9,7,2,2,6,5,11,4,10,11,7,4,12,,6,4,7,5,7,7,,4,,5,,,,7,6,7,6,4,2,,9,,9,7,6,4,4,4,2,7,7,7,9,5,4,5,6,5,6,10,7,3,5,,6,9,9,8,10,7,12,11,17,16,16,5,8,16,13,,6,21,24,13,13,4,5,7,6,19,10,6,16,5,9,,8,6,6,15,6,6,6,6,12,16,18,,5,1,2,,4,3,5,3,,4,3,1,,5,6,7,7,7,6,5,7,6,7,6,7,2,,10,4,8,16,10,,21,6,4,4,5,5,3,4,7,4,4,7,,3,4,1,,5,4,,17,6,5,5,,5,4,1,7,9,23,13,8,9,12,9,11,14,16,17,13,,3,3,7,9,8,7,7,9,7,12,10,8,5,14,7,4,8,10,5,3,4,6,5,4,4,5,5,10,10,9,11,8,9,9,12,10,8,6,7,5,6,7,15,13,9,13,10,9,9,7,9,23,23,10,6,5,6,,2,5,6,6,7,11,8,10,7,8,6,4,5,6,9,,,5,6,7,,7,8,11,9,9,6,,8,6,8,,,,,7,6,7,7,6,13,10,12,,7,8,11,8,7,8,2,3,11,5,6,,,,,6,7,5,7,7,5,2,,5,5,4,6,8,6,7,8,6,7,6,5,10,11,,11,9,5,4,6,8,4,9,7,,9,6,,7,8,,8,5,4,,6,,9,,7,9,7,20,17,11,5,6,9,4,4,11,2,5,,31,29,5,6,8,6,,5,5,3,2,5,4,,6,7,6,2,22,,4,4,6,,12,9,11,11,11,15,9,,7,12,,9,2,3,2,5,7,6,7,9,,10,4,11,4,5,9,5,7,4,,,10,7,8,10,,2,8,8,9,22,5,9,7,7,5,6,12,5,,2,5,13,8,6,7,5,,4,,4,8,4,5,8,11,19,12,6,5,11,8,4,4,,,10,4,3,6,,8,15,8,13,,4,4,,,2,8,7,5,8,5,4,4,4,6,4,4,9,6,3,,6,3,,8,7,6,9,5,12,5,11,8,5,4,3,2,8,8,22,4,11,6,2,7,9,5,9,12,11,9,8,6,11,6,7,9,5,6,9,6,6,8,2,1,11,14,8,6,10,9,2,,2,5,4,6,9,3,4,,2,10,6,8,5,6,9,2,9,7,7,3,36,6,11,6,2,4,4,,15,15,13,13,19,,19,4,8,4,4,5,6,5,3,6,3,7,5,19,14,6,,6,,6,4,5,9,1,8,8,8,6,9,8,7,6,8,4,9,7,19,7,7,6,6,8,8,5,6,3,4,2,11,8,2,9,4,6,5,2,2,3,2,,2,2,5,3,12,4,9,8,7,7,6,10,12,8,5,11,11,3,3,6,7,5,7,12,4,8,12,4,4,3,8,4,5,10,4,5,4,6,11,6,7,12,7,4,9,10,35,17,9,10,7,6,4,7,5,21,4,,3,3,3,11,12,4,7,5,5,4,4,7,7,8,4,3,2,6,1,7,9,8,8,9,,6,7,6,9,3,6,8,14,6,6,3,4,6,3,7,2,9,3,2,3,4,6,5,7,6,4,4,1,3,1,,1,1,4,6,34,14,9,5,13,13,8,3,7,5,7,6,10,10,7,5,10,,5,16,8,11,3,4,6,11,6,7,7,5,14,,4,21,5,8,4,2,2,3,6,,9,8,11,10,15,7,4,3,4,11,11,,5,,5,2,,6,6,2,7,4,8,6,4,,4,23,19,10,,,6,9,2,7,2,3,4,11,5,1,3,5,4,9,5,8,7,11,6,7,3,1,3,2,7,2,3,4,7,9,10,5,4,7,5,5,7,8,11,2,2,4,6,5,12,3,24,8,7,10,4,8,8,10,14,17,,10,6,1,6,4,8,8,7,7,7,3,6,5,3,12,3,3,6,9,7,7,6,4,,3,2,4,3,4,2,2,3,3,3,2,3,3,6,10,8,6,8,11,13,10,6,3,3,1,3,3,3,7,8,7,6,2,6,6,6,8,6,9,5,8,5,9,7
20210719,11,NO2,13,9,20,6,11,24,23,8,14,12,19,20,,,25,,28,20,26,,23,,,4,,8,8,,32,23,21,26,26,22,10,,14,16,,19,10,4,2,8,,2,,11,,14,15,11,10,18,20,21,8,,10,10,11,18,14,19,,15,15,18,,18,14,14,15,18,10,,8,18,16,11,28,,14,21,24,23,18,12,,5,13,,,9,10,10,9,6,8,8,,3,11,9,8,12,,,13,16,6,6,4,,9,5,12,3,18,15,20,7,9,6,3,8,5,10,10,7,5,,10,25,20,16,16,8,7,15,11,17,11,5,8,,13,15,8,12,18,8,11,10,4,12,16,15,6,8,,6,17,5,13,11,14,6,27,2,1,5,10,,,,15,10,,6,15,9,,,,24,,15,18,8,10,18,12,,7,26,,,,,13,,20,6,15,6,6,,10,7,7,,2,2,4,4,,6,,4,5,,16,14,,23,13,12,,10,20,11,14,16,5,33,,,6,8,10,26,16,13,19,,10,,,14,,15,16,,6,7,7,10,13,20,,18,16,15,11,13,11,13,13,27,26,19,16,22,24,24,18,15,,2,,12,6,3,4,4,,9,20,14,16,,20,11,,,10,37,24,32,,24,28,30,11,7,,,4,9,13,8,10,16,20,21,9,12,22,16,,22,8,8,13,19,18,14,15,27,,17,5,21,14,10,3,4,15,15,4,11,9,24,19,,19,23,26,14,19,15,19,10,10,19,15,14,23,16,,4,14,13,8,18,35,14,19,22,17,19,26,,21,17,19,17,16,15,18,28,27,24,26,,,14,16,14,6,8,15,7,14,16,24,16,9,23,19,23,20,14,24,,13,11,6,9,12,6,14,,22,28,18,20,33,18,26,,,32,31,38,26,20,,17,35,54,44,,,40,20,31,29,20,22,17,30,34,22,21,,10,12,8,12,7,15,13,11,17,13,20,22,14,10,15,13,15,9,13,13,,11,8,18,8,,36,10,41,51,,,,32,6,,,,12,13,35,41,77,43,36,,40,17,17,23,7,12,11,15,,9,14,2,,17,11,10,,10,12,16,9,13,10,12,,10,,8,9,18,6,6,7,4,8,6,7,7,4,3,,5,5,6,4,,9,,5,6,10,6,4,,8,14,,,10,13,15,14,,2,10,13,,12,3,5,10,10,29,16,17,12,30,,,,6,,5,7,,7,10,11,14,5,4,2,18,21,27,,5,,,4,,5,9,10,16,14,11,14,9,,12,15,17,14,15,15,5,10,9,7,7,9,10,,8,4,10,10,,14,,14,6,9,,12,13,,12,16,13,14,16,,13,8,,,11,9,,9,,16,7,19,15,9,2,,11,4,,20,23,,20,,23,18,22,,17,20,11,17,6,,3,5,8,16,3,6,2,10,22,5,12,7,9,5,13,,5,2,6,5,10,3,9,6,6,10,5,,6,8,,7,5,,6,8,12,8,8,6,7,,6,6,6,2,11,13,,15,7,9,,12,17,16,4,16,,13,4,4,,11,,7,10,7,8,5,6,6,,,,12,,15,,7,5,,,,23,16,5,9,,5,,12,7,20,18,14,7,,4,23,4,11,6,,,6,,,3,18,7,10,,10,25,17,22,6,7,,8,10,15,28,15,18,14,11,8,8,11,20,8,7,19,11,20,11,,54,8,48,32,8,12,16,14,,,,,4,8,,7,14,13,9,,15,14,18,19,19,,19,15,12,9,11,8,,5,5,20,,16,10,,14,7,8,14,13,20,9,7,15,5,8,6,8,,12,5,11,14,13,14,,24,34,,21,29,30,27,13,5,14,,,,5,,,4,4,9,10,5,,,,,,6,6,6,,,7,,14,,,6,,10,13,18,11,13,8,10,18,,,5,8,19,15,22,3,1,9,10,10,8,6,2,,27,14,,15,15,13,6,,,12,4,4,4,10,6,5,15,5,,,14,15,16,17,15,,8,8,8,7,10,6,8,,12,11,15,,,15,12,,12,14,7,,10,,14,10,,,12,10,,,9,6,10,,,3,5,8,7,7,7,5,6,7,,8,5,3,6,,6,3,12,9,14,5,3,8,4,,16,,6,,1,,8,8,6,3,4,4,15,8,8,34,,,31,10,6,7,13,5,5,7,6,10,10,5,15,8,20,17,21,,,4,13,5,5,5,9,,8,10,12,,6,10,5,,4,9,11,11,5,10,2,7,17,49,27,47,36,11,18,12,,9,13,7,2,15,,,9,,18,,,,8,16,7,16,4,6,,15,,,13,8,6,5,6,6,,4,5,12,6,1,7,8,6,8,9,9,17,7,,12,4,9,4,17,5,3,4,18,10,16,3,5,10,2,,,16,5,5,3,14,14,16,18,10,5,5,9,9,,,8,9,10,8,15,15,12,13,,6,9,,10,8,8,,17,14,16,8,,10,6,13,,4,11,12,8,10,11,8,12,7,10,6,6,7,,15,13,11,13,9,,10,5,,12,8,21,14,10,9,,17,14,,9,8,4,,13,10,,17,2,5,4,,6,3,8,6,7,11,6,16,,11,12,9,8,11,19,21,,13,8,15,6,10,18,16,16,19,4,4,9,3,13,6,5,1,3,1,6,11,5,35,7,4,4,4,12,20,18,11,22,11,24,,11,11,13,18,14,13,5,10,13,11,9,13,15,,18,24,12,13,5,10,10,14,,14,6,12,7,16,15,13,6,13,14,15,14,12,6,17,,,4,15,,,10,6,7,10,12,20,,15,10,,,,,,8,5,16,27,18,11,5,8,,19,10,4,12,11,25,10,18,30,,27,,,,,14,11,23,22,25,21,13,,10,13,13,17,20,9,7,6,12,9,14,,,15,,6,4,10,12,7,13,14,6,14,,6,12,,11,3,,8,19,13,,5,,15,,6,6,,15,5,8,4,6,10,5,,8,12,8,,19,15,4,13,8,39,,10,10,16,17,9,8,,6,7,8,4,7,,26,15,14,,15,9,7,37,9,7,4,,7,14,,18,10,5,7,11,19,,7,4,,47,13,17,12,9,3,11,11,7,,,39,29,27,12,,14,32,25,58,28,8,5,17,16,8,8,25,9,,6,10,14,11,10,12,11,,16,,2,15,31,7,15,12,10,24,9,4,9,6,10,4,,,12,12,5,15,,11,12,12,20,,2,6,,,8,18,19,5,16,6,5,13,11,29,9,29,21,19,27,,22,10,,10,14,23,6,6,,8,9,6,5,6,18,4,23,16,25,16,5,8,5,10,11,4,20,5,5,4,5,12,22,12,5,33,,15,14,7,5,6,4,12,26,5,12,9,17,12,8,,4,14,7,16,12,8,12,,27,14,5,12,11,2,11,8,15,13,32,15,4,11,11,9,10,13,11,,3,26,33,10,10,,11,13,14,16,14,8,13,10,18,6,4,4,11,20,6,8,,8,,9,4,3,12,4,,16,17,17,23,36,20,15,20,20,16,27,23,7,3,9,7,12,12,4,14,12,12,13,12,8,2,13,7,7,8,8,9,10,10,,11,6,6,7,6,8,12,7,17,14,16,9,13,24,4,24,38,31,21,15,15,12,4,21,11,7,14,10,7,3,5,8,7,10,14,12,4,,14,8,13,14,10,3,15,11,20,6,8,15,6,6,11,7,8,1,11,,7,7,8,12,9,9,11,15,2,3,16,13,15,11,5,6,6,11,2,18,44,16,21,,,7,,6,14,17,26,29,10,12,4,16,19,9,10,13,9,13,19,29,15,3,13,9,10,9,7,14,6,14,8,,16,2,8,6,17,9,10,6,14,18,11,21,8,13,15,6,9,11,30,4,5,,4,12,7,9,17,5,14,11,13,8,8,5,10,,7,7,15,9,1,3,5,4,8,,12,8,8,12,18,14,8,10,8,6,6,,,,16,6,,18,12,9,10,22,12,12,19,,11,9,11,4,,,9,8,25,6,26,9,15,10,9,15,6,14,10,14,16,24,6,6,12,11,1,10,,7,12,4,6,8,20,9,16,8,4,8,10,9,14,21,35,2,3,6,14,18,28,13,20,3,16,16,21,16,17,15,28,32,,11,5,12,6,9,19,8,10,4,16,19,10,9,3,17,18,14,23,23,7,18,9,11,,2,,12,6,12,24,3,11,15,13,7,10,7,14,10,10,22,16,7,13,13,5,5,17,5,11,18,11,10,,8,7,9,10,23,10,26,12,15,4,7,21,27,5
20210719,11,NO2_24h,15,8,25,14,16,21,25,10,10,12,20,19,,,17,,18,16,24,,25,,31,7,,7,11,,34,22,15,20,18,20,9,,14,19,,19,14,3,13,12,,12,,9,11,7,15,16,17,16,19,20,12,,11,9,13,25,18,19,,11,24,22,,29,12,15,12,16,15,,6,13,11,9,26,,10,25,22,21,18,17,,14,19,,,17,19,18,16,17,24,21,,14,16,19,16,19,,15,14,17,6,7,8,10,10,6,20,3,27,23,34,16,18,13,16,20,17,31,20,18,9,,21,30,30,25,29,17,20,29,13,17,14,9,16,,17,19,11,15,20,30,28,34,23,26,18,36,17,9,,6,16,8,10,13,16,7,24,2,4,7,10,,,,15,12,,8,13,8,,,,22,,13,22,10,10,19,16,,12,21,,,,18,21,,18,23,22,6,18,,8,4,7,5,6,3,5,7,,7,,4,3,,16,18,,23,15,21,,19,18,11,19,26,7,18,,,9,10,12,18,10,14,15,,11,,,18,,17,17,,9,4,8,9,14,13,,12,16,19,16,21,13,15,10,23,22,17,15,21,21,21,26,15,18,2,,10,3,4,4,7,13,8,23,22,14,,25,24,,,13,11,17,23,,17,16,15,11,7,,,6,8,6,8,9,13,16,16,9,11,15,12,,17,6,12,29,26,23,28,20,38,,25,8,23,23,26,11,14,14,25,14,24,12,28,21,,24,32,23,22,25,19,28,17,9,16,11,13,22,15,,4,13,9,9,14,11,12,12,19,20,21,22,,23,33,28,15,19,14,15,24,21,18,19,,,14,17,18,10,10,15,7,13,28,36,16,18,20,16,22,15,15,21,15,19,9,7,12,10,8,10,,22,26,19,23,34,24,14,,,30,25,33,25,21,,24,32,33,32,,,24,9,17,28,27,21,20,32,28,27,21,,14,10,10,13,11,13,9,11,11,8,16,12,19,19,30,18,27,18,23,21,,14,15,25,20,,25,12,39,40,,,,28,8,,,,22,22,44,45,45,52,37,,39,21,14,23,16,19,14,18,11,12,14,3,8,25,8,32,,22,30,30,22,17,20,15,13,18,,12,10,12,7,7,10,10,11,11,9,7,6,5,12,7,6,8,5,,14,,8,8,11,13,10,,12,17,,,10,13,11,18,,8,11,11,,10,4,6,11,7,14,12,10,14,15,,,,7,,8,10,,10,11,10,17,5,4,2,21,15,20,,8,,,7,,9,11,15,10,9,7,10,6,,15,16,15,14,26,11,10,10,11,17,9,16,18,5,7,4,18,14,13,11,,12,13,14,,8,9,,6,9,10,9,10,,27,12,,,14,13,,20,,17,12,16,19,5,2,,11,3,,15,19,,14,,17,16,13,,14,15,14,19,9,,6,8,13,16,17,8,2,14,18,6,15,5,18,10,28,29,12,10,14,15,14,10,14,12,18,18,17,12,16,8,13,5,10,,8,11,14,14,12,10,8,8,8,6,6,18,23,29,,25,22,23,,13,12,18,12,4,,17,10,2,,9,,6,10,4,7,5,7,7,,,,12,,11,,4,2,3,,15,12,8,11,14,,10,,16,17,11,12,12,9,,14,25,12,8,10,10,,11,,,4,11,8,8,,14,21,19,15,10,8,5,13,12,13,11,14,12,17,10,10,9,10,18,14,20,25,25,24,19,,16,11,27,18,11,16,15,15,,,,,10,16,,18,12,14,12,11,12,19,18,18,22,16,17,15,12,22,15,17,,13,14,22,,21,14,,16,10,13,15,15,16,9,10,14,16,18,16,14,,11,14,13,19,21,12,17,15,19,,14,22,13,12,10,8,17,17,17,,7,,6,5,5,14,15,8,2,9,8,,,10,11,9,6,4,7,4,9,,,10,,11,14,19,18,19,14,14,19,17,,12,18,21,20,22,5,3,14,13,11,11,11,4,,27,13,,16,15,11,17,,,12,8,6,8,12,6,4,10,3,,,19,15,15,16,13,,10,13,18,12,16,14,10,,14,13,11,,,14,14,,11,16,20,,20,,16,20,,,11,8,,,19,11,14,,,5,7,9,10,6,7,5,7,8,6,9,9,5,10,13,5,9,18,19,17,6,4,10,8,,18,9,16,,6,12,16,11,9,5,5,5,8,7,6,21,,,32,9,10,10,9,12,7,13,5,12,12,5,17,12,28,19,11,,,12,15,9,9,7,11,,8,20,17,,14,10,13,,6,8,8,9,5,12,2,7,23,26,33,39,20,14,18,14,,13,11,7,4,24,20,,10,,11,,,,10,15,6,18,3,4,,17,,17,21,18,7,7,8,8,8,17,11,22,8,1,7,7,5,18,23,19,18,8,,10,5,12,9,11,8,4,8,19,15,15,9,11,18,5,,10,16,13,16,15,8,11,12,12,12,6,7,8,10,13,,13,15,11,12,15,15,12,13,14,15,21,,10,7,7,,10,7,9,10,,11,7,14,,4,11,11,9,9,7,6,7,7,7,8,6,6,,8,8,7,26,18,,14,9,4,19,8,12,13,9,13,16,16,14,,10,7,8,,12,10,,12,2,6,6,,6,5,7,4,5,14,11,19,11,11,11,7,10,15,14,15,,13,10,18,10,13,14,12,12,21,7,8,8,11,17,5,8,3,6,8,6,16,10,23,14,6,4,4,18,26,19,20,12,12,13,16,15,16,19,19,15,11,9,10,12,11,16,12,15,9,15,20,18,18,7,8,7,15,,15,11,11,10,18,13,14,12,14,11,13,13,10,5,18,,,6,12,8,,11,10,7,6,14,13,,19,9,13,,,,,10,8,12,20,15,11,5,9,,28,11,9,9,11,15,9,12,18,18,16,,,,,12,11,12,14,16,18,24,,7,6,6,11,16,10,8,9,8,12,11,12,11,12,,7,8,11,12,7,15,16,8,14,,5,8,,10,9,,8,20,7,,6,,9,,6,5,8,15,19,18,7,11,15,11,4,8,8,9,,19,16,3,14,8,26,,13,14,22,22,18,14,,9,10,18,13,16,,24,15,14,,16,4,14,22,9,8,11,,12,23,,22,18,9,10,22,25,11,9,7,,34,13,17,14,11,6,13,11,8,,,29,25,26,8,,11,39,34,23,29,13,4,26,10,10,14,21,11,,22,23,13,19,11,14,13,,11,,5,19,24,11,22,17,14,20,10,13,19,6,13,8,,,21,16,7,11,,22,16,27,9,,2,5,,,11,24,25,7,18,6,8,25,2,24,9,26,15,16,20,,22,11,,19,9,14,12,6,13,11,11,8,11,14,20,7,20,7,25,20,8,14,5,13,15,9,10,12,12,10,10,11,32,15,7,32,8,10,10,8,8,7,4,11,13,12,16,16,20,15,5,,6,14,10,21,8,12,12,,32,29,7,15,10,2,6,18,17,18,24,10,16,21,9,6,8,18,15,,11,37,23,26,13,,12,18,15,16,14,12,16,17,15,7,6,10,25,18,11,10,,8,,9,5,4,11,5,9,24,29,25,26,27,16,12,16,10,9,25,24,7,8,12,14,11,10,5,13,20,19,13,24,7,2,20,5,11,15,4,5,11,10,,11,4,9,8,8,18,12,9,11,13,15,8,18,18,3,22,18,27,18,10,17,8,5,25,13,12,20,12,11,6,13,14,10,17,13,11,13,13,9,10,14,10,10,6,14,13,20,13,13,15,12,10,15,7,8,10,17,,8,7,10,30,16,28,18,16,5,3,18,17,19,15,6,12,5,10,3,17,53,17,31,27,,18,7,9,12,11,13,26,11,15,5,16,15,14,11,13,9,11,17,19,22,6,11,22,12,9,10,20,5,12,6,,10,2,7,9,17,10,18,8,17,24,15,11,16,13,15,11,10,13,12,9,8,,10,13,4,12,11,4,13,20,19,10,12,9,16,,12,10,21,22,3,5,9,6,17,,13,13,13,14,21,9,7,13,10,13,9,,13,,12,6,,5,19,12,16,21,17,14,14,,12,12,12,3,,,5,12,28,14,22,12,20,12,16,8,6,17,19,22,36,31,20,17,23,25,2,6,19,6,16,6,7,14,22,6,17,7,15,18,20,16,15,10,36,9,10,12,15,21,17,11,20,8,12,11,16,15,15,21,20,31,,23,7,8,5,18,16,16,10,7,14,24,11,14,7,20,25,18,14,14,10,25,14,11,,4,3,5,7,12,16,3,10,17,9,16,5,15,15,8,21,14,30,18,18,8,15,12,18,8,6,11,14,14,23,5,9,9,10,26,11,27,13,16,10,6,21,24,12
20210719,11,O3,64,59,67,74,61,45,43,59,47,51,38,48,,,59,,70,108,64,,91,,,119,,,144,,42,47,48,39,41,57,78,,88,84,,82,81,74,90,93,,,,65,70,49,104,108,124,98,94,93,100,,102,101,100,40,53,44,,47,56,46,,48,109,112,112,90,,,68,70,60,70,62,,75,70,54,66,,68,,114,109,,,118,115,101,110,89,92,97,,88,103,106,97,103,,99,86,82,87,,87,94,89,85,92,85,87,89,85,92,78,102,85,92,93,94,125,131,124,,144,,129,127,111,116,120,122,73,71,77,73,78,,77,45,75,67,103,101,102,107,100,,94,112,119,80,,102,93,98,91,91,94,93,86,89,79,90,89,,,,55,58,,71,75,75,,,,118,,107,111,114,110,92,113,,111,110,,,,112,126,,,120,122,85,89,,95,93,98,92,91,90,100,92,,93,,87,75,,88,95,,90,84,93,,92,94,95,90,,74,56,,,67,67,70,60,,64,50,,81,,,98,,116,118,,67,68,60,41,30,25,,100,75,83,84,80,73,73,71,87,90,107,115,108,96,83,87,94,110,66,,56,64,65,51,82,,88,77,84,82,,75,83,,,80,101,121,114,,115,118,117,121,82,,,74,75,79,87,79,73,38,41,42,43,35,35,,,37,80,91,92,85,83,97,74,,84,97,91,101,100,105,88,103,88,97,98,103,30,31,,34,28,32,54,36,38,31,48,31,22,24,21,20,34,,43,40,34,41,28,36,28,26,24,27,,,,32,41,30,29,32,,28,32,29,29,26,,,40,41,41,52,45,38,41,39,44,51,52,49,76,70,80,66,76,75,,82,,54,70,67,74,70,,74,49,87,69,63,72,59,,,64,56,51,66,52,,117,97,66,74,,,,85,,53,66,56,54,48,,65,56,,53,56,67,64,73,62,58,64,49,58,50,48,66,64,60,63,65,74,73,55,,61,54,50,55,,190,143,110,112,,,,89,155,,,,143,160,57,49,34,51,66,,81,99,89,100,106,87,100,98,99,98,102,71,82,104,78,131,,118,122,128,113,129,132,135,,128,,99,108,88,67,68,,77,94,84,90,73,74,73,71,89,90,84,84,,102,,92,104,99,92,102,,101,104,,,125,131,117,163,,99,114,120,,84,95,83,88,104,51,72,67,86,54,,,,94,,91,102,,108,117,115,109,78,76,86,60,62,59,,107,,,75,,68,70,69,50,54,52,58,58,,,77,79,84,79,74,71,,77,76,,74,70,39,37,39,59,56,,40,,45,66,56,,62,59,,57,54,63,50,68,,71,57,,,59,71,,101,,98,,95,102,62,63,,63,65,,42,44,,44,,64,73,59,,77,63,93,90,89,,83,81,88,77,85,83,67,106,98,99,93,,96,99,78,68,96,94,83,90,79,86,91,93,112,104,100,113,120,91,67,67,82,,85,84,70,82,81,73,96,87,89,80,100,119,120,120,,112,,123,,,74,,,89,,99,78,95,,41,,46,44,52,49,,68,65,,,,40,,43,,52,51,,,48,35,43,74,70,,78,,81,77,55,58,88,84,,92,69,101,97,103,,,94,,,103,51,62,54,,65,51,71,53,90,93,83,102,110,115,95,117,116,114,65,57,85,80,92,80,85,72,84,71,85,,31,80,32,55,66,76,75,48,,,,,99,107,,107,90,98,107,,91,92,60,53,47,,49,64,68,76,76,77,,62,63,62,,88,97,,,69,86,87,83,87,80,93,87,76,78,82,76,,110,113,115,164,155,128,,85,81,,86,65,76,66,85,97,94,,,,77,,,87,87,80,92,91,,,,,,90,78,87,,,74,,75,,,120,,104,97,90,97,99,98,87,87,69,,119,114,112,120,106,117,116,107,105,88,105,79,65,,80,79,,68,76,67,62,,,90,72,69,72,,61,,64,,,,88,64,63,66,64,,70,,,101,108,86,73,,68,63,61,,,62,58,,81,77,84,,80,,165,156,,,91,62,,,129,142,103,,,67,,90,91,171,173,173,,98,101,98,91,87,87,75,90,100,100,86,84,63,59,58,64,,106,,,,88,82,78,87,102,102,87,80,72,79,74,63,,,92,,114,122,150,108,92,101,96,99,101,82,111,114,92,106,99,,,92,60,61,70,97,103,,42,97,105,,109,100,116,,111,105,109,107,114,75,92,82,85,95,89,55,63,102,74,76,,98,54,83,61,113,,,108,,103,,,,90,85,91,98,86,,,71,,,108,118,80,83,77,75,75,86,91,87,84,84,80,79,85,84,87,86,76,70,,,63,68,76,,68,45,72,60,68,51,81,80,75,76,,,99,87,66,60,79,67,74,68,99,71,79,66,71,,,70,74,72,88,53,58,57,61,,66,84,,39,58,57,,41,,38,64,,110,105,60,,66,,75,71,74,,55,60,66,68,89,87,89,,39,49,50,74,79,,81,87,,64,,,63,68,76,,73,71,,78,86,74,,84,93,,78,63,72,71,,83,77,78,64,54,86,77,70,73,78,74,,85,85,102,89,,88,98,92,107,87,84,78,75,78,88,83,84,79,90,42,64,72,60,62,88,70,76,72,73,44,53,58,97,92,94,94,25,40,28,,66,53,90,100,99,105,93,91,90,87,86,79,95,,69,59,99,93,62,78,71,84,,85,,74,81,74,96,92,99,78,,84,93,93,83,76,,,83,74,,,76,57,49,43,62,69,,45,50,42,,,,,85,82,70,64,74,78,70,79,,62,108,106,,103,86,52,52,46,,54,,,,,58,56,50,46,39,43,47,,27,80,81,79,80,106,100,105,48,48,62,70,62,64,,42,45,46,44,17,16,83,96,49,,35,28,,77,86,,55,50,65,,87,,87,,32,25,,76,92,100,109,108,110,115,,68,53,71,,105,111,,120,128,102,,93,103,121,117,104,107,,101,92,109,110,105,,113,128,99,,111,154,134,108,82,112,130,,142,,,129,120,124,114,101,88,111,111,95,,54,76,63,83,94,97,82,90,86,,,69,71,76,57,,68,75,79,22,59,90,67,30,78,135,129,52,72,,85,115,113,118,75,118,102,,106,,96,105,111,44,48,48,112,73,,102,94,79,109,82,,,55,,82,99,,142,147,147,73,,83,100,,,85,132,122,76,61,77,74,72,157,93,70,62,79,60,40,,73,110,,56,62,68,86,106,98,62,122,39,78,70,89,57,54,38,99,85,,100,69,99,98,88,55,69,71,72,72,82,96,107,91,52,,124,78,92,96,102,63,41,70,93,73,89,112,81,52,,90,79,91,50,84,82,74,,59,138,89,94,94,81,93,101,127,93,110,49,75,123,71,75,41,69,73,,93,139,108,131,127,,105,81,56,72,66,71,73,81,65,52,86,103,124,166,102,97,,92,,104,90,90,109,81,,53,36,26,30,26,27,29,31,33,29,30,48,37,74,48,58,40,62,96,108,75,146,139,130,109,86,114,76,76,77,46,50,60,64,,48,46,98,79,95,76,62,96,35,61,61,88,76,51,48,46,46,96,107,111,92,92,83,175,99,101,78,94,89,92,,96,63,49,71,67,83,,94,67,61,75,67,95,86,112,58,65,102,76,103,76,103,81,92,73,81,,99,49,47,126,99,107,133,120,102,98,127,115,,111,95,92,103,83,84,77,75,96,63,33,,52,50,50,28,36,22,21,68,50,45,44,26,59,52,101,86,88,50,42,78,99,83,116,130,109,108,110,44,40,56,,39,64,66,77,109,86,75,,86,57,95,118,106,91,60,97,95,126,100,98,87,,109,110,110,108,,80,110,90,98,109,129,104,143,,120,169,58,84,45,88,77,92,78,,96,93,89,98,54,58,48,63,80,64,62,,43,,88,79,,53,45,64,,93,111,97,49,,77,104,98,105,,,66,102,40,90,22,93,93,102,,57,65,106,100,96,109,74,101,107,99,102,40,42,,46,55,53,61,79,46,79,70,73,66,61,,54,104,92,81,111,114,82,87,75,47,63,157,73,30,50,27,41,40,,106,99,,117,88,48,48,91,72,103,71,81,111,135,102,71,139,133,85,92,64,62,68,94,90,78,,71,55,68,102,55,,66,54,57,45,60,38,61,101,51,107,113,123,100,72,54,92,95,89,82,46,42,42,104,121,58,,62,93,105,93,94,80,97,115,86,65,47,101
20210719,11,O3_24h,81,87,115,92,102,93,94,86,84,99,97,94,,,117,,108,120,125,,107,,71,119,,88,144,,96,94,94,90,71,106,111,,106,85,,91,83,96,100,117,,103,,90,93,79,113,113,124,106,108,120,104,,104,108,108,72,78,81,,68,113,113,,117,128,128,119,125,116,,78,95,76,82,106,,113,98,99,112,102,100,,162,151,,,172,169,153,158,154,163,148,,155,153,165,163,151,,136,110,99,108,106,106,116,111,106,104,85,102,102,99,106,113,119,88,105,100,116,144,143,124,,144,160,139,141,127,142,133,144,107,105,114,104,111,,114,95,109,98,128,123,121,133,124,85,121,140,143,113,,137,127,129,126,118,114,126,110,113,115,113,94,,,,77,90,,95,87,86,,,,190,,163,150,162,162,125,148,,150,169,,,,166,160,,199,174,184,112,122,,132,104,109,96,101,97,110,102,,106,,93,81,,132,151,,155,140,144,,151,154,124,139,78,95,95,,,91,80,94,101,92,79,85,,99,,,153,,152,152,,97,92,97,92,86,94,,107,110,129,128,134,119,112,103,87,90,107,115,108,96,83,87,94,110,81,,83,80,94,67,160,115,106,98,107,93,,102,98,,,100,108,129,114,,115,130,117,144,97,,,84,89,94,94,95,92,81,84,80,83,82,81,,68,85,147,146,153,152,147,126,132,,132,140,91,101,100,105,88,103,88,97,98,103,141,182,,158,135,173,109,147,77,124,112,77,73,78,74,83,113,,85,81,98,102,92,79,85,94,180,160,177,149,,188,169,156,104,126,114,107,132,141,161,120,,,107,113,107,83,76,72,88,88,191,189,212,202,127,135,133,125,114,150,96,128,74,75,72,75,75,121,,118,151,151,213,172,222,170,,,151,170,170,150,156,,169,191,171,162,,,185,143,75,86,101,97,86,86,89,85,89,,102,94,78,93,83,81,125,114,116,121,115,128,97,93,96,91,86,103,103,110,,96,86,95,89,,212,164,191,179,,,,181,180,,,,183,226,123,114,126,120,128,,125,99,89,100,106,87,100,98,99,98,102,87,82,104,81,184,,165,166,185,159,182,178,188,187,184,,109,116,118,113,116,111,124,119,104,106,103,98,103,101,124,121,106,119,,102,,93,105,99,108,143,,146,104,,,125,131,117,186,,99,114,120,,100,101,101,104,112,102,92,96,100,102,,,,112,,111,102,,108,129,124,122,100,97,108,66,78,77,,124,,,161,,146,125,127,105,109,101,109,86,,110,107,107,96,116,100,103,97,116,116,85,96,81,88,80,86,85,75,81,98,,92,113,106,,136,109,,126,127,123,117,123,,134,88,,,89,107,,110,,120,135,125,124,84,88,,86,90,,105,92,,101,,83,81,82,,87,86,93,90,89,,135,153,129,128,121,129,68,142,143,157,132,147,136,101,97,92,96,97,93,102,104,94,98,100,112,105,120,113,120,91,78,78,86,,94,93,73,82,84,98,116,103,107,100,107,126,120,123,,116,113,123,,118,106,117,94,96,,99,96,95,,86,,92,92,102,87,104,100,89,,,,99,,101,,87,87,80,,84,82,89,99,103,,106,,140,132,155,136,144,120,,151,157,163,126,137,155,,100,,,120,99,97,65,,132,115,138,112,90,95,83,102,116,118,110,126,125,118,70,70,152,160,166,145,85,81,84,72,85,,149,170,145,150,92,115,124,87,,,,,247,197,,183,90,98,107,89,91,94,117,108,109,109,116,89,100,104,113,121,,96,102,120,,139,146,,146,158,167,147,146,153,157,162,158,117,121,128,102,,143,157,148,183,196,166,124,112,120,,110,107,133,121,128,112,113,110,110,,83,,96,106,106,102,117,97,84,103,107,,,107,92,126,95,51,93,57,84,,,146,,132,134,138,164,168,160,168,182,123,,149,140,196,204,195,157,163,144,144,115,143,93,85,,92,119,,142,129,85,92,,,90,106,90,95,89,92,90,93,101,,,155,88,87,90,85,,77,122,123,119,127,112,89,,87,89,136,,,134,127,,108,97,117,,116,,211,224,,,91,68,,,168,183,166,,,71,78,119,116,182,184,173,98,98,101,98,91,136,132,124,145,200,192,157,162,76,80,70,75,,192,186,90,,88,82,95,100,115,127,92,86,87,79,85,102,,,100,119,114,125,215,130,131,127,136,99,101,82,111,114,92,106,108,,,185,68,64,70,107,113,,115,147,158,,149,148,148,,125,119,123,118,117,75,92,82,112,118,112,98,88,141,74,76,,98,95,92,87,143,146,,113,,107,,,,92,92,94,98,117,109,,119,,116,129,129,94,96,91,85,89,94,100,121,89,102,99,98,100,113,121,123,106,84,,84,78,68,76,66,71,84,98,94,96,91,82,98,106,101,,82,99,95,89,82,125,117,117,109,128,142,139,141,147,92,,101,102,99,92,87,89,88,86,85,83,92,,72,98,92,,95,94,96,107,,121,114,89,,93,91,98,93,98,116,109,117,116,124,95,90,94,,91,89,98,115,123,,141,140,82,111,109,127,145,136,126,123,141,138,,123,125,108,,122,124,,134,143,135,131,,101,104,114,92,88,126,120,123,119,126,118,98,105,106,108,97,,112,114,124,109,140,165,155,156,143,122,133,116,134,120,69,109,128,104,110,88,70,85,83,80,82,89,75,183,170,163,174,56,68,63,101,112,58,128,127,130,135,140,130,132,124,145,165,185,83,130,122,127,127,107,98,151,154,,160,114,99,115,93,110,106,110,89,114,130,143,139,131,149,,,125,120,120,,115,100,104,102,129,111,,129,107,111,,,,,128,122,115,106,116,153,132,127,,96,109,131,120,122,117,83,74,91,77,83,,,,,101,92,102,93,64,62,91,,85,98,101,101,101,106,100,107,54,61,69,71,87,88,,84,84,68,64,55,62,100,97,64,,74,67,,85,112,,84,81,78,,114,,132,,87,77,133,138,152,133,170,154,158,156,105,127,114,116,,150,150,145,171,159,156,,141,158,151,148,138,140,,136,129,158,155,141,,153,167,158,,148,219,145,158,119,145,222,,243,172,,173,146,146,145,117,115,151,148,141,,127,125,119,158,138,111,124,136,129,,,126,127,133,92,,99,137,129,123,135,108,86,126,94,135,129,96,90,,119,127,198,188,84,170,156,,112,,115,107,185,122,81,83,136,144,131,141,160,122,150,105,,,113,167,103,116,,169,172,216,138,,91,171,,,95,171,162,88,78,96,89,85,157,154,112,187,171,217,92,,120,115,,112,136,105,107,126,159,69,128,78,104,126,98,72,97,102,196,91,81,100,70,99,106,134,91,82,86,87,82,110,150,109,112,152,93,144,150,105,103,115,99,99,141,139,94,144,186,116,86,,96,79,116,92,97,93,102,,96,186,105,116,101,86,130,143,204,113,157,86,101,156,108,89,98,156,122,,94,188,161,178,175,,134,117,106,112,118,104,108,115,103,96,91,119,176,218,155,97,,100,,135,96,96,176,99,83,104,113,136,148,144,142,82,92,94,84,159,225,94,84,97,118,105,125,102,120,122,146,139,130,120,86,138,114,108,115,86,82,87,94,,82,85,98,93,95,208,116,96,79,116,126,96,184,169,112,98,130,176,163,165,115,145,91,175,112,118,94,111,98,99,148,135,94,94,99,89,117,117,155,135,124,129,127,95,128,120,150,112,139,119,133,102,118,98,99,100,98,,117,95,79,179,155,136,163,123,127,98,186,173,152,152,122,113,103,124,96,139,130,137,117,124,,89,89,77,85,86,77,147,102,170,93,108,110,108,82,101,113,107,110,98,88,125,87,116,131,117,111,128,86,96,94,,99,90,94,95,109,110,102,85,137,107,177,157,195,137,137,161,138,138,107,113,109,,116,119,120,123,77,103,162,114,107,113,133,130,185,,144,188,134,123,66,128,143,122,159,,153,141,175,136,121,89,96,66,82,71,69,,110,,145,122,,103,93,127,102,139,138,106,79,,104,141,137,120,,,78,142,100,90,84,108,93,102,81,92,83,106,118,107,109,109,115,119,127,108,80,81,77,84,101,89,89,113,84,133,88,95,113,97,81,88,108,133,128,122,132,91,151,106,79,90,210,170,85,91,164,113,113,127,177,178,,123,110,87,92,212,102,234,86,91,111,158,127,105,239,177,134,144,149,128,135,149,109,112,,72,120,93,135,124,108,101,123,89,79,90,72,78,130,76,107,114,182,209,80,106,112,95,103,88,86,89,72,159,168,126,123,97,93,105,97,99,93,166,146,108,65,81,124
20210719,11,O3_8h,44,34,53,49,46,43,35,56,34,38,38,33,,,34,,43,56,32,,43,,37,83,,56,75,,21,34,37,26,28,39,84,,60,56,,54,53,77,80,90,,46,,55,62,48,54,47,66,53,49,55,47,,56,71,43,25,29,26,,22,44,50,,45,72,66,59,45,39,,66,67,59,65,37,,45,41,41,37,40,33,,71,72,,,65,66,49,68,51,41,50,,38,58,54,59,54,,66,84,74,83,79,85,90,70,71,78,68,62,64,56,55,65,56,54,51,56,56,67,63,63,,68,52,58,54,57,55,55,55,56,53,54,52,53,,60,38,55,51,55,56,58,60,61,,51,64,64,53,,68,70,63,60,62,62,59,53,53,49,54,66,,,,37,43,,52,49,44,,,,47,,62,64,68,67,56,64,,61,58,,,,65,60,,39,42,51,54,54,,59,61,66,61,60,58,80,72,,64,,65,56,,55,57,,50,43,42,,43,58,59,40,27,57,48,,,46,50,55,39,36,40,32,,56,,,50,,68,66,,39,58,48,33,32,27,,58,53,48,50,50,28,37,20,42,40,50,53,55,45,42,34,48,54,68,,40,57,50,43,42,50,61,34,34,41,,34,38,,,38,69,53,55,,60,64,68,68,76,,,64,66,73,73,72,49,40,44,41,47,39,39,,36,49,49,52,52,46,36,58,33,,46,74,42,50,39,43,41,32,38,47,38,43,28,30,,25,17,20,39,29,26,23,29,32,26,24,22,23,29,,42,42,38,30,31,38,29,31,25,25,25,14,,19,24,8,26,24,26,28,25,24,27,22,,,29,26,21,34,34,29,42,37,27,38,34,32,23,24,31,26,33,30,,28,12,41,37,42,46,73,,54,61,72,76,73,68,61,,,76,66,66,62,60,,38,35,30,31,,,51,82,8,17,17,15,16,13,6,22,15,,49,62,61,65,70,64,56,58,49,58,48,51,51,47,30,52,48,59,57,43,,46,43,43,40,,84,111,49,63,,,,53,109,,,,90,109,25,11,9,18,25,,20,37,41,42,48,29,50,35,43,42,52,46,27,35,36,66,,72,52,69,66,91,90,111,76,82,,75,79,63,32,29,26,32,68,60,69,80,80,79,76,63,64,56,67,,58,,58,71,67,50,57,,58,53,,,65,63,61,74,,60,65,57,,63,70,61,56,80,55,57,59,60,52,,,,68,,52,55,,65,79,87,72,72,76,86,52,65,54,,68,,,52,,49,46,44,53,56,51,57,58,,36,39,40,48,21,43,54,38,44,29,71,42,46,44,38,40,24,30,24,29,,32,43,41,,62,60,,51,52,51,45,44,,26,37,,,50,60,,44,,55,54,49,50,60,63,,60,65,,43,42,,42,,60,53,63,,69,67,59,57,63,,57,52,74,52,50,64,36,56,61,64,52,47,47,54,35,34,56,53,32,72,74,78,72,75,62,54,49,49,63,54,66,67,75,,80,41,33,38,35,37,80,84,80,82,84,63,63,63,,61,45,64,,54,44,23,41,47,,49,44,80,,45,,51,49,55,50,59,59,56,,,,44,,46,,66,60,,,59,51,54,54,47,,49,,35,26,34,24,62,56,,49,31,46,47,79,31,,84,,,75,50,49,32,,24,29,28,39,45,73,70,52,73,70,60,57,72,50,34,21,82,88,90,75,22,18,22,15,28,,26,41,16,22,24,30,26,19,,,,,89,91,,76,70,78,93,75,72,79,26,24,14,10,15,44,49,55,59,62,,48,54,45,,26,32,,33,65,56,75,76,87,76,81,84,51,59,66,59,,70,64,104,103,98,77,,82,79,,77,29,97,85,97,61,59,60,60,,65,,,78,78,51,59,58,,,,,,60,49,71,,,62,,63,,,71,,69,61,59,59,58,59,59,62,56,,54,53,64,70,64,63,67,61,63,58,56,59,49,,39,50,,54,50,26,27,,,42,55,51,54,52,57,56,56,65,,,42,56,54,60,56,,64,44,33,66,60,46,60,,53,52,56,,,55,42,,68,53,33,,30,,99,95,,,68,50,,,82,98,70,,,54,44,56,58,141,148,152,70,79,76,82,65,86,82,61,77,65,66,57,47,45,48,38,38,,68,60,47,,51,40,33,36,81,88,59,58,37,39,38,35,,,35,57,57,62,62,47,43,30,45,39,38,42,49,59,30,46,37,,,59,29,29,32,54,64,,40,62,57,,65,61,64,,62,62,75,69,77,54,66,63,34,38,32,12,21,46,27,45,,43,17,27,28,45,37,,65,,63,,,,59,67,62,64,66,58,,34,,62,54,67,66,65,64,64,52,48,59,26,67,76,53,48,56,31,31,30,26,40,,32,20,24,29,21,19,22,45,36,45,28,35,44,46,45,,19,42,41,28,26,43,35,43,43,42,52,59,54,54,35,,33,38,39,28,36,36,35,40,24,29,31,,42,53,54,,54,55,51,48,,60,56,60,,66,54,64,60,60,56,53,58,54,64,50,48,53,,40,47,50,37,53,,47,59,,36,26,33,50,53,52,47,47,42,,58,67,53,,62,69,,57,54,43,43,,67,67,65,37,33,33,32,32,42,42,39,24,49,36,49,40,,43,43,39,46,29,34,33,30,29,32,42,27,36,38,30,32,42,29,35,25,23,30,23,21,10,19,16,56,43,49,47,25,16,26,30,34,29,52,50,52,59,63,66,60,32,25,56,62,,52,41,45,40,33,40,40,39,,44,,29,33,26,42,42,46,32,18,31,36,35,56,26,,,86,73,77,,70,31,38,33,52,37,,24,28,22,,,,,53,49,37,34,39,43,36,40,,20,81,71,73,71,52,27,39,26,38,26,,,,,44,41,34,30,43,33,20,,10,56,60,54,34,86,84,88,29,21,57,63,43,48,,38,40,36,34,17,12,48,72,28,,33,26,,69,48,,40,41,59,,62,,88,,20,16,36,29,33,30,83,82,82,86,29,33,21,41,,81,69,73,52,73,50,,83,91,58,62,103,105,,96,90,69,76,53,,60,72,57,,64,112,88,82,50,113,95,,102,76,,94,81,92,85,66,65,94,95,76,,36,56,44,83,90,76,64,73,72,,,47,35,47,47,,58,38,53,13,20,58,66,25,45,74,58,38,60,,27,43,51,49,51,72,64,,69,,68,52,57,22,28,26,100,55,59,66,47,74,64,43,,,58,17,60,51,,96,102,95,53,,62,51,,,71,61,61,64,40,55,66,66,74,53,56,67,95,79,38,,33,59,,26,62,30,45,96,64,48,76,37,53,33,31,55,35,54,41,48,47,58,56,56,52,50,36,28,32,37,37,58,36,60,97,53,64,74,52,86,90,85,57,44,44,55,41,49,46,66,63,,52,30,60,52,75,29,28,,28,66,60,50,52,60,84,66,52,53,51,59,48,58,72,48,44,28,34,,52,46,66,52,92,,97,57,52,58,64,47,54,54,52,46,54,59,72,102,64,62,,58,,66,63,74,49,53,27,31,26,20,23,21,23,28,30,34,34,26,26,36,55,33,44,30,48,44,62,49,66,71,72,69,64,47,59,31,23,66,64,53,61,,47,50,34,28,42,30,32,51,22,67,46,47,64,55,49,32,50,41,46,63,43,32,74,64,70,67,48,57,54,60,54,48,50,45,57,49,62,62,56,42,42,52,36,48,41,64,18,27,54,22,62,54,56,62,57,47,33,,70,26,19,70,56,58,73,62,64,63,49,69,61,68,62,51,72,46,79,78,18,88,47,20,,21,55,32,27,32,35,21,49,24,46,30,23,34,28,56,64,53,23,36,44,68,41,53,64,70,64,50,50,41,54,,53,68,59,55,38,87,35,23,64,43,59,70,46,43,22,89,94,70,63,54,60,,55,71,81,72,56,78,102,53,51,62,76,66,92,,89,108,56,63,41,59,37,64,24,,62,53,53,40,24,33,21,22,41,40,35,,40,,44,57,,29,43,62,60,45,67,48,35,,42,51,53,68,,,70,59,24,43,13,65,46,66,48,53,63,57,47,38,34,30,42,46,41,32,42,49,,56,65,53,56,55,22,73,32,68,49,43,47,47,47,95,33,107,112,27,35,52,46,57,92,46,28,56,23,29,26,28,40,42,,62,60,54,53,41,36,90,66,58,58,69,67,56,97,90,52,24,26,35,34,48,48,58,,61,60,73,90,48,55,58,45,21,24,44,22,45,48,31,61,69,69,50,32,61,48,59,62,49,38,34,16,59,49,59,,60,67,41,72,39,62,63,60,48,55,15,58
20210719,11,O3_8h_24h,44,34,53,49,47,43,35,56,41,38,38,33,,,72,,71,75,57,,76,,48,83,,68,75,,22,34,37,30,29,53,111,,60,56,,54,53,92,80,90,,46,,84,82,71,66,53,66,58,49,63,54,,67,71,43,35,29,47,,22,44,50,,45,80,71,62,61,56,,78,81,75,76,45,,61,57,68,47,71,33,,71,72,,,65,66,56,68,51,41,50,,38,58,54,59,54,,66,84,86,86,84,88,90,84,71,79,68,63,66,56,55,73,56,54,51,56,56,67,63,63,,68,66,58,54,57,56,55,55,62,61,66,55,67,,66,48,64,63,55,62,74,60,66,,51,66,64,58,,68,72,63,62,63,64,74,66,69,59,67,66,,,,41,49,,56,52,50,,,,47,,62,64,68,67,56,64,,61,58,,,,72,60,,45,42,51,64,66,,68,61,66,61,60,60,80,72,,64,,67,60,,58,57,,50,43,42,,43,58,60,40,54,74,63,,,61,66,72,59,70,61,40,,57,,,50,,68,66,,44,83,71,44,39,39,,71,72,48,50,57,28,49,20,42,40,50,53,55,45,42,34,48,54,72,,53,61,55,46,42,62,62,34,34,41,,34,38,,,38,86,66,55,,85,72,92,79,79,,,71,78,87,77,79,49,54,56,49,60,50,55,,50,64,77,52,68,74,82,72,47,,62,79,45,50,39,43,41,47,38,47,38,43,28,31,,28,24,43,43,29,40,23,29,34,32,30,29,27,32,,45,42,42,30,35,41,32,32,25,25,25,24,,27,24,8,26,24,29,30,27,26,28,24,,,38,33,29,35,39,35,46,42,56,44,67,57,38,42,40,38,42,39,76,28,20,46,37,42,46,102,,54,66,72,80,82,79,62,,,77,69,67,62,68,,45,65,85,42,,,81,112,8,17,17,15,16,13,6,22,15,,49,62,61,65,70,65,70,74,74,72,71,82,76,61,30,77,68,91,81,64,,86,43,48,41,,108,148,90,88,,,,62,141,,,,90,109,25,11,9,18,25,,52,37,41,47,48,29,53,35,43,50,55,46,27,42,36,66,,72,52,79,66,91,90,111,76,82,,75,79,76,62,44,51,32,114,103,96,81,80,79,76,63,64,58,67,,58,,60,74,67,53,65,,70,53,,,65,63,61,74,,60,66,57,,63,74,64,56,80,62,70,73,70,52,,,,68,,59,64,,72,79,88,72,82,78,86,57,66,54,,68,,,52,,49,46,44,72,78,74,75,76,,40,39,40,48,21,54,54,38,44,29,71,42,46,51,47,47,24,30,27,56,,58,43,54,,74,74,,60,64,56,53,66,,37,40,,,51,60,,44,,70,58,62,68,64,64,,60,65,,70,70,,76,,74,61,70,,80,72,66,61,67,,57,52,74,56,50,64,36,56,61,64,52,47,47,54,35,34,56,53,32,72,75,78,72,75,62,54,49,49,63,54,67,67,75,,80,41,33,38,35,37,107,86,92,92,98,63,63,63,,61,46,64,,83,51,41,49,47,,49,66,85,,64,,69,66,72,65,75,82,78,,,,54,,50,,86,82,77,,67,61,62,55,47,,49,,73,63,48,47,101,81,,49,31,46,47,79,31,,84,,,83,55,61,32,,34,34,37,39,45,80,71,66,73,70,60,57,72,50,34,21,106,104,106,100,22,18,22,15,28,,68,63,59,22,24,55,34,51,,,,,117,91,,76,70,78,93,75,72,79,26,46,19,10,31,44,49,55,72,64,,76,67,66,,43,73,,86,82,84,87,85,96,88,89,94,62,70,84,69,,70,64,104,103,98,95,121,96,93,,77,42,123,101,108,61,59,67,67,,65,,93,78,78,57,68,62,76,72,90,,,60,49,78,83,50,83,46,82,,,71,,69,61,63,59,58,59,59,62,56,,54,53,64,70,64,66,74,80,79,61,59,66,57,,52,64,,55,62,26,27,,,42,55,51,54,52,75,71,72,80,,,54,68,64,69,67,,64,75,72,69,78,55,66,,60,61,75,,,76,74,,76,61,54,,62,,161,136,,,68,51,,,82,114,72,,,61,61,75,70,161,163,165,70,79,76,82,65,88,82,61,77,65,66,57,47,49,55,38,38,,75,74,47,,51,40,33,36,108,123,62,62,39,44,38,59,,,35,57,57,62,62,47,43,30,45,39,38,42,49,59,30,46,37,,,59,47,46,46,65,73,,40,77,64,,65,62,64,,65,76,77,70,77,69,73,72,34,38,32,12,21,46,27,45,,43,24,27,28,71,67,,65,,72,,,,61,78,68,64,81,74,,34,,62,54,67,67,65,69,65,55,48,59,26,67,76,70,70,68,31,31,34,26,40,,54,20,24,29,22,19,22,46,42,47,33,35,44,46,45,,26,42,42,28,26,46,51,51,56,62,52,61,56,54,38,,33,38,39,28,39,44,35,50,37,42,43,,55,66,65,,81,83,76,89,,75,62,89,,93,71,82,74,80,78,74,82,78,85,50,49,53,,76,68,84,37,53,,47,59,84,36,30,35,60,57,52,52,50,42,,70,77,55,,70,76,,61,74,49,44,,67,67,65,53,51,36,48,43,54,51,56,24,54,41,49,52,,43,43,39,46,40,42,42,34,29,32,54,27,41,53,42,32,42,29,35,25,31,38,23,21,10,19,16,61,72,61,62,30,30,49,32,34,51,52,50,52,62,73,87,83,32,25,63,68,83,76,61,54,43,41,46,67,61,,75,18,29,47,26,74,68,68,46,38,47,54,56,71,74,,,86,73,77,,70,61,75,70,74,66,,24,28,38,,,,,84,85,76,61,64,64,51,55,,20,81,78,88,82,82,35,46,33,51,34,,,,,44,41,67,57,54,51,25,,11,85,83,80,54,91,84,95,29,22,57,63,52,52,,54,40,46,41,21,20,75,85,28,,56,41,,69,52,,55,53,59,,75,,116,,28,22,37,55,33,46,94,94,95,96,50,33,29,41,,96,100,81,124,106,67,,88,109,89,106,103,105,,99,91,80,90,53,,88,84,84,,64,122,90,134,64,119,119,,130,83,,94,81,96,100,70,65,94,95,86,,36,79,70,105,104,89,70,80,76,,,47,43,47,47,,58,38,53,41,53,58,67,26,68,74,75,51,66,,69,43,53,49,68,72,64,,76,,68,52,69,22,28,37,100,55,82,66,47,74,64,81,,,58,45,60,78,,96,102,95,61,,64,51,,,71,61,61,64,45,62,66,66,74,53,68,67,95,87,73,,70,69,,35,78,56,60,106,74,61,76,47,55,35,31,55,60,84,68,52,61,58,56,56,52,67,36,28,38,37,37,73,36,63,102,57,93,77,76,87,91,90,82,45,64,55,41,84,49,81,83,,54,30,60,52,75,51,54,,32,98,76,70,65,62,114,102,52,53,78,68,48,69,72,49,44,28,34,,52,51,86,52,120,,97,69,64,62,76,51,58,57,58,51,71,59,72,142,64,62,,58,,66,69,74,51,63,44,42,26,23,34,26,35,32,34,38,47,26,49,39,57,33,53,36,58,44,68,49,66,71,72,82,69,76,81,31,23,82,79,84,94,,60,62,34,28,42,33,38,60,42,69,49,47,93,68,67,32,86,52,75,78,67,59,77,64,70,70,54,57,57,66,72,64,50,45,57,49,65,62,80,68,42,53,48,78,44,64,18,27,54,32,62,58,56,62,57,47,33,,70,31,20,70,56,80,101,62,64,63,50,69,79,81,62,60,72,54,90,111,18,88,47,64,,21,69,46,40,32,46,22,49,44,48,30,26,37,29,77,76,64,26,43,52,74,41,53,64,76,64,50,67,46,68,,80,86,76,67,38,106,35,58,64,43,59,78,84,48,32,116,99,70,63,61,74,,56,71,84,72,75,86,102,53,51,62,76,72,92,,91,125,56,63,47,59,37,64,24,,89,74,53,44,30,56,24,28,41,40,35,,63,,54,65,,36,43,63,60,60,76,55,57,,66,52,57,68,,,70,90,24,43,13,65,46,66,48,78,71,76,47,38,34,30,42,46,41,32,49,66,73,74,65,62,82,64,28,73,33,71,54,43,53,56,47,103,33,107,113,60,53,52,58,68,155,46,29,71,28,34,37,45,68,42,,62,68,71,70,47,61,108,74,65,58,69,67,56,132,102,57,73,44,45,34,48,50,78,,61,70,76,96,68,69,75,73,21,24,44,27,45,71,31,61,86,69,50,45,89,48,59,62,75,56,34,16,89,49,94,,74,67,41,72,39,77,68,66,57,55,15,58
20210719,11,CO,0.5,0.5,0.7,0.6,0.6,0.8,0.6,0.7,0.6,0.5,0.6,0.6,,,0.9,,0.9,0.8,0.6,,0.8,,0.6,0.5,,0.7,0.7,,0.8,0.7,0.7,1,0.8,0.5,0.6,,0.9,0.8,,0.9,0.7,0.3,0.1,0.4,,0.3,,0.5,0.8,0.4,0.2,0.4,0.3,0.2,0.1,0.1,0.3,,0.6,0.7,0.1,0.8,0.8,1,,0.8,0.7,0.5,,0.6,0.7,0.5,0.6,0.4,0.6,,,0.4,0.3,0.3,0.7,,0.8,0.5,0.5,0.7,0.5,0.6,,0.6,0.5,,,0.5,0.6,0.6,0.5,0.6,0.3,0.5,,0.4,0.5,0.3,0.3,0.4,,0.6,0.8,0.5,0.5,0.5,0.4,,0.5,0.4,0.7,0.7,0.6,0.5,0.7,0.5,0.5,0.3,0.4,0.4,0.4,0.5,0.4,0.8,0.7,,0.6,0.7,0.6,0.7,0.3,0.7,,0.3,0.4,0.5,0.3,0.4,0.4,,0.4,0.3,0.4,0.2,0.3,0.5,0.2,0.4,0.7,0.6,0.4,0.5,0.4,0.2,,0.3,0.5,0.3,0.2,0.3,0.5,0.4,0.3,0.4,0.5,0.5,0.3,,,,0.5,0.4,,0.6,0.4,0.3,,,,0.7,,0.4,0.2,0.4,0.4,0.4,,,0.3,1,,,,0.6,0.5,,0.6,0.6,0.6,0.5,0.9,,0.4,0.3,0.3,0.2,0.2,,0.5,0.3,,0.2,,0.4,0.5,,0.4,0.5,,0.6,0.3,0.8,,0.5,0.4,0.4,0.3,0.5,0.5,0.5,,,0.3,0.4,0.4,0.5,0.4,0.4,0.5,,0.9,,,0.5,,0.6,0.5,,0.3,0.4,0.2,0.3,0.4,0.5,,0.4,0.4,0.3,0.1,0.4,0.4,0.4,0.4,0.6,0.5,0.5,0.7,0.7,0.6,0.6,0.6,0.2,0.7,0.4,,0.6,0.6,0.5,0.4,0.3,,0.2,1.2,0.8,1,,1.2,0.6,,,0.9,0.6,0.3,,,0.7,0.6,0.9,0.4,0.4,,,0.1,0.3,0.5,0.1,0.1,0.4,0.6,0.4,0.5,0.5,0.5,0.5,,0.6,0.5,0.8,0.7,0.5,0.9,0.7,0.6,0.8,,0.8,0.4,0.7,0.6,0.6,0.7,0.7,0.6,0.4,0.5,0.5,0.4,0.5,0.6,,0.5,0.4,0.6,0.6,0.6,0.5,0.6,0.4,0.4,0.6,0.7,0.6,0.4,0.5,,0.9,0.4,0.4,0.5,0.6,0.7,0.5,,0.4,0.5,0.4,,,0.5,0.4,0.4,0.6,0.6,0.5,0.5,,0.7,0.5,0.5,,,0.6,0.5,0.7,0.4,0.6,0.5,0.7,0.5,0.4,0.5,0.3,0.4,0.6,0.6,0.6,0.6,0.4,0.7,,0.5,0.3,0.5,0.5,0.4,0.4,0.5,,0.4,0.9,0.6,0.6,1,0.2,0.5,,,0.9,0.6,0.9,0.2,0.6,,0.3,0.6,0.7,0.6,,,0.8,0.5,0.4,0.4,0.7,0.7,0.6,0.4,0.6,0.6,0.8,,0.4,0.3,0.3,0.3,0.2,0.4,0.3,0.4,0.3,0.5,0.4,0.3,0.3,0.8,0.7,0.7,0.7,0.4,0.6,0.4,,0.8,0.8,0.7,0.8,,0.6,0.4,0.5,0.6,,,,1.3,0.3,,,,0.4,0.6,0.7,0.5,0.8,0.4,0.9,,1,0.7,1.1,0.7,0.5,0.7,0.9,0.6,0.6,0.8,0.7,0.4,0.6,0.8,0.8,0.5,,0.4,1,0.7,0.7,0.7,0.6,0.7,,0.7,,0.3,1,0.6,0.4,0.5,0.4,0.7,0.6,0.5,0.6,0.4,0.5,0.3,0.4,0.2,0.3,0.3,0.3,,0.9,,0.2,0.6,0.3,0.7,0.5,,0.6,0.7,,,0.5,0.6,0.5,0.4,,0.2,0.5,,,0.2,,0.1,0.4,0.3,0.3,0.2,0.6,0.2,0.4,,,,0.3,,0.2,0.6,,0.3,0.6,0.6,0.7,0.4,0.2,0.3,0.3,0.4,0.4,,0.4,,,0.8,,0.7,0.6,0.6,0.5,0.7,0.5,0.4,0.4,,,0.4,0.7,0.5,0.5,0.5,0.4,0.6,0.7,0.7,,0.6,0.5,0.3,0.5,0.5,0.7,0.6,,0.4,,0.5,0.5,0.4,,0.6,0.6,,0.6,0.9,0.8,0.6,0.7,,0.5,0.5,,,0.5,0.5,,0.5,,0.7,0.4,0.6,0.5,0.8,0.6,,0.8,0.8,,0.9,0.8,,1,,1.3,0.7,1.1,,0.7,1,0.3,0.2,0.1,,0.4,0.5,0.4,0.9,0.6,0.3,0.2,0.8,1,0.4,0.8,0.4,0.6,0.2,0.7,1.4,0.6,0.5,0.4,0.6,0.6,0.4,0.6,0.5,0.8,0.7,0.7,0.8,0.7,0.6,0.5,0.5,0.2,,0.1,0.4,0.4,0.3,0.3,0.3,0.4,0.3,0.4,0.3,0.4,0.5,0.7,0.6,,0.7,0.6,0.7,,0.4,0.7,,0.4,0.9,,0.5,0.3,0.4,,0.7,,0.7,0.3,0.4,0.4,0.5,0.7,0.4,,,,0.6,,0.6,,0.5,0.6,,,,0.7,0.6,0.5,0.5,,0.6,,0.4,0.6,0.5,0.6,0.6,0.7,,0.6,0.5,0.4,0.7,0.6,0.5,,0.7,,,0.8,0.4,0.3,0.5,,0.7,0.9,0.7,0.9,0.7,0.5,,0.6,0.7,0.8,1.6,1.1,1.3,0.8,0.4,0.3,0.5,0.5,0.9,0.5,0.6,0.7,0.5,0.5,0.7,,5.4,2.4,3.9,2.3,0.6,0.7,0.8,0.7,,,,,0.4,0.4,,0.5,0.7,0.5,0.3,0.3,0.5,0.3,0.7,0.6,0.9,0.7,0.6,0.4,0.5,0.8,0.7,0.8,,0.6,0.5,0.8,,0.7,0.6,,0.6,0.7,0.8,0.5,0.9,0.7,0.5,0.4,0.5,0.7,0.6,0.7,0.6,,0.5,0.6,0.4,0.4,0.2,0.4,,0.6,0.6,,0.6,0.5,0.4,0.7,0.3,0.2,0.5,0.2,0.2,,0.4,,,0.3,0.3,0.2,0.2,0.3,,,,,,0.2,0.3,0.3,,,0.3,,0.6,,,0.6,,0.6,0.3,0.7,0.4,0.5,0.7,0.2,0.4,,,0.5,0.6,0.6,0.5,0.5,0.4,0.3,0.3,0.3,0.6,0.7,0.2,0.4,,0.6,0.3,,0.5,0.4,0.6,0.5,,,0.5,0.5,0.6,0.6,0.5,0.6,0.9,0.8,0.6,,,0.3,0.8,0.9,0.9,0.7,,0.6,0.6,0.4,0.7,0.7,0.5,0.5,,0.5,0.8,1,,,1,1.2,,0.6,0.6,0.4,,0.4,,0.9,,,,0.1,0.4,,,0.6,0.5,0.5,,,0.3,0.4,0.3,0.2,0.4,0.3,0.4,0.3,0.3,0.5,0.5,0.6,0.4,0.3,0.4,0.5,0.6,0.5,0.5,0.4,0.5,0.3,0.6,0.5,,0.4,,0.4,,0.3,0.4,0.5,0.5,0.6,0.3,0.6,0.5,0.5,0.5,0.4,0.5,,,0.6,0.7,0.7,0.7,0.6,0.5,0.3,,0.3,0.8,1,0.4,0.6,0.5,0.7,0.7,0.6,,,0.4,0.8,0.4,0.4,0.4,0.3,,0.7,0.5,0.5,,0.6,0.6,0.5,,0.5,0.5,0.5,0.5,0.6,0.5,0.6,0.5,0.8,0.4,0.6,0.9,0.6,0.5,0.7,0.8,,0.3,0.4,0.3,,0.6,,,0.6,,0.5,,,,0.6,0.7,0.8,0.8,0.6,0.7,,0.5,,,0.5,0.5,0.4,0.6,0.5,0.6,0.6,0.4,0.4,,0.4,0.2,0.6,0.6,0.5,0.3,0.4,0.4,0.5,0.4,,0.8,0.3,0.7,0.3,0.7,0.6,,1,2.1,0.6,1.2,0.3,0.3,0.4,0.8,,,0.7,0.5,0.3,0.6,1.1,0.8,0.7,1.1,1.3,0.5,0.7,0.7,0.3,,,0.4,0.5,0.5,0.5,0.6,0.5,0.6,0.6,,0.6,0.6,,0.2,0.5,0.4,,0.5,0.5,0.6,0.5,,0.5,0.5,0.6,,0.6,,0.5,0.7,0.7,0.9,1,0.8,0.7,0.6,0.6,0.5,0.6,,0.5,0.4,0.6,0.7,0.6,,0.8,1,,0.6,0.9,0.8,0.6,0.8,0.8,0.7,0.9,0.9,,0.6,0.7,0.4,,1,1,,0.7,0.4,0.4,0.4,,0.7,0.7,0.9,0.9,1,0.9,0.5,0.6,0.8,0.5,0.6,0.5,0.6,0.6,0.6,0.6,,0.5,1,1.1,1.5,0.5,0.5,0.7,0.5,0.7,0.6,0.5,0.7,0.5,0.7,1.5,0.9,0.8,0.8,1.2,0.6,0.5,0.5,1.4,0.7,0.4,0.4,0.3,0.9,0.8,1,0.7,0.6,0.8,0.6,,0.7,0.6,0.5,0.8,0.7,0.8,0.6,0.5,0.5,0.9,0.8,0.5,0.7,,0.7,0.7,0.8,0.9,0.5,0.5,0.6,0.4,,,0.2,0.4,0.3,0.3,0.5,0.4,0.2,0.5,0.8,0.4,0.7,0.7,0.4,0.4,,,0.3,0.4,0.5,,0.5,0.4,0.4,0.4,0.4,,,0.3,0.5,0.4,,,,,0.6,0.6,0.7,0.7,0.7,0.3,,0.4,,0.3,0.5,0.5,0.4,0.6,0.7,0.5,0.8,2,,1.8,,,,,0.3,0.3,0.7,0.5,0.5,0.5,0.4,,0.4,0.6,0.6,0.5,0.5,0.8,0.7,0.5,0.5,0.4,0.8,0.7,0.6,0.6,,0.5,0.4,0.3,0.3,0.3,0.3,0.7,0.6,0.5,,0.3,0.7,,0.7,0.6,,0.4,0.2,0.5,,0.3,,0.3,,0.6,0.7,0.6,1.1,0.5,0.6,0.5,0.5,0.4,0.6,,0.5,0.7,0.5,,0.5,0.6,0.2,0.6,0.7,0.5,,0.2,0.3,0.3,0.4,0.2,0.3,,0.7,0.8,0.3,0.2,0.5,,0.3,0.3,0.3,,0.4,0.7,0.4,0.4,0.5,0.3,0.2,,0.3,0.3,,0.5,0.4,0.4,0.3,0.7,0.7,1.1,1,0.2,,1.5,,0.4,0.2,0.4,0.2,0.5,0.5,0.4,,,0.7,0.9,0.7,0.8,,0.3,0.5,0.6,0.8,1.5,0.3,0.5,0.7,0.9,0.4,0.7,0.6,0.6,,0.4,,0.5,0.5,0.4,0.4,0.5,,0.5,,0.2,1.1,0.7,0.4,0.5,0.4,0.8,,0.5,0.5,0.4,0.3,0.4,0.4,,,0.6,0.4,0.3,0.6,,0.8,0.5,0.5,0.9,,0.4,0.7,,,0.2,0.4,0.3,0.5,0.4,0.6,0.3,0.2,,0.8,0.6,0.7,0.4,0.4,1,,0.9,0.6,,0.4,0.6,0.4,0.4,0.2,0.5,0.4,0.7,0.5,0.6,0.5,0.4,0.4,1,0.4,0.9,0.2,0.3,0.7,0.4,1.2,0.3,0.6,0.9,0.4,0.4,0.4,0.3,0.5,0.8,0.6,0.2,0.6,,0.5,0.5,0.6,0.6,0.7,0.6,0.6,0.5,0.8,0.5,0.6,0.5,0.7,0.6,,0.5,0.4,0.3,0.4,0.6,0.5,0.6,,0.6,0.7,0.3,0.5,0.4,0.3,0.4,0.5,0.5,1.2,0.5,0.7,0.2,0.3,0.6,0.5,0.7,0.4,0.6,,0.5,0.5,0.8,0.6,0.8,,0.7,0.4,0.4,0.3,0.5,0.2,0.4,0.3,0.3,0.5,0.4,0.5,0.8,0.6,0.4,0.2,,0.7,,0.5,0.6,0.5,0.6,0.4,0.6,0.6,0.8,0.8,0.7,0.8,0.7,0.4,0.6,0.6,0.7,0.6,0.5,0.4,0.5,0.5,0.5,0.9,0.7,0.2,0.7,0.8,1.1,0.4,0.6,0.4,0.6,0.6,0.6,0.6,0.8,0.4,0.6,0.6,0.5,,0.4,0.5,0.5,0.6,0.6,0.5,0.5,0.5,0.7,0.4,0.6,0.4,0.4,0.6,0.3,0.6,0.7,0.6,0.4,0.5,0.6,0.7,0.2,0.6,0.1,0.3,0.1,0.5,0.3,0.2,0.6,0.5,0.5,0.3,0.5,0.5,0.8,0.6,0.3,0.6,0.7,0.9,0.5,0.5,0.4,0.7,0.7,1.1,0.8,0.9,0.3,0.3,0.4,0.4,0.3,0.1,0.5,,0.5,0.7,0.5,0.5,0.3,0.4,0.6,0.4,0.5,0.3,,0.3,0.4,0.4,0.2,0.5,0.5,0.6,0.4,0.4,0.4,0.7,0.4,0.7,,0.5,0.5,0.7,,0.3,0.6,0.6,0.6,0.7,0.3,0.3,0.5,0.6,0.8,0.6,0.3,0.3,0.9,1.5,0.9,0.5,0.6,0.6,0.6,0.5,0.7,0.4,0.5,0.5,0.5,,0.2,0.4,0.7,0.7,2.2,0.7,0.5,0.4,0.6,0.5,0.4,0.7,0.4,0.4,0.7,0.6,0.5,1.2,0.7,0.4,0.5,,0.5,0.8,0.5,0.6,0.3,0.2,0.8,1,1.2,,0.6,0.4,0.2,,0.4,0.7,0.8,0.7,0.5,,0.3,0.3,0.4,,0.6,0.4,0.7,0.9,0.8,0.5,0.6,0.4,0.4,0.4,0.4,,0.4,,0.6,0.6,,1.2,0.5,0.3,0.4,0.6,0.6,0.5,0.4,,0.4,,0.7,0.5,,,1,0.6,0.6,0.3,0.9,0.5,1.2,0.5,1,0.5,0.7,0.2,0.3,0.1,0.4,0.2,0.4,0.3,0.2,0.3,0.5,0.6,,0.7,0.7,0.2,0.8,0.7,0.7,1,0.3,0.3,0.6,0.6,0.5,0.7,0.5,0.4,0.8,0.1,0.5,0.5,0.6,0.5,1.1,0.6,0.7,0.6,0.5,0.5,0.5,0.5,0.5,0.7,1.3,2,,0.6,0.3,0.6,0.6,0.5,0.5,0.5,0.5,,0.7,0.4,0.4,0.5,0.5,0.5,0.7,0.6,0.7,0.9,0.4,0.4,0.3,0.4,,0.6,0.6,0.2,0.4,1,0.8,0.4,1,0.5,0.5,0.7,0.5,0.5,0.6,0.5,0.6,0.6,0.8,0.7,0.2,0.4,0.6,0.9,0.7,0.5,0.8,0.7,0.6,,0.6,0.2,0.4,0.5,0.1,0.5,0.1,0.4,0.3,0.3,0.5,0.6,0.4,0.8,0.6
20210719,11,CO_24h,0.6,0.5,0.7,0.7,0.6,0.7,0.5,0.5,0.5,0.5,0.5,0.5,,,0.9,,0.9,0.8,0.6,,0.9,,0.4,0.5,,0.6,0.5,,0.7,0.6,0.5,0.8,0.6,0.4,0.6,,0.9,0.7,,0.9,0.6,0.3,0.2,0.4,,0.3,,0.4,0.4,0.4,0.1,0.4,0.3,0.1,0.1,0.1,0.2,,0.4,0.4,0.1,0.6,0.7,0.8,,0.7,0.6,0.3,,0.5,0.4,0.2,0.3,0.1,0.5,,,0.4,0.2,0.3,0.7,,0.5,0.6,0.5,0.6,0.4,0.6,,0.5,0.5,,,0.4,0.5,0.4,0.4,0.8,0.7,0.7,,0.7,0.7,0.7,0.6,0.7,,0.6,0.7,0.6,0.5,0.6,0.4,0.5,0.5,0.5,0.6,0.6,0.6,0.5,0.7,0.5,0.6,0.4,0.4,0.4,0.4,0.5,0.3,0.7,0.5,,0.5,0.6,0.4,0.6,0.3,0.5,0.3,0.4,0.5,0.5,0.3,0.4,0.5,,0.4,0.3,0.4,0.2,0.4,0.6,0.2,0.3,0.8,0.5,0.5,0.7,0.4,0.2,,0.3,0.5,0.3,0.2,0.3,0.5,0.4,0.3,0.4,0.5,0.5,0.3,,,,0.5,0.4,,0.5,0.4,0.3,,,,0.6,,0.4,0.2,0.4,0.4,0.4,0.3,,0.3,0.7,,,,0.6,0.6,,0.5,0.8,0.7,0.4,0.5,,0.2,0.2,0.3,0.1,0.2,,0.5,0.4,,0.3,,0.4,0.5,,0.4,0.4,,0.6,0.3,0.7,,0.5,0.4,0.4,0.3,0.4,0.6,0.4,,,0.3,0.4,0.4,0.4,0.3,0.4,0.4,,0.8,,,0.5,,0.6,0.5,,0.3,0.3,0.2,0.3,0.4,0.5,,0.3,0.4,0.3,0.2,0.4,0.4,0.3,0.5,0.5,0.4,0.4,0.5,0.5,0.5,0.5,0.4,0.3,0.5,0.3,,0.5,0.6,0.5,0.4,0.3,0.5,0.3,1.2,0.8,0.7,,0.9,0.7,,,0.8,0.5,0.2,0.8,,0.5,0.4,0.6,0.4,0.3,,,0.1,0.3,0.4,0.1,0.2,0.4,0.6,0.4,0.5,0.5,0.6,0.5,,0.5,0.5,0.8,0.8,0.6,0.9,0.8,0.7,0.8,,0.9,0.4,0.8,0.7,0.6,0.7,0.6,0.6,0.5,0.5,0.6,0.4,0.5,0.6,,0.5,0.4,0.6,0.6,0.6,0.5,0.5,0.4,0.4,0.6,0.6,0.5,0.5,0.4,,0.7,0.4,0.4,0.4,0.5,0.5,0.4,0.5,0.4,0.4,0.4,0.4,,0.5,0.4,0.5,0.6,0.6,0.5,0.5,0.5,0.6,0.5,0.5,,,0.6,0.5,0.7,0.4,0.6,0.6,0.7,0.5,0.5,0.5,0.3,0.4,0.6,0.6,0.5,0.6,0.4,0.7,0.6,0.5,0.3,0.4,0.4,0.4,0.4,0.6,,0.5,0.6,0.6,0.7,0.9,0.3,0.4,,,0.8,0.5,0.8,0.3,0.6,,0.4,0.5,0.5,0.6,,,0.6,0.3,0.4,0.4,0.5,0.7,0.6,0.5,0.6,0.5,0.7,,0.4,0.3,0.3,0.3,0.3,0.4,0.2,0.4,0.2,0.4,0.4,0.3,0.4,0.8,0.7,0.7,0.7,0.5,0.7,0.4,,0.7,0.9,0.7,0.8,,0.6,0.5,0.5,0.4,,,,0.7,0.3,,,,0.4,0.6,0.7,0.5,0.7,0.3,0.8,,0.8,0.7,0.7,0.7,0.6,0.7,0.9,0.7,0.6,0.9,0.6,0.4,0.5,0.7,0.7,0.7,,0.5,0.8,0.8,0.7,0.7,0.6,0.7,0.6,0.6,,0.4,1,0.4,0.4,0.5,0.3,0.6,0.7,0.5,0.6,0.5,0.6,0.3,0.5,0.2,0.3,0.3,0.3,,0.7,,0.3,0.6,0.3,0.8,0.5,,0.6,0.7,,,0.5,0.6,0.6,0.4,,0.2,0.5,0.2,,0.2,0.1,0.2,0.4,0.3,0.2,0.1,0.2,0.2,0.3,,,,0.3,,0.4,0.7,,0.4,0.4,0.5,0.6,0.5,0.2,0.3,0.4,0.4,0.4,,0.3,,,0.8,,0.8,0.6,0.7,0.4,0.6,0.5,0.2,0.4,,0.5,0.3,0.6,0.5,0.4,0.4,0.5,0.6,0.7,0.9,0.4,0.6,0.6,0.3,0.5,0.4,0.7,0.7,0.7,0.4,,0.5,0.5,0.4,,0.6,0.6,,0.4,0.7,0.7,0.6,0.6,,0.6,0.7,,,0.5,0.5,,0.6,,0.7,0.5,0.6,0.5,0.6,0.5,,0.7,0.7,,0.6,0.6,,0.6,,0.9,0.8,0.8,,0.8,0.7,0.3,0.2,0.1,,0.5,0.7,0.6,1,1,0.4,0.2,0.6,0.7,0.5,0.7,0.5,0.7,0.3,1.1,1.9,0.7,0.6,0.6,0.7,0.6,0.4,0.6,0.5,0.7,0.6,0.6,0.8,0.6,0.5,0.4,0.5,0.2,,0.1,0.4,0.4,0.3,0.4,0.3,0.5,0.4,0.6,0.3,0.5,0.6,0.7,0.6,,0.9,0.8,0.8,,0.5,0.6,0.5,0.4,0.7,,0.6,0.3,0.3,,0.7,,0.7,0.3,0.4,0.3,0.4,0.6,0.4,,,,0.5,,0.5,,0.4,0.4,0.3,,0.6,0.6,0.6,0.6,0.6,,0.7,,0.4,0.6,0.5,0.5,0.5,0.7,,0.7,0.6,0.5,0.7,0.6,0.6,,0.7,,,0.8,0.3,0.3,0.5,,0.7,0.8,0.7,0.7,0.6,0.4,0.5,0.7,0.5,0.7,0.8,1,0.8,0.7,0.4,0.3,0.3,0.5,0.8,0.4,0.6,0.7,0.7,0.5,0.8,,1.1,2.6,2.2,1.1,0.6,0.7,0.9,0.8,,,,,0.5,0.5,,0.6,1,0.5,0.3,0.3,0.4,0.4,0.7,0.4,0.6,0.5,0.4,0.5,0.5,0.9,0.7,0.8,,0.7,0.6,0.8,,0.7,0.6,,0.6,0.7,0.7,0.6,0.9,0.8,0.5,0.5,0.6,0.6,0.7,0.7,0.7,,0.5,0.6,0.3,0.4,0.4,0.3,0.6,0.6,0.5,,0.5,0.4,0.3,0.4,0.3,0.2,0.5,0.1,0.1,,0.5,,0.4,0.4,0.4,0.3,0.2,0.4,0.1,0.2,0.3,,,0.3,0.4,0.4,0.6,0.2,0.3,0.1,0.5,,,0.6,,0.7,0.3,0.7,0.5,0.5,0.7,0.3,0.6,0.4,,0.6,0.7,0.7,0.5,0.6,0.4,0.3,0.3,0.3,0.6,0.6,0.1,0.3,,0.5,0.3,,0.5,0.4,0.5,0.6,,,0.6,0.5,0.5,0.5,0.4,0.5,0.8,0.8,0.5,,,0.4,0.6,0.7,0.8,0.6,,0.5,0.6,0.4,0.7,0.7,0.5,0.4,,0.4,0.7,0.8,,,0.8,0.9,,0.6,0.6,0.5,,0.5,,0.8,0.7,,,,0.4,,,0.6,0.5,0.5,,,0.3,0.4,0.2,0.2,0.4,0.3,0.3,0.4,0.3,0.4,0.4,0.6,0.5,0.4,0.5,0.7,0.7,0.5,0.6,0.7,0.4,0.3,0.6,0.4,,0.6,0.5,0.5,,0.3,0.5,0.5,0.5,0.6,0.4,0.5,0.4,0.4,0.5,0.4,0.4,,,0.5,0.7,0.7,0.7,0.6,1.4,0.4,1,0.5,1,1.1,0.7,0.6,0.5,0.7,0.7,0.6,,,0.4,0.8,0.6,0.6,0.3,0.2,,0.7,0.4,0.5,,0.5,0.6,0.5,,0.4,0.5,0.5,0.5,0.5,0.5,0.6,0.5,0.7,0.5,0.5,0.7,0.6,0.4,0.5,0.7,,0.3,0.4,0.3,,0.6,0.4,,0.6,,0.4,,,,0.4,0.5,0.6,0.5,0.6,0.7,,0.8,,0.4,0.4,0.4,0.4,0.6,0.5,0.5,0.4,0.5,0.5,0.7,0.4,0.1,0.5,0.4,0.3,0.5,0.6,0.5,0.5,0.3,,0.5,0.4,0.7,0.4,0.6,0.7,0.3,1.1,1.5,0.8,0.9,0.3,0.4,0.6,1,,0.4,0.5,0.6,0.4,0.5,1,0.9,0.6,1,1.3,0.5,0.6,0.7,0.4,0.6,,0.5,0.7,0.5,0.5,0.7,0.5,0.5,0.6,0.5,0.8,0.7,,0.5,0.5,0.4,,0.4,0.5,0.5,0.5,,0.5,0.4,0.6,,0.6,0.6,0.5,0.7,0.6,0.8,0.9,0.7,0.6,0.6,0.6,0.5,0.6,,0.5,0.4,0.6,1.1,0.8,,0.8,1,0.4,0.7,0.9,0.7,0.6,0.8,0.8,0.7,0.7,0.7,,0.6,0.7,0.5,,1,1,,0.5,0.5,0.5,0.4,,0.7,0.6,0.7,0.9,1.1,0.8,0.6,0.6,0.7,0.5,0.6,0.4,0.6,0.6,0.5,0.5,,0.5,0.9,1,1.4,0.5,0.5,0.6,0.5,0.6,0.6,0.6,0.6,0.5,0.7,1.3,0.9,0.8,0.8,1.3,0.6,0.6,0.6,1.2,0.9,0.4,0.4,0.5,0.9,0.8,0.9,0.7,0.4,0.8,0.5,0.7,0.6,0.5,0.7,0.7,0.7,0.8,0.5,0.5,0.5,0.7,0.7,0.5,0.6,0.5,0.6,0.7,0.8,0.8,0.5,0.5,0.5,0.4,,0.4,0.3,0.3,0.3,0.3,0.5,0.4,0.4,0.5,0.6,0.4,0.6,0.5,0.3,0.4,,,0.4,0.4,0.7,,0.6,0.4,0.4,0.3,0.4,0.5,,0.3,0.5,0.3,,,,,0.5,0.5,0.5,0.6,0.5,0.3,0.2,0.4,,0.3,0.5,0.5,0.4,0.6,0.6,0.4,0.7,0.9,0.7,0.7,,,,,0.3,0.3,0.5,0.5,0.5,0.5,0.4,,0.4,0.4,0.4,0.3,0.4,0.8,0.7,0.6,0.5,0.5,0.7,0.6,0.6,0.6,,0.5,0.4,0.3,0.3,0.3,0.3,0.7,0.5,0.5,,0.3,0.6,,0.8,0.6,,0.4,0.2,0.5,,0.4,,0.3,,0.6,0.7,0.5,0.8,0.7,0.7,0.5,0.5,0.4,0.5,0.4,0.4,0.5,0.5,,0.6,0.6,0.2,0.5,0.7,0.3,,0.3,0.3,0.2,0.3,0.4,0.3,,0.7,0.8,0.3,0.1,0.6,,0.2,0.2,0.2,,0.4,0.7,0.6,0.4,0.5,0.3,0.4,,0.3,0.3,,0.4,0.3,0.4,0.3,0.8,0.7,0.2,0.4,0.3,,0.7,0.1,0.4,0.3,0.3,0.2,0.5,0.5,0.3,,,0.6,0.9,0.7,0.8,,0.3,0.5,0.6,0.4,1.8,0.3,0.4,0.6,0.7,0.4,0.7,0.7,0.6,,0.5,0.6,0.4,0.7,0.4,0.4,0.5,,0.4,,0.3,0.9,0.6,0.5,0.9,1,0.5,0.5,0.4,0.6,0.7,0.5,0.4,0.4,,,0.4,0.4,0.3,0.7,,0.7,0.5,0.5,0.6,,0.4,0.4,,,0.2,0.4,0.3,0.5,0.4,0.5,0.3,0.2,0.4,0.5,0.6,0.6,0.4,0.4,0.7,,0.9,0.5,,0.4,0.6,0.3,0.3,0.2,0.5,0.4,0.5,0.6,0.7,0.5,0.4,0.4,0.7,0.3,0.7,0.3,0.3,0.5,0.4,0.6,0.3,0.6,0.7,0.4,0.5,0.5,0.4,0.5,0.4,0.4,0.2,0.7,0.6,0.4,0.5,0.6,0.6,0.7,0.5,0.6,0.4,0.8,0.6,0.7,0.5,0.7,0.6,,0.6,0.5,0.3,0.4,0.7,0.5,0.6,,0.5,0.5,0.3,0.4,0.3,0.3,0.4,0.5,0.4,0.9,0.3,0.6,0.5,0.4,0.6,0.3,0.6,0.5,0.8,,0.6,0.4,0.4,0.5,0.4,,0.2,0.4,0.4,0.3,0.4,0.2,0.4,0.3,0.4,0.6,0.4,0.5,0.7,0.6,0.3,0.2,,0.5,,0.5,0.6,0.6,0.6,0.4,0.6,0.6,0.7,0.7,0.6,0.7,0.6,0.4,0.5,0.5,0.6,0.6,0.5,0.4,0.5,0.6,0.6,0.8,0.7,0.2,0.4,0.5,0.9,0.3,0.7,0.4,0.6,0.6,0.5,0.8,0.8,0.3,0.5,0.6,0.5,,0.3,0.6,0.5,0.5,0.7,0.6,0.4,0.5,0.6,0.5,0.7,0.7,0.4,0.6,0.3,0.5,0.4,0.5,0.3,0.5,0.5,0.6,0.3,0.6,0.1,0.3,0.2,0.3,0.4,0.3,0.6,0.5,0.5,0.3,0.5,0.5,0.9,0.7,0.2,0.6,0.7,0.6,0.6,0.5,0.4,0.6,0.6,0.7,0.9,0.7,0.3,0.3,0.4,0.4,0.3,0.3,0.4,,0.4,0.6,0.5,0.7,0.4,0.5,0.6,0.3,0.5,0.2,,0.3,0.4,0.4,0.2,0.5,0.4,0.3,0.5,0.3,0.4,0.5,0.3,0.4,,0.5,0.5,0.7,,0.3,0.5,0.5,0.7,0.5,0.4,0.4,0.4,0.6,0.7,0.5,0.3,0.3,0.5,0.7,0.7,0.5,0.4,0.6,0.5,0.4,0.7,0.4,0.4,0.5,0.5,,0.2,0.4,0.5,0.6,2,0.6,0.5,0.3,0.5,0.5,0.5,0.6,0.4,0.4,0.7,0.6,0.4,0.7,0.4,0.5,0.5,,0.6,0.6,0.3,0.5,0.3,0.2,0.7,0.8,0.8,0.4,0.5,0.4,0.4,,0.4,0.6,0.7,0.7,0.6,0.4,0.4,0.3,0.4,,0.6,0.5,0.7,0.8,0.6,0.4,0.6,0.5,0.4,0.4,0.4,,0.5,,0.5,0.6,,1.3,0.5,0.3,0.4,0.5,0.5,0.5,0.3,,0.4,0.6,0.6,0.5,,,0.8,0.6,0.4,0.3,0.6,0.5,0.7,0.6,0.8,0.4,0.7,0.2,0.3,0.1,0.4,0.3,0.3,0.3,0.2,0.4,0.5,0.6,0.6,0.6,0.7,0.6,0.8,0.7,0.6,1,0.6,0.4,0.6,0.6,0.5,0.6,0.5,0.3,0.7,0.1,0.4,0.5,0.5,0.5,0.8,0.7,0.6,0.6,0.5,0.4,0.4,0.5,0.4,0.7,1,1,,0.8,0.3,0.5,0.6,0.6,0.4,0.5,0.5,,0.5,0.4,0.4,0.4,0.5,0.5,0.9,0.6,0.7,1,0.5,0.4,0.3,0.4,,0.6,0.5,0.2,0.3,0.8,0.7,0.4,0.8,0.6,0.5,0.5,0.4,0.6,0.6,0.5,0.6,0.4,0.9,0.8,0.3,0.4,0.7,0.7,0.6,0.5,0.6,0.6,0.5,0.4,0.4,0.2,0.4,0.8,0.1,0.4,0.1,0.4,0.3,0.5,0.4,0.5,0.5,0.7,0.5
20210719,12,AQI,30,26,29,36,30,26,20,35,30,27,29,20,,,54,,60,66,27,,56,,,47,,,58,,23,42,20,29,29,23,32,,59,56,,59,53,25,30,31,,,,43,,51,42,40,41,44,43,39,,,37,38,,52,44,41,,53,,,,62,43,41,39,46,,,,25,25,31,30,,26,25,,22,,23,,40,38,,,43,40,38,38,32,30,30,,31,35,34,33,35,,,29,,,,28,30,27,28,30,29,31,34,51,33,,34,30,41,31,32,44,40,39,,53,,51,,42,40,,44,29,25,27,25,26,,44,18,25,20,39,36,41,38,43,,36,40,40,28,,36,,34,53,32,33,31,31,31,,32,30,,,,53,,,51,46,41,,,,46,,43,42,39,42,35,40,,40,47,,,,44,48,,,45,48,39,34,,35,32,32,,29,29,32,29,,,,30,27,,45,29,,48,33,38,,38,48,38,34,,25,22,,,21,28,24,46,,40,46,,25,,,37,,40,42,,32,18,22,14,13,15,,45,32,34,40,33,28,29,28,52,52,54,51,54,,53,48,48,,23,,27,23,24,20,30,52,38,39,41,47,,49,39,,,38,51,49,59,,,51,57,49,27,,,25,24,25,28,25,29,36,42,41,42,38,43,,,32,31,34,36,30,35,,30,,39,32,40,39,40,41,35,40,41,38,37,39,28,29,,26,33,37,26,27,24,22,22,,,9,13,14,13,,14,13,11,13,11,15,13,12,35,24,,,,32,27,19,19,26,,14,,21,26,26,,,23,20,23,20,23,32,,15,22,30,31,22,51,54,46,46,40,42,51,33,,23,25,26,27,,,27,,31,24,24,22,31,,,24,22,24,26,24,,48,61,51,53,,,,51,,36,52,42,41,51,,35,51,,19,16,19,19,21,20,20,20,17,22,20,24,,38,42,36,40,41,35,21,,54,27,44,,,80,48,49,55,,,,42,50,,,,50,54,54,39,46,33,28,,67,43,45,57,40,39,37,,,37,38,32,,42,31,45,,42,43,45,40,46,45,46,,45,,32,35,32,25,24,28,28,32,30,27,32,26,28,,31,32,35,29,,33,,,33,34,29,36,,36,40,,,,41,39,45,,34,38,,,,49,31,31,37,23,27,25,28,27,,,,35,,31,39,,38,45,42,43,25,25,28,32,23,28,,40,,,28,,25,28,28,25,21,23,23,21,,35,31,49,34,38,35,25,,29,41,,33,35,,11,12,23,32,,26,,29,23,21,,39,41,,37,28,27,32,36,,31,17,,,62,57,,37,,36,,42,37,20,22,,20,21,,52,42,,69,,33,30,43,,31,30,30,30,29,,27,27,29,29,27,27,20,40,39,34,35,,36,,26,,41,30,25,30,44,35,34,34,35,33,32,,,30,,40,41,,38,26,24,29,27,21,30,,30,28,31,42,43,43,,,,42,,,38,,,28,,29,34,35,,13,,34,14,17,28,,48,37,,,,35,,43,,31,40,,,36,39,35,22,23,,24,,33,,30,30,37,32,,32,32,34,40,36,,,33,,,,24,24,26,,28,55,41,53,41,29,,30,53,59,65,,71,53,24,21,29,30,36,31,32,30,34,31,35,,114,,78,49,29,32,31,23,,,,,34,38,,38,30,36,39,,34,32,44,37,38,,36,21,19,35,,31,,,22,31,,33,34,,,23,35,33,27,31,31,33,35,45,39,39,42,,59,47,184,69,49,47,,29,60,,30,64,41,41,29,34,34,,,,24,,,27,27,26,31,29,,,,,,26,23,30,,,24,,,,,40,,36,34,33,38,39,39,34,31,,,41,,41,44,39,45,38,39,38,39,38,27,23,,53,37,,32,29,26,23,,,36,,24,24,,52,,61,,,,38,22,,21,21,,,,,34,36,35,26,,35,26,46,,,42,36,,38,29,28,,28,,82,,,,36,29,,,46,50,39,,,23,,30,29,87,75,72,40,36,40,44,35,28,29,,,35,36,30,30,32,,32,26,,,,29,,28,,42,25,34,33,30,27,34,29,34,51,,,58,,40,41,88,34,30,33,29,34,36,28,52,39,47,37,44,,,30,40,27,40,39,40,,50,37,41,,39,48,46,,43,55,51,41,40,38,32,36,41,56,48,70,45,48,41,30,,37,38,33,25,52,40,,41,,50,,,,33,34,44,34,33,,,40,,,39,43,26,28,25,38,,29,30,31,32,29,27,29,30,32,34,37,32,29,,39,28,25,38,,34,18,33,35,28,40,36,28,39,30,,,49,27,26,22,45,36,30,38,40,29,28,32,26,,,37,43,32,47,42,42,38,38,,35,41,,45,52,53,,45,,50,48,,52,39,39,,40,,44,46,46,,19,22,19,22,35,31,53,,35,36,36,26,34,,41,34,,26,,,27,26,35,,46,42,,27,30,29,,31,35,,37,24,27,26,,27,27,30,31,25,41,33,,,32,,,,39,54,52,,35,39,39,35,35,36,31,30,28,35,34,59,31,37,24,34,27,36,35,,36,30,57,30,17,21,23,37,45,,54,,26,43,,38,20,52,61,54,58,36,48,30,63,80,31,37,,36,30,54,54,29,27,31,32,,,32,29,33,31,,37,39,35,32,32,35,36,31,34,,,29,28,,,30,27,24,23,24,,,25,25,,,,,,36,34,30,35,35,30,,30,,33,38,41,,40,40,22,23,53,32,43,,,,,16,20,25,24,16,16,24,,28,34,33,37,37,36,33,36,30,20,22,26,,28,,14,18,17,17,9,7,39,35,22,,16,30,,,31,,21,19,22,,29,,32,,13,12,,34,34,36,35,35,36,37,,28,38,26,,39,42,37,47,46,43,,500,500,42,41,144,159,,33,30,37,37,40,,44,48,43,,42,77,45,39,33,40,43,,47,,,47,39,,,34,36,,49,32,,57,32,36,28,30,32,30,33,36,,,,51,51,30,,29,46,34,94,46,39,22,30,,50,46,22,29,,27,,46,45,24,43,41,,42,,35,41,51,26,16,18,183,,,38,32,27,41,30,,,59,,,62,,50,49,46,41,,29,53,,,28,50,47,25,48,46,23,22,,40,24,21,31,26,45,,65,40,,23,36,56,35,35,,23,51,14,24,36,30,63,31,52,48,28,,32,29,32,35,35,40,32,23,23,22,27,42,39,30,20,32,48,38,33,34,35,32,48,34,35,34,31,,33,39,,36,37,33,15,33,31,31,,39,50,42,38,50,28,34,39,47,36,75,,30,50,,31,39,33,41,,30,50,57,47,46,,185,29,18,28,21,20,26,27,25,16,28,35,43,84,42,32,,39,,38,30,29,43,29,,21,30,28,33,32,22,11,15,19,15,21,35,12,25,16,22,20,39,32,55,77,60,43,46,51,42,44,32,39,40,26,29,34,37,,16,19,33,32,34,26,27,34,63,25,26,31,26,24,18,19,52,46,47,45,35,40,26,43,35,36,28,33,29,,38,39,54,,25,20,31,,42,33,23,52,29,30,37,54,,35,38,65,37,25,37,28,29,24,49,,35,33,32,44,38,,46,44,34,32,,45,,40,35,30,34,33,26,30,61,32,31,71,,18,,,,,20,23,34,20,15,29,10,21,19,55,54,38,52,64,,40,52,41,47,37,37,42,30,38,52,,49,17,44,57,35,28,29,12,30,23,37,48,43,36,34,35,39,,48,31,30,,38,40,40,40,29,25,54,37,38,40,43,36,49,,39,74,40,29,14,34,30,33,30,,31,36,32,53,44,25,,,30,23,21,,,,43,28,,37,15,19,,38,38,30,35,,27,,39,35,,,29,56,32,35,,47,65,60,,46,43,39,50,,53,54,54,50,58,55,31,33,,20,22,49,54,,45,31,,24,33,26,,28,41,31,51,344,359,30,35,27,37,21,77,25,12,50,22,20,23,,45,50,,41,39,15,25,36,41,38,23,26,112,39,36,55,47,52,29,29,34,42,,38,30,33,,33,,21,35,40,,50,36,28,26,45,26,39,,23,52,48,45,43,49,41,30,71,,28,37,23,33,,,27,39,,37,60,30,52,26,47,51,33,24,36,34
20210719,12,PM2.5,21,18,18,23,19,16,14,24,20,18,20,11,,,38,,43,26,13,,37,,19,10,,40,19,,16,29,5,20,19,16,22,,29,32,,40,37,11,17,12,,,,10,,27,29,20,22,27,9,17,8,,17,14,22,34,25,23,,37,40,28,,28,30,11,20,21,19,,,14,17,7,18,,9,7,19,15,18,11,,9,17,,,12,11,16,11,9,9,10,,12,10,11,12,9,,11,13,,,9,8,11,6,7,10,8,11,10,14,11,10,8,6,11,10,9,14,13,14,,18,18,20,,24,14,20,10,7,17,10,10,13,,12,10,8,6,19,9,14,14,22,24,14,22,19,17,,10,,10,15,11,12,9,12,8,10,10,9,,,,25,27,,25,16,27,,,,23,,7,14,12,7,12,5,,9,11,,,,19,14,,,26,21,21,22,,18,12,12,10,18,13,10,12,,6,,20,14,,15,10,,20,16,16,,17,21,19,13,,15,8,,,9,7,7,24,30,20,18,,6,,,16,,11,15,,12,11,15,3,4,4,,20,14,19,18,16,8,11,10,27,24,34,29,29,27,27,27,24,29,6,,14,15,13,12,16,25,19,19,17,25,,14,10,,,21,22,17,38,,29,24,27,22,7,,,,7,7,2,7,10,22,20,21,23,26,18,,20,21,15,17,17,18,24,20,18,,12,12,26,25,26,26,14,21,23,20,25,20,13,15,,12,13,19,12,13,14,14,11,,,1,,1,4,,,1,2,6,1,4,4,7,9,8,13,14,,9,15,7,8,5,7,3,7,7,4,11,,,10,9,16,8,6,10,7,3,9,15,16,10,24,25,21,23,18,17,23,19,9,9,10,4,9,,,13,15,6,10,10,7,17,,,12,5,8,8,7,,30,42,30,26,,,26,34,24,19,24,29,19,27,34,24,22,,6,2,3,4,5,4,4,10,5,9,9,8,23,26,28,19,28,26,17,13,,23,15,21,32,,21,7,28,20,,,,12,10,,,,17,14,4,10,25,22,13,,3,25,31,40,18,27,17,,,20,17,22,14,20,16,17,,9,9,16,16,9,14,17,,12,,9,9,7,15,14,18,15,9,10,10,15,16,19,13,11,12,11,12,,13,,10,9,8,11,12,,18,25,,,14,14,17,15,,21,12,15,,,24,9,17,22,12,9,7,9,7,,,,19,,11,14,,14,21,18,18,6,4,6,22,10,19,,17,,,19,,9,15,16,17,14,16,14,12,,18,14,27,20,20,13,14,17,20,14,,23,21,4,3,7,13,12,,10,,14,11,9,,14,20,,15,14,18,11,18,,20,9,,,38,39,,4,,7,,16,17,5,10,,9,7,,36,29,,50,,17,21,30,,15,21,8,10,6,,7,7,6,10,7,6,9,16,18,9,15,7,14,8,8,19,6,8,5,13,20,24,17,12,12,17,17,19,,21,12,25,18,,26,14,3,4,4,5,14,20,10,8,11,27,24,20,,,19,20,,16,26,23,12,16,,9,16,24,,7,,14,9,7,19,32,29,24,,,,24,,30,,12,28,,,11,27,23,4,4,,,,7,5,12,13,16,14,,19,22,11,28,20,28,,17,,,16,8,7,18,,19,34,27,31,12,5,,10,37,42,47,39,51,37,6,5,8,10,11,16,12,14,22,15,12,,86,13,57,32,17,14,20,10,,,,,6,9,,7,7,24,9,2,6,16,17,17,12,14,12,5,4,24,16,17,,11,12,15,,12,12,,,11,13,14,13,11,18,12,13,31,27,27,22,,10,13,68,14,13,16,,6,6,,9,3,7,5,9,13,18,10,10,,,,,2,2,2,9,11,,,,,,6,3,8,,,5,,8,,,12,,10,11,6,12,13,12,10,12,9,,12,10,17,14,17,23,21,16,16,25,26,3,4,,26,20,,14,7,11,10,,,20,7,13,7,14,26,,38,33,,,17,,,3,,,,13,11,9,9,6,17,,21,18,32,,,29,25,,18,17,13,,5,,26,,,,19,17,,,23,24,21,,,12,4,6,4,19,9,8,14,17,22,27,15,6,5,9,10,9,5,5,7,16,17,19,16,,,,6,,5,16,14,15,11,16,18,9,14,20,11,28,,,24,16,4,14,9,13,12,18,13,14,17,6,20,16,23,18,27,,,3,28,18,28,22,24,,35,19,15,,17,27,24,,23,21,25,17,16,26,13,25,24,29,32,51,8,13,20,14,,11,11,23,14,26,24,,20,,27,,,,1,12,12,17,23,20,,13,,,20,23,9,11,14,12,,11,11,21,12,9,13,18,12,13,6,14,12,14,,10,19,17,8,24,18,4,23,24,14,28,19,13,27,17,,,34,17,14,9,31,22,18,20,18,19,16,22,15,24,,23,15,14,30,20,22,22,20,25,24,21,,31,34,37,,29,,31,24,,24,22,27,,22,,27,18,30,8,8,11,7,8,24,20,37,,20,25,25,14,14,,14,16,,10,18,9,11,18,24,,25,29,,15,14,16,,14,24,,22,10,10,11,,15,13,12,6,7,21,14,,,20,,29,,27,33,29,,7,6,7,5,13,16,17,21,17,11,7,14,19,23,16,17,15,6,21,18,25,21,40,13,10,12,14,22,22,24,22,14,12,20,14,15,12,36,43,34,39,25,33,21,44,59,15,16,,17,19,32,28,15,10,5,5,,6,9,19,12,12,8,8,7,5,18,14,12,14,6,7,,,14,5,11,,11,14,1,9,8,25,,14,17,10,,,,,9,5,5,6,6,5,6,6,,6,16,8,,9,19,15,16,37,15,25,,,,,5,6,10,8,7,5,15,,19,8,8,18,18,6,4,8,15,7,8,16,6,10,,6,12,5,8,6,4,8,5,6,,10,6,,,,,2,5,4,,7,,3,,6,7,16,16,17,11,9,7,8,8,12,14,11,11,,17,9,6,8,8,20,,212,251,16,6,44,45,,9,7,7,7,5,,29,8,8,,10,14,9,9,8,10,11,,8,13,,16,13,,8,15,13,5,11,2,,15,2,10,6,8,1,9,14,25,,,19,13,17,7,,8,15,9,19,31,16,5,16,,11,30,8,20,,6,17,18,17,7,14,20,,29,,5,20,29,18,5,9,92,5,29,11,8,7,18,6,,,42,13,14,32,,14,15,23,17,,,19,,,,20,11,10,31,31,6,2,9,16,12,9,11,9,31,,35,20,,9,19,15,19,2,29,16,24,8,9,11,21,8,12,27,8,5,,5,20,6,4,18,9,6,6,11,6,2,24,12,7,4,22,17,4,15,17,18,22,33,7,17,22,15,15,13,18,,20,19,7,3,13,9,8,,19,5,20,26,35,6,5,25,14,9,16,37,21,28,,13,27,12,22,,4,20,22,19,5,,68,5,7,7,9,7,10,8,7,7,10,8,14,27,12,4,,27,,12,7,9,15,12,14,9,12,12,12,15,12,4,7,9,10,8,17,,12,3,8,9,14,8,39,56,28,23,21,28,29,25,18,25,16,18,20,23,22,,9,11,6,5,16,10,3,4,45,15,4,15,5,14,6,13,31,24,16,17,9,19,5,9,22,19,2,10,8,7,17,27,34,,10,13,11,7,3,23,16,21,5,4,20,38,29,22,9,47,11,12,12,13,12,7,34,,14,21,22,14,15,22,19,25,10,20,20,14,14,13,10,12,12,15,2,9,18,18,13,31,,8,,8,7,6,14,12,17,9,2,8,7,8,7,34,38,26,36,43,,19,18,24,21,20,21,26,18,26,27,,34,9,30,40,8,10,6,5,11,4,22,20,29,12,18,7,17,15,20,12,17,,16,17,13,15,8,2,38,12,12,9,9,9,8,,11,9,23,16,4,13,10,16,12,,16,9,13,36,30,11,12,10,7,10,11,,,,24,19,,15,6,4,,22,21,11,13,,14,,16,6,,,20,11,12,4,,12,46,43,,32,17,18,35,,31,38,38,23,41,38,18,23,,14,15,34,22,,31,6,7,7,20,17,11,19,11,6,7,65,64,8,22,9,20,5,30,16,4,35,9,9,10,9,17,22,,24,24,10,17,2,18,6,2,7,20,5,9,39,9,21,11,14,11,17,15,19,14,13,,12,26,8,10,28,26,35,24,16,9,31,13,27,17,8,22,27,16,8,27,27,7,46,,7,25,16,23,,21,17,23,29,22,32,12,20,8,23,26,4,8,20,18
20210719,12,PM2.5_24h,12,13,15,12,13,14,13,18,15,16,15,15,,,30,,24,18,29,,27,,23,21,,24,20,,17,20,12,16,13,23,19,,25,29,,34,24,14,24,18,,21,,15,18,13,20,19,15,20,15,13,10,,11,5,14,27,26,20,,34,19,12,,10,26,19,24,14,15,,15,12,7,2,14,,9,13,15,11,12,12,,11,11,,,9,10,12,12,16,19,18,,18,18,23,21,21,,20,15,17,16,14,14,13,15,15,16,10,19,15,24,15,14,12,9,14,15,17,9,11,12,,12,12,12,,14,10,14,9,12,18,13,14,11,,13,14,12,15,16,13,17,12,21,20,10,18,15,18,,11,11,11,22,13,13,12,13,11,19,14,7,,,,23,19,,22,18,17,,,,20,,8,15,11,10,14,13,,13,12,,,,16,15,,21,23,25,17,18,,18,14,13,17,18,15,10,11,,12,,15,15,,16,18,,20,18,17,,17,19,19,15,15,11,10,,,9,9,9,15,13,12,15,,13,,,16,,13,15,,11,12,14,10,10,9,,17,16,16,15,14,17,14,17,13,8,14,10,11,14,13,13,9,12,5,,11,8,7,8,13,12,10,12,16,14,,16,6,,,15,19,14,19,,25,18,17,20,12,,,6,7,7,5,9,11,18,15,17,18,20,15,,14,17,17,16,17,15,28,19,19,,13,10,19,18,17,16,12,15,16,16,15,13,12,14,,12,13,12,14,12,12,12,13,3,,4,4,3,5,,3,3,3,7,3,4,4,13,9,10,13,7,,14,17,11,7,7,7,2,10,10,5,12,,,12,11,10,9,10,13,4,6,18,20,18,18,20,25,21,21,21,20,23,22,7,6,9,6,5,18,,17,21,20,15,15,13,16,,,18,12,19,21,15,,18,22,15,14,,,16,17,12,13,15,24,14,18,24,18,11,,9,6,6,7,7,11,4,6,3,4,8,5,18,19,17,17,19,21,14,15,,19,14,18,20,,22,14,19,17,,,,9,10,,,,16,14,11,21,42,22,17,,18,20,17,17,15,17,13,13,,13,14,22,8,14,13,19,,21,19,21,18,10,19,13,20,18,,15,14,17,15,12,13,15,15,15,11,17,15,22,24,10,10,12,10,,16,,16,14,13,15,21,,20,22,,,18,17,18,21,,17,16,17,,14,18,10,17,18,14,17,10,17,11,,,,14,,14,13,,15,21,16,18,8,7,6,20,17,23,,16,,,16,,15,22,14,9,9,10,11,8,,14,13,14,11,16,10,14,13,14,11,13,13,20,6,8,7,12,12,13,8,,10,13,11,,14,14,,16,14,13,16,14,,17,9,,,22,21,,9,,10,10,10,12,5,8,,9,9,,20,21,,29,,16,22,19,,14,13,10,13,9,,12,11,13,16,20,11,9,23,17,14,17,12,19,10,15,23,10,9,10,30,22,20,26,26,16,12,12,13,16,14,13,11,10,,13,9,7,8,13,8,20,14,16,19,16,18,18,15,,19,15,21,,19,16,16,9,9,,10,10,11,,10,,13,8,8,12,16,15,13,,,,20,,22,,13,15,18,,17,21,18,12,12,,10,,10,8,13,16,15,12,,24,23,16,22,21,20,,16,,,14,9,8,8,,20,36,27,26,16,4,5,13,20,25,26,25,27,24,8,9,13,11,15,17,10,13,13,13,10,,28,15,24,25,18,18,17,11,,,,,9,8,,10,15,15,9,12,12,18,16,14,17,17,10,7,9,18,15,13,,13,14,16,,12,12,,14,20,18,20,21,19,18,15,23,18,18,13,14,,10,10,63,38,16,16,13,6,5,,8,8,12,10,12,14,17,11,11,,8,,11,6,6,8,10,12,11,11,8,,,12,12,15,10,12,8,7,11,,,14,,13,15,10,15,17,17,17,17,14,,22,16,18,18,20,18,17,18,18,19,21,11,12,,19,15,,14,16,10,12,,,16,11,11,8,16,14,13,12,14,,,14,3,6,10,6,,1,12,14,11,8,12,17,,18,15,17,,,18,15,,12,11,9,,9,,24,19,,,8,13,,,19,20,27,,,11,16,5,3,16,16,15,19,16,20,19,13,10,12,13,13,18,17,19,17,18,18,20,20,,21,16,13,,7,9,13,15,16,16,15,12,8,14,5,17,,,15,19,14,23,12,27,12,26,18,15,13,32,21,18,22,21,22,,,8,49,48,57,9,10,,39,18,12,,17,17,17,,17,20,16,13,10,20,16,19,12,19,12,19,13,12,10,15,,8,7,10,8,19,16,,15,,16,,,,4,7,6,6,11,10,,10,,16,16,15,8,10,12,10,6,17,17,27,13,12,10,9,9,18,15,12,12,10,,9,12,18,14,17,18,3,18,12,10,15,13,14,19,18,,8,22,21,23,17,13,15,16,14,13,19,18,19,18,18,,19,9,17,14,14,13,14,11,22,24,20,,14,18,19,,15,14,17,19,,17,18,15,,14,17,16,18,17,15,15,16,14,14,18,15,18,,21,21,19,16,16,,17,15,11,16,20,7,14,17,21,18,19,22,,17,16,20,,12,18,,16,7,12,11,,9,9,9,1,7,18,16,,,21,,23,,25,26,27,,8,6,7,6,8,12,11,18,15,16,18,16,23,24,12,16,23,18,28,17,18,14,22,20,9,9,10,20,18,25,22,7,14,11,12,15,11,45,48,46,45,24,24,23,14,30,19,19,25,24,27,41,40,16,9,10,10,,8,7,12,8,11,6,14,14,13,8,8,8,9,8,7,,,16,17,20,,21,9,7,6,7,17,,11,12,9,,,,,14,6,6,6,8,10,11,17,,7,38,7,8,7,12,11,14,18,10,14,,,,,9,10,13,9,7,7,16,,15,7,10,15,16,8,6,4,12,9,17,13,13,10,,12,15,6,6,9,6,9,7,12,,10,6,,11,6,,4,5,3,,12,,8,,4,5,11,18,16,17,11,10,11,11,8,12,9,10,,15,8,5,8,8,21,,39,48,12,8,40,44,,13,14,10,11,5,,16,16,10,,13,15,14,15,6,9,15,,11,13,,16,12,,10,30,28,9,14,7,,13,6,10,13,13,13,20,10,29,,,11,18,14,10,,6,14,13,15,20,10,3,13,29,23,22,13,12,,9,14,18,22,10,16,15,,15,,11,22,22,20,11,10,65,9,18,20,17,13,16,8,,,19,13,15,19,,16,14,18,13,,12,24,,,4,20,16,10,25,18,7,5,8,16,16,18,20,14,25,,24,16,,13,14,11,12,5,32,18,19,16,14,10,12,8,21,11,15,12,21,13,13,16,5,24,11,14,23,14,13,7,23,14,15,13,14,11,7,15,17,18,13,22,12,13,17,17,19,13,9,,16,9,10,4,8,8,7,,13,13,13,21,14,14,6,21,20,16,22,23,19,14,9,9,19,16,12,,14,19,19,19,8,,60,11,11,12,11,14,13,14,11,14,13,11,14,16,11,7,,22,,14,10,6,20,14,11,14,13,13,13,11,8,5,6,5,7,15,15,2,15,6,10,11,15,5,24,27,24,23,16,22,19,14,9,12,11,14,11,13,12,,10,12,8,9,7,8,7,14,13,14,13,18,14,4,13,17,12,12,9,14,14,10,8,15,25,16,12,15,10,10,23,21,17,11,9,10,22,17,4,20,21,15,20,11,23,25,28,15,46,23,14,14,14,13,14,20,19,,11,22,19,16,21,18,20,19,15,19,20,15,17,16,13,18,12,19,3,10,12,14,13,18,,11,10,8,9,6,11,7,10,14,5,9,5,10,11,26,19,21,23,25,27,15,13,16,12,17,18,17,14,18,14,,19,12,21,27,23,16,8,12,6,6,20,12,14,13,16,10,17,20,16,14,16,,22,18,15,17,14,6,31,21,20,14,18,18,13,,12,13,22,15,8,12,14,13,17,,23,26,22,34,31,10,14,9,8,11,12,,12,,15,16,,7,10,11,8,20,20,15,15,,11,16,14,10,,,12,18,10,11,13,21,36,31,33,21,15,13,24,26,20,32,23,17,25,18,14,15,17,10,15,21,17,12,25,31,22,9,15,13,20,16,11,9,16,193,172,8,12,14,18,7,23,15,4,15,7,10,11,9,15,19,,16,14,13,17,11,9,13,6,11,25,16,17,20,11,18,14,17,13,17,15,21,15,11,,8,33,8,14,18,21,17,12,14,14,15,15,12,13,12,18,21,19,14,24,15,7,35,42,13,17,13,21,14,11,13,16,17,16,19,7,13,8,24,22,8,2,13,25
20210719,12,PM10,24,14,29,36,30,26,18,28,30,27,27,17,,,53,,66,82,21,,61,,28,14,,43,38,,13,38,15,16,29,23,15,,68,61,,67,53,19,26,14,,,,43,,51,39,32,35,44,43,39,,,37,34,,53,44,41,,53,67,43,,74,37,32,33,46,54,,,16,24,31,30,,17,16,26,20,27,22,,19,27,,,32,31,34,22,19,18,22,,24,19,22,22,15,,26,20,,,12,15,21,14,12,18,11,21,34,52,19,24,18,13,41,23,23,30,30,28,,56,36,51,63,42,31,50,33,29,20,19,24,26,,44,18,18,20,39,29,41,22,43,43,31,39,36,19,,16,,19,56,25,20,21,18,24,,18,17,,,,56,38,,51,46,41,,,,46,,31,36,21,22,27,27,,29,37,,,,28,27,,,40,27,39,32,,26,32,29,24,20,20,23,17,,17,,25,25,,45,20,,48,28,30,,38,48,38,26,,19,21,,,11,28,11,46,50,40,46,,10,,,37,,21,28,,32,18,21,8,13,15,,45,31,30,40,30,24,28,17,53,53,57,52,58,61,56,48,48,51,10,,27,13,18,20,18,53,38,39,41,47,,49,39,,,38,51,49,68,,51,51,63,37,17,,,5,9,12,7,14,29,36,42,41,42,37,43,,42,32,22,34,31,24,31,30,30,,39,18,30,33,33,33,24,35,41,34,34,29,28,29,,26,33,37,26,27,24,22,20,,10,7,13,7,13,,5,6,8,13,4,6,2,10,35,24,28,34,,32,27,19,19,26,25,14,23,21,26,26,,,23,20,21,20,23,32,,5,22,30,31,22,52,57,46,46,40,42,51,30,27,21,25,21,27,,,18,18,5,24,15,17,22,,,16,14,24,26,14,,45,71,51,56,,,51,51,39,36,53,39,41,51,44,34,51,,19,1,8,10,9,9,11,15,17,17,16,24,42,37,42,36,40,41,35,21,,58,27,44,43,,33,18,37,59,,,,27,8,,,,27,30,58,39,46,33,28,,84,38,37,53,37,34,12,29,27,31,34,24,9,26,24,30,,30,35,36,26,46,24,19,,39,,15,21,14,25,24,28,28,28,19,21,32,21,23,13,26,32,35,27,,12,,24,19,19,19,34,,24,36,,,24,26,23,29,,14,35,28,,,49,31,31,34,19,24,17,14,27,,,,24,,22,39,,36,36,30,36,9,9,7,24,15,17,,22,,,26,,21,28,20,1,11,14,23,13,,24,23,49,34,38,35,24,36,29,41,,33,35,5,7,7,22,32,,26,,29,17,20,,39,41,,37,28,27,32,36,,31,12,,,74,64,,15,,15,,42,30,14,22,,18,13,,30,24,,38,,33,26,22,,31,20,11,19,14,,16,18,14,29,27,10,14,37,26,22,33,28,35,22,15,32,41,19,23,26,44,22,34,34,20,25,22,,,24,37,40,41,,29,22,19,11,27,18,28,28,16,28,20,42,36,36,,42,38,33,,28,33,32,17,28,,28,34,23,,8,,34,12,14,24,44,48,37,,,,22,,21,,31,35,,,36,20,35,8,13,,13,,19,23,14,27,30,32,,24,29,24,32,26,33,,27,,,22,10,14,4,,24,60,41,56,41,17,,27,49,65,76,,92,53,15,11,17,16,24,14,17,28,34,29,20,,100,22,57,49,17,26,25,13,,,,,13,21,,8,16,26,32,20,20,19,44,37,38,,36,21,12,30,27,31,,12,9,31,,17,19,,,19,35,21,22,31,24,18,15,39,36,34,42,,68,47,317,23,26,32,,27,69,,26,77,41,41,8,27,30,32,32,,9,,,9,9,15,8,15,,,,,,14,9,15,,,6,,17,,,16,,34,23,21,25,25,20,23,26,19,,18,18,26,26,28,31,30,23,23,39,36,10,13,,55,37,,32,22,14,20,,,24,18,9,11,17,54,,71,,,,38,14,8,20,21,,16,24,14,27,30,24,22,,35,21,37,,,40,35,,38,29,10,,7,,55,,,,36,29,,,44,43,32,,,23,26,11,20,31,35,11,40,36,40,44,35,24,10,18,22,26,22,29,20,32,26,32,26,,,,13,,17,18,42,20,10,15,24,25,34,23,34,51,,,66,30,25,18,35,18,22,16,5,11,26,11,53,27,47,36,44,,,13,32,27,30,39,40,,26,32,34,,34,48,46,,43,60,51,41,34,31,26,29,41,62,48,77,45,48,41,30,,20,38,18,15,53,37,,41,,50,,,,27,34,44,21,31,42,,40,,,38,40,22,22,23,38,,23,22,24,27,15,25,29,30,20,24,29,31,29,,39,21,12,38,67,34,1,32,33,23,36,36,28,30,30,,19,41,25,26,16,40,36,30,38,40,29,28,32,23,39,,37,43,32,47,42,42,38,38,35,24,41,,44,53,51,,45,,50,48,,54,34,27,,40,,44,46,46,8,12,12,19,21,32,21,41,,35,25,35,26,34,,41,30,,23,17,43,27,20,24,,46,39,,21,24,29,,26,31,,37,17,12,22,,4,3,21,31,25,41,33,26,32,31,39,64,36,35,57,53,,11,13,12,13,22,23,28,30,22,34,34,68,28,37,24,34,25,36,35,34,27,28,62,30,16,10,23,37,45,98,58,,26,43,39,38,20,53,72,58,66,35,31,30,76,68,31,28,,36,30,58,57,29,27,13,14,,9,32,19,29,27,16,17,11,10,32,24,29,27,14,10,,,18,19,20,,30,27,24,23,24,38,,25,19,26,,,,,16,13,10,12,12,19,12,12,,17,15,18,,29,40,20,18,55,32,43,,,,,14,13,16,18,12,9,24,,27,19,10,34,24,10,25,10,30,20,21,23,26,24,,11,8,,8,9,6,16,11,22,,15,30,,,10,,11,12,9,,26,,9,,5,12,29,28,28,17,18,19,17,18,10,28,38,14,,32,31,5,16,18,43,,759,763,19,20,237,268,,17,15,11,24,8,,29,29,25,,12,19,12,22,18,10,18,,26,65,,47,20,7,,34,36,35,49,,,63,22,36,14,15,19,17,26,21,,,50,51,52,30,,12,46,34,137,46,36,14,30,,20,46,19,20,,12,35,34,41,18,22,41,,21,,19,39,51,25,15,18,315,37,51,22,28,22,40,13,,,29,35,,73,,35,24,33,41,,20,55,,,19,33,26,24,48,46,16,7,17,39,24,14,19,7,31,,79,40,,18,36,61,31,8,40,23,51,6,14,36,29,76,17,53,40,14,,14,17,11,20,35,40,32,8,9,14,13,36,29,17,13,32,35,5,21,24,24,32,29,9,25,34,19,40,33,39,,36,29,19,12,24,14,16,,39,28,42,29,30,22,12,33,34,33,99,40,25,36,,31,38,33,41,,12,27,64,37,24,,319,23,15,16,14,12,18,13,22,7,14,14,29,79,42,18,,38,,34,9,16,25,24,24,21,30,28,33,32,22,8,15,19,9,21,35,7,19,13,11,20,39,16,53,66,41,34,40,52,39,35,32,39,40,22,26,34,37,,7,19,12,8,15,9,10,11,43,25,6,16,7,8,17,12,53,46,27,29,34,30,12,27,34,31,12,19,27,,29,33,58,12,19,14,31,,4,17,20,54,27,24,26,54,41,35,21,56,22,16,28,17,19,11,48,,22,33,13,33,37,21,31,32,18,18,43,27,20,22,18,17,18,24,9,24,72,19,31,92,,16,,14,15,12,14,23,34,20,4,29,9,18,12,60,51,35,52,77,,40,54,33,36,35,37,42,30,37,53,,44,14,44,47,10,20,8,5,20,15,32,36,40,15,34,13,9,29,44,29,22,,35,32,34,29,9,7,58,35,31,27,23,23,21,,14,26,40,20,8,30,26,26,20,,30,36,25,55,44,17,27,29,14,23,14,,14,,43,10,,37,15,13,,32,34,20,35,,22,,39,6,,,20,62,32,35,,47,80,65,45,39,43,25,44,,56,46,39,50,63,59,31,29,,16,19,28,57,14,36,18,15,14,33,26,,24,28,23,51,455,467,15,33,9,37,9,104,23,12,21,22,20,23,37,24,45,,33,39,14,10,36,41,18,10,9,35,11,28,53,19,53,18,26,30,42,25,37,26,32,,33,19,18,26,30,39,48,36,28,26,39,26,37,14,18,53,46,33,43,49,41,28,92,58,13,37,19,29,,29,26,39,,37,70,29,53,12,47,52,4,2,36,29
20210719,12,PM10_24h,19,24,23,20,21,23,21,28,29,21,23,23,,,47,,43,44,51,,44,,34,32,,32,36,,26,24,24,17,23,22,18,,51,48,,44,49,21,36,31,,40,,23,24,32,28,31,33,33,24,28,18,,25,23,22,39,36,37,,37,35,32,,42,38,37,39,20,18,,11,16,16,19,25,,17,21,22,23,24,21,,26,21,,,23,28,30,30,28,38,38,,41,31,39,34,34,,34,26,27,20,21,18,21,17,22,24,16,41,40,61,37,32,22,17,45,30,41,20,28,26,,33,30,37,33,30,23,38,34,25,25,22,27,25,,34,22,22,23,34,26,35,29,37,40,29,35,28,22,,20,20,28,40,20,23,20,20,21,25,21,20,,,,36,30,,38,38,31,,,,48,,25,34,28,20,25,28,,27,34,,,,30,33,,34,37,41,31,28,,27,25,25,19,21,24,25,19,,18,,31,26,,38,24,,43,32,34,,43,42,34,33,22,16,19,,,13,20,16,31,27,28,41,,23,,,30,,26,26,,24,23,21,16,16,18,,32,30,30,37,39,28,34,29,24,21,29,26,28,30,25,25,26,22,14,,23,18,21,20,26,28,26,30,40,26,,42,29,,,28,30,33,41,,40,34,33,32,14,,,10,11,13,13,12,19,28,25,28,26,29,30,,30,25,25,29,32,24,31,25,29,,33,19,27,22,27,26,24,28,21,23,28,21,32,29,,29,36,28,29,28,28,26,25,10,12,13,14,12,15,,10,10,13,19,6,9,8,9,32,25,31,25,,32,34,27,16,20,15,13,25,21,22,21,,,26,24,25,24,22,23,15,16,31,35,31,30,44,47,42,34,42,40,43,42,17,13,22,17,15,23,,32,30,25,35,30,24,29,,,30,25,32,39,35,,29,38,25,29,,,31,26,26,26,40,38,38,41,35,28,36,,22,10,12,15,15,12,8,12,10,10,16,13,30,29,34,37,30,28,26,25,,43,24,34,32,,38,34,47,46,,,,22,15,,,,26,36,60,67,61,58,56,,77,30,19,30,28,26,10,18,16,23,20,28,9,18,16,37,,51,37,41,34,48,43,25,35,45,,26,26,23,25,24,22,27,23,22,14,28,30,29,33,23,27,30,25,,26,,30,16,19,26,38,,40,36,,,32,32,28,44,,26,31,29,,33,39,28,28,26,25,23,20,24,30,,,,23,,22,34,,33,32,15,37,10,13,11,28,24,28,,24,,,27,,25,32,28,22,22,36,23,19,,26,23,25,21,36,23,28,25,22,36,23,24,26,12,15,16,31,30,28,18,,21,22,23,,31,29,,27,26,30,25,25,,37,17,,,39,36,,22,,17,19,26,27,14,19,,17,17,,25,20,,27,,32,22,22,,25,17,20,26,18,,22,27,25,34,34,19,18,45,34,22,34,19,37,27,29,45,31,21,32,41,52,33,41,40,24,26,23,30,29,17,31,19,27,,25,22,20,23,32,20,33,28,24,31,22,32,32,29,,35,34,45,,31,23,20,21,18,,24,21,9,,9,,24,12,12,24,26,22,22,,,,31,,33,,18,18,14,,32,27,31,24,25,,24,,25,20,26,30,32,31,,29,34,25,25,27,25,,24,,,20,19,19,13,,30,44,43,36,25,22,14,29,35,35,41,39,41,36,17,16,21,25,25,21,20,24,26,24,20,,36,29,34,40,21,18,19,16,,,,,28,25,,26,24,22,30,20,16,18,27,32,32,34,29,14,10,29,25,25,,20,24,31,,25,25,,30,36,35,36,36,34,34,35,32,32,24,23,32,,40,38,327,45,37,31,39,12,21,,18,41,39,32,32,24,27,32,32,,17,,14,12,12,16,16,21,19,34,22,,,22,21,22,20,18,11,13,19,,,22,,29,26,23,25,28,27,31,30,24,,33,32,30,31,35,27,26,28,28,33,31,16,18,,54,35,,35,34,22,17,,,17,16,12,18,23,27,25,29,23,,,35,23,16,21,16,,24,19,25,27,29,26,18,,25,21,26,,,31,30,,25,22,27,,36,,50,47,,,33,21,,,50,38,38,,,22,26,17,12,26,26,17,34,34,28,37,30,19,25,26,33,39,33,38,34,37,29,42,38,,48,35,21,,19,29,37,31,27,23,23,22,20,27,22,34,,,50,28,32,41,26,33,28,32,19,16,25,38,43,28,44,39,30,,,12,57,55,65,19,21,,33,22,19,,25,30,28,,31,43,21,26,22,32,17,25,23,37,23,36,21,25,18,19,,16,22,10,17,35,29,,27,,25,,,,13,15,13,13,17,23,,23,,28,30,27,23,21,23,28,16,32,26,47,25,11,17,19,19,29,27,32,28,24,,25,26,27,26,30,31,4,31,21,21,22,20,34,30,30,,21,38,35,37,21,27,26,23,26,33,34,32,30,28,34,,36,37,33,25,29,29,29,26,45,50,43,,19,25,27,,27,37,30,31,,30,28,23,,22,24,28,27,29,21,21,23,20,22,28,27,30,,26,21,23,28,33,,34,30,18,27,18,23,20,18,21,23,37,24,,25,29,28,,20,22,,28,20,24,18,,7,11,17,17,24,37,36,32,28,30,30,34,36,37,40,39,,13,15,14,19,20,22,23,27,27,34,40,37,32,43,23,29,46,53,47,23,24,22,40,32,18,15,13,36,38,48,46,20,36,20,26,31,32,66,73,63,62,37,29,37,40,46,32,29,35,38,56,72,67,28,26,19,18,,18,18,14,14,21,17,23,26,24,16,18,17,17,12,15,,,24,27,32,,38,21,17,16,22,31,,21,16,19,,,,,26,16,15,16,15,18,22,18,,19,36,22,15,17,35,15,13,29,20,22,,,,,22,23,20,15,14,14,24,,26,14,15,19,24,13,21,12,17,13,16,16,16,19,,15,15,10,10,18,15,19,13,16,,11,15,,8,14,,9,8,6,,33,,15,,12,8,25,40,36,38,19,20,25,19,16,26,23,19,,34,32,9,22,25,47,,147,164,16,25,255,272,,18,26,28,34,16,,37,34,25,,15,18,21,19,17,19,34,,26,37,,41,24,19,27,92,82,45,58,13,,45,28,32,30,34,43,61,67,65,,,44,39,47,27,,15,52,46,76,37,27,12,31,37,34,36,15,19,,36,29,34,51,16,24,34,,14,,20,40,39,27,26,24,306,37,31,37,41,27,34,14,,,23,33,27,43,,33,23,40,26,,32,48,,,18,32,35,15,30,32,17,19,18,33,23,27,34,24,21,,51,27,,27,30,29,19,22,35,24,34,15,23,25,24,21,42,27,31,25,40,29,12,29,13,38,32,22,23,21,16,11,48,26,22,22,22,20,13,21,21,21,24,30,20,27,34,23,40,25,25,,27,19,22,19,14,16,14,,24,50,31,22,16,21,17,31,43,37,90,39,34,32,25,26,40,34,23,,23,48,59,73,33,,275,25,15,21,19,22,24,21,24,18,20,19,32,61,35,23,,37,,36,13,17,33,26,20,31,35,33,29,27,18,12,16,13,8,34,34,14,25,12,18,24,35,25,48,45,36,38,27,38,26,31,16,22,26,18,18,24,24,,7,23,14,15,22,15,17,24,24,22,20,17,22,20,17,18,26,25,15,19,31,17,20,36,32,30,29,21,31,18,43,41,36,20,12,12,31,28,8,14,20,38,30,18,39,39,45,30,69,40,24,24,28,19,26,35,39,,22,35,28,37,37,31,36,25,17,23,30,27,33,24,25,22,17,27,14,48,64,43,46,72,,24,19,15,19,15,11,20,27,25,13,21,11,22,23,38,30,23,45,44,51,33,30,29,21,28,27,31,25,32,24,,25,16,30,43,34,27,18,9,16,25,38,28,23,20,27,20,24,44,30,29,28,,38,34,26,35,15,14,54,44,37,32,33,28,27,,19,29,43,22,15,27,26,24,31,,33,33,34,51,43,14,25,19,15,25,22,,25,,23,24,,18,25,16,14,31,34,32,24,,21,32,28,11,,,18,47,24,30,31,44,64,55,51,15,25,17,39,42,74,71,47,48,51,50,30,24,28,14,24,19,28,24,32,37,28,17,23,23,28,24,30,15,64,872,941,14,23,22,27,20,67,30,14,20,16,25,28,30,29,39,,33,37,12,13,31,27,31,12,12,37,32,26,36,31,40,31,40,25,41,27,40,30,27,,22,33,15,53,24,28,26,30,28,26,28,25,22,15,14,41,32,35,47,45,21,16,60,49,19,30,21,30,29,26,26,27,29,31,44,26,43,14,45,37,14,5,25,36
20210719,12,SO2,1,3,3,3,3,2,3,3,3,1,1,3,,,7,,5,5,6,,4,,,10,,,6,,4,3,3,5,4,3,5,,1,4,,5,2,6,3,3,,3,,3,,3,5,10,4,5,5,4,4,,7,8,8,8,9,8,,7,5,7,,7,4,8,5,11,4,,,6,3,3,3,,5,3,,3,,1,,9,8,,,5,8,8,9,9,8,10,,8,10,7,7,6,,6,10,8,,,9,9,8,6,5,4,3,4,4,4,4,4,5,3,4,4,12,9,11,,12,8,16,13,11,11,10,13,1,4,5,3,7,,3,5,6,5,4,8,3,8,10,1,2,4,1,10,,2,7,3,1,2,3,5,12,10,7,6,6,,,,8,,,6,8,6,,,,11,,4,3,4,5,1,3,,4,8,,,,5,6,,7,6,6,5,4,,5,1,3,,6,3,7,5,,4,,3,4,,5,7,,6,4,4,,6,4,6,5,,7,14,,,7,6,7,5,4,6,3,,6,,,5,,7,5,,2,2,3,4,3,4,,3,4,3,4,4,6,5,6,6,10,10,7,10,6,11,7,7,,2,,4,4,4,3,2,4,7,8,7,7,,11,2,,,2,8,10,9,,7,7,10,5,5,,,5,4,6,5,5,5,3,3,3,2,3,3,,3,3,3,2,4,4,6,,5,,4,5,8,6,6,6,6,7,5,5,7,7,5,5,,5,7,8,5,7,6,5,6,4,4,5,5,8,3,,6,4,5,6,4,4,6,5,7,8,6,6,,5,4,3,4,2,,2,,6,4,7,,,8,8,7,5,5,8,5,9,7,11,9,8,9,12,10,8,7,14,8,6,,5,4,4,6,4,,4,,6,5,13,8,4,,,15,6,3,2,3,,5,3,8,4,,,7,10,,2,7,6,6,5,,5,5,,7,6,5,6,7,8,6,7,10,6,8,8,,4,3,4,5,5,2,4,,4,4,5,,,25,3,11,14,,,,16,4,,,,7,6,12,9,8,12,18,,21,14,31,19,7,10,5,12,5,6,4,2,5,7,5,5,,9,5,7,5,8,10,8,10,10,,5,3,5,6,4,4,7,5,2,2,3,6,2,4,3,4,4,4,,14,,,5,4,6,5,,3,9,,,6,5,5,8,,5,8,1,,6,8,5,8,5,6,8,7,7,10,,,,3,,5,10,,8,18,10,14,4,5,2,4,2,4,,9,,,6,,5,8,7,8,8,7,11,8,,7,7,7,8,5,9,5,,17,12,7,6,4,6,6,8,5,6,5,5,,5,5,3,,7,6,,6,2,6,6,13,,8,4,,,3,5,,4,,15,8,30,23,9,5,,9,10,,4,5,,7,,7,8,13,,12,7,8,12,5,,5,4,3,8,3,5,3,10,7,15,6,9,9,101,11,16,6,7,5,4,5,6,15,4,8,6,6,7,6,5,,7,5,,4,5,4,4,1,3,3,6,2,8,3,10,6,7,,4,3,5,,,8,7,9,5,,5,20,5,,4,,1,4,6,3,,3,1,,,,2,,4,,2,3,,,1,4,5,3,3,,3,,6,5,7,5,2,2,,6,6,8,6,8,8,,5,,,8,1,3,2,,7,10,8,13,9,6,5,5,15,26,26,16,23,8,3,2,9,7,2,4,7,6,7,3,5,,43,11,34,18,5,6,12,7,,,,,6,6,,5,3,8,6,,1,5,18,14,14,15,18,7,3,6,8,6,,,2,1,,3,2,,,3,3,1,4,3,5,2,3,6,8,4,3,,7,5,2,5,7,11,,6,6,,26,6,5,5,4,4,8,7,7,,7,,,5,5,4,4,8,,,,,,4,4,2,,,5,,4,,,6,,5,6,7,6,9,10,8,7,6,,8,3,6,6,8,9,7,6,5,2,4,5,8,,7,6,,3,6,6,7,,,8,5,5,7,,3,4,7,4,,,1,9,5,3,5,,8,,,10,9,12,4,,4,5,5,,,4,7,,14,12,7,,6,,22,,,,6,4,,,11,8,21,,,1,,15,14,5,9,5,5,6,3,7,4,6,6,12,6,5,5,6,8,4,7,3,7,,,8,5,,10,,8,12,3,3,8,7,6,6,4,18,,,9,,5,6,12,6,7,3,4,20,8,5,9,8,9,6,10,,,3,3,4,4,10,9,,3,13,13,,14,16,7,,5,6,13,9,8,2,2,6,4,23,12,22,18,10,4,4,,5,4,6,7,9,8,,3,,7,,,,7,6,7,2,3,,,5,,5,6,8,4,4,3,2,,2,5,8,7,5,5,7,5,5,8,7,5,9,,10,8,8,9,,4,6,9,20,10,24,4,6,9,7,,5,17,11,6,8,3,3,5,2,4,11,6,15,9,,,6,4,3,9,7,6,7,5,8,9,8,,5,2,2,,3,,5,6,,7,5,1,,6,5,5,7,5,,5,6,7,7,6,5,2,,9,4,6,20,12,,19,8,,4,4,6,2,4,6,,7,10,,2,3,1,,5,4,,19,6,5,5,,5,3,1,8,7,26,8,3,6,9,9,37,9,12,13,11,,1,2,6,9,13,18,21,24,20,15,10,8,6,13,6,4,4,1,2,,4,5,4,2,4,6,6,7,8,11,10,9,9,9,,8,8,6,8,2,5,5,7,5,18,28,8,10,,7,8,10,12,8,4,5,5,,2,6,6,7,6,17,8,13,11,6,5,6,3,7,9,,,6,5,7,,7,7,11,5,11,4,,9,7,8,,,,,8,8,12,11,7,14,10,12,,8,8,11,,8,8,3,4,10,5,9,,,,,5,6,5,6,10,8,2,,4,5,5,7,6,5,7,9,7,7,8,7,17,38,,8,6,5,4,5,8,4,9,14,,9,6,,,11,,9,6,4,,6,,9,,9,9,6,8,6,6,5,6,8,6,6,6,2,5,,15,15,3,3,6,6,,5,4,3,2,4,4,,6,6,6,1,26,,3,5,5,,8,12,10,15,11,16,8,,5,8,,8,2,3,2,4,7,7,6,7,,15,4,10,3,7,8,5,8,4,,,11,10,10,13,,3,7,7,19,16,7,9,7,,7,6,14,6,,1,,14,6,6,7,4,,3,,5,12,4,5,6,8,17,13,,5,9,5,4,4,,,10,5,3,6,,6,11,8,17,,4,4,,,2,7,6,5,7,4,4,4,4,8,4,2,7,5,4,,4,6,,6,6,10,13,5,,4,8,5,5,13,1,2,7,8,19,4,11,6,2,6,9,5,9,6,5,4,5,6,20,5,6,7,5,7,9,7,6,8,1,1,9,16,5,5,,9,3,,2,7,4,5,7,3,4,,1,20,6,9,5,6,10,2,11,9,8,,9,6,27,12,2,2,8,,4,20,23,14,26,,12,4,8,4,4,5,4,5,3,6,3,6,4,21,22,6,,5,,6,5,5,10,3,7,8,9,6,8,8,7,6,7,4,9,7,8,7,7,6,5,8,7,5,7,2,6,2,10,9,3,10,4,6,7,2,2,3,2,,3,3,7,3,12,2,10,6,6,7,7,8,10,11,6,9,10,8,6,7,7,8,7,6,3,10,10,6,3,3,7,4,4,8,5,7,3,,8,5,6,18,6,5,8,12,22,25,6,19,6,6,3,7,5,5,7,,5,3,3,8,16,2,6,7,6,5,8,6,6,7,3,5,2,7,2,7,20,18,10,20,,6,8,6,9,3,6,8,10,6,6,3,4,6,4,9,2,10,3,2,3,4,9,7,8,7,3,3,1,2,2,,1,1,4,8,34,14,7,5,14,14,9,4,7,6,9,6,10,,8,2,9,,4,20,13,10,2,4,8,12,6,6,6,4,6,,5,16,5,8,3,3,2,3,4,,8,2,12,12,49,5,4,4,4,6,4,,4,,9,1,,6,5,1,5,5,9,6,5,,4,11,42,10,,,6,9,1,6,3,1,2,8,,1,3,4,3,6,5,9,7,11,6,8,3,1,,2,6,3,4,4,8,8,6,4,4,7,6,5,11,8,18,3,1,4,4,4,13,1,25,6,7,11,3,8,8,10,21,24,,8,6,1,6,5,10,7,7,7,8,2,6,4,2,10,1,3,7,9,7,5,5,4,,3,3,6,2,4,6,3,3,3,3,1,3,3,13,15,8,8,5,19,5,4,5,2,1,1,3,3,3,,7,7,6,3,5,6,5,8,5,8,6,8,7,15,7
20210719,12,SO2_24h,1,3,3,4,3,2,3,3,2,1,3,4,,,9,,5,5,9,,4,,5,9,,6,5,,6,3,3,5,4,2,5,,3,7,,6,3,6,4,4,,2,,3,4,3,6,7,5,6,5,4,4,,6,6,7,8,9,8,,9,5,6,,7,5,4,2,10,4,,5,6,4,3,4,,4,3,2,3,2,2,,8,7,,,4,7,8,9,11,7,24,,8,15,19,16,16,,8,9,7,5,6,9,6,8,6,6,5,3,3,4,4,3,4,4,3,4,3,13,9,4,,12,17,18,17,13,16,11,15,1,4,6,3,7,,3,5,6,5,5,7,5,8,8,2,1,4,1,7,,2,8,4,2,2,3,6,9,10,7,7,6,,,,8,8,,5,8,6,,,,9,,5,4,3,6,2,3,,4,7,,,,7,6,,7,9,6,5,4,,4,1,3,3,6,3,7,5,,4,,4,4,,5,7,,6,4,5,,6,3,5,5,9,7,10,,,7,6,8,5,4,5,3,,6,,,5,,7,5,,2,2,4,5,3,4,,3,4,4,4,4,6,6,6,5,6,7,5,9,6,5,6,5,8,2,,4,4,4,3,2,5,7,10,7,5,,10,6,,,3,7,8,8,,6,6,7,5,5,,,5,4,5,5,5,5,3,3,3,2,3,3,,3,3,4,2,4,4,6,5,5,,4,5,9,6,5,5,7,6,5,5,7,6,5,5,,6,8,7,5,7,5,5,5,4,4,5,5,8,3,,6,4,5,6,4,5,6,5,8,8,6,7,,6,5,5,4,2,5,2,6,6,4,7,,,8,8,7,5,6,7,5,9,9,13,9,9,9,10,9,7,9,11,6,7,6,3,4,4,5,4,,3,6,6,6,8,7,4,,,11,8,3,2,5,,5,2,8,3,,,6,13,6,2,7,6,5,4,7,4,5,,7,6,5,7,9,9,6,7,10,6,6,8,6,4,3,4,4,5,2,4,,4,5,5,5,,24,2,10,11,,,,9,5,,,,8,9,7,6,3,8,8,,8,11,7,10,9,8,7,8,6,8,6,3,5,5,5,7,,6,4,12,6,10,11,8,7,15,,4,2,4,3,4,2,5,5,2,2,3,6,3,2,3,4,4,4,,13,,9,5,4,8,5,,4,6,,,6,4,5,8,,6,7,1,,9,8,7,9,3,7,8,6,8,10,,,,2,,5,10,,8,9,7,9,4,5,1,4,2,3,,10,,,9,,9,9,9,7,8,8,11,9,,13,7,9,8,6,10,8,9,14,20,8,5,7,6,6,9,5,8,8,6,,5,6,4,,9,8,,6,4,6,6,11,,12,5,,,3,6,,4,,12,10,11,10,9,5,,9,9,,2,4,,6,,11,8,12,,17,8,8,11,6,,5,4,4,6,3,6,3,9,8,10,8,8,9,12,12,14,7,6,6,14,13,7,24,10,7,6,7,9,4,5,6,7,5,,4,5,4,4,2,3,3,6,3,8,3,9,6,6,,6,4,14,,9,7,6,5,5,,10,13,4,,4,,1,4,6,3,3,3,2,,,,2,,3,,2,2,2,,2,4,6,3,5,,7,,6,5,7,5,2,2,,7,6,8,6,8,8,,5,,,8,1,3,2,,10,11,8,12,10,6,5,8,10,8,10,9,8,7,3,3,9,7,4,4,8,8,9,3,4,,15,17,15,10,5,8,9,6,,,,,7,8,,5,3,7,6,5,3,4,7,7,6,6,6,5,4,6,7,5,,9,2,2,,3,2,,3,4,3,2,4,4,5,3,2,6,9,5,4,,11,10,8,6,15,7,6,5,6,,8,5,4,5,4,5,9,4,4,,7,,3,4,4,4,4,8,9,10,11,,,4,4,2,4,4,5,3,4,,,7,,5,8,8,7,9,10,10,10,7,,7,4,8,7,9,9,7,7,5,2,4,5,9,,5,6,,8,7,6,7,,,7,5,5,7,6,3,4,6,4,,,3,9,5,3,5,,8,11,5,11,9,10,4,,4,5,5,,,3,7,,13,12,8,,6,,20,21,,,6,5,,,13,10,17,,,2,4,12,11,6,8,6,6,8,3,7,5,6,7,9,6,7,4,6,5,4,8,2,7,,8,8,6,,14,12,10,11,4,4,9,6,6,8,5,8,,,9,5,5,6,7,11,6,2,5,11,10,6,7,8,8,6,6,,,2,3,4,5,7,9,,5,12,11,,13,14,5,,4,6,11,9,7,2,2,6,4,12,4,10,11,8,4,12,,6,4,7,5,7,7,,4,,5,,,,7,7,7,6,4,2,,9,,9,7,6,4,4,4,2,7,7,7,8,5,4,5,6,5,6,10,7,3,5,,6,9,8,8,9,7,11,10,17,16,16,5,8,16,13,,6,21,24,13,13,4,5,7,6,19,10,6,16,5,8,,8,6,6,15,6,6,6,6,12,15,17,,5,2,2,,4,3,5,4,,4,3,1,,5,6,7,7,7,6,5,6,6,7,6,7,2,,10,4,8,16,10,,22,6,4,4,5,5,3,4,7,4,5,7,,3,4,1,,5,4,,17,6,5,5,,5,4,1,8,9,23,12,7,8,11,9,13,14,17,18,13,,3,3,7,9,8,8,8,10,8,12,10,8,5,13,7,4,8,9,4,3,4,6,5,4,4,5,5,10,10,9,11,8,9,9,12,10,8,6,7,5,6,7,15,13,9,14,10,9,9,7,9,23,23,9,5,5,6,,2,5,6,6,7,11,8,10,7,8,6,4,5,6,9,,,5,6,7,,7,8,11,8,9,6,,8,6,8,,,,,7,6,7,7,6,13,10,12,,7,8,11,8,7,8,2,3,11,5,6,,,,,6,7,5,6,7,6,2,,5,5,4,7,8,6,7,8,6,7,6,5,9,11,,11,9,5,4,6,8,4,9,8,,9,6,,7,8,,8,5,5,,6,,9,,7,9,7,20,17,11,5,6,9,4,4,11,2,5,,31,29,5,6,8,6,,5,5,3,2,5,4,,6,7,6,2,21,,4,4,6,,12,9,11,11,11,15,9,,7,12,,9,2,3,2,5,7,6,7,9,,10,4,11,3,6,9,5,7,4,,,10,7,8,11,,2,8,8,9,22,5,9,7,7,6,6,12,5,,2,5,13,8,6,7,4,,4,,4,8,4,5,8,10,18,12,6,5,10,8,4,4,,,10,4,3,6,,8,15,7,13,,4,4,,,2,8,7,5,8,5,4,4,4,6,4,4,9,6,3,,6,3,,8,7,6,9,5,13,5,11,8,5,5,3,2,8,8,19,4,11,6,2,7,9,5,9,12,11,9,8,6,11,6,7,8,5,6,9,6,6,8,2,1,11,14,8,6,10,9,2,,2,5,4,6,9,3,4,,2,11,6,8,5,6,9,2,9,7,7,3,36,6,12,6,2,4,4,,15,15,13,13,19,,18,4,8,4,4,5,6,5,3,6,3,7,5,19,14,6,,6,,6,4,5,9,1,8,8,8,6,9,8,7,6,8,4,8,7,18,7,7,6,6,8,8,5,6,3,4,2,11,8,2,9,4,5,5,2,2,3,2,,2,2,5,3,12,4,9,8,7,7,6,10,12,8,5,11,11,3,3,6,7,5,7,11,4,9,12,4,3,3,8,4,5,10,4,5,4,6,11,6,7,12,7,4,10,10,36,17,8,11,7,6,4,7,5,21,5,,3,3,3,11,12,4,7,5,5,4,4,7,7,8,3,3,2,6,1,7,9,8,8,9,,6,7,6,9,3,6,8,14,6,6,3,4,6,3,7,2,9,3,2,3,4,6,5,7,6,4,4,1,3,1,,1,1,4,7,35,14,9,5,13,13,8,3,7,5,7,6,10,10,7,5,10,,5,17,9,11,3,4,6,11,6,7,7,5,14,,4,21,5,8,3,2,2,3,6,,9,8,11,10,17,7,4,3,4,11,11,,5,,5,2,,6,6,2,6,4,8,6,4,,4,22,20,10,,,6,9,2,7,2,3,4,11,6,1,3,5,4,9,5,8,7,11,6,7,3,1,3,2,7,2,3,4,7,9,10,5,4,7,5,5,7,8,11,2,2,4,6,5,12,3,23,8,7,10,4,8,8,10,13,16,,10,6,1,6,4,8,8,7,7,7,3,6,5,3,12,3,3,6,9,7,7,6,4,,3,2,4,3,4,2,2,3,3,3,2,3,3,6,10,8,6,8,12,12,10,6,3,3,1,3,3,3,6,8,7,6,2,6,6,5,8,6,9,5,8,6,9,7
20210719,12,NO2,12,8,16,3,11,21,22,7,13,10,17,19,,,20,,26,24,20,,29,,,8,,10,7,,25,20,13,14,21,19,11,,11,13,,15,6,4,2,6,,,,6,,9,14,9,8,13,20,20,7,,10,8,10,13,14,17,,12,16,12,,17,7,8,7,15,9,,6,15,12,10,24,,12,15,26,24,20,13,,5,10,,,6,9,8,8,6,5,7,,2,8,7,6,7,,7,13,16,,,6,9,8,5,11,4,18,15,16,5,7,5,3,7,5,8,9,10,6,,9,,20,9,13,6,,9,11,12,9,6,9,,13,12,6,14,16,6,9,7,5,9,11,10,4,6,,5,,5,13,9,12,6,32,2,2,5,9,,,,10,8,,7,12,7,,,,18,,12,17,10,8,16,8,,5,16,,,,13,12,,,7,12,4,3,,8,4,5,5,2,3,4,6,,5,,3,3,,15,7,,16,10,12,,11,16,9,11,,5,27,,,8,7,10,28,6,13,18,,7,,,11,,13,14,,6,4,5,6,14,16,,12,14,16,9,10,6,6,10,18,21,16,15,20,20,18,15,10,23,2,,11,2,2,4,5,8,8,10,10,11,,12,6,,,3,30,22,22,,17,24,25,8,11,,,5,7,12,10,8,11,17,20,9,12,20,14,,,9,7,13,16,19,13,15,39,,10,5,15,18,9,3,1,12,15,4,6,6,23,16,,17,22,25,15,16,12,18,9,10,16,13,11,27,18,,4,14,14,8,14,29,7,23,19,17,,,,22,18,16,17,18,15,16,27,26,24,24,,,10,12,11,5,6,12,6,11,17,21,13,8,21,16,21,28,14,17,23,9,,4,10,8,8,16,,22,10,18,24,30,26,19,,,28,28,43,26,17,,15,24,50,32,,,31,11,17,23,19,16,8,17,24,15,11,,11,10,8,12,8,13,11,12,19,10,14,32,13,10,20,26,13,26,12,9,,9,7,25,7,,29,9,26,44,,,,32,6,,,,10,8,22,32,50,38,26,,39,12,18,22,8,10,7,10,,6,7,1,,16,7,10,,7,8,14,8,9,10,10,9,5,,9,13,9,4,5,9,2,8,6,7,7,4,4,4,5,6,6,4,,6,,4,6,8,4,5,,8,12,,,6,9,6,6,,2,8,10,,,2,4,10,11,16,9,14,12,17,,,,8,,4,6,,6,10,10,14,5,3,2,10,21,30,,7,,,2,,4,7,6,12,11,7,12,7,,6,10,8,9,9,10,6,11,7,8,,8,9,6,9,4,8,9,,10,,14,6,7,,12,13,,7,11,11,12,16,,12,7,,,12,10,,8,,14,5,14,14,7,1,,11,4,,16,19,,16,,15,16,15,,16,15,11,14,7,,3,5,8,7,3,3,2,8,13,5,11,4,8,,7,19,5,2,6,4,12,3,7,6,5,9,5,12,6,9,,6,10,,7,6,6,8,7,4,7,6,5,5,5,2,8,12,,10,6,8,,9,11,8,,6,,17,4,3,,10,,7,11,6,8,5,5,5,,,,10,,14,,8,5,,,21,18,16,5,8,,5,,9,4,14,16,12,7,,5,24,4,14,6,,,6,,,3,12,5,8,,9,16,14,17,4,5,4,5,12,28,18,18,32,9,7,4,5,6,15,5,7,15,11,18,12,,59,,46,23,5,12,13,13,,,,,2,7,,5,13,13,7,,8,11,21,19,20,,18,18,14,11,9,8,,5,5,15,,12,7,,14,8,7,10,13,18,6,6,10,29,5,4,9,,10,4,4,11,8,11,,35,37,,43,20,27,21,8,6,12,,,,4,,,4,4,8,9,5,,,,,,10,6,7,,,7,,13,,,6,,8,10,15,11,13,7,7,17,,,3,7,16,13,22,3,1,9,10,10,6,6,2,,20,7,,8,7,5,5,,,17,,4,4,9,6,,10,4,,,14,14,16,17,14,,10,7,7,7,10,5,6,,8,6,12,,,13,16,,14,12,7,,8,,11,10,,,11,9,,,11,9,8,,,3,4,9,10,6,7,6,4,6,5,7,5,2,4,9,7,1,7,7,7,4,3,6,3,,,3,5,,2,3,5,10,6,3,4,4,9,5,10,30,,,28,,6,8,15,4,4,7,4,7,9,5,12,9,16,19,9,,,5,14,6,5,4,8,,12,9,10,,5,7,5,,5,10,10,9,4,8,2,4,10,45,26,48,32,9,12,16,,8,14,5,3,16,39,,7,,16,,,,7,11,6,15,3,5,,12,,7,10,7,7,6,6,7,5,4,5,10,6,2,5,5,4,6,8,7,13,9,,8,4,7,4,11,5,4,5,11,7,12,2,4,10,2,,8,10,3,3,2,13,13,15,15,13,4,6,6,7,,,6,10,7,8,11,12,6,8,3,2,7,,9,7,6,,17,16,16,7,,8,5,14,,4,,12,8,10,11,7,10,10,9,6,5,8,,10,9,7,28,9,,7,5,,11,,18,8,6,10,16,19,16,,9,5,4,,10,7,,11,2,3,4,,6,3,7,4,4,9,5,19,11,7,9,8,5,11,13,8,,13,8,12,9,10,16,15,9,19,4,3,10,3,12,5,5,1,3,1,4,9,5,24,5,5,3,2,5,14,14,9,22,10,18,,7,7,9,13,9,7,5,8,13,7,9,13,14,,16,24,7,7,5,5,5,8,,12,5,5,4,9,18,13,9,16,7,9,9,8,7,13,,,4,15,,,14,6,6,9,16,15,,14,11,12,,,,,5,5,15,13,12,10,6,6,,8,9,4,13,13,30,8,16,18,13,19,,,,,30,14,7,16,17,20,13,,5,11,11,6,10,7,8,7,11,6,15,14,7,8,,5,4,8,9,6,11,7,6,14,,4,8,,8,1,,7,18,11,,5,,6,,8,5,,6,6,7,3,6,8,4,,6,9,8,,20,11,3,10,4,13,,9,10,12,14,8,8,,6,6,5,3,4,,17,8,5,,9,6,7,31,3,7,4,,6,10,,14,9,5,6,13,22,,8,6,,20,10,11,12,10,4,10,11,8,,,,15,14,13,,6,22,17,52,30,6,4,16,6,10,16,18,7,,10,10,11,12,8,10,7,,12,,3,11,24,7,12,8,16,16,8,4,4,10,10,5,,,12,,5,19,,10,8,6,14,,2,5,,,6,16,19,5,11,6,8,16,10,19,8,36,20,19,22,,26,12,,7,12,22,8,5,,10,10,5,5,8,11,4,14,18,16,19,,5,6,5,13,3,13,4,4,3,5,12,18,11,5,34,8,12,9,5,5,6,2,10,18,6,9,12,14,8,8,,4,9,7,16,9,8,11,,30,10,5,8,22,2,4,8,12,8,17,15,6,10,15,9,8,9,18,,2,18,18,7,9,,6,12,14,14,13,7,11,10,16,6,4,3,10,14,10,8,,7,,6,3,2,9,2,7,13,16,14,22,31,19,13,23,18,16,26,24,7,3,5,7,7,11,3,7,12,11,10,11,7,2,11,5,11,10,8,9,12,10,,10,4,5,6,6,7,7,8,13,13,10,7,10,14,3,19,26,27,16,13,16,5,5,12,10,9,12,10,7,2,4,6,8,8,13,14,5,8,7,4,9,9,8,4,13,10,15,6,4,11,5,5,10,7,5,1,10,,8,6,5,10,7,,10,12,2,2,17,10,,10,3,5,5,8,1,13,26,14,18,43,,6,12,5,9,16,18,34,14,12,4,13,18,7,8,17,6,9,18,27,,2,12,8,10,7,7,13,6,12,6,,15,2,7,8,11,9,6,10,19,16,6,19,8,12,17,3,4,,13,3,4,,3,11,5,7,9,4,11,8,10,8,4,5,6,,7,8,11,11,2,4,4,5,5,,9,8,8,8,17,10,6,4,7,6,7,,10,,14,5,,12,15,10,16,14,7,8,12,,8,6,11,2,,,9,6,21,4,7,5,17,8,,14,8,14,12,11,17,17,5,4,11,10,1,13,,9,11,3,6,,21,8,15,6,3,6,,6,14,23,28,2,3,5,9,9,19,12,17,4,14,16,17,12,11,12,18,12,,10,4,11,6,8,15,7,8,3,14,11,10,9,5,14,9,16,11,21,3,18,6,9,,3,,15,6,12,,2,9,19,13,6,13,7,,10,8,19,14,9,6,16,4,4,12,5,9,9,9,,8,8,7,6,10,19,10,22,11,11,4,5,20,31,6
20210719,12,NO2_24h,14,8,24,14,16,21,25,10,11,12,20,19,,,18,,19,17,25,,25,,32,7,,7,11,,34,23,16,20,18,20,9,,15,19,,20,15,3,13,12,,12,,8,11,7,15,16,17,16,20,21,12,,11,9,13,25,18,19,,11,24,22,,29,12,15,12,16,15,,5,13,11,9,26,,10,25,23,21,18,17,,14,18,,,17,18,18,16,16,24,21,,14,16,19,16,19,,15,14,17,6,7,8,10,10,6,20,4,27,23,34,16,18,13,16,20,17,31,20,18,10,,21,31,30,25,29,17,21,29,13,17,14,9,16,,17,19,11,15,20,30,28,34,23,26,18,36,17,8,,6,16,8,11,13,16,7,25,2,4,7,10,,,,15,12,,8,13,8,,,,22,,13,22,10,10,19,16,,12,22,,,,18,21,,18,23,21,6,17,,8,4,7,5,6,3,5,7,,7,,3,3,,16,18,,23,16,21,,19,18,12,19,27,7,18,,,9,10,12,19,10,14,15,,11,,,18,,17,17,,9,4,8,9,14,13,,13,16,19,16,20,13,15,10,23,22,17,16,21,22,21,26,15,18,2,,10,3,4,4,7,13,8,23,21,14,,24,23,,,13,12,18,24,,17,17,15,11,7,,,6,8,6,8,9,13,16,16,10,11,16,12,,17,6,11,29,25,23,27,20,38,,24,8,23,22,25,11,14,14,25,14,23,12,28,21,,24,32,23,22,25,20,28,17,8,15,11,12,22,15,,4,13,9,10,14,12,11,12,19,20,21,22,,22,32,28,15,19,13,15,24,21,18,19,,,14,17,18,10,10,15,7,13,28,36,16,18,21,17,22,16,16,21,16,19,9,7,12,10,8,10,,21,25,18,23,34,24,14,,,30,26,34,24,21,,24,32,34,32,,,24,9,17,28,27,21,20,32,28,27,21,,14,10,10,13,11,13,9,11,12,8,16,13,19,19,29,18,26,18,22,21,,14,14,25,19,,25,12,39,40,,,,28,8,,,,22,21,44,45,46,53,37,,39,21,14,23,15,19,13,19,11,12,13,3,8,25,8,32,,22,29,30,22,16,19,15,13,18,,12,11,12,7,7,10,10,11,11,9,7,6,5,11,7,6,8,5,,14,,8,8,11,13,10,,12,17,,,10,13,12,18,,8,11,12,,10,4,6,11,8,14,12,11,14,16,,,,7,,8,10,,10,11,10,17,5,4,2,21,16,21,,8,,,7,,8,11,15,10,9,7,10,6,,15,16,15,14,26,11,10,10,11,16,10,16,18,5,7,4,18,14,13,11,,12,13,14,,8,9,,6,9,11,10,11,,27,11,,,14,13,,20,,17,12,16,18,5,2,,11,3,,15,19,,14,,17,16,13,,15,15,14,19,9,,5,8,13,16,17,8,2,14,18,6,15,5,18,10,28,29,12,10,14,15,14,10,14,12,18,18,17,12,16,8,13,5,10,,8,11,13,14,12,10,8,8,8,6,6,17,21,29,,25,22,23,,13,12,17,12,4,,18,10,2,,9,,6,10,4,7,5,7,7,,,,12,,11,,4,3,3,,15,12,9,11,14,,10,,16,16,11,12,12,9,,14,26,12,8,10,10,,11,,,3,11,8,8,,14,21,19,15,10,8,5,13,13,13,12,14,13,17,10,10,9,10,18,14,20,25,25,24,19,,18,11,28,18,11,16,15,15,,,,,9,16,,18,12,14,12,11,12,19,19,19,23,17,17,15,12,22,15,17,,12,13,21,,21,14,,16,10,13,15,15,16,9,10,14,16,17,16,14,,11,13,13,19,20,13,18,15,19,,15,22,13,12,9,8,17,17,17,,7,,6,5,5,14,15,8,2,9,8,,,10,11,9,6,4,7,4,10,,,10,,11,14,19,18,19,14,14,20,18,,12,18,21,20,23,5,3,14,13,11,11,11,4,,27,13,,16,15,11,17,,,12,8,6,8,12,6,4,10,3,,,19,14,15,16,13,,10,13,18,12,16,14,10,,13,13,11,,,14,14,,11,16,20,,20,,15,19,,,12,8,,,19,12,14,,,5,6,9,10,6,7,5,7,9,6,9,9,5,9,13,5,9,18,18,16,6,4,10,8,,18,9,16,,6,12,16,11,9,5,5,5,8,7,6,22,,,32,9,10,10,9,12,7,13,5,12,12,5,17,12,28,19,12,,,12,15,8,8,7,11,,8,20,17,,14,10,12,,6,9,8,9,5,12,2,7,23,26,33,40,21,14,18,15,,13,11,7,4,24,22,,10,,11,,,,10,15,6,18,3,4,,17,,17,20,17,7,7,8,8,8,17,11,22,8,2,7,7,5,18,23,18,18,8,,10,5,11,8,11,7,4,8,19,14,16,8,11,18,5,,10,16,13,16,15,8,11,12,12,12,6,7,8,10,13,,13,15,11,12,15,15,12,13,14,15,21,,10,7,7,,10,7,9,10,,11,7,14,,4,11,11,9,9,7,6,8,7,7,8,6,6,,8,8,7,27,17,,14,9,4,19,8,12,13,9,13,16,17,14,,10,7,8,,12,10,,12,2,6,5,,7,5,7,4,5,14,11,19,11,11,11,8,10,15,15,15,,14,10,18,11,13,15,13,12,21,7,8,9,11,17,5,8,3,6,8,6,15,8,23,14,5,3,3,18,26,19,20,13,12,13,16,15,16,19,19,15,11,9,10,12,11,16,12,15,9,15,21,18,18,7,8,7,14,,14,11,11,10,18,13,14,12,14,11,13,13,10,5,17,,,6,12,8,,11,10,7,6,14,14,,19,8,13,,,,,9,7,11,19,15,11,5,9,,28,11,8,9,11,15,9,12,19,18,16,,,,,13,11,12,14,16,19,23,,7,6,6,11,16,10,8,9,8,11,11,12,11,12,,7,8,11,12,7,14,16,8,14,,5,8,,10,9,,8,20,8,,6,,9,,6,5,8,15,18,18,7,11,14,11,4,8,8,9,,19,16,3,14,8,26,,13,14,22,22,18,14,,9,10,18,13,16,,23,15,14,,16,4,14,21,10,8,11,,12,23,,22,18,9,10,21,25,10,9,7,,34,13,17,14,11,5,13,11,8,,,30,25,26,8,,11,39,34,25,29,12,4,26,10,10,15,21,11,,22,23,13,19,11,14,13,,11,,5,19,24,11,22,17,14,20,10,13,19,6,13,8,,,21,16,7,12,,22,16,27,10,,2,5,,,11,24,25,7,16,6,8,24,3,24,9,27,14,15,20,,23,11,,19,9,14,11,6,13,11,11,8,11,14,21,7,21,8,25,20,8,14,5,13,15,9,10,12,12,10,10,12,32,15,6,31,8,10,9,8,8,7,4,11,12,12,15,15,20,14,5,,6,14,10,20,8,12,12,,32,29,7,15,10,2,5,18,17,18,24,10,16,21,9,6,8,18,15,,11,37,23,26,13,,12,18,15,16,14,12,16,17,16,7,6,10,25,17,11,10,,8,,9,5,4,11,5,9,24,29,25,26,27,16,12,17,10,9,25,24,7,8,12,14,11,10,5,13,20,19,13,24,7,2,20,5,11,15,4,6,11,10,,11,4,9,8,8,18,12,9,11,13,14,8,18,18,3,22,18,27,18,10,17,8,5,24,13,12,20,12,11,6,13,14,10,17,13,12,13,13,9,10,14,10,10,6,14,13,20,13,13,16,12,10,15,8,8,10,17,,8,7,9,29,16,29,17,16,5,3,19,16,19,15,6,12,5,10,3,17,53,16,31,28,,18,7,9,12,11,13,26,12,15,5,17,15,14,11,14,9,11,18,20,23,5,11,22,12,9,10,20,5,12,6,,10,2,7,9,17,10,18,8,17,24,15,12,16,13,15,12,10,13,12,9,8,,10,13,5,12,11,4,14,20,19,10,12,9,16,,12,10,21,22,3,6,9,6,17,,13,13,13,14,22,10,7,13,10,13,9,,13,,13,6,,5,19,11,16,21,17,14,14,,12,11,12,3,,,5,12,29,14,22,12,20,12,17,8,6,17,19,22,36,32,19,16,23,25,2,7,20,6,16,6,7,14,22,6,17,7,15,17,20,16,15,11,36,9,10,12,15,20,17,11,20,8,12,11,16,15,15,21,20,31,,23,7,8,5,17,15,15,10,7,14,24,11,14,7,20,24,18,14,14,10,25,14,11,,4,3,6,7,13,15,3,10,17,9,16,5,14,16,8,21,15,30,19,18,9,15,12,18,8,6,11,14,15,23,5,9,9,10,26,11,27,13,16,10,6,21,24,12
20210719,12,O3,74,70,85,73,68,61,55,76,48,65,59,64,,,81,,82,88,84,,92,,116,148,,106,166,,62,66,63,66,53,67,80,,118,112,,111,109,79,94,99,,86,,92,90,78,120,127,130,117,112,111,113,,118,121,115,53,64,55,,63,,60,,72,128,130,123,129,,,,79,73,75,70,,81,78,58,68,,72,,128,121,,,136,128,120,121,101,95,96,,97,111,108,104,110,,,90,,,82,88,93,86,89,94,92,98,102,99,103,,107,94,98,98,102,140,126,122,,146,154,137,143,131,128,134,138,82,78,84,77,81,,86,47,78,64,121,114,118,121,114,,113,128,127,87,,113,,108,102,101,104,99,98,98,81,100,96,,,,84,144,,92,100,96,,,,145,,135,132,122,133,109,125,,128,148,,,,138,151,,134,143,151,101,106,,111,95,101,98,90,92,102,92,,,,94,85,,117,92,,133,103,119,,119,124,118,106,57,80,69,,,67,67,75,64,,70,63,,80,,,115,,128,132,,77,56,60,43,30,30,,104,102,107,109,103,89,90,89,125,126,137,140,138,,118,116,129,129,73,,75,72,76,57,94,119,117,92,94,94,,87,84,,,89,136,156,161,,,153,158,154,84,,,77,76,79,87,79,90,42,44,44,44,39,40,,35,39,99,103,114,93,97,,83,,118,100,128,122,128,130,112,128,114,121,117,122,37,42,,47,36,57,60,45,56,39,69,32,26,27,27,17,31,,43,39,34,39,33,28,41,25,32,31,32,51,,32,48,23,43,49,,40,46,43,36,42,,,57,58,58,56,48,46,43,45,50,61,68,57,113,107,122,94,108,111,94,104,77,72,78,81,82,,,85,,99,75,76,70,97,,,74,70,57,77,75,,152,142,101,120,,,141,113,79,67,77,90,80,69,76,80,77,,58,50,59,59,66,61,63,64,53,69,62,47,72,72,59,38,78,37,86,67,,83,62,39,72,,184,153,154,139,,,,134,158,,,,158,163,80,69,69,78,82,,116,135,102,130,126,117,117,130,112,116,120,84,91,134,98,141,,132,136,144,125,147,144,147,117,144,,100,112,102,78,76,72,84,102,94,85,82,82,79,81,98,101,96,90,,104,,93,105,106,92,114,,113,128,,,,131,122,142,,106,121,122,,,108,95,96,118,71,86,79,88,78,,,,111,,97,117,,119,143,132,135,79,78,88,79,72,61,,128,,,86,,78,89,87,64,66,62,68,66,,111,98,112,100,104,103,79,74,80,77,77,76,76,,34,38,71,70,61,44,,45,73,65,,76,73,,77,80,81,64,71,,70,54,,,70,82,,116,,115,,118,116,63,62,,64,66,,76,68,,69,,84,82,77,,86,75,96,96,91,,86,84,90,89,86,86,61,128,123,107,110,104,113,96,81,,94,94,77,93,89,90,92,91,112,104,101,105,,95,73,76,87,,90,83,76,92,85,66,96,90,94,82,99,133,136,135,,129,,133,,106,86,93,91,89,,90,92,87,,40,,45,43,52,47,78,80,78,,,,48,,54,,50,54,,,50,43,39,69,71,,76,,103,,96,94,116,100,,101,83,107,124,115,115,,103,,,,74,74,53,,88,87,103,90,83,90,76,93,141,126,121,134,112,137,74,67,91,95,113,97,100,95,101,99,112,,57,98,64,90,92,101,97,73,,,,,107,121,,119,95,114,122,,108,100,68,66,60,86,68,59,59,81,77,83,,66,69,74,,104,107,,,71,104,104,86,92,98,103,110,72,98,100,87,,118,121,123,175,156,148,,91,90,,94,89,70,67,92,107,107,111,111,,75,,,85,85,83,98,90,,,,,,83,72,94,,,74,,,,,125,,114,108,104,121,123,122,108,98,96,,129,,129,140,124,144,120,122,121,100,116,86,73,,94,103,,81,90,81,73,,,114,73,76,75,69,76,73,82,,,,120,68,67,67,66,,66,,111,106,113,112,82,,79,78,74,,,73,59,,79,77,88,,88,,185,171,,,92,61,,,147,158,123,,,70,80,95,92,189,180,177,99,98,100,100,89,87,92,,,109,113,93,95,69,,66,70,,,127,92,,87,86,62,78,106,104,95,84,91,76,98,74,,,103,128,126,131,190,106,93,103,92,106,115,87,137,122,107,116,119,,,95,61,67,73,113,115,,36,118,130,,124,124,128,,132,119,119,118,127,88,100,90,116,128,122,86,91,132,119,93,,116,82,97,78,140,126,,118,,113,,,,104,96,104,107,105,98,,101,,129,122,136,83,87,80,73,82,90,96,97,101,91,85,90,90,102,107,117,101,85,,86,76,78,88,80,78,56,88,82,88,72,96,79,76,77,,85,97,85,74,70,101,93,95,96,112,74,84,86,82,83,,79,83,80,95,88,90,90,96,73,66,100,,45,73,69,,44,38,40,68,,127,123,62,,70,75,86,79,84,61,60,68,57,68,99,98,101,,50,56,63,66,96,,96,106,,81,77,,82,80,73,87,91,86,,85,93,86,,98,106,,109,74,86,83,,86,84,93,80,75,127,91,83,88,100,100,,104,109,122,107,,110,122,123,111,110,115,99,93,89,112,105,115,99,110,51,73,84,76,71,97,74,84,101,84,52,66,64,96,87,,91,37,58,46,69,78,64,101,126,118,123,102,93,94,108,120,93,117,,75,61,115,115,67,83,98,102,,,79,92,103,98,,117,123,112,98,102,112,113,98,107,,,90,88,88,,83,72,59,57,68,67,,74,76,65,,,,,114,108,94,109,109,94,83,94,,104,120,129,,128,100,64,61,63,61,61,,,,,49,62,77,75,50,50,73,,65,107,103,118,116,115,105,114,52,64,68,81,89,89,,44,47,52,53,20,20,123,112,70,,49,43,,,99,,65,58,70,,90,,101,,40,38,102,107,107,114,112,111,114,116,82,88,80,83,,122,133,116,149,146,135,,96,107,134,131,106,105,,103,94,117,116,127,,138,152,136,,134,181,141,123,105,126,137,,150,,,149,124,127,122,103,90,111,108,100,,104,102,96,87,93,102,95,103,98,,,91,97,97,72,,91,98,101,65,80,122,69,40,,157,113,70,82,,85,117,147,143,76,135,128,,118,,110,130,157,64,51,53,103,108,137,121,101,86,129,94,,,65,109,89,89,,159,156,146,104,,90,115,,,89,159,149,78,89,103,73,68,94,125,65,65,99,83,61,,73,120,,71,76,90,110,111,118,67,130,43,75,82,88,50,99,40,153,87,94,100,65,102,110,100,71,70,71,72,68,86,134,122,96,64,70,151,119,104,106,110,76,52,107,109,81,98,142,87,54,,100,117,103,47,104,97,97,,56,158,100,117,76,88,106,122,148,115,136,,74,158,66,92,52,98,105,,94,160,148,150,146,,107,91,56,88,67,62,82,86,79,51,89,110,137,187,117,101,,113,,119,96,90,136,90,,61,43,39,37,60,46,34,38,36,32,38,50,36,79,51,68,58,77,101,129,122,168,135,146,117,100,139,100,111,111,48,48,62,70,,49,51,103,100,108,83,84,106,63,74,81,99,82,76,55,57,68,129,148,144,111,125,81,137,110,114,88,103,90,94,119,112,67,57,79,61,83,77,133,78,69,99,91,96,116,138,,82,120,107,118,78,116,89,90,75,98,,110,62,56,139,119,119,147,139,108,101,161,144,135,127,112,93,106,103,82,96,97,100,78,82,,57,56,,42,,34,22,67,59,47,48,32,66,58,126,97,120,59,51,,110,116,129,148,118,116,122,46,43,64,,42,53,78,81,112,89,90,37,93,71,116,151,136,113,95,112,122,,152,99,95,,119,127,126,127,92,80,152,118,121,126,136,114,154,,122,179,68,91,44,108,93,104,93,,99,107,100,115,88,80,74,75,93,69,67,,44,,115,78,,76,42,59,46,121,121,95,68,,86,119,116,112,,,62,120,65,105,,122,116,120,123,66,67,123,130,116,101,87,123,129,126,127,37,38,,46,59,63,66,71,72,97,,76,79,73,,66,130,98,98,108,114,93,112,86,66,66,173,79,34,57,61,59,57,,142,157,,131,97,47,48,94,102,119,72,81,224,122,114,83,149,153,92,90,108,79,,119,95,104,,77,44,65,111,63,80,80,63,59,48,74,53,68,126,71,121,151,142,80,91,54,96,123,122,87,53,64,55,,138,85,103,75,90,115,93,102,83,117,142,105,74,68,108
20210719,12,O3_24h,81,87,115,92,102,93,94,86,84,99,97,94,,,117,,108,120,125,,107,,116,148,,106,166,,96,94,94,90,71,106,111,,118,112,,111,109,96,100,117,,103,,92,93,79,120,127,130,117,112,120,113,,118,121,115,72,78,81,,68,113,113,,117,128,130,123,129,116,,78,95,76,82,106,,113,98,99,112,102,100,,162,151,,,172,169,153,158,154,163,148,,155,153,165,163,151,,136,110,99,89,106,106,116,111,104,102,92,102,102,99,106,112,119,94,102,100,116,140,131,124,,146,154,139,143,131,140,134,138,107,105,114,104,111,,114,95,109,98,128,123,121,133,124,,121,140,143,113,,137,127,129,126,118,114,126,110,113,115,113,96,,,,84,144,,95,100,96,,,,190,,163,150,162,162,125,148,,150,169,,,,166,160,,199,174,184,112,122,,132,104,109,98,101,97,110,102,,106,,94,85,,132,151,,155,140,144,,151,154,124,139,78,95,95,,,91,80,94,98,91,77,85,,99,,,153,,152,152,,97,83,91,92,86,94,,107,110,129,128,134,119,112,103,125,126,137,140,138,96,118,116,129,129,81,,83,80,94,67,160,119,117,98,107,94,,102,98,,,100,136,156,161,,115,153,158,154,97,,,84,89,94,94,95,92,81,84,80,83,82,81,,68,85,147,146,153,152,147,126,132,,132,140,128,122,128,130,112,128,114,121,117,122,141,182,,158,135,173,109,147,77,124,112,77,73,78,74,83,113,,85,81,98,102,92,79,85,94,180,160,177,149,,188,169,156,104,126,114,107,132,141,161,112,,,107,113,107,83,76,62,88,88,191,189,212,202,127,135,133,125,114,150,110,128,77,75,78,81,82,121,,118,151,151,213,172,222,170,,,151,170,170,150,156,,169,191,171,162,,,185,143,79,86,101,97,83,86,89,85,89,,102,94,78,93,83,81,125,114,116,121,115,128,97,93,96,91,86,103,103,110,,96,86,95,89,,212,164,191,179,,,,181,180,,,,170,216,123,114,126,120,128,,125,135,102,130,126,117,117,130,112,116,120,85,91,134,98,184,,165,166,185,159,182,178,188,187,184,,109,116,118,113,116,111,124,119,104,106,103,98,103,101,124,121,105,119,,104,,93,105,106,108,143,,146,128,,,125,131,122,186,,106,121,122,,100,108,101,104,118,102,92,96,100,102,,,,112,,111,117,,119,143,132,135,96,91,101,79,78,77,,128,,,161,,146,125,127,105,109,101,109,86,,111,107,112,100,116,103,103,97,116,116,85,96,81,88,78,80,85,75,81,98,,92,113,106,,136,109,,126,127,123,117,123,,134,88,,,89,107,,116,,120,135,125,124,84,88,,86,90,,105,92,,101,,84,82,82,,87,86,96,96,91,,135,153,129,128,120,129,68,142,143,157,129,147,136,101,97,92,96,97,93,102,104,94,98,100,112,105,120,113,120,95,78,78,87,,94,90,76,92,85,85,116,103,107,100,107,133,136,135,,129,90,133,,118,106,117,94,96,,99,96,95,,86,,92,92,102,87,104,100,89,,,,99,,101,,87,87,81,,84,82,89,99,102,,104,,140,132,155,136,144,120,,151,157,163,126,137,155,,103,,,120,99,97,65,,132,115,138,112,90,95,83,102,141,126,121,134,125,137,74,70,152,160,166,145,100,95,101,99,112,,149,170,145,150,92,115,124,87,,,,,247,197,,183,95,114,122,89,108,100,117,108,109,109,116,89,100,104,113,121,,96,102,120,,139,146,,146,158,167,147,146,153,157,162,158,117,121,128,102,,143,157,148,182,196,166,122,112,120,,110,107,133,121,128,112,113,111,111,,82,,94,106,106,102,117,97,83,104,104,,,107,92,126,96,54,93,58,84,,,146,,132,134,138,164,168,160,168,182,123,,149,140,196,204,195,157,163,144,144,115,143,93,85,,94,119,,142,129,85,92,,,114,106,89,95,89,92,90,93,101,,,155,88,87,90,85,,77,122,123,119,127,112,89,,87,89,136,,,134,119,,108,97,117,,116,,211,224,,,92,68,,,168,183,166,,,71,80,119,116,189,184,177,99,98,101,100,91,136,132,124,145,200,192,157,162,76,80,70,75,,192,186,92,,88,86,95,100,115,127,95,86,91,79,98,102,,,103,128,126,131,215,130,131,127,136,106,115,87,137,122,107,116,119,,,185,68,67,73,113,115,,115,147,158,,149,148,148,,132,119,123,118,127,88,100,90,116,128,122,98,91,141,119,93,,116,86,97,87,143,146,,118,,113,,,,104,96,104,107,117,109,,119,,129,129,136,94,96,90,85,89,92,96,121,101,102,99,98,100,113,121,123,106,85,,86,78,78,88,80,78,84,98,93,89,90,96,98,106,101,,85,99,95,89,82,125,117,117,109,128,142,139,141,147,92,,101,102,99,95,88,90,90,96,85,83,100,,72,98,92,,95,94,96,107,,127,123,89,,93,91,98,93,98,116,109,117,116,124,99,98,101,,91,89,98,115,123,,141,140,81,111,109,127,145,136,126,123,141,138,,123,125,108,,122,124,,134,143,135,131,,101,104,104,92,88,127,111,120,117,123,118,98,105,109,122,107,,112,122,124,111,140,165,155,156,143,122,133,116,134,120,69,109,128,104,110,97,74,85,101,84,82,89,75,183,170,163,174,56,68,63,101,112,64,128,127,130,135,140,130,132,124,145,165,185,81,130,122,127,127,107,98,151,154,,160,114,99,115,98,110,117,123,112,114,130,143,139,131,149,,,125,120,120,,115,100,104,102,129,111,,129,107,111,,,,,128,122,115,109,116,153,132,127,,104,120,131,120,128,117,83,74,91,77,83,,,,,101,92,102,93,64,62,91,,85,107,103,118,116,115,105,114,54,64,69,81,89,89,,84,84,68,64,55,62,123,112,70,,74,67,,85,112,,84,81,78,,113,,132,,87,77,133,138,152,133,170,154,158,156,105,127,114,116,,150,150,145,171,159,156,,141,158,151,148,138,140,,135,129,158,155,141,,153,167,158,,148,219,145,158,119,145,222,,243,172,,173,143,146,145,117,115,151,148,141,,127,125,119,158,138,111,124,136,129,,,126,127,133,92,,99,137,129,123,135,122,86,126,94,157,129,96,90,,119,121,198,188,84,170,156,,118,,115,130,185,122,81,83,136,144,137,141,160,122,150,105,,,113,167,103,116,,169,172,216,138,,91,171,,,95,171,162,88,89,103,89,85,157,154,112,187,171,217,92,,120,120,,112,136,105,110,126,159,69,130,78,103,126,98,72,99,102,196,91,94,100,70,102,110,134,91,82,86,87,82,109,150,122,112,152,93,151,150,105,106,115,99,99,141,139,94,144,186,116,86,,100,117,116,92,104,97,102,,96,186,105,117,101,88,130,143,204,115,157,86,101,158,108,92,98,156,122,,94,188,161,178,175,,134,117,106,112,118,104,108,115,103,96,91,119,176,218,155,101,,113,,135,96,96,176,99,83,104,113,136,148,144,142,82,92,94,84,159,225,94,84,97,118,105,125,102,129,122,168,139,146,120,100,139,114,111,115,86,82,87,94,,82,85,103,100,108,208,116,106,79,116,126,99,184,169,112,98,130,176,163,165,115,145,88,175,112,118,94,111,98,99,148,135,94,94,99,89,117,117,155,135,124,129,127,96,128,138,150,112,139,119,133,102,118,98,99,100,98,,117,95,79,179,155,136,163,139,127,101,186,173,152,152,122,113,106,124,96,139,130,137,117,124,,82,89,77,85,86,77,147,102,170,93,108,110,94,82,126,113,120,110,98,88,125,116,129,148,118,116,128,86,96,94,,99,90,94,95,112,110,102,85,137,107,177,157,195,137,137,161,138,138,152,113,109,,119,127,126,127,92,97,162,118,121,126,136,130,185,,143,188,134,123,66,128,143,122,159,,153,141,175,136,121,89,96,75,93,71,69,,110,,145,122,,103,93,127,102,139,138,106,79,,99,141,137,120,,,78,142,100,105,84,122,116,120,123,92,83,123,130,116,109,109,123,129,127,127,80,81,77,84,101,89,89,113,84,133,88,95,113,97,80,88,130,133,128,122,132,93,151,106,79,90,210,170,85,90,164,113,113,127,177,178,,131,110,87,92,191,102,234,86,91,224,158,127,105,239,177,134,144,149,128,135,149,109,112,,77,120,93,135,115,108,101,114,89,79,90,72,78,130,76,121,151,182,144,91,106,112,123,122,88,86,89,72,100,168,126,123,97,93,115,97,102,92,166,146,108,74,81,124
20210719,12,O3_8h,48,41,55,51,47,45,37,56,37,45,39,38,,,38,,48,60,38,,51,,52,94,,63,90,,27,39,42,32,32,43,82,,68,65,,63,62,75,81,94,,57,,56,64,50,64,58,77,63,60,63,58,,66,78,54,29,36,30,,30,49,57,,54,78,72,66,56,40,,65,68,60,66,41,,49,48,44,41,40,40,,79,80,,,77,75,62,76,60,52,59,,50,66,64,68,64,,69,84,73,,79,85,90,72,75,79,75,66,68,62,66,67,67,60,61,66,64,79,74,74,,81,69,71,69,68,67,70,69,59,56,57,55,57,,63,39,57,53,63,64,66,68,67,,59,72,73,58,,75,70,69,66,68,68,64,59,59,53,61,71,,,,42,55,,57,56,52,,,,61,,72,75,77,76,64,75,,73,71,,,,77,75,,55,59,66,60,61,,66,67,72,67,66,63,83,76,,66,,70,61,,64,63,,62,53,54,,54,67,67,52,30,60,50,,,51,52,57,42,38,44,37,,59,,,60,,79,77,,42,57,48,34,31,27,,64,59,56,58,58,38,45,31,55,52,64,68,67,45,54,48,60,67,68,,44,58,54,45,51,60,69,44,44,50,,42,48,,,48,79,67,72,,61,76,80,81,79,,,65,67,72,75,72,57,39,44,41,46,38,38,,35,46,54,58,59,53,46,58,40,,54,81,53,62,53,57,54,47,50,59,51,56,28,31,,29,20,24,42,31,30,26,36,32,25,24,22,21,30,,41,41,37,32,31,36,30,29,26,26,26,19,,23,29,11,28,27,25,30,28,27,28,25,,,32,30,26,37,36,31,42,38,32,40,38,36,36,34,42,35,44,41,94,39,21,44,42,48,51,75,,63,57,78,73,69,65,65,,,73,64,61,61,60,,53,46,37,40,,,62,85,19,25,26,26,25,21,17,31,24,,50,59,60,63,69,62,56,59,49,58,49,49,52,49,33,48,50,55,60,42,,49,45,40,43,,98,117,68,73,,,,64,115,,,,105,119,30,19,18,26,34,,30,50,51,57,61,43,58,50,54,54,61,51,38,51,48,79,,81,66,83,74,99,99,124,84,92,,78,85,69,39,37,33,42,71,63,71,80,80,79,76,68,70,61,71,,67,,64,76,73,56,65,,65,64,,,67,74,70,87,,69,74,70,,64,75,66,63,86,56,60,60,63,56,,,,75,,59,65,,73,88,93,82,72,76,86,54,66,56,,78,,,56,,53,51,49,51,55,51,57,57,,47,48,50,56,33,51,59,44,50,38,74,51,52,43,37,40,32,35,28,30,,33,48,45,,62,60,,54,55,54,46,48,,34,41,,,52,63,,56,,62,55,59,58,61,63,,60,65,,46,44,,44,,62,59,64,,71,68,63,60,66,,63,58,77,57,58,68,43,69,73,72,64,58,58,62,44,35,64,62,42,77,76,82,76,79,73,63,60,60,67,62,67,68,76,,81,51,41,50,45,44,80,85,82,81,86,73,76,75,,71,45,74,,61,52,35,52,54,,58,48,80,,43,,49,47,53,48,61,62,59,,,,44,,48,,63,58,,,56,49,51,57,52,,54,,42,26,40,33,66,59,,57,39,56,58,85,44,,87,,,76,54,53,36,,33,38,39,45,51,74,71,59,82,79,69,67,79,62,41,28,80,86,90,74,32,29,34,28,41,,26,48,21,31,34,40,37,26,,,,,95,97,,83,77,85,101,80,80,86,33,29,21,22,22,46,50,58,60,64,,49,55,49,,38,44,,32,66,60,77,77,86,79,83,86,53,63,70,62,,78,75,106,113,106,85,,81,78,,79,37,91,80,95,68,66,69,69,,66,,,79,79,57,65,64,,,,,,65,54,75,,,63,,62,,,80,,76,69,66,68,69,69,66,67,62,,67,56,75,81,74,75,74,70,72,64,65,63,52,,47,57,,58,56,35,34,,,53,58,56,58,56,59,58,60,64,,,53,59,57,62,58,,65,44,49,73,68,56,64,,58,56,57,,,56,43,,68,54,41,,36,,108,105,,,72,52,,,90,104,78,,,56,52,60,62,146,151,154,78,84,83,87,72,86,82,61,77,73,72,65,56,48,48,42,43,,69,70,58,,58,49,40,46,85,90,64,62,44,44,47,40,,,47,72,72,76,84,60,53,44,54,51,51,52,64,70,43,60,50,,,67,33,34,39,63,72,,40,70,66,,74,69,75,,72,69,80,74,84,58,71,66,47,52,45,23,32,61,41,52,,54,26,37,36,59,51,,73,,71,,,,66,72,69,71,70,63,,44,,73,66,78,68,68,67,65,56,57,66,39,71,78,56,52,60,44,44,44,37,48,,41,29,33,38,30,28,28,51,42,51,34,46,51,52,51,,30,50,48,35,33,51,42,50,50,52,55,61,57,57,41,,40,44,45,39,43,43,41,46,31,34,41,,42,54,54,,50,50,48,51,,70,66,59,,65,56,65,61,62,55,53,58,53,63,57,55,60,,40,47,50,41,59,,54,66,,44,34,34,54,58,57,53,52,47,,60,69,57,,65,72,,62,56,49,48,,72,72,71,42,38,46,40,39,48,49,46,26,57,47,61,49,,54,55,52,57,42,46,43,39,39,45,52,40,46,49,34,39,49,37,42,36,30,38,34,31,16,27,23,62,50,50,57,26,21,27,37,41,33,58,60,61,68,67,68,64,43,39,61,69,,56,47,58,53,37,46,46,50,,43,79,38,42,38,41,51,57,42,28,39,45,45,65,35,,,88,78,83,,75,35,38,34,52,40,,31,35,28,,,,,59,57,44,44,48,49,42,46,,32,86,78,72,78,56,32,42,29,41,30,,,,,49,48,39,36,42,32,28,,18,62,64,61,44,90,89,90,32,26,59,65,50,55,,37,41,38,36,17,14,57,76,34,,34,27,,69,55,,43,42,60,,65,,87,,22,19,46,40,44,43,87,86,87,90,38,41,29,47,,86,76,78,68,82,64,,85,94,69,74,104,105,,97,92,74,78,64,,69,83,66,,73,122,98,85,56,115,100,,109,78,,104,90,98,90,72,68,98,98,78,,46,61,50,81,88,79,67,78,76,,,53,45,55,49,,62,47,60,20,29,67,67,27,44,86,66,43,64,,36,62,66,64,54,83,74,,76,,75,65,70,28,33,32,101,62,71,76,58,79,74,50,,,64,31,64,56,,106,113,106,58,,66,61,,,74,76,75,66,46,61,67,67,79,63,57,64,95,77,40,,36,68,,34,62,38,54,97,74,50,85,38,57,41,42,54,44,50,58,54,54,65,59,63,60,56,41,35,38,43,42,60,50,70,95,52,64,85,58,88,92,88,59,46,50,63,46,54,61,68,61,,58,43,68,51,79,37,37,,34,84,66,58,57,65,85,73,67,64,63,57,54,74,71,54,46,39,45,,62,64,77,67,96,,98,60,52,61,64,49,58,59,54,47,59,67,82,111,72,66,,66,,74,68,77,62,58,26,35,28,23,25,26,26,28,31,34,34,29,30,36,60,35,47,33,51,54,70,60,80,81,84,75,68,62,62,43,36,63,61,54,61,,46,49,47,41,53,39,39,60,27,64,51,55,64,53,49,36,49,51,58,73,53,43,75,78,76,74,53,64,60,66,64,56,52,48,61,52,65,67,67,46,46,57,43,55,51,75,18,34,63,34,72,58,64,66,64,50,42,,75,31,25,82,65,67,84,73,71,68,66,80,72,77,70,58,78,54,79,80,30,90,51,27,,27,53,34,28,32,34,20,53,29,45,32,24,39,32,66,68,62,28,39,48,74,51,65,78,78,72,63,49,41,54,,49,65,60,58,51,86,45,23,74,52,69,80,57,52,32,89,94,73,78,61,67,,65,79,88,80,59,78,119,64,62,74,86,74,102,,94,121,57,67,42,67,46,71,36,,67,58,60,50,33,39,28,30,50,44,40,,40,,53,61,,36,43,62,56,56,75,56,38,,47,63,62,76,,,69,65,30,53,14,74,58,74,63,53,64,68,58,50,46,39,58,62,54,47,40,47,,54,64,54,56,58,29,80,31,70,52,48,46,48,58,93,45,108,112,35,45,57,51,59,100,50,29,54,27,32,29,30,52,58,,72,65,52,51,49,46,96,66,62,81,79,74,60,105,100,58,35,36,42,35,59,57,64,,63,57,72,91,49,57,60,47,27,29,49,26,50,58,36,70,78,82,58,40,58,57,70,70,55,41,38,23,,67,60,103,62,71,54,76,49,64,70,73,56,57,23,66
20210719,12,O3_8h_24h,48,41,55,51,47,45,37,56,41,45,39,38,,,72,,71,75,57,,76,,52,94,,68,90,,27,39,42,32,32,53,111,,68,65,,63,62,92,81,94,,57,,84,82,71,66,58,77,63,60,63,58,,67,78,54,35,36,47,,30,49,57,,54,80,72,66,61,56,,78,81,75,76,45,,61,57,68,47,71,40,,79,80,,,77,75,62,76,60,52,59,,50,66,64,68,64,,69,84,86,91,84,88,90,84,75,79,75,66,68,62,66,73,67,60,61,66,64,79,74,74,,81,69,71,69,68,67,70,69,62,61,66,55,67,,66,48,64,63,63,64,74,68,67,,59,72,73,58,,75,72,69,66,68,68,74,66,69,59,67,71,,,,42,55,,57,56,52,,,,61,,72,75,77,76,64,75,,73,71,,,,77,75,,55,59,66,64,66,,68,67,72,67,66,63,83,76,,66,,70,61,,64,63,,62,53,54,,54,67,67,52,54,74,63,,,61,66,72,59,70,61,40,,59,,,60,,79,77,,44,83,71,44,39,39,,71,72,56,58,58,38,49,31,55,52,64,68,67,45,54,48,60,67,72,,53,61,55,46,51,62,69,44,44,50,,42,48,,,48,86,67,72,,85,76,92,81,79,,,71,78,87,77,79,57,54,56,49,60,50,55,,50,64,77,58,68,74,82,72,47,,62,81,53,62,53,57,54,47,50,59,51,56,28,31,,29,24,43,43,31,40,26,36,34,32,30,29,27,32,,45,42,42,32,35,41,32,32,26,26,26,24,,27,29,11,28,27,29,30,28,27,28,25,,,38,33,29,37,39,35,46,42,56,44,67,57,38,42,42,38,44,41,94,39,21,46,42,48,51,102,,63,66,78,80,82,79,65,,,77,69,67,62,68,,53,65,85,42,,,81,112,19,25,26,26,25,21,17,31,24,,50,62,61,65,70,65,70,74,74,72,71,82,76,61,33,77,68,91,81,64,,86,45,48,43,,108,148,90,88,,,,64,141,,,,105,119,30,19,18,26,34,,52,50,51,57,61,43,58,50,54,54,61,51,38,51,48,79,,81,66,83,74,99,99,124,84,92,,78,85,76,62,44,51,42,114,103,96,81,80,79,76,68,70,61,71,,67,,64,76,73,56,65,,70,64,,,67,74,70,87,,69,74,70,,64,75,66,63,86,62,70,73,70,56,,,,75,,59,65,,73,88,93,82,82,78,86,57,66,56,,78,,,56,,53,51,49,72,78,74,75,76,,47,48,50,56,33,54,59,44,50,38,74,51,52,51,47,47,32,35,28,56,,58,48,54,,74,74,,60,64,56,53,66,,37,41,,,52,63,,56,,70,58,62,68,64,64,,60,65,,70,70,,76,,74,61,70,,80,72,66,61,67,,63,58,77,57,58,68,43,69,73,72,64,58,58,62,44,35,64,62,42,77,76,82,76,79,73,63,60,60,67,62,67,68,76,,81,51,41,50,45,44,107,86,92,92,98,73,76,75,,71,46,74,,83,52,41,52,54,,58,66,85,,64,,69,66,72,65,75,82,78,,,,54,,50,,86,82,77,,67,61,62,57,52,,54,,73,63,48,47,101,81,,57,39,56,58,85,44,,87,,,83,55,61,36,,34,38,39,45,51,80,71,66,82,79,69,67,79,62,41,28,106,104,106,100,32,29,34,28,41,,68,63,59,31,34,55,37,51,,,,,117,97,,83,77,85,101,80,80,86,33,46,21,22,31,46,50,58,72,64,,76,67,66,,43,73,,86,82,84,87,85,96,88,89,94,62,70,84,69,,78,75,106,113,106,95,124,96,93,,79,42,123,101,108,68,66,69,69,,66,,94,79,79,57,68,64,78,75,93,,,65,54,78,85,50,83,48,82,,,80,,76,69,66,68,69,69,66,67,62,,67,56,75,81,74,75,74,80,79,64,65,66,57,,52,64,,58,62,35,34,,,53,58,56,58,56,75,71,72,80,,,54,68,64,69,67,,65,75,72,73,78,56,66,,60,61,75,,,76,74,,76,61,54,,62,,161,136,,,72,52,,,90,114,78,,,61,61,75,70,161,163,165,78,84,83,87,72,88,82,61,77,73,72,65,56,49,55,42,43,,75,74,58,,58,49,40,46,108,123,64,62,44,44,47,59,,,47,72,72,76,84,60,53,44,54,51,51,52,64,70,43,60,50,,,67,47,46,46,65,73,,40,77,66,,74,69,75,,72,76,80,74,84,69,73,72,47,52,45,23,32,61,41,52,,54,26,37,36,71,67,,73,,72,,,,66,78,69,71,81,74,,44,,73,66,78,68,68,69,65,56,57,66,39,71,78,70,70,68,44,44,44,37,48,,54,29,33,38,30,28,28,51,42,51,34,46,51,52,51,,30,50,48,35,33,51,51,51,56,62,55,61,57,57,41,,40,44,45,39,43,44,41,50,37,42,43,,55,66,65,,81,83,76,89,,75,66,89,,93,71,82,74,80,78,74,82,78,85,57,55,60,,76,68,84,41,59,,54,66,84,44,34,35,60,58,57,53,52,47,,70,77,57,,70,76,,62,74,49,48,,72,72,71,53,51,46,48,43,54,51,56,26,57,47,61,52,,54,55,52,57,42,46,43,39,39,45,54,40,46,53,42,39,49,37,42,36,31,38,34,31,16,27,23,62,72,61,62,30,30,49,37,41,51,58,60,61,68,73,87,83,43,39,63,69,85,76,61,58,53,41,46,67,61,,75,79,38,47,38,74,68,68,46,38,47,54,56,71,74,,,88,78,83,,75,61,75,70,74,66,,31,35,38,,,,,84,85,76,61,64,64,51,55,,32,86,78,88,82,82,35,46,33,51,34,,,,,49,48,67,57,54,51,28,,18,85,83,80,54,91,89,95,32,26,59,65,52,55,,54,41,46,41,21,20,75,85,34,,56,41,,69,55,,55,53,60,,75,,116,,28,22,46,55,44,46,94,94,95,96,50,41,29,47,,96,100,81,124,106,67,,88,109,89,106,104,105,,99,92,80,90,64,,88,84,84,,73,122,98,134,64,119,119,,130,83,,104,90,98,100,72,68,98,98,86,,46,79,70,105,104,89,70,80,76,,,53,45,55,49,,62,47,60,41,53,67,67,27,68,86,75,51,66,,69,62,66,64,68,83,74,,76,,75,65,70,28,33,37,101,62,82,76,58,79,74,81,,,64,45,64,78,,106,113,106,61,,66,61,,,74,76,75,66,46,62,67,67,79,63,68,67,95,87,73,,70,69,,35,78,56,60,106,74,61,85,47,57,41,42,55,60,84,68,54,61,65,59,63,60,67,41,35,38,43,42,73,50,70,102,57,93,85,76,88,92,90,82,46,64,63,46,84,61,81,83,,58,43,68,52,79,51,54,,34,98,76,70,65,65,114,102,67,64,78,68,54,74,72,54,46,39,45,,62,64,86,67,120,,98,69,64,62,76,51,58,59,58,51,71,67,82,142,72,66,,66,,74,69,77,62,63,44,42,28,23,34,26,35,32,34,38,47,29,49,39,60,35,53,36,58,54,70,60,80,81,84,82,69,76,81,43,36,82,79,84,94,,60,62,47,41,53,39,39,60,42,69,51,55,93,68,67,36,86,52,75,78,67,59,77,78,76,74,54,64,60,66,72,64,52,48,61,52,65,67,80,68,46,57,48,78,51,75,18,34,63,34,72,58,64,66,64,50,42,,75,31,25,82,65,80,101,73,71,68,66,80,79,81,70,60,78,54,90,111,30,90,51,64,,27,69,46,40,32,46,22,53,44,48,32,26,39,32,77,76,64,28,43,52,74,51,65,78,78,72,63,67,46,68,,80,86,76,67,51,106,45,58,74,52,69,80,84,52,32,116,99,73,78,61,74,,65,79,88,80,75,86,119,64,62,74,86,74,102,,94,125,57,67,47,67,46,71,36,,89,74,60,50,33,56,28,30,50,44,40,,63,,54,65,,36,43,63,60,60,76,56,57,,66,63,62,76,,,70,90,30,53,14,74,58,74,63,78,71,76,58,50,46,39,58,62,54,47,49,66,75,74,65,62,82,64,29,80,33,71,54,48,53,56,58,103,45,108,113,60,53,57,58,68,155,50,29,71,28,34,37,45,68,58,,72,68,71,70,49,61,108,74,65,81,79,74,60,132,102,58,73,44,45,35,59,57,78,,63,70,76,96,68,69,75,73,27,29,49,27,50,71,36,70,86,82,58,45,89,57,70,70,75,56,38,23,98,67,94,103,74,71,54,76,49,77,70,73,57,57,23,66
20210719,12,CO,0.5,0.5,0.7,0.7,0.7,0.8,0.6,0.7,0.6,0.5,0.6,0.6,,,0.8,,0.9,0.9,0.4,,1.1,,0.7,0.5,,0.7,0.6,,0.7,0.7,0.6,0.8,0.8,0.5,0.6,,0.7,0.6,,0.7,0.5,0.3,0.1,0.4,,0.2,,0.4,0.7,0.4,0.2,0.4,0.3,0.1,0.1,0.1,0.4,,0.6,0.6,0.2,0.8,0.8,1,,0.8,0.7,,,0.7,0.6,0.4,0.4,0.4,0.6,,0.1,0.4,0.3,0.3,0.8,,0.8,0.5,0.5,0.8,0.6,0.7,,0.6,0.5,,,0.5,0.5,0.5,0.5,0.6,0.3,0.4,,0.4,0.4,0.3,0.3,0.4,,0.3,0.8,,,0.6,0.4,0.5,0.5,0.4,0.6,0.7,0.6,0.5,0.6,0.5,0.5,0.3,0.3,0.4,0.5,0.4,0.4,0.7,0.8,,0.6,0.7,0.5,0.6,0.3,0.6,0.4,0.3,0.4,0.5,0.3,0.4,0.4,,0.4,0.3,0.3,0.2,0.2,0.5,0.2,0.4,0.7,0.4,0.4,0.5,0.3,0.2,,0.3,0.5,0.3,0.1,0.2,0.6,0.4,0.3,0.4,0.4,0.5,0.3,,,,0.5,0.4,,0.5,0.3,0.2,,,,0.7,,0.3,0.2,0.4,0.3,0.4,0.3,,0.3,0.7,,,,0.7,0.5,,,0.6,0.6,0.4,0.7,,0.2,0.2,0.3,0.2,0.2,,0.5,0.3,,0.3,,0.4,0.5,,0.4,0.6,,0.6,0.3,0.8,,0.5,0.4,0.4,0.3,0.5,0.5,0.5,,,0.3,0.4,0.4,0.5,0.4,0.4,0.5,,0.9,,,0.4,,0.6,0.5,,0.3,0.3,0.2,0.3,0.4,0.5,,0.3,0.4,0.3,0.1,0.4,0.4,0.3,0.4,0.6,0.5,0.5,0.7,0.6,0.6,0.6,0.5,0.2,,0.4,,0.6,0.6,0.4,0.4,0.3,0.5,0.3,1,0.7,0.7,,0.8,0.4,,,0.7,0.7,0.4,1.1,,0.7,0.6,0.8,0.5,0.3,,,0.1,0.4,0.5,0.1,0.1,0.4,0.6,0.4,0.5,0.5,0.5,0.5,,0.6,0.5,0.8,0.7,0.5,0.9,0.7,0.6,0.8,,0.8,0.4,0.7,0.6,0.6,0.7,0.6,0.6,0.4,0.5,0.5,0.4,0.5,0.6,,0.5,0.4,0.6,0.6,0.6,0.5,0.5,0.4,0.4,0.7,0.6,0.5,0.4,0.6,,0.9,0.4,0.4,0.5,0.5,0.6,0.4,0.6,0.4,0.4,,0.4,,0.5,0.4,0.4,0.6,0.6,0.5,0.5,0.6,0.7,0.5,0.5,,,0.6,0.5,0.7,0.4,0.5,0.5,0.7,0.5,0.4,0.5,0.3,0.4,0.6,0.6,0.6,0.7,0.4,0.7,0.8,0.5,0.2,0.5,0.5,0.4,0.4,,,0.5,0.6,0.6,0.7,1.2,0.3,0.5,,,0.8,0.5,0.9,0.2,0.6,,0.3,0.5,0.7,0.6,,,,0.3,0.3,0.3,0.7,0.7,0.6,0.3,,0.5,0.6,,0.4,0.3,0.3,0.3,0.2,0.4,0.3,0.4,0.3,0.5,0.4,0.3,0.4,0.8,0.7,0.8,0.7,0.6,0.6,0.4,,0.6,0.8,0.7,0.7,,0.6,0.4,0.3,0.6,,,,1.3,0.3,,,,0.3,0.5,0.6,0.5,0.7,0.3,0.9,,1.2,0.6,1.5,0.9,0.6,0.7,0.8,0.6,0.6,0.7,0.6,0.4,0.6,0.8,0.6,0.5,,0.6,0.8,0.6,0.7,0.7,0.6,0.7,0.9,0.6,,0.3,1,0.5,0.4,0.5,0.4,0.6,0.6,0.5,0.6,0.5,0.5,0.3,,0.2,0.3,0.3,0.3,,0.5,,0.2,0.6,0.3,0.7,0.5,,0.6,0.8,,,0.5,0.5,0.4,0.1,,0.2,0.6,,,,,0.1,0.3,0.3,0.2,0.1,0.4,0.2,0.3,,,,0.7,,0.2,0.7,,0.4,0.7,0.7,0.8,0.4,0.2,0.3,0.3,0.4,0.4,,0.5,,,0.8,,0.8,0.6,0.5,0.5,0.6,0.5,0.3,0.4,,0.5,0.4,0.6,0.5,0.5,0.5,0.5,0.7,0.7,0.6,0.4,0.6,0.5,0.3,0.5,0.5,0.7,0.6,0.6,0.4,,0.5,0.5,0.4,,0.6,0.6,,0.5,0.8,0.7,0.6,0.7,,0.5,0.5,,,0.5,0.6,,0.6,,0.7,0.4,0.6,0.5,0.9,0.6,,0.8,0.8,,0.8,0.8,,0.8,,1,0.7,1.1,,0.7,0.8,0.3,0.2,0.1,,0.4,0.5,0.4,0.8,0.7,0.2,0.2,0.7,0.7,0.4,0.7,,0.6,0.2,0.4,0.8,0.5,0.5,0.4,0.6,0.6,0.4,0.5,0.5,0.7,0.7,0.7,0.8,,0.6,0.6,0.5,0.2,,0.1,0.4,0.3,0.3,0.3,0.3,0.4,,0.4,0.3,0.4,0.5,0.7,0.6,,0.7,0.6,0.7,,0.4,0.7,,0.3,0.9,,0.5,0.3,0.3,,0.7,,0.7,0.3,0.4,0.4,0.5,0.6,0.4,,,,0.6,,0.6,,0.4,0.4,,,0.6,0.7,0.6,0.5,0.5,,0.6,,0.3,0.5,0.4,0.6,0.6,0.7,,0.7,0.5,0.4,0.7,0.6,,,0.7,,,,0.4,0.3,0.6,,0.7,0.8,0.7,0.8,0.6,0.4,0.5,0.6,0.9,1.1,1.3,,1.3,0.8,0.3,0.3,0.5,0.4,0.8,0.2,0.6,0.7,0.6,0.5,0.7,,5.1,2.4,3.8,1.3,0.6,0.7,0.8,0.8,,,,,0.4,0.4,,0.5,0.6,0.5,0.3,0.4,0.4,0.3,0.8,0.6,0.8,0.7,0.6,0.5,0.5,0.8,,0.8,,0.6,0.6,0.7,,0.7,0.6,,0.6,0.7,0.8,0.6,0.8,0.7,0.5,0.4,0.5,0.6,0.6,0.6,0.6,,0.5,0.6,0.3,0.3,0.1,0.3,,0.6,0.6,,0.9,0.4,0.4,0.5,0.3,0.2,0.5,0.2,0.2,,0.4,,,0.3,0.3,0.2,0.2,0.3,,,,,,0.3,0.3,0.4,,,0.3,,0.6,,,0.6,,0.6,0.2,0.6,0.4,0.5,0.7,0.2,0.4,0.4,,0.5,0.6,0.6,0.5,0.5,0.4,0.3,0.3,0.3,0.6,0.6,0.2,0.4,,0.6,0.3,,0.3,0.3,0.4,0.5,,,0.6,0.4,0.6,0.5,0.4,0.6,,0.7,0.5,,,0.2,0.7,0.8,1,0.7,,0.6,0.6,0.3,0.7,0.7,0.5,0.5,,0.5,0.8,1,,,1,1.4,,0.7,0.6,0.4,,0.4,,0.9,0.6,,,,0.4,,,0.7,0.5,0.4,,,0.3,0.4,0.3,0.3,0.4,0.3,0.3,0.4,0.3,0.5,0.5,0.6,0.4,0.2,,0.5,0.4,0.4,0.3,0.3,0.4,0.3,0.6,0.5,,,0.5,0.3,,0.2,,0.5,0.5,0.5,0.3,0.6,0.5,0.5,0.5,0.4,0.5,,,0.5,0.7,0.6,0.7,0.7,0.5,0.3,0.5,0.1,0.8,0.9,0.4,0.6,0.5,0.6,0.7,0.6,,,0.4,0.7,0.4,0.4,0.4,0.4,,0.7,0.5,0.5,,0.6,0.7,0.5,,0.5,0.6,0.5,0.6,0.6,0.5,0.6,0.5,0.7,0.4,0.6,1,0.6,0.5,0.7,0.8,,0.3,0.4,0.3,,1,0.4,,0.6,,0.6,,,,0.6,0.6,0.7,0.7,0.6,0.7,,0.5,,0.5,0.5,0.5,0.4,0.6,0.5,0.6,0.7,0.4,0.4,0.6,0.4,0.2,0.5,0.5,0.4,0.3,0.5,0.5,0.5,0.5,,0.7,0.2,0.6,0.3,0.5,0.6,0.3,0.9,1.6,0.3,1.6,0.3,0.3,0.4,0.8,,0.5,0.5,0.5,0.3,0.5,1.1,0.8,0.7,1.1,1.3,0.5,0.7,0.6,0.4,0.6,,0.4,0.5,0.5,0.6,0.6,0.5,0.5,0.6,,0.6,0.6,,0.3,0.6,0.4,,0.5,0.6,0.6,0.5,,0.5,0.5,0.6,,0.6,0.6,0.5,0.7,0.7,0.9,0.9,0.7,0.7,0.6,0.6,0.5,0.5,,0.4,0.4,0.7,1.2,0.7,,0.8,0.9,,0.6,0.8,0.7,0.6,0.9,0.8,0.7,0.8,0.8,,0.5,0.7,0.4,,1,1,,0.7,0.4,0.4,0.4,,0.7,0.7,0.8,1,0.9,1,0.6,0.6,,0.5,0.6,0.5,0.6,0.6,0.5,0.5,,0.6,1,1.1,1.5,0.5,0.5,0.7,0.5,0.7,0.6,0.6,0.7,0.5,0.7,1.4,0.9,0.8,0.8,1.2,0.4,0.5,0.5,1.3,0.7,0.5,0.3,0.2,0.8,0.8,0.8,0.7,0.6,0.8,0.6,0.8,0.8,0.6,0.4,0.6,0.7,0.7,0.5,0.4,0.5,0.8,0.8,0.5,0.7,,0.7,0.7,0.8,0.8,0.6,0.5,0.6,0.3,,0.4,0.2,0.3,0.2,0.3,,0.4,0.2,0.4,0.7,0.4,0.6,0.6,0.4,0.4,,,0.3,0.4,0.6,,0.6,0.4,0.4,0.4,0.4,,,0.3,0.5,,,,,,0.6,0.5,0.6,0.6,0.6,0.2,,0.4,,0.1,0.5,0.5,0.4,0.6,0.6,0.4,0.7,0.9,0.5,1.2,,,,,0.4,0.3,0.5,0.5,0.5,0.5,0.4,,0.4,0.6,0.6,0.3,0.2,0.8,0.7,0.5,0.5,0.4,0.7,0.6,,0.5,,0.4,0.4,0.3,0.3,0.3,0.3,0.6,0.5,0.5,,0.3,0.6,,0.6,0.6,,0.4,0.2,0.4,,0.2,,0.3,,0.6,0.6,0.5,0.6,0.5,0.6,0.4,0.4,0.4,0.5,0.8,0.4,0.6,0.5,,0.5,0.6,0.3,0.5,0.7,0.3,,0.2,0.3,0.3,0.3,0.2,0.3,,0.7,0.8,0.3,0.2,0.4,,0.2,0.2,0.2,,0.4,0.7,0.4,0.4,0.5,0.3,0.2,,0.2,0.2,,0.4,0.4,0.4,0.4,0.8,0.6,0.2,0.3,0.3,,0.6,,0.3,0.2,0.4,0.2,0.4,0.5,0.3,,,0.6,0.8,0.6,0.8,,0.3,0.4,0.6,0.7,1.4,0.3,0.5,0.7,0.6,0.5,0.8,0.5,0.7,,0.4,0.8,0.5,0.5,0.4,0.4,0.5,,0.5,,0.2,1.1,0.7,0.4,0.5,0.4,1,,0.6,0.5,0.4,0.4,0.4,0.4,,,0.7,0.4,0.3,0.7,,0.7,0.4,0.4,0.9,,0.4,0.7,,,0.3,0.4,0.2,0.4,0.4,0.5,0.3,0.2,,0.5,0.5,0.7,0.4,0.5,0.9,,1,0.6,,0.4,0.7,0.4,0.5,0.2,0.4,0.4,0.6,0.5,0.6,0.5,0.4,0.4,0.9,0.4,0.8,0.2,0.3,0.3,0.4,0.4,0.3,0.5,0.9,0.3,0.4,0.4,0.3,0.4,0.6,0.5,0.2,0.6,0.6,0.5,0.5,0.6,0.6,0.7,0.5,0.6,0.4,0.8,0.5,0.6,0.5,0.7,0.9,,0.5,0.4,0.3,0.4,0.5,0.5,0.6,,0.6,0.7,0.3,0.5,0.4,0.3,0.4,0.5,0.5,1,0.3,0.7,0.3,0.7,,0.4,0.7,0.4,0.6,,0.5,0.4,0.9,0.6,0.7,,0.5,0.4,0.4,0.3,0.5,0.2,0.4,0.3,0.3,0.5,0.4,0.5,0.8,0.6,0.3,0.1,,0.7,,0.4,0.6,0.5,0.6,0.4,0.6,0.5,0.7,0.8,0.6,0.7,0.7,0.4,0.6,0.6,0.7,0.6,0.5,0.4,0.5,0.5,0.6,0.8,0.7,0.2,0.6,0.8,1,0.3,0.6,0.4,0.6,0.6,0.6,0.6,0.6,0.4,0.5,0.6,0.5,,0.3,0.4,0.6,0.8,0.6,0.5,0.5,0.5,0.6,0.4,0.6,0.5,0.3,0.7,0.3,0.6,0.6,0.6,0.3,0.5,0.6,0.7,0.2,0.3,0.1,0.4,0.1,0.3,0.3,0.2,0.6,0.4,0.6,0.2,0.5,0.5,0.6,0.5,0.2,0.6,0.7,0.8,0.5,0.5,0.4,0.8,0.6,0.9,0.7,0.8,0.3,0.3,0.4,0.4,0.3,0.1,0.4,,0.3,0.7,0.5,0.5,0.3,0.4,0.6,0.4,0.5,0.2,,0.2,,0.3,0.2,0.4,0.4,0.4,0.4,0.4,0.3,0.6,0.3,0.7,,0.5,,0.7,,0.3,0.6,0.6,0.8,0.6,0.3,0.4,0.4,0.6,0.8,0.7,0.3,0.4,0.9,1.4,0.9,0.5,0.5,0.6,0.6,0.5,0.7,0.4,0.5,0.5,0.5,,0.3,0.5,0.6,0.7,1.1,0.6,0.5,0.4,0.6,0.5,0.4,0.7,0.4,0.4,0.7,0.5,0.4,0.5,0.6,0.4,0.5,,0.5,0.9,0.5,0.6,0.3,0.2,0.7,0.8,1,0.6,0.6,0.4,,,0.4,0.7,0.7,0.6,0.5,0.3,0.4,0.3,0.3,,0.5,0.4,0.7,0.8,0.8,0.4,,,0.4,0.4,0.4,,0.3,,0.7,0.6,,1.1,0.5,0.2,,0.5,0.5,0.4,0.3,,0.4,0.5,0.7,0.5,,,1,0.6,0.6,0.3,,0.4,1.8,0.4,0.7,0.5,0.8,0.2,0.3,0.1,0.4,0.1,0.4,0.2,0.2,0.3,0.5,0.6,,0.8,0.7,0.2,0.8,,0.6,0.9,0.3,0.3,0.5,0.6,0.4,0.6,0.5,0.4,0.7,0.1,0.5,0.5,0.5,0.4,1.1,0.6,0.7,0.5,0.5,0.5,0.5,0.5,0.4,0.7,1,1.5,,0.6,0.3,0.5,0.6,0.5,0.4,0.5,0.5,,0.7,0.1,0.5,0.5,0.4,0.5,0.7,0.6,0.7,0.9,0.4,0.4,0.3,0.4,,0.6,0.7,0.2,0.3,1.1,,0.4,1.1,0.6,0.6,0.8,0.5,0.6,0.6,0.5,0.6,0.6,0.8,0.7,0.2,0.5,0.6,0.7,0.5,0.5,0.7,0.6,0.6,,,0.2,0.4,0.5,0.1,0.5,0.1,0.4,0.3,0.3,0.5,0.5,0.4,0.8,0.6
20210719,12,CO_24h,0.6,0.5,0.7,0.7,0.6,0.7,0.5,0.5,0.5,0.5,0.5,0.5,,,0.8,,0.9,0.8,0.6,,0.9,,0.4,0.5,,0.6,0.5,,0.7,0.6,0.5,0.8,0.6,0.4,0.6,,0.9,0.7,,0.9,0.6,0.3,0.2,0.4,,0.3,,0.4,0.5,0.4,0.1,0.4,0.3,0.1,0.1,0.1,0.3,,0.4,0.4,0.1,0.6,0.7,0.8,,0.7,0.6,0.3,,0.5,0.4,0.2,0.3,0.2,0.5,,,0.4,0.2,0.3,0.7,,0.5,0.6,0.5,0.6,0.4,0.6,,0.5,0.5,,,0.4,0.5,0.4,0.4,0.8,0.6,0.7,,0.7,0.7,0.6,0.6,0.6,,0.6,0.7,0.6,0.5,0.6,0.4,0.5,0.5,0.5,0.6,0.6,0.6,0.5,0.7,0.5,0.6,0.4,0.4,0.4,0.4,0.5,0.3,0.7,0.5,,0.5,0.6,0.4,0.6,0.3,0.5,0.3,0.4,0.5,0.5,0.3,0.4,0.4,,0.4,0.3,0.4,0.2,0.4,0.6,0.2,0.3,0.8,0.5,0.5,0.7,0.4,0.2,,0.3,0.5,0.3,0.2,0.3,0.5,0.4,0.3,0.4,0.5,0.5,0.3,,,,0.5,0.4,,0.5,0.4,0.3,,,,0.6,,0.4,0.2,0.4,0.4,0.4,0.3,,0.3,0.7,,,,0.6,0.6,,0.5,0.7,0.7,0.4,0.5,,0.2,0.2,0.3,0.1,0.2,,0.5,0.3,,0.3,,0.4,0.5,,0.4,0.4,,0.6,0.3,0.7,,0.5,0.4,0.4,0.3,0.4,0.6,0.4,,,0.3,0.4,0.4,0.4,0.3,0.4,0.4,,0.8,,,0.5,,0.6,0.5,,0.3,0.3,0.2,0.3,0.4,0.5,,0.3,0.4,0.3,0.2,0.4,0.4,0.3,0.4,0.5,0.5,0.4,0.5,0.5,0.5,0.5,0.4,0.3,0.5,0.3,,0.5,0.6,0.5,0.4,0.3,0.5,0.3,1.2,0.8,0.7,,0.9,0.7,,,0.8,0.5,0.2,0.8,,0.5,0.5,0.6,0.4,0.3,,,0.1,0.3,0.4,0.1,0.2,0.4,0.6,0.4,0.5,0.5,0.6,0.5,,0.5,0.5,0.8,0.8,0.6,0.9,0.8,0.6,0.8,,0.9,0.4,0.8,0.7,0.6,0.7,0.6,0.6,0.5,0.5,0.6,0.4,0.5,0.6,,0.5,0.4,0.6,0.6,0.6,0.5,0.6,0.4,0.4,0.6,0.6,0.5,0.5,0.4,,0.7,0.4,0.4,0.5,0.5,0.5,0.4,0.5,0.4,0.4,0.4,0.4,,0.5,0.4,0.5,0.6,0.6,0.5,0.5,0.5,0.6,0.5,0.5,,,0.6,0.5,0.7,0.4,0.6,0.6,0.7,0.5,0.5,0.5,0.3,0.4,0.6,0.6,0.5,0.6,0.4,0.7,0.6,0.5,0.3,0.4,0.5,0.4,0.4,0.5,,0.5,0.6,0.6,0.7,0.9,0.3,0.5,,,0.8,0.5,0.8,0.3,0.6,,0.4,0.5,0.5,0.6,,,0.6,0.3,0.3,0.4,0.5,0.7,0.6,0.5,0.6,0.5,0.7,,0.4,0.3,0.3,0.3,0.3,0.4,0.2,0.4,0.2,0.4,0.4,0.3,0.4,0.8,0.7,0.7,0.7,0.5,0.7,0.4,,0.7,0.9,0.7,0.8,,0.6,0.5,0.5,0.4,,,,0.8,0.3,,,,0.4,0.6,0.7,0.5,0.7,0.3,0.8,,0.8,0.7,0.7,0.7,0.6,0.7,0.9,0.7,0.6,0.9,0.6,0.4,0.5,0.7,0.7,0.7,,0.5,0.8,0.7,0.7,0.7,0.6,0.7,0.6,0.6,,0.4,1,0.4,0.4,0.5,0.3,0.6,0.7,0.5,0.6,0.5,0.6,0.3,0.5,0.2,0.3,0.3,0.3,,0.7,,0.3,0.6,0.3,0.8,0.5,,0.6,0.7,,,0.5,0.6,0.6,0.3,,0.2,0.5,0.2,,0.2,0.1,0.2,0.4,0.3,0.2,0.1,0.2,0.2,0.3,,,,0.3,,0.4,0.7,,0.4,0.4,0.5,0.6,0.5,0.2,0.3,0.4,0.4,0.4,,0.3,,,0.9,,0.8,0.6,0.7,0.4,0.6,0.5,0.3,0.4,,0.5,0.3,0.6,0.5,0.4,0.4,0.5,0.6,0.7,0.9,0.4,0.6,0.6,0.3,0.5,0.4,0.7,0.7,0.7,0.4,,0.5,0.5,0.4,,0.6,0.6,,0.4,0.7,0.7,0.6,0.6,,0.6,0.6,,,0.5,0.5,,0.6,,0.7,0.5,0.6,0.5,0.6,0.5,,0.7,0.7,,0.6,0.6,,0.6,,0.9,0.8,0.8,,0.7,0.7,0.3,0.2,0.1,,0.5,0.6,0.6,1,1,0.4,0.2,0.6,0.7,0.5,0.7,0.5,0.7,0.3,1.1,1.8,0.7,0.6,0.6,0.7,0.6,0.4,0.6,0.5,0.7,0.6,0.6,0.8,0.6,0.5,0.4,0.5,0.2,,0.1,0.4,0.4,0.3,0.4,0.3,0.5,0.4,0.6,0.3,0.5,0.6,0.7,0.6,,0.9,0.8,0.8,,0.5,0.6,0.5,0.4,0.7,,0.6,0.3,0.3,,0.7,,0.7,0.3,0.4,0.3,0.4,0.7,0.4,,,,0.5,,0.5,,0.4,0.4,0.3,,0.6,0.6,0.6,0.6,0.6,,0.6,,0.4,0.6,0.5,0.5,0.5,0.7,,0.7,0.6,0.5,0.7,0.6,0.6,,0.7,,,0.8,0.3,0.3,0.5,,0.7,0.8,0.7,0.7,0.7,0.4,0.5,0.7,0.6,0.7,0.8,1,0.9,0.7,0.4,0.3,0.3,0.5,0.8,0.4,0.6,0.7,0.7,0.5,0.8,,1.3,2.6,2.3,1.1,0.6,0.7,0.9,0.8,,,,,0.5,0.5,,0.6,1,0.5,0.3,0.3,0.4,0.4,0.7,0.5,0.7,0.5,0.4,0.5,0.5,0.9,0.7,0.8,,0.7,0.6,0.8,,0.7,0.6,,0.6,0.7,0.8,0.6,0.9,0.8,0.5,0.5,0.6,0.6,0.7,0.7,0.7,,0.5,0.6,0.3,0.4,0.3,0.3,0.6,0.6,0.5,,0.6,0.4,0.3,0.4,0.3,0.2,0.5,0.1,0.1,,0.5,,0.4,0.4,0.4,0.2,0.2,0.4,0.1,0.2,0.3,,,0.3,0.4,0.4,0.6,0.2,0.3,0.1,0.5,,,0.6,,0.7,0.3,0.7,0.5,0.5,0.7,0.3,0.6,0.4,,0.6,0.7,0.7,0.5,0.6,0.4,0.3,0.3,0.3,0.6,0.6,0.1,0.3,,0.5,0.3,,0.5,0.4,0.5,0.6,,,0.6,0.5,0.5,0.5,0.4,0.5,0.8,0.8,0.5,,,0.4,0.6,0.7,0.8,0.6,,0.5,0.6,0.4,0.7,0.7,0.5,0.4,,0.4,0.7,0.8,,,0.8,0.9,,0.6,0.6,0.5,,0.5,,0.8,0.7,,,,0.4,,,0.6,0.5,0.5,,,0.3,0.4,0.2,0.2,0.4,0.3,0.3,0.4,0.3,0.4,0.4,0.6,0.5,0.4,0.5,0.7,0.7,0.5,0.6,0.7,0.4,0.3,0.6,0.4,,0.6,0.5,0.5,,0.3,0.4,0.5,0.5,0.6,0.4,0.5,0.4,0.4,0.5,0.4,0.4,,,0.5,0.7,0.7,0.7,0.5,1.4,0.4,1,0.4,1,1.1,0.7,0.6,0.5,0.6,0.7,0.6,,,0.4,0.8,0.6,0.6,0.3,0.2,,0.7,0.4,0.5,,0.5,0.6,0.5,,0.4,0.5,0.5,0.5,0.5,0.5,0.6,0.5,0.7,0.5,0.5,0.7,0.6,0.4,0.5,0.7,,0.3,0.4,0.3,,0.7,0.4,,0.6,,0.4,,,,0.4,0.5,0.6,0.5,0.6,0.7,,0.8,,0.4,0.4,0.4,0.4,0.6,0.5,0.5,0.4,0.5,0.5,0.7,0.4,0.1,0.5,0.4,0.3,0.5,0.6,0.5,0.5,0.3,,0.5,0.4,0.7,0.4,0.6,0.7,0.3,1.1,1.5,0.8,1,0.3,0.4,0.6,0.9,,0.5,0.5,0.6,0.4,0.5,1,0.9,0.6,1,1.3,0.5,0.7,0.7,0.4,0.6,,0.5,0.7,0.5,0.5,0.7,0.5,0.5,0.6,0.5,0.8,0.7,,0.5,0.5,0.4,,0.4,0.5,0.5,0.5,,0.5,0.4,0.6,,0.6,0.6,0.5,0.7,0.6,0.8,0.9,0.7,0.6,0.6,0.6,0.5,0.6,,0.5,0.4,0.6,1.2,0.7,,0.8,0.9,0.4,0.7,0.9,0.7,0.6,0.8,0.8,0.7,0.7,0.7,,0.6,0.7,0.4,,1,1,,0.5,0.5,0.5,0.4,,0.7,0.6,0.7,0.9,1.1,0.8,0.6,0.6,0.7,0.5,0.6,0.4,0.6,0.6,0.5,0.5,,0.5,0.9,1,1.4,0.5,0.5,0.6,0.5,0.6,0.6,0.6,0.6,0.6,0.7,1.3,0.9,0.8,0.8,1.3,0.6,0.6,0.6,1.2,0.9,0.4,0.4,0.5,0.9,0.8,0.9,0.7,0.4,0.8,0.5,0.7,0.6,0.5,0.7,0.7,0.7,0.8,0.5,0.5,0.5,0.7,0.7,0.5,0.6,0.5,0.7,0.7,0.8,0.8,0.5,0.5,0.5,0.4,,0.4,0.3,0.3,0.3,0.3,0.5,0.4,0.4,0.5,0.6,0.4,0.6,0.5,0.3,0.4,,,0.4,0.4,0.7,,0.6,0.4,0.4,0.3,0.4,0.5,,0.3,0.5,0.3,,,,,0.5,0.5,0.5,0.6,0.5,0.3,0.2,0.4,,0.3,0.5,0.5,0.4,0.6,0.6,0.4,0.7,1,0.7,0.7,,,,,0.3,0.3,0.5,0.5,0.5,0.5,0.4,,0.4,0.5,0.4,0.3,0.4,0.8,0.7,0.6,0.5,0.5,0.7,0.6,0.6,0.6,,0.5,0.4,0.3,0.3,0.3,0.3,0.6,0.5,0.5,,0.3,0.6,,0.8,0.6,,0.4,0.2,0.5,,0.4,,0.3,,0.6,0.7,0.5,0.8,0.7,0.7,0.5,0.5,0.4,0.5,0.4,0.4,0.5,0.5,,0.6,0.6,0.2,0.5,0.7,0.3,,0.2,0.3,0.2,0.3,0.4,0.3,,0.7,0.8,0.3,0.1,0.5,,0.2,0.2,0.2,,0.4,0.7,0.6,0.4,0.5,0.3,0.4,,0.3,0.3,,0.4,0.3,0.4,0.3,0.8,0.7,0.2,0.4,0.3,,0.7,0.1,0.4,0.3,0.3,0.2,0.5,0.5,0.3,,,0.6,0.9,0.7,0.8,,0.3,0.5,0.6,0.4,1.8,0.3,0.4,0.6,0.7,0.4,0.7,0.7,0.6,,0.5,0.6,0.4,0.7,0.4,0.4,0.5,,0.4,,0.3,0.9,0.6,0.5,0.9,1,0.5,0.5,0.4,0.6,0.7,0.5,0.4,0.4,,,0.4,0.4,0.3,0.7,,0.7,0.5,0.5,0.6,,0.4,0.4,,,0.2,0.4,0.3,0.5,0.4,0.5,0.3,0.2,0.4,0.5,0.6,0.6,0.3,0.4,0.7,,0.9,0.5,,0.4,0.6,0.3,0.3,0.2,0.5,0.4,0.5,0.6,0.7,0.5,0.4,0.4,0.7,0.3,0.7,0.3,0.3,0.5,0.4,0.6,0.3,0.6,0.7,0.5,0.5,0.5,0.4,0.5,0.4,0.4,0.2,0.7,0.6,0.4,0.5,0.6,0.6,0.7,0.5,0.6,0.4,0.8,0.6,0.7,0.5,0.7,0.6,,0.5,0.5,0.3,0.4,0.7,0.5,0.6,,0.5,0.5,0.3,0.4,0.3,0.3,0.4,0.5,0.4,0.9,0.3,0.6,0.5,0.5,0.6,0.3,0.6,0.5,0.8,,0.6,0.4,0.4,0.5,0.4,,0.2,0.4,0.4,0.3,0.4,0.2,0.4,0.3,0.4,0.6,0.4,0.5,0.7,0.6,0.3,0.2,,0.6,,0.5,0.6,0.6,0.6,0.4,0.6,0.6,0.7,0.8,0.6,0.7,0.6,0.4,0.5,0.5,0.6,0.6,0.5,0.4,0.5,0.6,0.6,0.8,0.7,0.2,0.4,0.5,0.9,0.3,0.7,0.4,0.6,0.6,0.6,0.8,0.8,0.3,0.5,0.6,0.5,,0.3,0.6,0.5,0.5,0.7,0.6,0.4,0.5,0.6,0.5,0.7,0.7,0.4,0.6,0.3,0.5,0.4,0.5,0.3,0.5,0.5,0.6,0.2,0.6,0.1,0.3,0.2,0.3,0.4,0.3,0.6,0.5,0.5,0.3,0.5,0.5,0.9,0.7,0.2,0.6,0.7,0.6,0.6,0.5,0.5,0.6,0.6,0.7,0.9,0.7,0.3,0.3,0.4,0.4,0.3,0.3,0.4,,0.4,0.6,0.5,0.6,0.4,0.5,0.6,0.3,0.5,0.2,,0.3,0.4,0.4,0.2,0.5,0.4,0.3,0.5,0.3,0.4,0.5,0.3,0.4,,0.5,0.5,0.7,,0.3,0.5,0.5,0.7,0.5,0.4,0.4,0.4,0.6,0.7,0.5,0.3,0.3,0.5,0.7,0.7,0.5,0.4,0.6,0.5,0.4,0.7,0.4,0.4,0.5,0.5,,0.2,0.4,0.5,0.6,2,0.6,0.5,0.4,0.5,0.5,0.5,0.6,0.4,0.4,0.7,0.6,0.4,0.7,0.4,0.5,0.5,,0.6,0.6,0.4,0.5,0.3,0.2,0.7,0.8,0.9,0.4,0.5,0.4,0.4,,0.4,0.6,0.7,0.7,0.6,0.4,0.4,0.3,0.4,,0.6,0.5,0.7,0.8,0.6,0.4,0.6,0.5,0.4,0.4,0.4,,0.5,,0.5,0.6,,1.3,0.5,0.3,0.4,0.5,0.5,0.5,0.3,,0.4,0.6,0.6,0.5,,,0.9,0.6,0.4,0.3,0.6,0.5,0.7,0.6,0.8,0.4,0.8,0.2,0.3,0.1,0.4,0.3,0.3,0.3,0.2,0.4,0.5,0.6,0.6,0.6,0.7,0.6,0.8,0.7,0.6,1,0.6,0.4,0.6,0.6,0.5,0.6,0.5,0.3,0.7,0.1,0.4,0.5,0.5,0.5,0.9,0.6,0.6,0.7,0.5,0.4,0.4,0.5,0.5,0.7,1,1,,0.8,0.3,0.5,0.6,0.6,0.4,0.5,0.5,,0.6,0.4,0.4,0.4,0.5,0.5,0.8,0.6,0.7,1,0.5,0.4,0.3,0.4,,0.6,0.5,0.2,0.3,0.8,0.7,0.4,0.8,0.6,0.5,0.6,0.4,0.6,0.6,0.5,0.6,0.4,0.9,0.8,0.3,0.4,0.7,0.8,0.6,0.5,0.6,0.6,0.5,0.4,0.4,0.2,0.4,0.8,0.1,0.4,0.1,0.4,0.3,0.5,0.4,0.6,0.5,0.7,0.5
20210719,13,AQI,38,29,35,35,32,32,33,38,30,36,29,26,,,52,,40,50,32,,39,,,72,,,53,,28,32,32,28,28,29,29,,52,52,,55,45,25,30,34,,,,46,,51,42,40,45,42,39,39,,,40,40,44,46,32,34,,50,,52,,77,46,44,42,53,,,,30,,30,26,,30,28,27,25,,29,,45,40,,,45,44,44,43,34,31,31,,32,36,36,33,35,,,31,,,30,30,32,26,29,32,27,33,32,32,33,,34,30,39,31,32,46,44,41,,45,,43,,48,40,42,43,25,26,23,23,30,,27,20,22,19,38,37,,39,40,,37,41,40,27,,35,,32,52,32,34,35,31,32,,30,30,,,,48,,,49,48,36,,,,59,,46,44,45,45,35,42,,42,65,,,,50,59,,,49,65,35,36,,38,30,32,,29,30,32,29,,,,33,29,,49,37,,49,39,48,,44,47,46,33,,26,24,,,,28,25,47,40,25,40,,27,,,40,,43,44,,34,17,20,13,13,14,,33,39,40,40,38,27,29,27,45,52,49,63,57,,53,44,47,51,20,,25,24,25,18,33,47,44,31,35,36,,36,27,,,33,70,83,55,,,90,83,83,26,,,26,26,27,27,25,28,29,28,25,23,36,27,,,25,32,33,30,32,39,,27,,40,30,57,45,45,54,43,46,45,46,42,43,27,29,,27,30,28,24,28,22,22,26,,,11,14,13,14,,15,14,15,14,10,14,12,12,30,17,35,44,,28,31,19,19,21,,17,39,23,26,26,,,21,23,19,16,20,19,14,15,28,31,30,30,59,53,50,49,43,48,47,38,,25,26,27,28,,,33,,35,30,34,30,31,,,33,27,26,33,34,,80,55,43,48,,,,43,,31,51,51,34,41,,30,36,,21,16,18,20,20,18,25,24,21,25,24,24,,41,50,29,42,41,33,25,,43,28,45,,,94,47,72,68,,,,50,60,,,,65,63,,,33,31,36,,45,50,49,64,45,45,39,47,,40,41,28,,59,35,48,,46,45,49,44,50,49,47,61,49,,33,34,30,26,28,27,30,32,31,28,30,31,33,31,34,35,36,30,,,,,34,35,30,44,,44,42,,,,40,37,44,,36,39,37,,,53,34,32,40,30,30,31,30,31,,,,38,,32,39,,40,50,46,47,25,25,28,32,31,32,,38,,,32,,29,32,31,40,26,32,32,24,,37,33,39,34,45,35,28,,31,31,25,29,29,15,18,15,25,34,,23,,25,25,22,,45,42,,44,34,52,39,26,,29,15,,,58,58,,36,,37,,41,37,22,33,,25,28,,40,38,,42,,31,35,38,,31,27,32,31,31,,25,26,28,28,26,26,20,45,43,36,37,34,40,,24,22,29,30,24,32,45,31,30,33,35,33,34,,,27,,41,31,,36,27,25,30,27,24,31,29,35,29,32,45,47,45,,,,49,,,33,,,30,,36,27,25,,13,,32,17,17,25,,52,46,,,,52,,59,,31,29,,,39,48,38,20,20,,22,,35,,35,40,44,34,,34,32,36,42,37,,,34,,,,24,26,25,,35,47,51,51,24,29,,27,52,,64,,70,61,22,20,30,34,37,,34,36,34,41,38,,60,,57,41,33,41,40,32,,,,,39,41,,41,30,39,43,39,35,35,40,38,35,,38,25,27,41,,34,,23,25,25,,33,33,,,27,36,37,34,37,36,37,40,35,34,34,34,,104,84,307,87,64,50,,,54,,34,54,51,28,44,37,35,42,42,,24,,,25,25,28,32,29,,,,,,28,24,30,,,23,,,,,38,,35,37,38,43,45,44,38,39,38,,45,,45,48,46,48,40,41,40,41,45,30,25,,53,34,,33,32,30,29,,,46,,23,24,,48,53,61,,,,47,23,23,23,22,,20,,,35,37,35,27,,27,26,45,,,49,43,,32,33,,,28,,72,,,,35,36,,,57,69,42,,,25,,32,31,65,70,70,30,29,30,34,31,28,29,23,,33,42,31,31,31,25,46,22,,,40,,,27,26,27,26,35,35,32,29,23,32,30,50,,,48,,39,42,72,37,35,35,27,33,35,28,53,38,50,42,47,,,31,29,27,32,41,40,,39,41,46,,43,48,43,,51,56,42,40,43,34,33,30,43,52,52,67,39,49,42,34,,41,40,33,26,62,63,,48,,46,,,,35,34,43,45,37,,,41,,40,45,43,28,28,26,42,,31,34,33,31,29,33,27,27,35,37,42,41,45,,26,25,27,41,,27,21,34,33,32,30,31,28,35,27,,28,32,26,27,27,37,38,37,38,41,29,29,30,30,,,33,40,41,45,40,39,35,35,29,39,30,,52,52,54,,39,,48,,,45,40,45,,38,46,46,46,49,,15,,16,,39,33,53,,26,22,28,32,36,,36,40,,26,,,31,30,29,,39,42,,28,31,27,,34,35,,36,29,30,28,,30,29,29,30,27,49,34,,,41,,,,52,46,42,,44,44,48,43,32,27,36,33,35,44,38,53,36,37,27,34,31,37,39,,32,29,62,30,22,22,24,30,33,,44,28,19,42,,29,24,46,55,53,51,38,48,26,56,72,33,39,,34,39,55,50,32,26,36,38,,,25,30,33,36,48,45,46,44,30,32,35,35,37,44,,,32,33,33,,33,31,28,28,27,,,35,33,34,,,,,38,37,36,38,37,34,,34,,38,40,48,,46,41,23,23,43,,34,,,,,26,25,26,27,,17,28,,24,38,36,38,38,38,38,41,22,23,27,,29,,,15,19,18,18,25,10,42,41,27,,19,24,,,35,,20,19,26,,30,,37,,20,16,,37,36,38,36,37,37,38,37,33,30,30,,43,43,,53,47,71,,500,500,42,42,95,114,,33,30,40,40,43,,48,57,46,,43,88,46,40,35,40,47,,50,59,,53,40,,40,34,47,38,37,34,,39,37,36,30,32,34,34,37,34,,,53,35,36,26,,,39,,59,44,50,23,29,42,70,49,31,32,,28,,59,60,22,46,43,,39,,38,45,85,26,17,16,456,,,42,34,33,45,31,,,53,,28,45,,49,54,48,45,,32,55,,,28,70,58,23,42,39,25,24,30,46,22,29,39,36,39,,46,40,,24,48,47,42,35,,25,44,18,23,30,26,17,36,41,69,28,,33,32,33,39,36,27,30,24,25,23,29,46,41,32,27,36,53,45,35,35,34,40,59,42,41,32,30,,37,26,,37,40,35,20,36,32,33,,43,65,37,41,45,30,36,45,59,40,89,,30,78,,30,57,39,40,,30,70,64,53,54,,357,32,19,28,,21,25,24,23,16,31,36,48,73,38,33,,40,,38,30,28,46,30,,22,31,26,29,23,20,12,16,15,14,20,28,13,25,16,24,21,41,34,48,58,62,44,48,52,36,57,35,44,46,26,30,38,38,,14,22,29,32,37,26,32,37,67,30,30,36,28,30,21,28,37,67,70,60,46,40,25,44,37,36,30,36,30,31,45,42,56,20,27,25,30,,45,28,30,48,34,29,52,49,,30,43,62,39,28,34,30,30,25,46,,38,35,32,47,40,,46,47,33,,,49,,41,40,33,34,35,26,38,57,32,30,59,,20,20,17,,,16,22,26,24,16,21,15,23,24,56,56,49,42,66,,38,54,44,48,39,44,38,19,48,49,,54,20,47,58,37,28,30,18,37,28,35,65,47,41,44,36,40,,52,30,29,,39,49,45,43,27,26,,40,41,36,44,42,64,,40,58,27,32,15,42,32,36,39,,30,48,33,39,39,31,29,28,30,21,20,,17,,45,27,,,22,20,17,43,39,29,35,,26,40,46,36,,,38,42,31,40,,48,62,47,,49,47,45,53,52,34,32,54,54,56,57,32,31,,32,19,,33,22,58,31,,24,55,26,,29,45,40,36,165,198,33,40,30,28,24,68,31,12,43,27,20,23,,54,57,,44,34,19,26,28,40,41,24,25,83,41,42,55,49,58,38,28,39,39,,46,27,39,,34,,21,36,32,35,50,28,24,39,48,26,42,,28,50,88,48,78,42,40,30,65,,29,36,32,30,,46,37,42,35,33,48,31,52,27,51,51,36,26,41,40
20210719,13,PM2.5,26,19,22,24,22,22,19,26,21,25,20,13,,,36,,25,19,18,,22,,,14,,36,14,,19,21,16,19,18,18,20,,34,31,,36,30,13,14,9,,17,,26,,28,23,22,20,27,13,18,8,,17,12,15,32,22,20,,35,42,17,,28,32,10,18,27,23,,10,11,,9,15,,6,9,18,16,,7,,10,16,,,13,8,16,10,9,8,10,,12,10,10,11,9,,13,12,8,,13,8,10,7,6,11,6,10,8,11,10,,8,6,10,9,8,16,16,16,,18,21,18,,26,17,19,11,8,18,8,10,10,,8,5,7,12,9,9,17,12,24,26,22,17,14,17,,10,5,8,15,10,11,9,10,7,10,6,7,,,,23,27,,34,17,20,,,,21,,7,19,9,9,9,17,,12,10,,,,18,13,,16,24,19,20,11,,14,12,10,9,14,12,9,10,,,,19,10,,16,15,,22,19,18,,19,21,25,12,6,18,8,,,9,5,6,25,24,13,16,,8,,,16,,12,17,,13,11,14,3,4,4,,19,16,20,20,17,,11,8,29,19,34,29,34,19,34,27,27,27,8,,13,12,11,7,14,21,19,10,13,18,,14,6,,,18,24,20,31,,27,29,24,17,5,,,7,5,5,2,7,10,20,16,17,16,25,17,,18,15,22,15,17,13,27,,16,,12,12,29,28,27,38,15,20,25,20,27,16,13,14,,13,12,14,12,14,14,15,12,,,4,1,1,5,,2,1,2,5,1,3,5,8,12,8,12,9,,12,14,7,6,9,7,2,7,8,4,10,,,10,9,13,6,6,8,6,3,13,15,15,12,26,28,23,24,21,21,26,18,8,10,9,9,9,,,10,13,5,8,7,7,13,,,9,5,5,6,5,,30,31,24,21,,,24,23,,17,19,34,14,24,27,19,14,,6,,5,4,5,8,3,7,7,8,6,6,25,24,20,15,25,22,20,10,,21,16,19,,,19,5,28,22,,,,15,17,,,,11,20,2,5,16,14,7,,5,34,31,46,20,30,16,16,,19,16,17,14,19,12,21,,14,14,10,21,9,12,7,9,14,,9,9,5,11,12,17,14,8,8,10,18,9,22,18,12,12,11,11,,12,,9,9,9,13,17,,11,20,,,20,14,24,14,,13,12,8,,,24,12,14,15,9,5,7,5,5,,,,17,,13,17,,14,20,20,18,10,13,5,22,15,22,,22,,,20,,6,21,16,28,18,22,22,12,,19,15,27,20,19,17,14,22,14,7,17,20,20,7,3,6,12,11,,11,,15,12,12,,20,28,,20,23,23,11,18,,20,9,,,41,41,,6,,12,,10,11,5,23,,17,19,,28,26,,29,,9,24,26,,14,17,7,10,2,,6,7,6,9,7,6,8,16,17,9,14,7,15,,8,15,7,8,2,12,21,19,17,10,7,12,14,12,9,16,7,26,17,,24,10,3,3,8,5,11,17,16,7,8,26,24,18,,,20,21,,24,23,23,,16,,14,13,13,,3,,12,10,7,17,34,28,25,,,,36,,42,,12,20,,,25,33,26,4,4,,1,,12,5,7,12,15,13,,16,20,11,24,17,27,,17,,,,4,6,17,,20,23,24,24,12,5,,10,36,,46,41,51,40,6,6,8,11,9,14,13,16,17,13,12,,43,10,40,13,10,15,18,7,,,,,7,8,,6,8,11,9,13,13,24,14,22,21,,14,11,6,25,18,16,,13,11,17,,11,11,,8,10,12,12,10,11,16,10,12,24,19,20,12,,26,20,85,8,13,13,,13,4,,15,4,22,10,10,13,12,7,7,,,,,5,5,2,,7,,,,,,7,4,8,,,4,,18,,,9,,9,10,4,13,14,13,13,15,10,,12,11,14,12,14,22,21,15,15,27,31,1,5,,26,16,,15,10,11,14,,,23,10,8,8,14,25,36,37,38,,,14,,,8,,,,22,12,22,9,10,16,,17,15,31,,,34,30,,20,16,,,2,,28,15,,,15,20,,,23,23,27,,,10,4,4,3,19,13,6,8,15,12,16,13,6,6,9,11,8,7,5,6,15,17,19,14,,,14,,,4,9,8,14,12,8,19,14,11,17,7,27,,,18,16,8,16,16,12,8,18,13,13,16,7,21,16,29,21,31,,,8,20,14,22,22,24,,27,27,13,,22,27,27,,25,23,24,20,12,20,12,20,17,30,31,48,25,34,20,14,,12,23,15,13,29,21,,30,,24,,,,1,17,14,16,21,20,,12,,22,21,21,10,14,9,9,15,12,12,11,11,10,14,18,12,14,7,13,11,13,,6,14,14,12,33,10,2,18,22,16,19,20,12,24,13,,5,22,14,9,12,21,22,23,23,20,19,15,18,16,,,18,10,19,27,20,20,20,18,20,16,19,,24,29,33,,27,29,31,23,,24,23,31,,26,28,31,25,31,16,3,11,4,6,21,21,37,,16,15,17,14,10,,18,16,,10,20,13,12,16,19,,24,28,,14,13,16,,13,22,,24,8,10,10,,16,7,12,4,9,19,14,,,23,,30,,29,32,29,,8,6,9,4,17,16,25,20,13,8,11,13,17,18,16,19,15,7,27,12,22,18,44,7,8,6,16,21,21,22,21,8,8,13,14,11,12,32,39,30,22,26,33,17,35,52,11,16,,18,18,35,23,13,8,4,5,,5,7,15,9,6,7,6,9,5,19,15,13,15,5,5,,,19,12,15,,14,7,8,5,4,14,,13,17,10,,,,,8,8,6,5,9,5,5,9,,6,16,10,14,8,16,16,16,30,,8,,,,,8,8,9,6,5,10,15,,12,8,6,18,10,4,7,5,14,7,6,17,5,6,,5,13,10,7,17,3,11,5,9,,4,,,12,4,,6,5,3,,8,,2,,5,4,15,15,15,12,6,5,6,7,12,13,10,10,,15,7,,7,6,29,,189,270,10,5,26,30,,8,6,5,6,6,,20,7,6,,11,8,8,11,5,7,11,,8,16,,12,10,,8,17,14,6,12,2,,11,4,10,5,6,19,9,8,17,,,11,11,23,8,,6,9,6,16,29,21,5,17,20,16,30,10,22,,6,18,18,18,8,15,22,,26,,9,25,27,18,2,8,132,5,25,12,9,7,17,6,,,37,10,14,23,,9,17,24,19,,,22,,,2,21,13,9,29,27,6,,9,20,9,8,7,7,27,,24,18,,10,24,18,18,2,28,12,29,12,7,6,18,9,17,22,8,7,18,2,22,9,5,14,14,7,7,12,8,2,20,10,7,5,25,15,5,16,18,18,22,42,10,17,18,12,15,16,18,,20,18,5,4,4,9,8,,23,5,19,19,31,6,4,18,16,8,18,32,21,23,20,12,39,10,16,,4,15,19,13,7,,108,7,5,8,7,6,8,10,7,6,11,8,13,21,7,3,,25,,12,7,7,16,11,10,10,13,12,11,8,7,3,7,7,5,13,16,,12,3,11,9,16,8,33,41,26,20,20,27,25,29,18,23,18,18,21,26,26,,8,13,4,7,5,9,2,6,48,13,3,11,4,3,6,13,24,12,17,19,14,23,4,8,22,12,2,14,7,5,17,21,36,11,11,16,19,9,5,18,21,20,6,7,21,33,29,15,8,44,13,13,11,13,13,8,32,,11,22,22,14,11,14,21,24,8,15,24,13,14,13,9,17,12,12,,7,14,10,9,23,,11,12,8,10,,11,15,14,11,3,8,7,10,5,35,33,34,29,45,,18,19,22,22,23,20,22,13,33,34,,38,6,32,41,9,12,5,5,3,5,23,23,27,10,19,7,9,20,20,7,12,,15,19,16,15,6,2,33,7,11,11,18,13,6,,11,11,18,16,4,17,13,17,18,,10,17,16,17,26,6,19,12,7,9,10,,,,18,16,,,7,,5,20,17,8,13,,12,3,17,17,,,26,13,15,28,14,19,43,32,44,34,19,17,36,36,18,20,31,32,29,40,20,20,,22,13,,22,3,41,16,,7,20,14,28,20,11,6,12,40,51,7,15,2,17,7,28,16,4,30,7,9,10,10,11,15,,24,22,13,18,11,16,7,2,7,12,7,17,39,8,16,15,11,10,17,14,21,11,14,,12,16,8,8,22,21,35,19,14,13,33,13,29,9,11,19,24,16,11,17,28,7,43,,9,25,22,21,,15,18,23,24,23,20,11,16,8,29,32,4,1,14,20
20210719,13,PM2.5_24h,13,14,15,13,12,14,13,18,15,16,15,15,,,30,,24,18,29,,27,,23,21,,24,20,,17,19,12,16,13,23,20,,26,30,,35,25,14,24,18,,21,,15,17,14,21,19,15,21,16,14,10,,11,5,14,27,26,20,,34,20,12,,11,27,19,24,14,15,,15,12,7,2,14,,9,12,15,12,12,12,,11,11,,,9,10,12,12,16,18,18,,18,17,21,20,20,,19,15,17,16,14,14,13,15,15,16,10,19,15,24,15,14,12,9,14,15,17,10,11,13,,12,13,13,,15,10,14,9,11,17,12,14,11,,13,13,12,15,16,13,17,12,21,21,10,17,15,18,,11,10,11,21,13,13,12,13,11,19,14,7,,,,23,19,,22,18,18,,,,20,,8,15,12,10,14,13,,13,12,,,,16,15,,21,23,25,17,17,,18,14,13,17,18,15,10,11,,12,,15,15,,16,18,,20,18,17,,17,19,20,15,14,11,10,,,8,9,8,15,13,12,15,,13,,,16,,13,15,,11,12,14,10,10,9,,17,15,16,16,14,17,14,18,14,9,15,11,12,14,14,14,10,13,6,,11,8,7,8,13,12,10,13,16,14,,17,6,,,15,19,14,20,,25,18,18,19,11,,,6,6,7,5,9,11,18,15,17,18,20,15,,14,17,17,16,16,14,27,19,18,,13,10,20,19,17,17,11,15,16,16,15,13,12,14,,12,14,13,14,12,12,13,13,3,,4,3,3,5,,2,3,3,7,3,4,4,13,9,10,13,7,,13,17,11,7,7,7,2,10,10,5,12,,,12,11,10,9,10,13,4,6,18,20,18,18,21,26,22,21,22,20,22,22,8,6,9,6,5,17,,16,20,19,15,15,13,16,,,18,12,18,20,14,,19,22,16,14,,,16,17,12,13,15,24,13,18,24,18,11,,9,5,5,7,6,11,3,6,4,4,8,5,19,19,18,17,19,21,14,15,,19,14,18,20,,22,14,19,17,,,,9,10,,,,16,14,10,20,43,22,17,,17,19,17,18,15,17,13,13,,13,14,22,8,14,13,19,,20,18,20,18,10,18,13,19,17,,15,14,17,15,13,14,15,15,15,11,17,15,22,24,10,10,12,10,,16,,16,13,13,15,21,,20,22,,,18,17,18,21,,17,16,17,,13,18,10,16,18,14,16,10,16,11,,,,15,,14,14,,15,20,16,18,8,7,6,20,16,23,,16,,,16,,14,22,15,9,10,11,12,8,,14,13,15,11,16,10,15,13,13,11,14,13,21,6,8,6,12,13,13,7,,10,13,11,,14,14,,16,15,14,16,14,,17,8,,,23,21,,9,,10,11,10,12,5,9,,9,10,,21,21,,29,,16,22,20,,14,13,10,13,8,,11,11,12,15,19,10,9,23,18,13,17,11,19,10,15,24,10,9,10,30,23,20,26,26,16,12,12,13,16,14,12,11,10,,13,9,7,8,12,8,19,14,16,19,16,18,18,15,,20,16,21,,20,16,16,9,10,,11,11,11,,10,,13,8,8,12,17,16,13,,,,20,,23,,13,16,18,,17,22,18,11,11,,9,,10,7,12,16,15,12,,24,23,16,22,20,20,,16,,,14,9,8,8,,20,35,27,26,16,4,5,13,21,25,27,25,28,25,8,9,13,11,15,16,10,13,13,13,10,,27,15,25,24,18,18,17,11,,,,,9,8,,10,14,16,9,12,12,18,17,14,18,17,10,7,9,18,16,13,,13,14,17,,12,12,,14,20,18,20,20,19,18,15,23,19,18,14,14,,10,11,66,36,16,17,14,6,5,,8,8,11,9,10,14,18,10,10,,8,,14,6,6,7,9,13,8,12,7,,,12,12,15,4,10,8,7,11,,,14,,13,14,10,15,17,17,16,17,14,,22,16,17,18,20,18,17,18,18,19,21,11,12,,20,16,,14,16,10,12,,,17,11,11,8,16,14,14,13,15,,,14,3,6,10,6,,1,13,14,11,7,12,17,,18,14,17,,,17,14,,12,11,9,,9,,24,19,,,9,14,,,19,21,26,,,11,15,5,3,16,16,15,19,16,20,20,14,10,12,13,13,17,17,18,17,18,19,20,20,,22,17,13,,8,10,13,15,16,16,16,13,8,15,5,18,,,16,18,14,22,11,25,12,25,17,15,13,30,20,17,21,20,21,,,8,48,46,55,10,11,,35,19,11,,17,17,17,,17,20,17,13,10,20,16,19,12,19,13,21,14,13,10,15,,8,7,10,8,19,16,,16,,16,,,,4,7,6,7,11,11,,10,,17,16,15,8,10,12,10,6,17,17,27,13,12,10,9,9,18,15,12,12,10,,9,12,17,14,18,18,3,18,12,10,15,14,14,20,18,,8,23,20,24,17,13,16,16,15,14,19,18,19,18,18,,19,9,17,15,14,14,15,11,23,24,20,,15,18,20,,16,15,18,19,,17,18,16,,15,17,17,18,18,16,15,16,13,14,18,15,19,,21,21,19,16,15,,17,15,10,15,20,7,14,17,21,19,19,22,,17,15,19,,12,18,,16,7,12,11,,9,8,9,2,7,18,15,,,21,,23,,25,26,27,,8,6,7,6,8,12,12,18,15,16,19,16,23,24,12,17,24,18,28,17,17,13,23,19,9,9,10,20,18,25,22,7,14,11,12,15,11,46,49,46,45,24,25,23,16,32,18,19,25,24,26,42,40,15,9,10,9,,8,7,13,8,11,6,14,14,13,9,8,8,9,8,7,,,16,17,20,,21,9,7,6,7,17,,11,13,9,,,,,14,6,6,6,8,10,11,17,,7,39,7,8,6,12,10,14,19,10,14,,,,,9,10,13,9,7,7,16,,15,7,9,15,16,8,6,4,12,9,17,13,12,10,,12,15,6,6,9,5,9,7,12,,10,6,,11,6,,4,5,3,,12,,8,,4,6,11,18,16,17,11,9,10,11,9,12,9,10,,15,8,5,9,8,21,,46,58,12,8,40,45,,13,14,10,11,5,,16,16,10,,13,15,14,15,6,9,15,,11,13,,16,12,,10,29,27,9,14,7,,13,6,10,12,13,12,20,10,28,,,11,18,15,10,,6,14,12,15,20,11,3,13,29,22,22,13,13,,9,15,18,22,10,16,15,,16,,11,22,23,20,10,10,70,9,19,20,16,12,16,8,,,20,13,15,20,,16,14,18,13,,11,24,,,3,20,16,10,23,18,7,5,8,16,15,18,19,14,25,,24,16,,13,15,11,12,6,31,18,19,16,13,10,13,8,21,11,14,11,21,12,13,16,5,24,11,14,23,14,13,7,23,14,15,13,14,11,7,15,17,18,13,23,12,13,17,17,19,13,10,,16,10,10,4,8,8,7,,14,13,13,20,15,13,6,20,20,15,22,24,20,14,10,9,20,16,12,,13,18,19,19,8,,64,11,10,12,11,14,13,14,10,14,14,11,15,17,11,7,,22,,14,10,6,20,14,11,15,13,13,13,11,8,5,6,5,7,15,16,2,15,5,10,11,15,6,25,27,24,23,17,22,19,14,10,12,11,14,11,14,12,,10,12,7,9,7,8,7,13,15,14,13,18,13,4,13,17,13,12,9,14,14,11,7,14,25,16,12,15,9,10,24,21,18,11,9,11,22,17,4,21,21,15,19,12,23,26,28,15,47,24,14,14,14,13,14,20,20,,11,22,19,16,20,17,20,19,15,19,20,14,17,16,13,18,12,18,3,10,11,14,13,18,,11,10,8,9,6,11,7,10,14,5,9,5,11,11,27,19,21,23,26,28,15,13,17,12,17,19,17,14,19,15,,20,12,22,28,23,16,8,12,6,6,20,12,15,13,16,10,17,20,16,14,16,,22,18,15,17,13,6,32,20,20,14,18,18,12,,12,13,22,15,7,12,14,13,17,,23,26,22,34,31,10,14,10,8,11,12,,12,,15,16,,7,10,10,7,21,21,15,15,,11,14,14,10,,,12,17,10,12,14,21,37,31,34,21,15,13,25,27,20,32,23,18,25,20,15,16,17,11,16,22,17,12,26,30,23,9,15,14,21,17,11,9,17,192,171,8,12,13,18,7,23,15,4,16,7,10,11,9,15,18,,17,15,13,16,10,10,12,6,11,24,16,17,21,10,18,14,16,13,17,15,21,15,11,,8,30,8,14,18,21,18,12,14,15,15,15,12,13,12,18,21,19,14,24,15,7,36,42,13,16,13,21,14,11,13,16,17,16,19,7,13,8,25,23,8,2,14,24
20210719,13,PM10,35,18,35,32,32,27,33,34,30,31,26,26,,,49,,34,50,30,,39,,13,20,,35,24,,12,32,17,18,27,22,17,,53,53,,60,45,24,24,16,,26,,46,39,51,37,37,35,42,29,35,,,27,36,44,36,29,34,,41,73,53,,103,31,22,28,56,34,,10,27,,30,26,,14,18,27,21,,14,,17,24,,,30,31,39,13,18,17,21,,12,18,21,21,14,,25,20,16,,16,15,24,14,14,19,9,21,22,32,27,,12,11,39,20,22,33,30,41,,36,38,42,44,48,39,42,37,24,22,23,22,30,,25,20,18,19,34,22,34,24,40,40,27,36,29,19,,20,16,17,53,18,20,11,28,20,,15,17,,,,48,40,,44,48,36,,,,36,,22,34,24,29,24,24,,19,36,,,,30,26,,25,32,25,29,24,,22,20,20,19,20,15,17,20,,,,17,22,,49,24,,47,31,38,,42,44,42,23,14,24,19,,,,28,9,47,40,25,40,,13,,,34,,25,29,,34,16,20,6,13,13,,30,35,35,40,20,22,18,11,44,53,40,56,63,51,56,44,46,51,8,,20,5,12,13,18,47,44,31,35,36,,36,27,,,33,56,49,59,,56,54,63,39,17,,,5,5,9,5,9,24,24,28,15,20,31,27,,38,25,23,32,29,25,33,28,27,,38,15,44,33,31,38,27,28,34,35,36,25,27,29,,27,30,28,24,28,22,22,21,,8,11,14,9,13,,7,5,10,12,5,6,4,10,30,17,35,44,,28,31,12,12,21,12,10,39,23,26,26,,,20,18,12,14,20,19,8,12,28,31,30,30,68,56,40,49,39,48,47,28,25,17,26,27,19,,,11,17,7,20,14,14,10,,,15,11,26,18,16,,48,52,42,48,,,45,34,,31,51,51,34,41,41,29,36,,12,3,8,1,10,10,10,14,18,13,13,24,52,41,50,29,42,41,28,5,,43,28,45,,,30,16,37,41,,,,28,11,,,,39,22,,,30,25,13,,43,46,49,61,37,42,22,31,28,24,27,22,17,31,34,28,,32,31,33,38,44,36,14,72,39,,15,21,11,21,23,26,28,31,16,3,30,22,33,28,26,30,36,25,,9,,24,12,17,14,30,,36,38,,,29,27,24,28,,17,18,20,,,56,31,24,24,12,12,12,9,19,,,,29,,19,31,,30,36,25,41,9,5,2,27,17,32,,27,,,27,,19,32,24,19,10,26,22,11,,28,25,27,27,45,26,27,46,29,31,18,29,28,11,18,10,25,34,,23,,25,18,20,,45,42,,44,34,54,39,26,,25,8,,,61,61,,24,,15,,41,26,13,21,,15,15,,28,21,,29,,31,21,19,,25,20,12,18,6,,14,17,14,28,26,9,14,39,30,15,36,17,29,,15,16,24,17,21,26,45,21,26,33,16,19,15,,19,19,41,41,31,,36,19,14,17,21,14,27,20,35,29,19,39,47,28,,34,35,49,,26,31,26,,28,,22,26,21,,10,,32,17,12,21,53,54,46,,,,46,,40,,31,25,,,39,26,25,12,14,,12,,19,19,14,26,24,26,,19,25,21,32,17,33,,20,,,,5,7,4,,35,47,51,51,24,6,,13,47,,70,126,71,71,15,9,17,14,21,13,18,30,28,25,20,,54,20,48,21,14,15,14,14,,,,,14,19,,10,20,38,34,23,22,32,40,38,35,,38,23,17,41,31,34,,23,23,24,,16,29,,,21,36,23,22,21,22,18,1,34,27,31,34,,157,117,425,36,15,22,,32,57,,27,58,52,28,44,28,24,24,24,,8,,,12,12,10,5,13,,,,,,10,9,6,,,6,,,,,19,,26,16,19,27,26,23,29,28,21,,19,20,23,24,23,30,28,22,22,41,43,7,10,,56,29,,33,27,18,24,,,19,5,12,8,15,48,56,72,51,,,33,17,10,12,20,,14,19,14,26,28,24,20,,22,16,28,,,45,34,,32,33,11,,4,,54,43,,,35,36,,,64,69,27,,,23,24,14,18,30,33,13,20,29,30,34,31,28,24,16,33,24,18,29,17,31,23,46,18,,,36,,,11,10,27,25,22,11,24,23,23,32,30,50,,,48,33,20,13,38,17,29,22,6,12,28,11,55,26,50,42,47,,,11,26,27,28,41,40,,23,35,33,,34,48,39,,52,62,42,40,36,34,21,30,34,54,53,73,39,38,38,31,,18,40,7,22,59,42,,48,,46,,,,30,33,43,45,28,40,,34,,35,45,43,28,14,26,42,33,18,19,19,17,21,33,21,21,27,29,32,39,45,,20,22,22,41,45,25,5,19,33,28,29,31,28,22,27,,20,32,26,24,27,37,38,37,38,41,29,28,30,27,,,33,40,41,45,40,39,35,35,29,39,30,,54,53,57,,36,46,48,51,,45,40,37,,34,46,46,46,49,5,7,,13,,39,30,38,,26,15,28,24,36,,36,32,,25,17,30,21,16,21,,39,42,,21,23,24,,31,30,,34,5,23,24,,6,6,21,26,13,43,28,25,31,41,38,74,36,54,40,36,,12,15,11,11,25,26,32,33,35,38,38,55,28,37,27,34,30,37,35,30,20,28,67,30,15,4,23,27,33,76,44,28,18,42,24,27,19,39,40,56,51,28,24,26,62,74,33,27,,34,39,60,50,32,20,12,13,,9,22,17,22,21,18,11,8,11,30,23,32,28,12,7,,,18,22,23,,33,15,25,19,20,32,,22,17,24,,,,,12,12,10,11,14,18,10,10,,9,16,21,41,30,39,12,12,33,,34,,,,,12,12,12,14,19,12,24,,22,23,9,21,23,9,24,16,15,12,5,22,15,9,,10,6,1,6,9,4,14,9,22,,4,24,,9,8,,13,10,7,,28,,6,,20,11,26,17,29,27,11,11,12,10,37,17,20,30,,40,24,,10,15,91,,669,709,15,20,139,178,,14,13,8,15,7,,29,16,16,,16,16,15,21,14,16,21,,21,67,,48,24,12,21,27,47,38,37,,,39,16,33,13,21,9,12,30,22,,,55,28,36,22,,9,39,17,67,44,50,16,29,27,28,49,23,19,,12,34,33,37,20,22,43,,21,,19,45,47,23,17,9,556,38,41,24,28,31,36,12,,,46,37,18,42,,35,22,29,45,,26,59,,,22,34,29,12,29,39,17,12,19,37,20,16,11,9,21,,46,39,,20,48,47,27,12,31,19,44,6,23,30,21,12,26,41,37,14,31,11,13,16,15,33,22,30,11,12,14,11,41,23,19,14,32,32,4,14,21,21,40,51,17,21,32,20,34,37,25,,37,31,19,,24,15,16,,43,29,37,34,19,19,9,33,44,28,127,43,25,40,46,30,63,30,29,,6,34,52,38,27,,465,32,12,14,10,13,19,10,19,12,15,5,24,68,29,15,,30,,11,5,14,29,20,20,22,31,26,29,23,19,8,16,15,7,16,28,9,22,9,14,18,41,22,36,54,40,29,35,53,32,38,30,37,44,19,23,26,38,,7,22,13,7,20,8,7,17,37,20,5,16,6,8,11,16,37,41,35,27,35,36,7,28,29,29,9,22,12,5,39,35,61,18,21,14,22,,5,10,20,48,22,20,54,49,48,30,10,70,23,18,25,18,21,10,46,,19,35,,35,30,21,29,38,19,138,45,25,19,22,17,14,18,22,7,15,63,30,15,67,,20,19,14,20,,14,22,24,24,4,21,7,20,9,62,62,34,41,82,,38,57,23,40,30,44,36,19,34,46,,40,12,47,52,12,5,8,5,14,13,34,37,37,13,32,11,12,37,39,17,7,,33,37,34,27,7,17,56,18,16,29,30,24,17,,14,21,18,11,8,38,29,27,27,,20,48,30,39,39,8,29,13,17,16,16,,17,,45,7,,,22,10,8,27,32,13,35,,20,31,46,9,,,24,42,28,38,22,48,74,47,52,42,47,30,49,36,34,31,58,58,61,59,32,31,,28,16,,33,8,42,22,,7,60,23,47,24,25,18,31,280,346,14,23,13,24,21,85,31,12,26,19,19,23,29,21,38,,32,34,13,12,28,38,18,9,12,42,10,24,58,23,45,38,18,16,39,25,39,21,29,,34,21,16,36,22,35,46,25,23,39,43,16,16,16,20,50,46,31,106,42,39,19,79,4,17,33,27,22,,34,12,42,34,32,48,17,53,11,51,51,5,13,23,39
20210719,13,PM10_24h,19,24,23,20,21,23,22,28,28,22,23,24,,,48,,43,44,50,,45,,33,31,,31,36,,26,25,24,18,24,22,18,,52,48,,45,50,21,36,31,,40,,23,23,32,30,32,33,35,25,29,18,,25,24,23,39,36,37,,37,36,32,,45,38,37,39,22,18,,11,16,15,19,26,,17,21,22,24,25,22,,25,20,,,23,28,30,29,28,38,37,,40,30,36,33,32,,33,26,27,19,20,18,21,17,22,24,15,41,40,61,37,32,21,17,46,30,41,20,28,26,,33,31,37,34,31,24,37,34,25,24,22,27,25,,34,21,21,23,34,26,35,28,37,40,28,35,28,21,,20,20,28,40,20,22,20,20,21,26,21,19,,,,36,31,,38,39,31,,,,47,,25,34,27,21,25,28,,27,34,,,,30,32,,34,37,41,31,27,,27,25,25,19,21,24,25,19,,19,,31,26,,38,24,,43,32,35,,44,42,35,33,22,16,19,,,13,20,16,31,28,28,41,,23,,,30,,26,26,,24,23,22,15,16,18,,33,30,30,38,39,28,34,29,25,23,30,29,29,31,27,26,27,24,14,,23,18,21,20,26,28,26,31,40,27,,43,30,,,28,31,34,42,,40,35,35,32,14,,,9,11,13,13,12,20,28,25,27,26,30,31,,31,26,25,28,32,24,31,25,28,,32,18,27,23,28,27,25,28,22,24,28,21,32,29,,29,36,28,29,29,29,27,26,9,12,12,13,12,15,,10,10,13,18,6,9,8,9,32,24,31,25,,31,34,27,16,20,15,13,25,20,22,21,,,26,24,24,24,22,22,14,15,31,36,31,30,45,48,42,35,42,41,50,41,17,13,22,17,15,22,,31,29,24,35,29,23,28,,,30,25,32,38,34,,31,39,26,30,,,31,26,26,27,40,39,38,41,36,28,36,,21,10,12,14,14,11,8,13,11,11,16,13,31,29,35,37,31,28,27,24,,44,25,35,33,,38,34,47,46,,,,22,15,,,,26,35,61,68,61,57,55,,77,31,19,30,26,26,11,19,17,23,21,28,10,19,17,36,,50,36,41,34,47,42,25,37,44,,26,25,23,25,24,22,27,23,22,13,28,30,29,32,23,27,29,25,,25,,30,16,19,25,38,,41,36,,,32,31,28,44,,25,31,29,,32,40,28,28,25,24,22,20,23,29,,,,24,,22,34,,33,32,16,37,10,12,11,28,23,28,,24,,,27,,24,33,28,22,21,37,22,19,,26,23,25,21,36,23,28,25,22,36,23,24,26,11,13,15,31,30,29,18,,20,22,23,,32,30,,27,26,31,26,25,,37,16,,,40,37,,22,,17,20,27,26,13,19,,17,17,,25,20,,27,,32,22,22,,26,17,20,25,18,,22,26,24,34,33,19,18,45,34,22,33,19,36,27,29,45,31,20,32,41,52,33,40,40,24,26,22,31,29,17,31,19,26,,25,22,20,23,32,20,33,28,25,32,22,32,33,29,,35,33,44,,31,24,21,21,19,,24,21,9,,9,,24,13,12,24,27,24,24,,,,32,,33,,19,19,14,,32,27,31,22,24,,23,,24,19,26,30,30,30,,29,34,25,25,26,25,,24,,,20,18,19,13,,30,44,43,36,25,20,14,29,36,36,43,43,43,38,17,16,21,24,24,20,20,24,26,24,20,,37,28,34,39,21,18,19,16,,,,,28,25,,25,24,23,31,21,16,19,28,33,32,35,30,14,11,29,25,26,,20,24,32,,24,25,,29,36,36,36,35,34,34,34,31,33,24,24,32,,45,41,343,45,36,31,40,13,23,,19,42,31,23,24,24,27,32,32,,17,,14,12,12,16,15,21,19,34,22,,,22,20,21,24,21,11,19,19,,,22,,29,26,23,25,27,26,30,30,24,,33,32,30,31,34,27,26,28,28,33,31,16,18,,54,36,,34,33,22,18,,,18,16,12,17,22,27,27,30,25,,,35,23,16,20,17,,24,19,24,26,28,26,19,,24,21,25,,,31,29,,26,23,26,,36,,51,47,,,33,21,,,51,38,38,,,22,26,17,12,25,26,17,34,34,29,37,31,20,25,25,32,38,33,38,33,37,30,43,38,,48,35,22,,19,29,37,31,27,23,24,23,21,28,22,35,,,51,28,31,41,24,32,27,31,18,15,25,35,42,27,44,38,30,,,12,56,53,63,20,22,,30,22,19,,25,31,28,,32,44,22,27,23,32,18,25,23,38,25,39,21,26,20,19,,16,23,10,17,36,30,,28,,26,,,,14,16,14,15,17,24,,23,,28,30,28,24,21,23,28,16,32,25,47,25,12,17,19,19,29,27,32,28,24,,25,26,26,27,30,31,4,30,21,21,21,21,34,30,30,,22,39,35,38,22,27,27,24,27,34,33,31,30,27,33,,35,36,33,26,30,30,30,27,44,49,43,,20,27,29,,27,37,31,31,,31,28,24,,23,25,29,28,30,20,20,23,19,21,29,27,31,,26,21,24,28,33,,33,29,17,27,18,23,20,18,22,23,37,24,,24,27,27,,20,22,,28,18,23,19,,7,11,17,18,23,37,35,31,27,30,30,37,37,38,40,39,,13,15,14,19,20,22,23,27,28,34,40,38,32,43,24,30,47,53,47,23,23,21,43,31,18,15,13,36,38,49,45,20,36,22,26,31,32,66,72,64,63,37,29,37,42,48,32,28,35,37,55,72,68,28,26,19,18,,18,19,15,15,22,17,22,26,23,17,18,18,17,12,15,,,23,26,32,,38,21,17,16,22,32,,22,16,20,,,,,26,16,15,16,15,18,21,18,,19,36,21,16,17,36,15,13,30,20,23,,,,,22,22,20,15,14,14,25,,26,14,15,20,24,13,21,12,17,12,16,17,15,18,,15,15,10,9,17,14,19,12,16,,11,15,,8,14,,10,8,6,,34,,15,,13,9,25,39,36,38,18,20,25,19,18,26,23,20,,34,31,9,22,25,49,,174,192,16,26,259,277,,19,25,28,34,16,,37,34,25,,15,18,21,19,17,19,34,,26,38,,42,24,19,28,85,76,44,56,13,,45,28,32,29,32,41,60,66,64,,,45,39,46,26,,13,50,42,78,37,28,12,31,37,33,36,16,19,,36,30,34,50,16,24,34,,14,,20,40,39,27,25,24,327,38,31,36,40,27,34,14,,,24,33,26,44,,33,23,39,27,,32,49,,,18,32,35,15,29,32,17,18,18,34,22,27,32,23,21,,51,28,,27,30,29,19,22,35,24,34,14,22,25,25,20,42,28,30,24,40,29,13,28,13,38,32,23,23,21,16,12,48,26,22,22,23,21,13,21,20,21,25,32,20,27,34,22,39,27,25,,28,20,22,18,14,16,14,,26,50,32,22,16,21,17,30,43,37,93,40,33,32,26,26,41,34,23,,22,48,60,73,34,,293,25,15,21,18,21,24,20,24,18,20,18,31,62,34,23,,37,,35,13,17,33,26,20,31,36,34,29,27,18,12,15,13,8,32,34,14,25,12,18,23,35,25,48,46,34,38,28,39,27,31,17,22,27,18,18,25,25,,7,23,14,14,21,13,17,23,26,22,20,17,21,20,17,18,27,26,16,19,31,18,20,35,32,30,28,21,30,17,44,42,37,20,12,13,31,28,8,13,20,39,29,18,40,40,46,30,69,42,24,23,28,19,26,35,40,,22,35,27,37,35,30,35,26,18,27,31,26,33,24,25,22,17,26,14,44,64,41,46,74,,24,19,15,19,15,10,19,28,25,12,20,11,22,23,40,31,23,45,47,52,33,31,29,22,27,27,32,25,32,25,,26,16,31,43,33,26,18,9,16,25,38,28,23,20,27,19,24,43,30,29,27,,38,33,26,34,15,14,55,43,37,32,33,28,27,,20,29,43,22,15,27,27,23,31,,32,33,34,52,43,14,25,19,16,25,22,,24,,24,23,,17,24,15,13,32,34,31,25,,21,30,28,11,,,18,47,25,31,31,45,65,54,52,15,26,18,41,42,73,71,48,48,52,50,31,25,28,15,25,19,29,23,33,36,28,17,25,23,29,24,30,15,64,876,948,14,23,22,28,20,68,30,13,20,16,25,28,31,29,39,,33,37,12,13,29,27,30,12,12,37,32,26,36,30,41,33,38,25,40,27,40,30,28,,22,30,15,52,23,28,27,29,29,27,28,25,20,15,15,41,33,35,49,45,22,16,61,48,19,30,21,30,29,26,26,27,31,32,44,26,44,14,46,38,14,6,25,35
20210719,13,SO2,1,3,1,3,3,2,3,1,1,1,3,3,,,7,,5,5,6,,4,,,13,,5,5,,4,3,3,5,4,3,5,,3,4,,4,1,7,3,3,,,,3,,3,5,9,4,5,5,5,4,,7,9,8,8,10,8,,8,5,7,,7,4,6,3,10,7,,6,8,,3,4,,4,3,1,5,,1,,10,8,,,4,7,8,8,8,8,9,,7,10,6,7,6,,6,10,7,,7,8,6,8,9,5,4,3,3,4,4,4,4,4,4,4,4,11,9,11,,10,9,16,12,11,12,10,13,1,4,6,3,7,,3,5,6,5,4,8,3,8,9,2,1,4,1,12,,2,7,3,1,2,3,5,12,10,7,6,6,,,,8,8,,6,7,6,,,,10,,4,2,3,5,1,3,,4,6,,,,4,5,,,7,5,5,4,,5,1,3,8,6,3,6,5,,4,,3,4,,5,7,,6,4,4,,6,3,6,4,5,7,14,,,,6,7,5,4,6,3,,6,,,4,,6,4,,2,2,3,4,3,4,,3,3,3,4,4,5,5,6,6,9,9,6,9,,7,7,6,4,2,,4,4,4,3,2,3,5,4,5,3,,9,1,,,3,9,10,9,,,7,8,5,5,,,6,4,6,5,5,5,3,3,3,2,3,3,,3,3,3,2,4,4,5,,5,,4,5,7,5,6,6,5,6,5,5,7,6,5,5,,5,6,6,5,8,6,5,6,,4,5,5,8,3,,6,4,5,6,4,4,5,5,7,8,5,7,,6,4,5,4,2,,1,7,6,3,6,,,8,8,7,4,5,7,5,9,8,11,9,9,8,11,9,7,6,10,8,5,3,4,4,4,5,,,4,5,6,5,9,8,4,,,12,6,4,2,3,,5,3,8,4,,,,8,8,2,6,6,6,5,5,5,5,,6,6,5,6,7,8,7,7,13,6,7,9,,4,4,4,4,5,2,4,,4,4,5,,,14,3,8,11,,,,16,6,,,,6,6,9,9,7,12,12,,24,13,29,27,7,10,5,11,5,5,4,3,,6,5,3,,7,4,5,4,9,10,8,10,10,,3,3,4,4,6,5,8,4,2,2,3,6,3,4,3,5,4,4,,,,,4,4,5,5,,3,8,,,,4,4,8,,6,4,2,,7,9,5,8,5,6,8,7,7,12,,,,4,,5,10,,8,13,11,8,4,5,1,4,2,4,,9,,,6,,6,7,7,9,9,8,12,8,,8,6,6,8,5,8,6,,13,15,7,5,4,6,6,8,5,6,5,5,,5,5,3,,8,7,,6,3,5,6,12,,8,4,,,3,5,,4,,14,,18,20,9,5,,8,9,,4,4,,7,,8,7,11,,10,8,8,12,5,,5,4,3,6,3,5,3,9,11,9,6,7,9,7,11,15,6,6,5,3,5,6,14,3,8,6,7,7,6,5,,7,5,,4,5,4,4,2,2,3,6,2,8,3,9,5,6,,5,,4,,8,5,6,,5,,5,7,5,,4,,1,4,6,3,,3,1,,,,2,,4,,2,3,,,1,4,5,3,2,,2,,6,,7,5,2,2,,6,5,8,6,8,,,5,,,,1,3,2,,6,7,6,10,7,5,5,5,10,,14,13,13,7,3,2,11,7,2,,8,5,6,3,5,,26,14,28,11,5,9,9,7,,,,,6,7,,5,4,8,6,2,3,4,14,13,12,,15,5,5,6,7,6,,3,2,3,,3,2,,6,3,3,1,4,3,5,2,3,6,8,4,3,,6,5,3,5,8,9,,5,6,,36,6,4,5,4,4,8,7,7,,7,,,4,4,4,4,8,,,,,,5,4,2,,,5,,4,,,6,,5,6,7,6,9,10,9,7,7,,7,4,6,6,8,9,7,5,5,2,4,5,8,,5,6,,3,6,6,7,,,9,5,5,7,,3,4,6,,,,3,9,5,3,6,,8,,,9,8,11,4,,4,5,5,,,3,7,,20,13,,,6,,16,12,,,5,5,,,10,8,21,,,1,,15,10,4,8,5,4,5,3,6,4,6,5,10,6,5,5,6,6,4,8,3,6,,7,8,5,,11,8,9,11,3,3,9,6,6,8,4,20,,,10,5,5,5,14,6,6,3,3,17,12,6,9,10,10,6,9,,,2,4,4,4,6,8,,3,11,12,,13,15,7,,5,7,11,8,8,2,2,6,12,17,10,16,14,12,5,5,,5,4,6,8,8,9,,3,,6,,,,6,4,7,3,4,,,5,,4,6,7,4,4,3,2,4,2,5,8,6,4,5,3,5,5,8,7,6,8,,6,8,6,11,,8,6,8,24,15,21,4,6,10,6,,5,12,10,6,9,2,3,4,2,2,10,9,16,12,5,,6,3,4,7,7,6,6,6,5,6,6,,5,2,2,,4,7,5,5,,5,4,1,,5,7,6,7,9,,5,6,7,7,6,6,2,,8,4,16,17,10,,13,6,,4,4,6,2,3,6,4,6,11,,1,3,1,,4,3,,19,6,5,5,,5,3,1,8,7,24,7,2,6,9,8,22,8,13,9,9,,4,4,8,9,12,11,9,10,6,13,10,8,5,11,6,4,5,3,2,,4,5,3,1,3,6,6,6,7,8,10,10,8,9,10,7,9,5,6,4,4,5,3,3,17,25,8,9,,6,8,10,9,8,4,5,5,,,6,5,9,6,12,9,14,12,5,4,3,1,7,8,,,5,5,7,,7,9,11,4,11,12,,9,7,8,,,,,6,7,10,8,5,14,10,12,,7,8,11,,8,8,2,3,6,6,6,,,,,7,7,4,6,,7,2,,4,5,5,5,5,6,7,8,7,6,6,,6,,,7,5,5,4,5,8,4,8,16,,9,6,,6,10,,10,7,7,,6,,9,,8,10,5,6,6,5,4,6,8,6,5,8,2,9,,18,14,7,7,5,8,,5,4,2,2,4,4,,6,7,6,1,17,,3,4,5,,6,12,7,11,11,16,8,,5,7,,6,1,3,2,5,6,5,5,8,,14,4,11,3,6,8,5,8,4,,,9,8,9,12,,3,8,8,28,18,6,9,7,6,8,6,13,6,,3,6,13,6,6,6,4,,3,,5,12,4,5,6,8,8,,,4,9,5,4,4,,,10,5,3,6,,5,11,7,15,,4,4,,,3,7,6,5,7,3,4,3,4,7,4,2,8,5,4,,4,4,,7,7,10,11,5,,4,6,5,3,5,1,2,7,7,10,4,11,7,2,5,9,4,8,6,5,3,4,6,14,4,7,7,5,7,8,6,5,8,1,1,7,16,4,5,,9,3,,2,7,5,5,7,3,4,,3,15,6,8,4,6,10,2,11,7,9,3,17,7,,8,2,2,5,,4,19,16,13,28,,10,4,8,4,,5,4,5,3,6,3,6,4,17,21,5,,5,,6,4,5,11,3,7,8,9,6,8,8,7,6,7,4,8,7,8,6,6,6,5,8,6,5,7,3,6,1,10,9,3,11,5,6,8,2,2,3,2,,1,2,6,3,13,5,8,7,6,6,7,8,10,9,6,9,7,3,5,7,6,4,7,8,3,10,10,6,3,3,6,3,3,10,4,6,7,8,7,5,6,15,6,5,7,9,14,15,6,23,6,6,3,7,6,5,6,,5,3,3,7,17,3,6,6,6,5,8,6,7,6,3,5,2,6,2,7,16,14,10,31,,6,7,6,8,,6,7,12,6,6,2,4,6,4,10,2,10,3,1,,4,8,6,8,6,3,3,1,3,1,,1,1,4,6,32,14,8,6,14,14,6,3,7,7,7,6,9,,8,2,9,,4,19,13,10,2,4,6,9,6,6,6,4,7,,5,9,5,8,3,4,2,3,4,,4,2,13,9,27,4,4,4,4,5,4,,4,,4,3,,6,5,1,5,5,8,6,5,,6,7,31,11,,,6,8,2,7,,2,1,8,4,1,5,4,2,7,5,9,7,10,8,8,2,1,,2,6,3,4,3,22,8,,4,4,7,6,5,8,8,15,2,1,5,4,4,11,3,18,6,7,11,3,8,8,,12,12,,8,6,1,6,4,10,6,8,7,7,2,7,4,1,9,3,3,6,11,,5,6,4,,3,3,6,2,4,5,2,2,3,3,1,3,3,8,13,8,7,4,13,4,7,4,3,1,1,3,1,3,,7,8,7,3,5,6,5,7,5,9,5,8,7,7,9
20210719,13,SO2_24h,1,3,3,4,3,2,3,3,2,1,3,4,,,9,,5,5,9,,4,,5,9,,6,5,,6,3,3,5,4,2,5,,3,7,,6,3,6,4,4,,2,,3,4,3,6,7,5,6,5,5,4,,6,6,7,8,9,8,,9,5,6,,7,5,4,2,10,4,,5,6,4,3,4,,4,3,2,3,2,2,,8,7,,,4,7,8,9,11,7,24,,8,15,19,16,16,,8,9,7,5,6,9,6,8,6,6,5,3,3,4,4,3,4,4,3,4,3,13,9,4,,12,17,18,17,13,16,11,15,1,4,6,3,7,,3,5,6,5,5,7,5,8,8,2,1,4,1,7,,2,8,4,2,2,3,6,9,10,7,7,6,,,,8,8,,5,8,6,,,,9,,5,4,3,6,2,3,,4,7,,,,6,6,,7,9,6,5,3,,4,1,3,3,6,3,7,5,,4,,4,4,,5,7,,6,4,5,,6,3,5,5,9,7,10,,,7,6,8,5,4,5,3,,6,,,4,,7,5,,2,2,4,5,3,4,,3,4,3,4,4,6,6,6,5,6,7,5,9,6,5,6,6,7,2,,4,4,4,3,2,4,7,10,7,5,,11,6,,,3,7,8,8,,6,6,8,5,5,,,5,4,5,5,5,5,3,3,3,2,3,3,,3,3,3,2,4,4,6,5,5,,4,5,9,6,5,5,7,6,5,5,7,6,5,5,,6,7,7,5,7,5,5,5,4,4,5,5,8,3,,6,4,5,6,4,5,5,5,8,8,6,6,,6,5,4,4,2,5,2,6,6,4,6,,,8,8,7,5,6,7,5,9,9,13,9,9,9,10,9,7,9,11,7,7,6,3,4,4,5,4,,3,5,6,6,7,7,4,,,11,8,3,2,5,,5,2,8,3,,,6,13,6,2,7,6,5,5,6,4,5,,7,6,5,7,9,9,6,7,10,6,6,8,6,4,3,4,4,5,2,4,,4,5,5,5,,24,2,10,11,,,,9,5,,,,7,9,7,6,3,8,8,,9,11,8,11,9,8,7,8,6,8,6,3,5,5,5,7,,5,4,12,6,10,11,8,8,14,,4,2,4,3,4,2,5,5,2,2,3,6,3,2,3,4,4,4,,13,,9,5,4,8,5,,4,6,,,6,4,5,8,,6,7,1,,9,8,7,9,3,7,8,6,8,10,,,,2,,5,10,,8,10,7,9,4,5,1,4,2,3,,10,,,8,,9,9,9,7,8,8,11,9,,13,7,9,8,6,10,8,10,14,20,8,5,7,6,6,9,5,8,8,5,,5,6,4,,9,8,,6,4,6,6,11,,11,5,,,3,6,,4,,12,10,11,11,9,5,,9,9,,3,4,,6,,11,8,12,,17,8,8,11,6,,5,4,4,6,3,6,3,9,8,10,8,8,9,12,12,14,7,6,6,14,13,7,24,10,7,6,7,9,4,5,6,7,5,,4,5,4,4,2,3,3,6,3,8,3,9,6,6,,6,4,14,,9,7,6,5,5,,10,13,4,,4,,1,4,6,3,3,3,2,,,,2,,4,,2,2,2,,2,4,6,3,5,,7,,5,5,7,5,2,2,,7,6,8,6,8,8,,5,,,8,1,3,2,,10,11,8,12,10,6,5,8,10,8,10,9,8,7,3,3,9,6,4,4,8,8,9,3,4,,15,16,16,10,5,8,9,6,,,,,7,8,,5,3,7,6,5,3,4,7,7,6,6,7,5,4,6,7,5,,9,2,2,,3,2,,3,4,3,2,4,4,5,3,2,6,9,5,4,,11,8,8,6,11,7,6,5,6,,9,5,4,5,4,5,9,5,5,,7,,3,4,4,4,4,8,9,10,11,,,4,4,2,4,4,5,3,4,,,7,,5,8,8,7,9,10,10,10,7,,7,4,8,7,9,9,7,7,5,2,4,5,9,,5,6,,8,7,6,7,,,7,5,5,7,6,3,4,6,4,,,3,9,5,3,5,,8,11,5,11,9,10,4,,4,5,5,,,3,6,,13,12,8,,6,,20,21,,,6,5,,,13,10,17,,,2,4,12,11,6,8,6,6,8,3,7,5,6,6,9,6,7,4,6,5,4,8,2,7,,8,8,6,,14,12,10,11,3,4,9,6,6,8,5,8,,,9,5,5,6,7,11,6,3,5,11,10,6,7,8,8,6,6,,,2,3,4,5,7,9,,4,12,11,,13,14,5,,4,6,11,9,7,2,2,6,4,12,4,11,12,8,4,11,,5,4,7,5,7,7,,4,,4,,,,7,6,7,5,4,2,,9,,9,7,6,4,4,4,2,7,7,7,8,5,4,5,6,5,6,10,7,3,5,,6,9,8,8,8,7,11,10,18,16,16,5,8,16,13,,5,21,25,13,13,4,5,7,6,18,10,6,16,5,8,,8,5,5,12,6,6,6,6,11,14,16,,5,2,2,,4,3,5,4,,4,3,1,,5,6,7,7,7,6,5,6,6,7,6,7,2,,10,4,8,16,10,,22,6,4,4,5,5,3,4,7,4,5,7,,3,4,1,,5,4,,17,6,5,5,,5,4,1,8,9,24,12,7,8,11,9,13,14,17,18,13,,2,3,7,9,9,8,8,10,7,12,10,8,5,13,7,4,8,9,3,3,4,5,5,4,4,5,5,10,10,9,12,8,9,9,12,10,8,6,7,5,6,7,15,12,10,15,10,9,9,7,9,23,23,9,5,5,6,,2,5,6,7,7,11,8,10,8,8,6,4,5,6,9,,,5,6,7,,7,8,11,8,9,7,,8,6,8,,,,,7,6,8,8,6,13,10,12,,7,7,11,8,6,8,2,3,10,5,6,,,,,6,7,5,6,7,6,2,,5,5,4,7,8,6,7,8,6,7,6,5,9,10,,11,9,5,4,6,8,4,9,8,,9,6,,7,8,,8,5,5,,6,,9,,7,9,6,20,17,11,5,6,8,4,4,11,2,5,,31,29,5,6,8,6,,5,5,3,2,5,4,,6,7,6,2,21,,4,4,6,,12,9,11,11,11,15,9,,7,12,,9,2,3,2,5,7,6,7,8,,10,4,11,3,6,9,5,7,4,,,10,7,8,11,,2,8,8,10,22,5,9,7,8,6,6,11,5,,2,5,13,8,6,7,4,,4,,4,8,4,5,8,10,18,12,6,5,10,8,4,4,,,10,4,3,6,,8,15,7,13,,4,4,,,2,8,7,5,8,5,4,4,4,7,4,4,9,6,3,,6,3,,8,7,7,9,5,13,5,11,8,5,5,3,2,8,8,18,4,11,6,2,7,9,5,9,12,11,9,8,6,11,6,7,8,5,6,9,6,6,8,2,1,11,14,8,6,10,9,2,,2,5,4,6,9,3,4,,2,11,6,8,4,6,9,2,9,7,7,3,36,6,12,7,2,4,4,,15,15,14,12,19,,18,4,8,4,4,5,6,5,3,6,3,7,5,19,14,6,,6,,6,4,5,9,1,8,8,8,6,9,8,7,6,8,4,8,7,18,7,7,6,6,8,8,5,6,3,4,2,11,8,2,10,4,5,5,2,2,3,2,,2,2,5,3,12,4,9,8,7,7,6,10,12,8,5,11,10,3,4,6,7,5,7,11,4,9,12,4,3,3,8,4,5,10,4,6,4,6,11,6,7,12,6,4,10,10,36,18,8,11,7,6,4,7,5,20,5,,3,3,3,11,12,4,7,5,5,4,4,7,7,8,3,3,2,6,2,7,10,8,8,10,,6,7,6,9,3,6,8,14,6,6,3,4,6,3,7,2,9,3,2,3,4,7,5,7,6,4,4,1,3,1,,1,1,4,7,35,14,9,5,13,14,8,3,7,5,7,6,10,10,7,5,10,,5,17,9,11,3,4,6,11,6,7,7,5,13,,4,22,5,8,3,2,2,3,6,,9,8,11,10,17,7,4,3,4,11,11,,5,,5,2,,6,6,2,6,4,8,6,4,,4,19,21,10,,,6,9,2,7,2,3,4,11,6,1,3,5,4,9,5,8,7,11,6,7,3,1,3,2,7,2,3,4,8,9,11,5,4,7,5,5,8,8,11,2,2,4,6,5,12,3,23,8,7,10,4,8,8,10,12,15,,10,6,1,6,4,8,8,7,7,7,3,6,5,3,12,3,3,6,9,6,7,6,4,,3,2,4,3,4,2,2,3,3,3,2,3,3,6,11,8,6,8,12,12,9,6,3,3,1,3,3,3,6,8,8,6,2,6,6,5,8,6,9,5,8,6,9,8
20210719,13,NO2,7,6,14,2,8,13,22,7,10,10,9,18,,,17,,19,18,18,,24,,,9,,7,5,,20,18,4,14,14,15,12,,5,11,,12,4,4,2,5,,2,,6,10,9,9,8,8,11,20,18,7,,9,6,8,10,10,15,,11,,8,,18,4,7,5,13,8,,5,14,,8,20,,7,14,21,21,21,7,,5,14,,,5,7,5,6,6,5,7,,2,7,6,6,10,,5,12,,,9,5,8,8,4,12,3,12,10,22,4,,5,4,6,4,8,9,8,8,,5,16,15,7,9,6,5,9,9,14,12,4,9,,12,9,6,14,16,4,,6,4,9,9,9,2,5,,4,,4,6,8,10,7,29,2,3,7,8,,,,11,,,4,9,6,,,,12,,10,14,6,6,13,7,,4,8,,,,12,12,,14,4,11,4,2,,7,3,4,5,2,1,2,5,,,,2,3,,13,7,,14,9,13,,12,12,9,8,,5,35,,,7,6,9,28,3,6,15,,8,,,11,,12,13,,5,2,5,5,12,7,,8,14,14,8,12,5,6,4,15,20,14,12,14,17,14,12,9,15,1,,8,2,1,3,5,7,4,14,6,3,,22,17,,,6,23,18,8,,,20,15,9,6,,,6,7,6,7,5,10,18,17,9,11,18,13,,,7,5,17,16,16,13,,24,,9,4,15,14,8,4,1,10,12,5,8,5,19,14,,16,17,16,13,14,9,14,8,9,,12,10,26,17,,4,11,6,6,16,16,9,16,16,15,15,21,,27,13,12,12,16,,11,24,22,21,20,,,8,10,9,4,6,10,6,9,16,21,12,10,17,14,21,18,15,15,21,7,,3,7,7,3,9,,16,,20,23,25,20,21,,,22,32,39,21,14,,14,15,38,25,,,24,9,8,18,8,11,6,12,,13,8,,7,13,8,10,7,12,8,11,14,7,11,24,25,23,28,17,24,17,11,5,,13,5,21,10,,16,7,21,32,,,,34,6,,,,10,8,20,24,22,31,12,,20,11,19,27,8,10,5,6,,5,8,2,5,12,7,8,,6,7,12,8,7,8,10,4,5,,10,10,9,1,4,3,2,8,6,7,7,3,3,5,5,6,6,4,,5,,4,5,8,2,6,,8,7,,,4,7,4,4,,3,2,7,,10,1,4,7,12,6,9,6,13,12,,,,7,,3,5,,6,10,9,9,5,2,2,18,6,26,,5,,,2,,3,6,5,13,11,7,12,6,,5,8,7,7,7,8,11,8,6,5,6,6,8,7,9,3,7,8,,9,,12,5,8,,9,10,,12,12,12,13,12,,10,11,,,11,8,,6,,10,3,11,12,6,1,,11,3,,11,15,,12,,15,13,13,,13,14,8,12,5,,2,4,6,8,2,4,2,6,10,6,6,4,6,4,8,18,6,2,4,2,11,3,5,5,4,8,5,7,,6,13,3,11,,6,5,11,7,5,4,7,6,5,5,4,2,6,9,,10,6,7,,,11,,15,3,,5,6,2,,10,,8,12,6,8,4,3,4,,,,9,,12,,5,4,,,18,15,11,7,9,,6,,10,,12,10,6,6,,4,13,4,7,5,4,,6,,,4,10,4,8,,9,10,11,14,3,6,4,6,8,,8,16,20,11,6,4,6,4,12,4,6,13,9,12,8,,32,,35,10,7,11,8,12,,,,,2,6,,5,16,12,7,12,8,8,15,18,14,13,16,11,7,11,8,11,,5,4,16,,11,9,,,7,7,8,8,11,5,6,8,5,3,3,6,,9,3,4,12,8,9,,,16,,21,11,17,20,10,5,11,10,10,,3,,,2,2,7,9,3,,,,,,4,5,6,,,6,,,,,5,,7,9,13,12,11,7,12,16,11,,3,8,13,11,16,3,2,8,9,10,6,6,3,,23,4,,9,9,6,7,,,11,,4,4,9,6,4,10,3,,,13,14,15,16,15,,18,5,,6,8,5,5,,7,6,8,,,10,10,,14,14,5,,7,,10,,,,9,7,,,9,7,8,,,2,3,5,6,6,6,5,4,5,4,4,4,3,4,8,9,2,7,6,5,4,3,5,2,,10,2,5,,2,2,6,8,6,3,4,3,5,4,5,26,,,22,8,5,6,16,5,6,7,3,6,9,4,12,8,18,13,6,,,5,14,5,5,2,6,,9,9,7,,5,5,4,,5,10,7,7,5,4,2,5,15,57,16,32,32,8,14,12,,6,9,4,3,13,22,,6,,10,,,,6,8,4,11,2,4,,10,,7,9,10,6,6,5,5,5,3,4,6,5,1,5,3,3,5,6,6,11,7,,4,3,5,6,,4,4,1,13,10,9,2,3,8,3,,7,9,3,3,3,11,10,10,9,10,3,5,5,8,5,,5,5,6,8,7,8,5,6,2,3,5,,10,6,5,,18,14,14,6,,7,4,12,,3,10,12,10,11,12,8,11,10,11,5,5,8,,8,9,10,18,9,,6,5,,10,,,6,4,5,11,13,13,,7,2,5,,7,4,,8,2,3,3,,6,3,4,2,3,6,5,11,28,6,6,6,4,9,8,8,,13,8,14,6,8,16,17,13,14,5,4,7,2,9,5,5,1,3,2,4,8,3,13,5,3,2,2,3,7,,6,12,7,16,9,5,7,10,10,7,5,5,6,12,6,7,13,12,,17,28,12,8,4,4,5,4,,9,5,3,3,5,14,14,11,15,5,5,8,6,4,8,,,5,10,11,,8,4,7,6,11,25,,9,8,8,,,,,5,2,9,9,11,10,,6,,2,8,7,15,15,20,6,11,9,8,12,,,,,17,9,6,8,21,21,9,,2,7,9,3,7,5,4,4,9,6,11,9,5,6,,3,4,6,7,5,6,5,5,13,,4,9,,7,2,,10,19,6,,4,,4,,7,4,5,4,5,6,3,5,7,6,5,5,4,7,,15,8,3,6,5,9,,8,10,8,10,7,8,,6,6,6,2,4,,14,6,4,,8,7,6,42,2,7,4,,5,8,,11,7,5,4,12,22,11,5,5,,14,6,6,11,8,2,8,9,6,,,15,11,10,11,,,19,,19,28,7,4,12,5,10,16,14,5,,7,,8,12,6,10,7,,8,,3,8,19,7,17,10,8,7,8,4,5,9,8,4,,,6,14,5,12,,10,6,5,7,,2,4,,,8,16,22,4,10,4,2,10,10,14,5,35,21,16,15,,18,7,,7,10,15,10,5,9,6,8,5,6,6,11,3,16,14,14,17,7,5,6,5,10,4,8,3,4,2,3,12,13,10,6,34,7,6,5,4,7,7,1,7,11,6,8,16,11,10,7,,3,10,6,10,7,8,9,,25,14,5,7,19,2,3,7,15,4,7,,10,9,,4,6,9,7,,2,19,13,7,7,,5,15,14,12,13,7,11,8,14,5,3,2,7,15,11,8,,6,,5,2,2,9,3,6,12,13,10,20,21,11,12,21,11,6,26,23,5,2,7,6,8,11,2,5,11,12,8,9,7,1,11,4,10,10,6,7,11,9,,12,5,3,5,6,8,4,8,8,13,10,6,9,6,2,13,13,17,14,10,10,4,4,11,9,6,13,10,6,2,5,7,6,7,12,9,7,8,4,3,4,5,6,1,9,9,12,7,6,9,4,5,10,7,7,1,8,,8,5,4,9,8,,9,11,2,,14,9,,10,2,6,5,7,1,10,23,15,18,23,,7,10,6,8,,13,34,10,12,4,10,14,6,5,16,6,8,14,19,15,2,10,8,8,8,7,11,6,10,5,,17,3,8,8,12,10,5,7,20,11,3,14,6,4,10,2,3,8,5,1,4,,3,12,4,5,7,3,8,4,7,5,3,6,7,,7,5,9,11,1,4,3,5,7,,6,9,8,11,11,5,4,4,6,8,6,,9,,9,3,,8,15,8,14,12,6,8,14,,7,6,8,1,,,8,5,16,2,9,5,12,5,4,12,4,14,9,9,17,12,6,5,8,7,2,10,,14,11,2,6,7,20,11,,3,3,5,,6,12,12,17,2,8,3,8,10,10,10,15,2,14,17,16,12,10,13,9,9,,9,2,9,6,20,13,6,11,2,8,10,9,8,2,10,19,9,6,16,2,15,5,9,,2,,11,6,7,14,1,5,15,11,6,9,6,,8,7,15,12,19,4,18,6,2,9,4,8,5,6,,6,6,7,5,8,16,8,17,10,8,4,4,13,16,6
20210719,13,NO2_24h,14,8,24,13,16,20,25,10,10,12,20,19,,,18,,19,17,25,,26,,33,7,,7,11,,34,23,16,20,18,20,9,,15,19,,20,15,3,13,12,,12,,8,11,7,15,16,16,16,20,21,12,,12,9,13,25,18,19,,11,24,22,,29,12,15,12,16,15,,5,13,11,9,26,,10,25,22,22,18,17,,14,18,,,17,18,18,16,16,24,20,,14,16,18,16,19,,15,14,18,6,7,8,10,10,6,20,3,27,23,33,16,19,13,16,20,16,31,20,18,10,,21,30,30,25,29,17,21,29,13,17,14,9,15,,16,19,11,16,20,30,29,34,23,26,18,36,17,8,,6,16,8,10,13,16,7,26,2,4,7,10,,,,15,12,,8,13,8,,,,22,,13,22,10,10,19,16,,12,22,,,,18,21,,18,23,21,6,16,,8,4,7,5,6,3,5,7,,7,,3,3,,16,18,,23,16,22,,20,18,12,19,27,7,19,,,9,10,12,20,10,14,16,,11,,,18,,17,17,,9,4,8,9,14,13,,13,16,19,16,20,13,15,10,23,22,18,16,22,22,22,26,15,19,2,,10,3,4,4,7,13,7,23,21,13,,25,23,,,13,13,18,23,,17,18,16,12,7,,,7,8,6,8,9,14,16,17,10,11,16,12,,17,6,11,28,25,23,28,20,38,,24,8,23,22,25,11,14,14,25,14,23,11,28,21,,25,33,24,22,25,20,29,17,8,15,11,12,22,15,,4,13,9,10,14,12,11,12,20,20,21,22,,22,32,28,15,20,13,15,24,21,19,19,,,14,17,18,10,10,15,7,13,28,36,16,17,21,17,22,17,16,21,22,19,10,7,12,10,8,10,,21,25,19,22,33,24,14,,,30,26,34,24,21,,24,32,35,32,,,25,9,17,28,27,21,20,32,29,26,21,,14,10,10,13,11,13,9,11,12,8,15,13,19,19,30,18,26,18,21,21,,13,14,25,18,,24,12,38,39,,,,28,7,,,,22,21,44,45,47,53,37,,39,21,14,24,15,19,13,18,12,12,13,3,8,25,8,32,,22,29,30,22,16,19,15,13,18,,12,11,12,6,7,10,10,11,11,9,7,6,5,11,7,6,8,5,,14,,8,8,11,13,10,,12,17,,,10,13,12,18,,8,11,12,,11,4,6,11,8,14,12,10,14,16,,,,7,,8,10,,10,11,10,17,5,4,2,21,16,22,,8,,,7,,8,11,15,10,9,7,10,6,,15,16,15,14,26,11,10,10,11,16,10,16,18,5,7,4,19,14,14,11,,12,13,13,,8,9,,6,9,11,10,11,,26,11,,,14,13,,20,,17,12,16,18,5,2,,11,3,,15,19,,14,,17,15,14,,15,15,14,19,9,,5,8,13,16,16,7,2,14,18,6,15,5,18,10,27,29,12,10,13,15,14,9,14,12,17,18,17,12,17,8,13,5,10,,8,11,13,14,12,9,8,8,8,6,6,16,20,28,,25,21,22,,13,12,18,12,4,,18,10,2,,9,,6,10,4,7,5,7,7,,,,12,,11,,4,3,3,,15,12,9,11,14,,10,,16,17,11,13,12,9,,14,26,12,8,9,10,,11,,,3,11,8,8,,14,21,19,15,9,8,5,13,13,14,12,15,13,17,10,10,8,9,17,14,20,25,25,24,19,,18,11,29,18,11,16,15,15,,,,,9,16,,18,12,14,11,11,12,19,19,19,23,17,17,15,12,21,15,17,,11,12,21,,22,14,,16,10,12,15,15,16,9,10,14,16,16,15,13,,12,13,13,19,20,13,18,15,19,,16,23,13,12,9,8,17,17,17,,7,,8,5,5,14,15,8,3,9,8,,,10,10,9,7,3,7,4,10,,,10,,11,15,19,18,19,14,14,19,18,,12,18,21,20,23,5,3,14,13,12,11,11,4,,27,13,,16,15,11,17,,,13,8,6,8,12,6,4,10,3,,,20,14,15,16,13,,10,13,18,12,16,14,10,,13,12,11,,,13,14,,12,16,20,,20,,15,20,,,12,8,,,19,12,14,,,5,6,9,10,6,7,5,7,9,6,9,9,5,9,13,6,9,18,18,16,6,4,10,8,,18,9,16,,6,12,16,11,9,5,5,5,8,7,6,23,,,33,9,10,10,9,12,7,13,5,12,12,5,17,12,28,19,12,,,12,14,7,8,7,11,,9,20,17,,14,10,12,,6,9,8,9,5,12,2,7,23,28,33,41,21,14,18,15,,12,11,7,4,24,22,,10,,11,,,,10,14,6,17,3,4,,17,,17,20,17,7,7,8,8,8,17,11,21,8,2,7,7,5,18,23,18,17,8,,10,5,10,7,10,7,4,8,19,15,16,8,10,18,5,,9,16,13,16,14,8,11,12,12,12,6,7,8,10,13,,13,15,11,12,15,15,12,13,14,14,20,,10,7,7,,10,8,9,10,,11,7,14,,4,11,11,9,10,7,6,8,7,8,8,6,6,,8,8,7,27,16,,13,8,4,19,8,13,12,9,13,17,17,15,,10,7,8,,12,10,,12,2,6,5,,7,5,7,4,5,14,11,19,12,11,11,8,10,15,14,15,,14,10,18,11,14,15,13,13,21,7,8,9,11,16,5,8,3,6,8,6,14,7,23,14,4,3,3,18,26,19,20,13,12,14,16,15,16,19,19,15,11,9,10,12,11,16,12,15,9,15,21,18,18,6,8,7,14,,14,11,11,10,19,13,14,11,14,11,13,13,10,5,17,,,6,12,8,,11,10,7,6,14,14,,19,8,13,,,,,9,7,11,19,14,11,5,9,,28,11,8,9,11,16,8,12,19,18,16,,,,,13,11,12,14,17,19,23,,7,6,7,11,16,10,8,9,8,11,11,12,11,12,,7,8,10,11,7,14,16,8,14,,5,8,,10,9,,8,20,8,,6,,9,,6,5,8,15,18,18,7,11,14,11,4,8,7,9,,19,16,3,14,8,26,,13,14,22,22,18,14,,9,9,18,13,16,,23,15,14,,16,4,14,21,9,8,11,,12,23,,22,18,9,10,21,25,10,9,7,,34,13,16,13,11,5,12,11,8,,,30,25,26,8,,10,39,35,25,29,12,4,26,10,10,15,21,11,,22,24,13,19,11,14,13,,11,,5,19,25,11,21,17,14,20,10,13,19,7,13,8,,,21,16,7,12,,22,16,27,10,,2,5,,,11,24,25,7,16,6,8,24,3,24,9,28,14,15,20,,23,11,,19,9,14,11,6,13,11,11,8,11,13,21,7,21,8,25,20,8,14,6,13,15,9,11,12,12,10,10,12,32,15,7,31,8,10,9,7,8,7,4,11,12,11,15,15,20,14,5,,6,14,10,20,8,12,12,,32,29,7,14,11,2,5,17,17,18,24,10,16,21,9,6,8,18,15,,11,37,23,26,13,,12,18,15,16,14,12,16,17,16,7,6,10,25,17,12,10,,8,,9,5,4,11,5,9,24,29,25,26,27,16,12,17,11,9,25,24,7,8,12,14,11,10,5,13,20,19,13,24,7,2,20,5,11,15,4,6,11,10,,11,4,9,8,8,18,12,9,11,14,15,8,17,17,3,23,17,27,18,10,16,8,5,24,13,12,20,12,11,6,13,14,10,17,13,12,13,13,9,10,14,10,10,6,14,13,20,13,12,15,12,10,15,8,8,10,17,,8,7,9,29,16,30,17,15,5,3,19,16,20,15,6,12,6,10,3,16,53,16,31,28,,18,7,9,12,11,13,27,12,15,5,17,15,14,10,14,9,11,18,20,23,5,11,22,12,9,10,20,5,12,6,,10,2,7,10,17,10,18,8,17,24,15,12,16,13,15,11,10,13,12,9,8,,10,13,5,12,11,4,14,20,19,10,12,9,16,,12,10,21,22,3,6,9,6,17,,13,13,13,14,21,9,7,13,10,13,9,,13,,13,6,,5,19,11,16,22,17,14,14,,12,11,12,3,,,5,12,29,14,22,12,20,12,17,9,6,17,19,22,36,32,18,16,23,25,2,7,21,6,16,6,7,14,23,6,17,7,13,17,20,15,15,11,36,9,10,12,15,20,17,11,20,8,12,11,17,15,15,21,20,30,,22,6,8,5,17,15,15,10,7,14,24,11,14,7,20,24,18,14,14,10,25,14,11,,4,3,6,7,13,15,3,10,17,9,16,6,14,16,8,20,15,30,19,18,9,14,12,18,8,6,11,14,15,23,5,9,9,11,26,11,27,13,16,10,6,20,24,12
20210719,13,O3,88,90,92,91,87,92,67,86,69,76,86,79,,,108,,127,144,102,,110,,107,177,,133,162,,83,99,100,82,89,92,82,,149,128,,126,119,80,94,106,,97,,101,103,86,133,127,143,132,124,124,120,,128,126,122,68,85,76,,77,112,103,,105,140,138,132,157,120,,86,93,,85,80,,94,88,76,77,72,92,,141,128,,,141,139,138,135,108,97,99,,101,113,113,103,110,,,98,67,,93,96,102,83,91,100,85,103,102,96,103,81,107,95,98,97,101,146,139,126,,143,143,135,140,129,128,132,135,80,75,71,73,64,,84,57,70,60,120,117,120,123,117,,117,130,128,84,,111,101,101,105,100,107,111,99,101,95,96,96,,,,96,94,,108,111,105,,,,167,,145,139,142,142,112,133,,133,172,,,,160,167,,163,156,172,109,114,,120,94,100,94,90,93,101,92,,94,,103,92,,146,117,,155,124,153,,140,148,145,105,61,79,74,,,62,67,78,86,61,77,78,,85,,,125,,136,140,,76,54,58,41,32,43,,104,122,126,127,120,84,92,86,141,159,152,170,164,142,145,130,149,148,64,,80,75,77,56,105,126,130,78,87,91,,66,68,,,74,176,186,160,,160,192,186,186,81,,,81,81,84,84,80,87,41,48,49,49,38,44,,31,54,99,104,96,102,96,105,82,,127,96,165,144,142,156,135,147,141,146,134,135,59,59,,57,58,88,64,66,63,62,82,35,34,29,29,21,42,,45,43,46,44,32,42,38,37,46,44,44,77,,34,69,60,58,61,49,54,73,73,55,69,,,66,71,58,51,47,43,44,47,72,74,80,77,159,150,159,139,135,147,136,120,88,78,72,85,89,87,,103,83,110,94,108,95,98,,,104,86,75,104,107,,184,164,137,146,,,161,136,100,83,93,99,86,86,93,95,91,,66,49,57,64,62,57,78,76,66,77,74,60,53,50,41,48,50,53,103,78,,93,73,42,75,,195,149,177,174,,,,157,168,,,,172,170,90,83,105,98,114,,144,159,124,153,141,144,123,148,119,127,130,87,101,167,109,152,,145,144,156,140,160,155,149,144,154,,104,107,93,82,87,85,95,100,98,87,91,98,95,97,107,110,101,94,,107,,98,108,112,94,139,,140,134,,,121,126,116,139,,114,124,116,,109,111,107,102,127,93,96,98,94,98,,,,119,,102,122,,126,159,145,150,80,78,87,80,98,76,,119,,,100,,92,96,98,73,76,70,80,74,,116,104,114,108,113,111,89,87,98,84,75,78,78,47,41,47,70,70,67,46,,54,78,68,,87,84,,76,85,88,70,83,,81,45,,,90,113,,115,,117,102,126,116,69,66,,64,68,,106,96,,105,,92,97,89,,97,86,101,98,98,,79,81,88,81,81,82,64,142,136,113,116,106,125,,74,68,90,93,74,100,101,98,96,95,109,105,107,113,110,85,80,80,88,,95,85,77,95,85,74,99,91,90,82,100,141,147,142,,140,146,142,,129,92,106,82,94,,113,86,80,,41,,44,40,53,48,92,90,88,,,,56,,66,,59,59,,,61,54,50,63,63,,70,,109,111,109,128,139,107,,106,100,113,132,118,122,,108,,,104,76,81,67,,92,105,122,105,76,90,72,84,139,,126,141,123,143,68,63,95,106,117,94,108,113,108,129,119,,111,128,106,131,103,131,126,101,,,,,123,129,,130,96,122,135,122,112,107,104,89,94,110,92,77,86,88,90,89,,67,79,75,,105,103,,69,86,115,118,107,118,115,116,125,97,106,108,100,,116,117,124,189,171,159,,105,118,,106,102,90,70,93,116,110,133,133,,75,,,80,80,89,101,91,,,,,,87,75,93,,,73,,78,,,119,,110,118,119,137,142,140,119,124,119,,141,,143,152,146,151,127,131,126,107,136,93,79,,85,106,,91,102,93,92,,,147,78,73,74,69,89,89,92,107,,,149,71,71,72,69,,62,85,112,111,118,109,86,,84,83,82,,,77,70,,82,77,91,,88,,177,179,,,91,64,,,165,175,133,,,79,84,102,98,172,176,176,94,91,93,93,85,83,92,72,,103,132,97,99,67,72,65,69,,123,128,92,,84,83,67,81,112,112,100,90,72,63,92,81,,,94,130,124,133,177,118,112,109,86,105,111,89,151,119,118,132,122,,,98,69,75,84,128,127,,40,130,145,,136,138,135,,145,135,130,128,136,97,105,94,136,159,146,153,95,136,134,108,,130,115,104,82,169,170,,121,,120,,,,111,106,115,108,118,108,,129,,126,130,129,83,88,73,62,82,99,108,104,97,91,83,85,84,112,117,132,130,94,,83,78,85,94,84,84,67,108,100,102,95,91,82,83,78,,88,93,81,84,81,116,110,114,120,129,90,92,94,93,93,,89,95,91,103,107,107,107,107,66,68,93,,54,86,87,,47,47,48,,,133,128,69,,73,88,92,81,94,50,48,61,49,57,112,105,110,,48,53,55,100,115,,108,126,,82,61,117,98,96,91,91,105,97,,88,97,84,,108,112,,113,92,93,87,,96,92,91,94,86,154,107,106,109,118,124,132,112,125,134,114,,138,139,152,135,100,86,76,72,77,140,110,130,113,113,62,72,98,76,73,100,62,92,120,88,68,70,74,88,78,83,86,50,60,50,80,90,76,117,139,131,142,105,84,82,121,134,105,124,,85,72,106,102,70,81,113,119,,125,77,96,105,115,151,141,146,138,87,102,110,110,117,140,,,101,105,105,,99,97,89,87,85,73,,112,104,106,,,,,119,117,113,119,118,108,93,108,,120,126,152,144,146,129,73,62,74,66,72,,,,,82,79,82,86,54,54,89,,74,120,114,121,120,120,119,131,70,72,86,91,92,92,,48,50,55,55,25,30,134,131,85,,59,51,,104,110,,63,58,83,,96,,117,,53,51,107,117,115,120,115,116,118,120,99,104,94,91,,137,136,113,162,150,143,,100,109,133,132,112,109,,103,94,126,126,136,,152,165,145,,137,190,146,125,109,127,150,,157,166,,162,128,133,128,106,87,111,112,108,,120,118,114,95,101,106,107,116,108,,,109,112,114,83,,90,110,108,131,116,141,71,62,133,176,128,98,88,,88,116,167,168,68,147,137,,124,,120,138,188,79,44,50,111,124,148,134,106,104,142,98,,,110,134,89,142,,154,163,152,112,,100,134,,,88,176,166,72,100,116,79,74,94,146,69,90,124,114,98,,105,126,,76,87,130,133,112,127,78,118,46,70,87,74,53,115,50,175,89,98,105,68,103,122,115,86,72,75,77,71,91,145,131,101,84,74,162,144,110,112,106,85,69,132,129,90,93,164,94,58,,111,128,112,61,115,100,105,,66,172,104,130,78,96,115,144,167,126,147,62,74,182,82,93,66,124,127,,94,176,171,162,163,,113,79,58,89,78,67,79,74,72,50,97,114,151,178,121,105,,125,,120,93,89,147,96,53,66,63,60,55,64,64,38,37,41,44,61,60,40,78,51,76,65,84,106,133,127,169,139,153,124,111,165,110,138,146,57,57,65,69,,43,45,92,100,116,83,101,118,91,95,96,114,89,96,65,88,116,173,176,168,145,127,79,138,116,113,94,113,94,99,142,132,88,64,85,78,96,79,142,89,90,106,106,91,145,137,,96,135,130,122,87,107,94,94,77,110,,119,92,79,149,128,125,147,149,105,102,188,154,142,131,125,105,107,111,83,119,120,102,93,133,,54,64,52,50,39,42,39,82,73,50,58,46,73,74,149,111,132,77,90,136,117,132,140,153,123,121,120,52,59,83,,46,61,84,95,116,88,93,57,117,87,111,172,149,130,138,114,127,166,161,96,91,,122,154,141,136,86,83,,127,130,115,139,134,171,,126,166,85,100,47,133,102,113,122,,94,105,105,103,111,97,91,88,93,66,61,,50,,122,85,,98,49,63,53,135,122,90,78,,83,126,127,114,,,66,127,99,126,77,142,136,126,141,79,88,143,162,121,98,102,120,133,138,135,36,42,,54,59,70,65,68,96,98,101,76,78,83,58,70,143,126,114,106,116,103,125,96,87,74,165,90,37,58,86,64,70,88,163,165,,138,102,50,47,87,126,131,75,79,186,130,134,109,154,166,86,87,122,85,97,145,86,123,,85,50,67,114,74,107,92,72,76,77,90,81,91,127,89,128,190,152,84,86,54,95,136,145,92,67,100,82,,145,117,118,85,92,105,99,96,84,133,156,114,82,131,128
20210719,13,O3_24h,88,90,115,92,102,93,94,86,84,99,97,94,,,117,,127,144,125,,110,,116,177,,133,166,,96,99,100,90,89,106,111,,149,128,,126,119,96,100,117,,103,,101,103,86,133,127,143,132,124,124,120,,128,126,122,72,85,81,,77,113,113,,117,140,138,132,157,120,,86,95,67,85,106,,113,98,99,112,102,100,,162,151,,,168,169,153,158,154,163,148,,155,153,165,163,151,,136,110,99,88,106,106,112,111,100,102,92,103,102,99,103,112,119,95,100,100,116,146,139,126,,146,154,137,143,131,128,134,138,107,105,114,104,111,,114,95,109,98,121,117,120,123,124,,117,130,143,113,,137,127,129,126,118,114,126,110,113,115,113,96,,,,96,144,,108,111,105,,,,190,,163,146,162,162,120,144,,150,172,,,,166,167,,199,174,184,112,122,,132,104,109,98,101,97,110,102,,104,,103,92,,146,151,,155,140,153,,151,148,145,139,78,93,88,,,91,80,86,89,82,77,79,,99,,,153,,152,152,,90,83,88,92,86,94,,107,122,129,128,134,119,112,103,141,159,152,170,164,142,145,130,149,148,81,,80,78,80,60,160,126,130,98,107,94,,102,98,,,100,176,186,161,,160,192,186,186,97,,,84,89,89,94,95,90,81,84,80,83,82,81,,68,85,147,146,153,152,147,126,132,,132,140,165,144,142,156,135,147,141,146,134,135,141,182,,158,135,173,109,147,77,124,112,77,73,74,74,83,90,,85,81,98,92,92,79,85,94,180,160,177,149,,188,169,155,104,126,114,107,132,141,161,112,,,107,108,99,83,75,62,88,88,191,189,212,202,159,150,159,139,135,150,136,128,88,78,78,85,89,121,,118,151,151,213,172,222,170,,,151,170,170,150,156,,184,191,171,162,,,185,143,100,83,93,99,86,86,93,95,91,,102,94,78,93,83,81,124,114,116,121,115,128,97,93,96,91,86,103,103,110,,96,86,95,89,,195,164,191,179,,,,181,180,,,,172,200,123,114,126,120,128,,144,159,124,153,141,144,123,148,119,127,130,87,101,167,109,184,,165,166,185,159,182,175,185,187,184,,109,116,118,113,116,111,124,119,104,106,103,98,103,101,114,114,103,105,,107,,98,108,112,108,143,,146,134,,,125,131,122,186,,114,124,122,,109,111,107,104,127,102,96,98,100,102,,,,119,,111,122,,126,159,145,150,90,89,95,80,98,77,,128,,,161,,145,125,122,102,109,101,93,84,,116,104,114,108,116,111,103,96,116,116,82,80,78,88,78,80,85,75,81,78,,82,113,105,,136,109,,126,127,123,117,123,,134,88,,,90,113,,116,,120,135,126,124,84,88,,86,90,,106,96,,105,,92,97,89,,97,86,101,98,98,,135,153,119,128,120,129,68,142,139,153,124,146,136,101,97,92,96,97,93,102,104,98,98,100,112,105,120,113,120,95,80,80,88,,95,85,77,95,85,76,116,103,107,100,107,141,147,142,,140,146,142,,129,106,117,94,96,,113,96,95,,86,,92,92,102,87,104,100,89,,,,99,,101,,87,87,82,,84,82,89,89,97,,102,,140,132,155,136,144,120,,151,157,163,132,137,155,,108,,,120,96,96,67,,132,115,138,112,90,95,83,102,141,81,126,141,125,143,74,70,152,160,166,145,108,113,108,129,119,,149,170,145,150,103,131,126,101,,,,,247,197,,183,96,122,135,122,112,107,117,108,109,110,116,89,100,104,113,121,,96,102,120,,139,146,,140,158,167,147,146,150,157,162,158,117,121,128,102,,143,157,148,189,180,163,119,112,120,,110,107,133,121,128,116,113,133,133,,81,,90,106,106,102,117,97,82,100,95,,,107,92,126,97,58,93,55,84,,,146,,132,134,138,164,168,160,168,182,123,,149,140,196,204,195,157,163,144,144,115,143,93,85,,94,119,,142,124,93,92,,,147,91,89,88,89,92,90,93,107,,,155,80,78,80,77,,74,122,123,119,127,112,89,,87,89,118,,,115,119,,108,97,117,,116,,211,224,,,92,65,,,168,183,166,,,79,84,119,116,189,184,177,99,98,101,100,91,136,132,124,145,200,192,157,162,76,80,70,75,,192,186,92,,88,86,95,100,115,127,100,90,91,79,98,98,,,103,130,126,133,190,128,131,123,136,106,115,89,151,122,118,132,122,,,185,69,75,84,128,127,,100,147,158,,149,148,148,,145,135,130,128,136,97,105,94,136,159,146,153,95,141,134,108,,130,115,104,82,169,170,,121,,120,,,,111,106,115,108,118,109,,129,,129,130,136,93,93,90,85,86,99,108,104,101,102,99,98,100,113,121,132,130,94,,86,78,85,94,84,84,67,108,100,102,95,96,98,106,101,,88,99,95,89,82,123,111,114,120,129,142,137,135,147,93,,89,97,91,103,107,107,107,107,85,83,100,,72,98,92,,95,94,96,107,,133,128,89,,93,91,98,93,98,116,109,117,116,124,112,105,110,,91,89,98,115,123,,141,140,80,105,108,124,145,136,126,123,141,138,,123,125,108,,122,124,,134,143,135,131,,96,100,93,94,88,154,107,106,109,118,124,132,112,125,134,114,,138,139,152,135,140,165,155,156,140,140,133,130,134,119,69,109,128,104,110,100,74,92,120,88,82,87,75,183,170,163,174,56,68,63,101,112,76,128,139,131,142,140,130,132,124,145,165,185,79,130,122,127,127,107,98,151,154,,160,114,99,115,115,151,141,146,138,114,130,143,139,131,149,,,125,120,120,,115,100,104,102,129,111,,129,107,111,,,,,128,122,115,119,118,153,132,127,,120,126,152,144,146,129,83,74,91,77,83,,,,,101,92,102,93,64,62,91,,85,120,114,121,120,120,119,131,70,72,86,91,92,92,,84,84,68,64,47,58,134,131,85,,74,67,,104,112,,84,81,83,,113,,132,,87,77,133,138,152,133,158,153,154,155,105,127,114,116,,150,149,145,171,159,156,,141,158,151,148,138,140,,135,129,158,155,141,,153,167,155,,148,219,146,158,119,145,222,,243,172,,173,143,146,144,117,115,151,148,141,,127,125,119,158,138,111,124,136,129,,,126,127,133,92,,99,137,129,131,135,141,86,126,133,176,129,98,90,,119,120,198,188,84,170,149,,124,,120,138,188,122,81,79,136,144,148,141,160,122,150,105,,,113,167,103,142,,169,172,188,138,,100,171,,,95,176,166,88,100,116,88,81,157,154,112,187,171,217,98,,118,126,,112,136,130,133,126,159,78,130,78,99,126,98,72,115,102,196,91,98,105,70,103,122,134,86,82,86,87,82,107,150,131,112,152,93,162,150,110,112,115,99,99,141,139,90,144,186,116,86,,111,128,116,92,115,100,105,,96,186,105,130,101,96,130,144,204,126,156,86,101,182,108,93,98,156,127,,94,188,171,176,175,,134,117,106,112,118,104,108,115,103,96,97,119,176,218,155,105,,125,,135,96,96,176,99,83,104,113,136,148,144,135,79,86,94,84,159,225,94,82,89,98,104,125,106,133,127,169,139,153,124,111,165,114,138,146,86,82,87,94,,82,85,103,100,116,132,116,118,91,116,126,114,184,169,112,98,130,176,176,168,145,145,88,175,116,118,94,113,98,99,148,135,94,94,99,89,117,117,155,135,124,129,106,96,145,138,150,112,139,130,133,102,118,98,99,100,110,,119,95,79,179,155,125,163,149,127,102,188,168,152,152,125,113,107,124,96,139,130,137,117,133,,79,82,77,85,80,77,147,102,170,93,86,110,94,82,149,113,132,110,98,136,125,132,140,153,123,121,128,86,96,94,,99,90,94,95,116,110,102,85,137,107,177,172,195,137,138,161,138,166,161,113,109,,122,154,141,136,92,96,162,127,130,126,139,134,180,,142,188,134,123,66,133,143,113,159,,153,141,175,136,121,97,96,88,93,71,69,,110,,145,122,,103,93,127,102,139,138,106,79,,87,141,137,120,,,78,142,100,126,84,142,136,126,141,92,88,143,162,121,109,109,123,133,138,135,80,81,77,84,101,89,89,104,96,133,101,95,113,97,80,88,143,133,128,122,132,103,151,106,87,76,210,170,85,85,164,110,110,127,177,178,,138,110,87,92,144,126,234,86,90,224,158,134,109,239,177,134,144,149,128,135,146,109,123,,85,106,91,135,112,107,101,114,89,79,90,81,91,130,89,128,190,182,124,91,106,112,136,145,92,86,100,82,98,168,126,123,97,93,115,99,102,91,166,156,114,82,131,128
20210719,13,O3_8h,54,52,59,58,52,50,40,60,43,51,45,45,,,46,,60,73,48,,63,,62,107,,74,105,,37,48,53,40,40,50,80,,83,78,,75,73,74,81,92,,71,,60,68,53,75,70,88,74,72,73,70,,78,86,68,35,46,38,,40,63,64,,64,87,81,76,72,54,,69,72,,69,47,,55,54,50,47,47,49,,90,88,,,87,86,75,86,71,64,69,,62,77,75,76,75,,73,86,72,,82,87,92,76,80,83,77,73,75,71,75,72,78,68,71,75,72,91,87,85,,95,86,85,86,82,80,84,83,62,58,59,58,59,,66,41,60,55,73,73,75,78,76,,68,82,83,62,,81,75,75,72,74,74,72,66,67,60,68,76,,,,50,62,,64,64,60,,,,79,,84,86,88,88,72,88,,84,87,,,,91,92,,75,78,86,67,69,,74,72,77,72,71,69,87,80,,73,,75,66,,76,72,,77,66,70,,70,80,79,63,32,64,54,,,54,55,60,48,42,48,44,,64,,,72,,91,90,,48,56,49,36,31,29,,70,69,67,69,68,47,52,41,69,69,80,85,83,60,70,63,75,83,68,,48,60,57,47,62,72,79,53,54,58,,49,56,,,55,94,86,90,,77,94,96,98,82,,,68,69,73,77,72,65,38,43,41,45,37,37,,34,46,60,67,65,61,54,65,47,,65,85,70,75,69,74,67,65,65,74,66,70,31,34,,33,26,34,46,36,34,31,44,32,25,23,23,21,31,,42,41,37,33,31,36,31,30,29,29,29,28,,25,34,18,32,32,29,33,35,34,33,31,,,37,35,30,39,37,32,42,39,39,47,44,42,53,52,59,51,58,58,48,52,33,47,47,53,56,81,,72,55,82,74,71,66,66,,,73,64,58,63,62,,74,63,51,55,,,77,92,32,34,38,38,35,32,30,41,35,,52,57,60,63,68,61,58,60,50,60,51,48,52,49,35,46,51,53,66,48,,54,49,38,48,,115,124,93,88,,,,78,124,,,,117,128,40,29,30,36,45,,47,68,63,75,75,61,69,67,66,66,72,57,50,71,58,92,,92,83,95,86,109,108,138,109,103,,84,90,76,47,48,44,52,77,70,76,80,84,81,81,74,76,68,74,,76,,70,82,80,65,76,,76,76,,,78,85,80,101,,79,83,81,,71,81,72,71,93,60,65,65,69,62,,,,82,,66,76,,82,98,101,92,74,76,86,56,70,60,,86,,,62,,59,58,56,52,56,52,58,58,,59,58,61,65,48,60,65,53,58,46,74,58,60,43,37,41,40,42,35,32,,35,53,49,,65,62,,55,57,58,48,55,,44,44,,,58,70,,70,,71,70,70,68,62,64,,61,66,,56,52,,54,,66,66,67,,74,70,68,66,71,,69,65,80,61,64,72,50,85,87,82,77,69,71,66,52,43,71,71,50,84,80,85,83,85,84,73,73,75,78,68,68,70,78,,83,60,50,62,55,53,83,86,84,80,88,84,88,86,,82,65,86,,73,58,51,57,61,,71,56,80,,41,,48,45,52,47,64,65,63,,,,45,,50,,62,58,,,55,48,49,59,56,,58,,53,41,50,47,75,65,,65,49,66,70,89,60,,89,,,84,58,58,42,,42,47,52,54,56,76,71,66,91,,80,79,86,77,47,36,79,87,91,74,44,42,47,44,54,,36,60,33,45,46,54,51,37,,,,,102,103,,92,80,91,106,87,85,88,44,38,32,37,32,51,56,62,64,68,,52,58,54,,51,55,,40,68,65,81,81,89,83,87,90,59,70,76,67,,87,86,108,126,115,98,,82,81,,82,47,87,76,93,77,74,80,80,,68,,,79,79,65,74,72,,,,,,71,61,79,,,63,,63,,,88,,83,77,74,80,82,81,75,76,70,,82,62,89,94,86,88,84,82,82,71,77,68,57,,55,64,,65,63,45,44,,,69,62,60,62,59,63,63,64,72,,,68,61,60,65,60,,65,56,62,80,77,66,67,,63,61,60,,,57,48,,69,57,51,,47,,117,115,,,76,55,,,99,112,88,,,60,60,70,71,150,154,157,85,89,89,90,78,85,84,65,78,82,85,75,65,52,52,46,48,,80,83,70,,64,57,47,55,90,94,70,66,51,48,56,49,,,58,87,86,91,104,74,65,58,63,62,64,63,80,80,58,75,65,,,74,39,42,47,74,80,,40,80,79,,84,79,86,,83,80,89,84,92,64,76,70,63,69,61,41,43,74,57,61,,67,40,49,44,77,73,,82,,80,,,,74,77,76,77,76,73,,58,,83,78,88,70,72,69,66,61,64,73,53,76,80,60,56,64,59,57,58,52,56,,49,38,41,48,40,38,34,60,52,59,44,56,59,59,57,,42,58,56,45,42,61,52,59,61,63,60,65,61,62,50,,49,53,53,52,53,53,50,54,38,42,50,,42,58,57,,47,47,46,52,,82,78,59,,65,60,68,63,66,54,52,59,52,62,66,63,68,,40,46,50,50,66,,62,75,,51,40,49,62,64,64,61,59,53,,65,73,61,,72,78,,69,60,56,54,,78,76,75,49,45,63,50,48,56,59,56,48,66,60,74,60,,68,70,69,70,54,55,51,46,47,60,63,54,59,61,36,47,58,45,48,48,37,48,49,41,25,35,32,68,57,58,64,28,28,29,45,50,40,68,72,72,80,74,71,67,55,55,67,78,,63,54,68,63,43,51,56,62,,55,78,48,53,51,60,66,72,57,38,48,55,55,76,52,,,89,82,88,,78,43,43,38,55,44,,43,46,38,,,,,68,66,54,55,60,57,49,54,,46,93,89,85,88,64,39,44,35,45,34,,,,,52,52,45,42,43,34,37,,27,70,71,71,56,96,94,94,37,32,62,67,56,61,,38,42,40,39,19,16,69,82,42,,36,30,,72,63,,45,43,62,,68,,90,,26,23,57,52,58,57,93,92,93,96,49,50,38,54,,93,86,84,84,94,78,,88,97,81,86,105,106,,97,92,82,84,76,,82,96,77,,83,133,107,89,64,117,108,,118,94,,117,99,104,97,79,72,100,102,82,,60,69,59,84,91,83,74,84,81,,,61,55,64,53,,66,55,69,35,43,79,68,31,55,100,77,51,67,,47,78,83,83,58,96,84,,84,,82,77,87,37,37,37,103,71,85,86,69,83,86,56,,,71,50,69,68,,114,122,116,65,,71,73,,,78,95,92,68,54,70,69,68,84,77,58,65,96,78,50,,46,79,,42,64,53,66,98,85,55,92,39,61,48,51,55,57,47,77,60,62,73,62,71,70,64,48,42,44,50,46,64,65,81,94,54,65,97,68,91,94,91,62,49,61,72,54,60,78,71,60,,67,58,76,51,82,48,48,,41,103,72,68,61,70,88,82,85,74,78,57,59,92,71,61,48,53,60,,73,84,90,83,105,,100,63,52,65,64,52,62,62,57,48,66,75,94,120,81,72,,75,,82,73,80,76,64,30,40,32,28,29,31,31,29,31,34,36,34,36,36,64,38,50,38,55,64,78,71,96,92,96,84,75,80,68,59,54,61,60,55,61,,46,47,58,53,66,48,47,69,35,66,58,65,67,57,50,44,56,68,73,86,66,56,76,92,83,82,60,72,67,72,78,67,57,50,66,56,72,72,77,53,53,64,53,63,66,84,20,44,74,50,82,64,73,71,70,55,54,,82,40,33,95,78,77,95,86,78,75,86,92,86,87,79,68,85,64,80,85,44,90,57,40,,34,51,38,31,33,33,23,58,36,46,36,27,44,38,80,74,75,36,47,65,81,65,79,91,86,80,75,48,43,56,,47,63,63,63,65,86,55,28,80,62,78,93,72,64,46,91,95,88,94,69,72,,76,90,96,89,62,80,119,74,73,84,97,86,112,,100,131,60,72,43,78,56,79,51,,73,66,69,60,45,46,38,39,58,48,45,,40,,61,66,,46,44,62,54,70,83,63,44,,54,77,74,85,,,68,75,41,65,24,86,72,83,79,56,66,82,74,63,58,51,71,76,69,64,38,45,,53,63,56,56,61,38,82,41,72,56,52,47,52,70,94,57,108,112,46,59,63,58,62,109,56,30,51,35,36,35,43,67,75,,83,71,50,50,58,58,104,68,68,99,91,84,66,113,110,64,46,49,48,46,74,63,73,,66,55,71,94,51,65,63,51,35,37,54,34,56,69,43,81,94,94,67,48,55,65,84,82,62,46,46,34,,86,67,110,65,76,66,80,59,67,81,88,64,60,40,78
20210719,13,O3_8h_24h,54,52,59,58,52,50,40,60,43,51,45,45,,,72,,71,75,57,,76,,62,107,,74,105,,37,48,53,40,40,53,111,,83,78,,75,73,92,81,94,,71,,84,82,71,75,70,88,74,72,73,70,,78,86,68,35,46,47,,40,63,64,,64,87,81,76,72,56,,78,81,67,76,47,,61,57,68,47,71,49,,90,88,,,87,86,75,86,71,64,69,,62,77,75,76,75,,73,86,86,91,84,88,92,84,80,83,77,73,75,71,75,73,78,68,71,75,72,91,87,85,,95,86,85,86,82,80,84,83,62,61,66,58,67,,66,48,64,63,73,73,75,78,76,,68,82,83,62,,81,75,75,72,74,74,74,66,69,60,68,76,,,,50,62,,64,64,60,,,,79,,84,86,88,88,72,88,,84,87,,,,91,92,,75,78,86,67,69,,74,72,77,72,71,69,87,80,,73,,75,66,,76,72,,77,66,70,,70,80,79,63,54,74,63,,,61,66,72,59,70,61,44,,64,,,72,,91,90,,48,83,71,44,39,39,,71,72,67,69,68,47,52,41,69,69,80,85,83,60,70,63,75,83,72,,53,61,57,47,62,72,79,53,54,58,,49,56,,,55,94,86,90,,85,94,96,98,82,,,71,78,87,77,79,65,54,56,49,60,50,55,,50,64,77,67,68,74,82,72,47,,65,85,70,75,69,74,67,65,65,74,66,70,31,34,,33,26,43,46,36,40,31,44,34,32,30,29,27,32,,45,42,42,33,35,41,32,32,29,29,29,28,,27,34,18,32,32,29,33,35,34,33,31,,,38,35,30,39,39,35,46,42,56,47,67,57,53,52,59,51,58,58,94,52,33,47,47,53,56,102,,72,66,82,80,82,79,66,,,77,69,67,63,68,,74,65,85,55,,,81,112,32,34,38,38,35,32,30,41,35,,52,62,61,65,70,65,70,74,74,72,71,82,76,61,35,77,68,91,81,64,,86,49,48,48,,115,148,93,88,,,,78,141,,,,117,128,40,29,30,36,45,,52,68,63,75,75,61,69,67,66,66,72,57,50,71,58,92,,92,83,95,86,109,108,138,109,103,,84,90,76,62,48,51,52,114,103,96,81,84,81,81,74,76,68,74,,76,,70,82,80,65,76,,76,76,,,78,85,80,101,,79,83,81,,71,81,72,71,93,62,70,73,70,62,,,,82,,66,76,,82,98,101,92,82,78,86,57,70,60,,86,,,62,,59,58,56,72,78,74,75,76,,59,58,61,65,48,60,65,53,58,46,74,58,60,51,47,47,40,42,35,56,,58,53,54,,74,74,,60,64,58,53,66,,44,44,,,58,70,,70,,71,70,70,68,64,64,,61,66,,70,70,,76,,74,66,70,,80,72,68,66,71,,69,65,80,61,64,72,50,85,87,82,77,69,71,66,52,43,71,71,50,84,80,85,83,85,84,73,73,75,78,68,68,70,78,,83,60,50,62,55,53,107,86,92,92,98,84,88,86,,82,65,86,,83,58,51,57,61,,71,66,85,,64,,69,66,72,65,75,82,78,,,,54,,50,,86,82,78,,67,61,62,59,56,,58,,73,63,50,47,101,81,,65,49,66,70,89,60,,89,,,84,58,61,42,,42,47,52,54,56,80,71,66,91,75,80,79,86,77,47,36,106,104,106,100,44,42,47,44,54,,68,63,59,45,46,55,51,51,,,,,117,103,,92,80,91,106,87,85,88,44,46,32,37,32,51,56,62,72,68,,76,67,66,,51,73,,86,82,84,87,85,96,88,89,94,62,70,84,69,,87,86,108,126,115,98,126,96,93,,82,47,123,101,108,77,74,80,80,,68,,94,79,79,65,74,72,79,78,94,,,71,61,79,87,49,83,48,82,,,88,,83,77,74,80,82,81,75,76,70,,82,62,89,94,86,88,84,82,82,71,77,68,57,,55,64,,65,63,45,44,,,69,62,60,62,59,75,71,72,80,,,68,68,64,69,67,,65,75,72,80,78,66,67,,63,61,75,,,76,74,,76,61,54,,62,,161,136,,,76,55,,,99,114,88,,,61,61,75,71,161,163,165,85,89,89,90,78,88,84,65,78,82,85,75,65,52,55,46,48,,80,83,70,,64,57,47,55,108,123,70,66,51,48,56,59,,,58,87,86,91,104,74,65,58,63,62,64,63,80,80,58,75,65,,,74,47,46,47,74,80,,40,80,79,,84,79,86,,83,80,89,84,92,69,76,72,63,69,61,41,43,74,57,61,,67,40,49,44,77,73,,82,,80,,,,74,78,76,77,81,74,,58,,83,78,88,70,72,69,66,61,64,73,53,76,80,70,70,68,59,57,58,52,56,,54,38,41,48,40,38,34,60,52,59,44,56,59,59,57,,42,58,56,45,42,61,52,59,61,63,60,65,61,62,50,,49,53,53,52,53,53,50,54,38,42,50,,55,66,65,,81,83,76,89,,82,78,89,,93,71,82,74,80,78,74,82,78,85,66,63,68,,76,68,84,50,66,,62,75,83,51,40,49,62,64,64,61,59,53,,70,77,61,,72,78,,69,74,56,54,,78,76,75,53,51,63,50,48,56,59,56,48,66,60,74,60,,68,70,69,70,54,55,51,46,47,60,63,54,59,61,42,47,58,45,48,48,37,48,49,41,25,35,32,68,72,61,64,30,30,49,45,50,51,68,72,72,80,74,87,83,55,55,67,78,87,76,61,68,63,43,51,67,62,,75,79,48,53,51,74,68,72,57,38,48,55,56,76,74,,,89,82,88,,78,61,75,70,74,66,,43,46,38,,,,,84,85,76,61,64,64,51,55,,46,93,89,88,88,82,39,46,35,51,34,,,,,52,52,67,57,54,51,37,,27,85,83,80,56,96,94,95,37,32,62,67,56,61,,54,42,46,41,21,20,75,85,42,,56,41,,72,63,,55,53,62,,75,,116,,28,23,57,55,58,57,94,94,95,96,50,50,38,54,,96,100,84,124,106,78,,88,109,89,106,105,106,,99,92,82,90,76,,88,96,84,,83,133,107,134,64,119,119,,130,94,,117,99,104,100,79,72,100,102,86,,60,79,70,105,104,89,74,84,81,,,61,55,64,53,,66,55,69,41,53,79,68,31,68,100,77,51,67,,69,78,83,83,68,96,84,,84,,82,77,87,37,37,37,103,71,85,86,69,83,86,81,,,71,50,69,78,,114,122,116,65,,71,73,,,78,95,92,68,54,70,69,68,84,77,68,67,96,87,73,,70,79,,42,78,56,66,106,85,61,92,47,61,48,51,55,60,84,77,60,62,73,62,71,70,67,48,42,44,50,46,73,65,81,102,57,93,97,76,91,94,91,82,49,64,72,54,84,78,81,83,,67,58,76,52,82,51,54,,41,103,76,70,65,70,114,102,85,74,78,68,59,92,72,61,48,53,60,,73,84,90,83,120,,100,69,64,65,76,52,62,62,58,51,71,75,94,142,81,72,,75,,82,73,80,76,64,44,42,32,28,34,31,35,32,34,38,47,34,49,39,64,38,53,38,58,64,78,71,96,92,96,84,75,80,81,59,54,82,79,84,94,,60,62,58,53,66,48,47,69,42,69,58,65,93,68,67,44,86,68,75,86,67,59,77,92,83,82,60,72,67,72,78,67,57,50,66,56,72,72,80,68,53,64,53,78,66,84,20,44,74,50,82,64,73,71,70,55,54,,82,40,33,95,78,80,101,86,78,75,86,92,86,87,79,68,85,64,90,111,44,90,57,64,,34,69,46,40,33,46,23,58,44,48,36,27,44,38,80,76,75,36,47,65,81,65,79,91,86,80,75,67,46,68,,80,86,76,67,65,106,55,58,80,62,78,93,84,64,46,116,99,88,94,69,74,,76,90,96,89,75,86,119,74,73,84,97,86,112,,100,131,60,72,47,78,56,79,51,,89,74,69,60,45,56,38,39,58,48,45,,63,,61,66,,46,44,63,60,70,83,63,57,,66,77,74,85,,,70,90,41,65,24,86,72,83,79,78,71,82,74,63,58,51,71,76,69,64,49,66,77,74,65,62,82,64,38,82,41,72,56,52,53,56,70,103,57,108,113,60,59,63,58,68,155,56,30,71,35,36,37,45,68,75,,83,71,71,70,58,61,108,74,68,99,91,84,66,132,110,64,73,49,48,46,74,63,78,,66,70,76,96,68,69,75,73,35,37,54,34,56,71,43,81,94,94,67,48,89,65,84,82,75,56,46,34,98,86,94,110,74,76,66,80,59,77,81,88,64,60,40,78
20210719,13,CO,0.5,0.5,0.7,0.7,0.7,0.7,0.6,0.8,0.6,0.5,0.5,0.6,,,0.9,,0.9,0.9,0.5,,0.8,,0.6,0.8,,,0.5,,0.5,0.7,0.5,0.8,0.7,0.5,0.7,,0.6,0.6,,0.6,0.5,0.3,0.1,0.3,,0.2,,0.4,,0.4,0.1,0.4,0.3,0.1,0.1,0.1,0.3,,0.6,0.6,0.1,0.8,0.8,0.9,,0.9,0.7,0.8,,0.7,0.5,0.3,0.3,0.4,,,,0.5,,0.3,1,,0.6,0.5,0.6,1,0.7,0.6,,0.6,0.5,,,0.5,0.5,0.5,0.5,0.6,0.3,0.4,,0.4,0.4,0.3,0.3,0.4,,0.4,0.8,0.5,,0.6,0.4,0.5,0.5,0.4,0.5,0.7,0.5,0.4,0.6,0.4,,0.3,0.3,0.3,0.4,0.4,0.5,0.7,0.7,,0.6,,0.5,0.5,0.2,0.6,0.4,0.3,0.4,0.6,0.3,0.4,0.4,,0.4,0.3,0.3,0.2,0.2,0.4,0.1,0.4,0.6,0.5,0.4,0.5,0.3,0.2,,0.3,,0.3,0.1,0.2,0.6,0.4,0.3,0.4,0.5,0.5,0.3,,,,0.4,,,0.5,0.3,0.2,,,,0.7,,0.3,0.1,0.4,0.3,0.3,0.2,,0.2,0.5,,,,0.6,0.5,,0.4,0.6,0.6,0.3,0.6,,0.1,0.2,0.3,,0.1,,0.5,0.3,,0.4,,0.4,0.5,,0.4,0.6,,0.6,0.3,0.7,,0.5,0.4,0.4,0.2,,0.5,0.6,,,0.2,0.3,0.4,0.5,0.3,0.3,0.4,,0.9,,,0.4,,0.6,0.5,,0.3,0.3,0.2,0.3,0.4,0.5,,0.3,0.5,0.3,0.1,0.4,0.3,0.3,0.4,0.5,0.5,0.4,0.7,0.5,0.6,0.6,0.5,0.2,0.5,0.3,,0.5,0.6,0.4,0.4,0.3,0.5,0.3,0.8,0.5,0.6,,0.9,0.5,,,0.6,0.8,0.4,0.8,,,0.7,0.9,0.5,0.3,,,0.1,0.3,0.4,0.1,0.1,0.4,0.6,0.4,0.6,0.5,0.5,0.5,,0.7,0.5,0.7,0.8,0.5,0.8,0.6,0.7,0.7,,0.8,0.4,0.7,0.6,0.6,0.7,0.6,0.5,0.4,0.5,0.5,0.4,0.5,0.7,,0.5,0.4,0.6,0.6,0.6,0.5,0.5,0.4,0.4,0.6,0.6,0.5,0.4,0.5,,0.8,0.4,0.4,0.5,0.5,0.6,0.4,0.6,0.4,0.4,0.4,0.4,,0.5,0.4,0.4,0.6,0.5,0.5,0.5,0.6,0.7,0.6,0.5,,,0.6,0.5,0.6,0.4,0.5,0.5,0.7,0.5,0.4,0.5,0.3,0.4,0.6,0.6,0.6,0.7,0.4,0.7,0.7,0.5,,0.4,0.5,0.4,0.4,0.6,,0.4,,0.6,0.7,1,0.3,0.5,,,0.8,0.5,1,0.3,0.6,,0.3,0.4,0.7,0.6,,,,0.3,,0.3,0.4,0.6,0.5,0.4,0.5,0.4,0.6,,0.3,0.3,0.3,0.3,0.3,0.4,0.3,0.4,0.3,0.4,0.4,0.3,0.4,0.9,0.8,0.7,0.8,0.5,0.6,0.4,,0.6,0.8,0.7,0.7,,0.5,0.4,0.5,0.5,,,,1.3,0.3,,,,0.3,0.5,0.6,0.4,0.6,0.2,0.7,,0.9,0.7,1.4,1.3,0.6,0.8,0.8,0.6,0.5,0.7,0.6,0.4,0.4,0.7,0.5,0.5,,0.6,0.8,0.6,0.7,0.7,0.6,0.7,0.9,0.6,,0.3,1,0.4,0.3,0.4,0.4,0.6,0.6,0.5,0.6,0.5,0.5,0.3,0.4,0.2,0.3,0.3,0.3,,0.4,,0.2,0.6,0.3,0.7,0.5,,0.6,0.7,,,0.4,0.5,0.4,0.1,,0.2,0.4,0.2,,0.2,,0.1,0.3,0.3,0.2,0.1,0.2,0.2,0.3,,,,0.5,,0.2,0.7,,0.4,0.6,0.7,0.7,0.4,0.2,0.3,0.3,0.4,0.4,,0.3,,,0.7,,0.7,0.6,0.5,0.5,0.6,0.5,0.3,0.4,,0.5,0.4,0.6,0.5,0.4,0.5,0.7,0.7,0.7,0.6,0.4,0.6,0.5,0.4,0.5,0.5,0.7,0.6,0.6,0.5,,0.5,0.6,0.4,,0.6,0.6,,0.5,0.8,0.8,0.6,0.6,,0.5,0.5,,,0.5,0.6,,0.5,,0.6,0.4,0.5,0.5,0.8,0.7,,0.9,0.8,,0.7,0.7,,0.7,,1,0.7,0.9,,0.7,0.7,0.3,0.2,,,0.4,0.5,0.4,0.8,0.6,0.2,0.2,0.6,0.6,0.4,0.6,0.4,0.6,0.2,0.5,1,0.6,0.5,0.4,0.6,0.6,0.4,0.5,0.4,0.6,0.6,0.5,0.7,0.6,0.6,,0.5,0.2,,0.1,0.4,0.3,0.3,0.3,0.3,0.4,0.4,0.4,0.3,0.4,0.5,0.7,0.5,,0.7,0.6,0.7,,,0.7,,,0.8,,0.4,0.3,0.3,,0.7,,0.8,0.4,0.4,0.4,0.5,0.6,0.3,,,,0.6,,0.6,,0.4,0.5,,,0.7,0.7,0.6,0.6,0.5,,0.6,,0.3,,0.4,0.5,0.5,0.7,,0.6,0.6,0.5,0.6,0.6,0.6,,0.7,,,0.6,0.4,0.3,0.6,,0.7,0.7,0.6,0.7,0.6,0.3,0.5,0.6,0.8,,1,,1.1,0.9,0.4,0.3,0.6,0.4,0.7,0.5,0.6,0.7,0.5,0.4,0.7,,2.4,2.4,3,0.6,0.5,0.7,0.8,0.7,,,,,0.4,0.4,,0.5,0.6,0.5,0.3,0.3,0.4,0.3,0.7,0.6,0.7,0.6,0.5,0.4,0.4,0.8,,0.8,,0.7,0.6,0.8,,0.7,0.6,,0.5,0.7,0.8,0.6,0.9,0.7,0.5,0.5,0.5,0.5,0.5,0.6,0.6,,0.4,0.5,0.3,0.3,0.1,0.3,,0.5,0.4,,0.9,0.3,0.3,0.5,0.3,0.2,0.5,0.2,0.2,,0.4,,,0.3,0.3,0.2,0.2,0.3,,,,,,0.2,0.3,0.3,,,0.3,,,,,0.6,,0.6,0.3,0.6,0.4,0.5,0.7,0.2,0.4,0.3,,0.5,0.6,0.6,0.4,0.5,0.4,0.3,0.3,0.3,0.6,0.7,0.2,0.4,,0.5,0.3,,0.3,0.4,0.5,0.6,,,0.6,0.4,0.5,0.5,0.4,0.6,0.7,0.7,0.5,,,0.2,0.6,0.8,0.9,0.9,,1.5,0.6,0.3,0.7,0.6,0.5,0.4,,0.4,0.7,0.7,,,0.7,1.2,,0.7,0.6,0.4,,0.4,,0.8,0.8,,,,0.4,,,0.7,0.5,0.4,,,0.3,0.4,0.3,0.3,0.4,0.3,0.3,0.4,0.2,0.4,0.4,0.5,0.4,0.2,0.4,0.4,0.4,0.5,0.4,0.2,0.4,0.2,0.5,0.4,,0.4,0.4,0.3,,0.2,0.3,0.5,0.5,0.6,0.5,0.5,0.5,0.5,0.5,0.4,0.4,,,0.5,,0.6,0.6,0.7,0.5,0.3,0.5,0.3,0.7,1,0.4,0.6,0.5,0.6,0.6,0.6,,,0.4,0.8,0.4,0.4,0.5,0.4,,0.7,0.5,0.6,,0.6,0.7,0.5,,0.4,0.6,0.4,0.5,0.6,0.4,0.5,0.5,0.8,0.5,0.6,0.9,0.5,0.5,0.7,0.7,,0.2,0.4,0.3,,0.9,0.8,,0.6,,0.5,,,,0.5,0.6,0.7,0.6,0.6,0.6,,0.5,,0.4,0.5,0.5,0.4,0.6,0.5,0.5,,0.4,0.4,0.5,0.4,0.2,0.5,0.4,0.4,0.3,0.5,0.5,0.5,0.5,,0.6,0.2,0.6,0.2,0.6,0.6,0.3,1,1.6,0.9,1.3,0.3,0.4,0.6,0.8,,0.5,0.5,0.5,0.3,0.4,1.2,0.8,0.7,1.1,1.3,0.5,0.7,0.6,0.4,0.4,,0.3,0.6,0.4,0.5,0.6,0.5,0.5,0.6,0.4,0.6,0.6,,0.2,0.6,0.4,,0.5,,0.6,0.5,,0.5,0.5,0.7,,0.6,0.7,0.6,0.8,0.8,1,1,0.8,0.7,0.7,0.7,0.5,0.5,,1.1,0.4,1.5,0.8,0.7,,0.7,0.9,,0.6,0.9,0.7,0.5,0.8,0.8,,0.7,0.8,,0.5,0.7,0.5,,0.9,0.9,,0.6,0.4,0.4,0.4,,0.8,0.7,0.8,1.6,0.9,0.9,0.6,0.5,0.5,0.5,0.6,,0.6,0.6,0.5,0.5,,0.7,1.1,1.2,1.6,0.5,0.7,0.8,0.7,0.6,0.7,0.6,0.6,0.5,0.7,1.4,1,0.7,0.8,1.2,0.3,0.5,0.5,0.7,0.7,0.3,0.4,0.2,0.7,0.7,,0.6,0.4,0.7,0.5,,0.7,0.6,0.5,0.5,0.6,0.7,0.5,0.4,0.4,0.8,0.8,0.6,0.6,,0.7,0.8,0.8,0.8,0.6,0.4,0.6,0.3,,0.4,0.2,0.3,0.2,0.2,0.5,0.4,0.3,0.4,0.5,0.3,0.6,0.6,0.4,0.3,,,0.3,0.4,0.6,,0.6,0.3,0.5,0.5,0.5,,,0.3,0.5,0.4,,,,,0.6,0.5,0.5,0.6,0.6,0.2,,0.4,,0.2,0.5,0.6,0.4,0.6,0.5,0.4,0.7,0.6,0.5,0.7,,,,,0.3,0.3,0.4,0.4,0.5,0.5,0.4,,0.4,0.5,0.5,0.2,0.2,0.7,0.7,0.5,0.5,0.4,0.7,0.7,0.5,0.5,,0.4,0.4,0.3,0.2,0.2,0.3,0.6,0.5,0.5,,0.3,0.6,,,0.5,,0.4,0.2,0.4,,0.2,,0.3,,0.6,0.6,,0.6,0.5,0.6,0.4,0.4,0.3,0.5,0.7,0.4,0.6,0.5,,0.5,0.5,0.4,0.5,0.7,0.3,,0.3,0.3,0.2,0.3,0.3,0.3,,0.6,0.8,0.3,0.2,0.6,,0.1,0.2,0.2,,0.3,0.7,0.6,0.4,0.5,0.3,0.3,,0.3,0.2,,0.4,0.3,0.5,0.3,0.8,0.7,0.1,0.3,0.3,,0.6,0.1,0.3,0.2,0.4,0.2,0.4,0.5,0.3,,,0.6,0.7,0.6,0.7,,0.3,0.4,0.6,0.5,1.4,0.3,0.6,0.6,0.6,0.7,0.8,0.5,0.6,,0.4,0.7,0.5,0.4,0.4,0.4,0.4,,0.4,,0.2,0.8,0.7,0.4,0.6,0.4,0.4,0.7,0.5,0.6,0.4,0.5,0.4,0.4,,,0.6,,0.3,0.7,,0.7,0.4,0.4,0.7,,0.4,0.7,,,0.2,0.4,0.3,0.4,0.3,0.5,0.3,0.2,0.3,0.4,0.5,0.7,0.4,0.4,0.8,,0.9,0.6,,0.4,0.7,0.3,0.5,0.2,0.5,0.4,0.4,0.5,0.6,0.4,0.4,0.4,0.8,0.6,0.6,0.2,,0.3,0.4,0.4,0.2,0.5,0.8,0.3,0.4,0.4,0.3,0.4,0.4,0.5,0.2,0.7,0.7,0.4,0.5,0.6,0.6,0.7,0.5,0.6,0.4,0.8,0.4,0.6,0.4,0.7,0.7,,0.5,0.4,0.3,0.3,0.5,0.5,0.6,,1,0.7,0.3,0.5,0.5,0.3,0.4,0.5,0.5,0.8,0.3,,0.6,0.8,0.5,0.3,0.7,0.4,0.5,,0.5,0.5,0.5,0.6,0.5,,0.3,0.4,0.4,0.3,0.4,0.2,0.4,0.3,0.3,0.5,0.4,0.5,0.8,0.6,0.3,0.1,,0.6,,0.4,0.5,0.5,0.7,0.4,,0.5,0.8,0.7,0.6,0.7,0.6,0.4,0.6,0.5,0.6,0.6,0.5,0.4,0.5,0.5,0.6,0.8,0.7,0.2,0.4,0.7,1,0.3,0.5,0.4,0.6,1,0.5,0.5,0.6,0.4,0.5,0.7,0.5,,0.3,0.5,0.5,0.6,0.6,0.5,0.4,0.5,0.6,0.4,0.6,0.6,0.2,0.5,0.3,0.6,0.4,0.6,0.3,0.5,0.5,0.7,0.2,0.3,0.1,0.3,0.1,0.4,0.3,0.2,0.5,0.4,0.5,0.2,0.5,0.4,0.7,,0.2,0.6,0.7,0.7,0.6,0.5,0.4,0.7,0.6,0.9,0.7,0.8,0.4,0.3,0.4,0.4,0.3,0.1,0.4,,0.4,0.7,0.5,0.5,0.3,0.4,0.5,0.4,0.5,0.2,,0.2,0.2,0.3,0.2,0.5,0.4,0.3,0.4,0.3,0.3,0.6,0.3,0.7,,0.5,0.5,0.7,,0.3,0.5,0.6,0.8,0.6,0.3,0.4,0.4,0.7,0.7,0.7,0.3,0.4,0.7,1.3,,0.4,0.5,0.6,0.6,0.5,0.7,0.4,0.5,0.5,0.5,,0.3,0.5,0.6,0.7,1.2,0.5,0.5,0.3,0.6,0.5,0.3,0.7,0.4,0.3,0.7,0.5,0.4,,0.7,0.3,0.5,,0.5,0.9,0.5,0.6,0.3,0.2,0.7,0.6,0.9,0.5,0.5,0.4,0.1,,0.4,0.6,0.7,0.6,0.5,0.4,0.4,0.3,0.3,,0.5,0.5,0.7,0.8,0.6,0.3,0.4,0.3,0.4,0.4,0.4,,0.3,,0.6,0.6,,1.1,0.5,0.2,0.4,0.4,0.5,0.4,0.3,,0.4,0.5,0.6,0.4,,,1.2,0.6,0.5,0.3,0.5,0.5,1.3,0.3,,0.6,1.1,0.2,0.3,0.1,0.4,0.2,0.3,0.2,0.2,0.3,0.6,0.6,,0.8,0.7,0.2,0.9,0.6,0.7,1,0.3,0.3,0.5,0.5,,0.5,0.5,0.3,0.6,0.1,0.5,0.4,0.5,0.4,0.9,0.5,0.6,0.5,0.5,0.5,0.5,0.5,0.4,0.7,0.9,1,,0.5,0.2,0.5,0.6,0.5,0.4,0.5,0.5,,0.6,0.2,0.5,0.5,0.4,0.4,0.8,0.6,0.6,1.2,,0.4,0.2,0.4,,0.6,0.6,0.2,0.4,0.7,0.7,0.4,0.7,0.6,0.6,0.9,0.5,0.6,0.5,0.5,0.6,0.8,0.8,0.5,0.1,0.5,0.5,0.5,0.6,0.5,0.7,0.6,0.6,,0.5,0.2,0.3,0.5,0.1,0.4,0.2,0.3,0.3,0.4,0.5,0.5,0.4,0.7,0.5
20210719,13,CO_24h,0.5,0.5,0.7,0.7,0.6,0.7,0.5,0.5,0.5,0.5,0.5,0.5,,,0.8,,0.9,0.8,0.5,,0.9,,0.5,0.5,,0.6,0.5,,0.7,0.6,0.5,0.8,0.7,0.4,0.6,,0.9,0.7,,0.9,0.6,0.3,0.2,0.4,,0.3,,0.4,0.5,0.4,0.1,0.4,0.3,0.1,0.1,0.1,0.3,,0.4,0.4,0.1,0.6,0.7,0.8,,0.7,0.6,0.3,,0.5,0.4,0.2,0.3,0.2,0.5,,,0.4,0.2,0.3,0.6,,0.5,0.6,0.5,0.6,0.4,0.6,,0.5,0.5,,,0.4,0.5,0.4,0.4,0.8,0.6,0.7,,0.7,0.7,0.6,0.6,0.6,,0.5,0.7,0.6,0.5,0.6,0.4,0.5,0.5,0.5,0.6,0.6,0.6,0.5,0.7,0.5,0.6,0.4,0.4,0.4,0.4,0.5,0.3,0.7,0.5,,0.5,0.6,0.4,0.6,0.3,0.5,0.3,0.4,0.5,0.5,0.3,0.4,0.4,,0.4,0.3,0.4,0.2,0.4,0.6,0.2,0.3,0.8,0.5,0.5,0.7,0.4,0.2,,0.3,0.5,0.3,0.1,0.3,0.5,0.4,0.3,0.4,0.5,0.5,0.3,,,,0.5,0.4,,0.5,0.4,0.3,,,,0.6,,0.4,0.2,0.4,0.4,0.4,0.3,,0.3,0.7,,,,0.7,0.6,,0.5,0.7,0.7,0.4,0.5,,0.2,0.2,0.3,0.1,0.2,,0.5,0.3,,0.3,,0.4,0.5,,0.4,0.4,,0.6,0.3,0.7,,0.5,0.4,0.4,0.3,0.4,0.6,0.4,,,0.3,0.4,0.4,0.4,0.3,0.4,0.4,,0.8,,,0.5,,0.6,0.5,,0.3,0.3,0.2,0.3,0.4,0.5,,0.3,0.4,0.3,0.2,0.4,0.4,0.3,0.4,0.5,0.5,0.4,0.6,0.5,0.5,0.5,0.4,0.3,0.5,0.4,,0.5,0.6,0.5,0.4,0.3,0.5,0.3,1.2,0.8,0.7,,0.9,0.7,,,0.8,0.5,0.2,0.8,,0.5,0.5,0.6,0.4,0.3,,,0.1,0.3,0.4,0.1,0.2,0.4,0.6,0.4,0.5,0.5,0.6,0.5,,0.5,0.5,0.8,0.8,0.6,0.9,0.8,0.7,0.8,,0.9,0.4,0.8,0.7,0.6,0.7,0.6,0.6,0.5,0.5,0.6,0.4,0.5,0.6,,0.5,0.4,0.6,0.6,0.6,0.5,0.6,0.4,0.4,0.6,0.6,0.5,0.5,0.4,,0.7,0.4,0.4,0.5,0.5,0.5,0.4,0.5,0.4,0.4,0.4,0.4,,0.5,0.4,0.5,0.6,0.6,0.5,0.5,0.5,0.6,0.5,0.5,,,0.6,0.5,0.7,0.4,0.6,0.6,0.7,0.5,0.5,0.5,0.3,0.4,0.6,0.6,0.5,0.6,0.4,0.7,0.6,0.5,0.3,0.4,0.5,0.4,0.4,0.5,,0.5,0.6,0.6,0.7,0.9,0.3,0.5,,,0.8,0.5,0.8,0.3,0.6,,0.4,0.5,0.5,0.6,,,0.6,0.3,0.4,0.4,0.5,0.7,0.6,0.5,0.6,0.5,0.7,,0.4,0.3,0.3,0.3,0.3,0.4,0.2,0.4,0.2,0.4,0.4,0.3,0.4,0.8,0.7,0.7,0.7,0.5,0.7,0.4,,0.7,0.9,0.7,0.8,,0.6,0.5,0.5,0.4,,,,0.8,0.3,,,,0.4,0.5,0.7,0.5,0.7,0.3,0.8,,0.8,0.7,0.8,0.8,0.6,0.7,0.9,0.7,0.6,0.9,0.6,0.4,0.5,0.7,0.7,0.7,,0.5,0.8,0.7,0.7,0.7,0.6,0.7,0.7,0.6,,0.4,1,0.5,0.4,0.5,0.3,0.6,0.7,0.5,0.6,0.5,0.6,0.3,0.5,0.2,0.3,0.3,0.3,,0.7,,0.3,0.6,0.3,0.8,0.5,,0.6,0.7,,,0.5,0.6,0.6,0.3,,0.2,0.5,0.2,,0.2,0.1,0.2,0.4,0.3,0.2,0.1,0.2,0.2,0.3,,,,0.3,,0.4,0.7,,0.4,0.4,0.5,0.6,0.5,0.2,0.3,0.4,0.4,0.4,,0.3,,,0.9,,0.8,0.6,0.7,0.4,0.6,0.5,0.3,0.4,,0.5,0.3,0.6,0.5,0.4,0.4,0.5,0.6,0.7,0.9,0.4,0.6,0.6,0.3,0.5,0.4,0.7,0.7,0.7,0.4,,0.5,0.5,0.4,,0.6,0.6,,0.4,0.7,0.7,0.6,0.6,,0.6,0.6,,,0.5,0.5,,0.6,,0.7,0.5,0.6,0.5,0.6,0.5,,0.7,0.7,,0.6,0.6,,0.6,,0.9,0.8,0.8,,0.7,0.8,0.3,0.2,0.1,,0.5,0.6,0.6,1,1,0.4,0.2,0.6,0.7,0.5,0.7,0.5,0.7,0.3,1.1,1.8,0.7,0.6,0.6,0.7,0.6,0.4,0.6,0.5,0.7,0.6,0.6,0.8,0.6,0.5,0.4,0.5,0.2,,0.1,0.4,0.4,0.3,0.4,0.3,0.5,0.4,0.6,0.3,0.5,0.6,0.7,0.6,,0.9,0.8,0.8,,0.5,0.6,0.5,0.4,0.7,,0.6,0.3,0.3,,0.7,,0.7,0.3,0.4,0.3,0.4,0.7,0.4,,,,0.5,,0.5,,0.4,0.4,0.2,,0.6,0.6,0.6,0.6,0.6,,0.6,,0.4,0.6,0.5,0.5,0.5,0.7,,0.7,0.6,0.5,0.7,0.6,0.6,,0.7,,,0.8,0.3,0.3,0.5,,0.7,0.8,0.7,0.7,0.7,0.4,0.5,0.7,0.6,0.7,0.8,1,0.9,0.7,0.4,0.3,0.3,0.5,0.8,0.4,0.6,0.7,0.7,0.5,0.8,,1.3,2.6,2.3,1.1,0.6,0.7,0.9,0.8,,,,,0.5,0.5,,0.6,1,0.5,0.3,0.3,0.4,0.4,0.7,0.5,0.7,0.5,0.4,0.5,0.5,0.9,0.7,0.8,,0.7,0.6,0.8,,0.7,0.6,,0.6,0.7,0.8,0.6,0.9,0.8,0.5,0.5,0.6,0.6,0.7,0.7,0.7,,0.5,0.6,0.3,0.4,0.3,0.3,0.6,0.6,0.5,,0.6,0.4,0.3,0.4,0.3,0.2,0.5,0.1,0.1,,0.5,,0.4,0.4,0.4,0.2,0.2,0.4,0.1,0.2,0.3,,,0.3,0.4,0.4,0.6,0.2,0.3,0.1,0.6,,,0.6,,0.7,0.3,0.7,0.5,0.5,0.7,0.3,0.6,0.4,,0.6,0.7,0.7,0.5,0.6,0.4,0.3,0.3,0.3,0.6,0.6,0.1,0.4,,0.5,0.3,,0.5,0.4,0.5,0.6,,,0.6,0.5,0.5,0.5,0.4,0.5,0.8,0.8,0.5,,,0.4,0.6,0.7,0.8,0.6,,0.5,0.6,0.4,0.7,0.7,0.5,0.4,,0.4,0.7,0.8,,,0.8,0.9,,0.6,0.6,0.5,,0.5,,0.8,0.7,,,,0.4,,,0.6,0.5,0.4,,,0.3,0.4,0.2,0.2,0.4,0.3,0.3,0.4,0.3,0.4,0.4,0.6,0.5,0.4,0.5,0.6,0.7,0.5,0.6,0.6,0.4,0.3,0.6,0.4,,0.6,0.5,0.5,,0.3,0.4,0.5,0.5,0.6,0.4,0.5,0.4,0.4,0.5,0.4,0.4,,,0.5,0.7,0.7,0.7,0.5,1.4,0.4,1,0.4,1,1.1,0.6,0.6,0.5,0.6,0.7,0.6,,,0.4,0.8,0.6,0.6,0.3,0.3,,0.7,0.4,0.5,,0.5,0.6,0.4,,0.4,0.5,0.5,0.5,0.6,0.5,0.6,0.5,0.7,0.5,0.6,0.7,0.6,0.4,0.5,0.7,,0.3,0.4,0.3,,0.7,0.5,,0.6,,0.4,,,,0.4,0.5,0.6,0.5,0.6,0.7,,0.7,,0.4,0.4,0.4,0.4,0.6,0.5,0.5,0.4,0.5,0.5,0.6,0.4,0.1,0.5,0.4,0.3,0.5,0.6,0.5,0.5,0.3,,0.5,0.3,0.7,0.3,0.6,0.7,0.3,1.1,1.5,0.8,1,0.3,0.4,0.6,0.9,,0.5,0.6,0.6,0.4,0.5,1.1,0.9,0.6,1,1.3,0.5,0.6,0.7,0.4,0.6,,0.5,0.7,0.5,0.6,0.7,0.5,0.5,0.6,0.5,0.8,0.7,,0.5,0.5,0.4,,0.4,0.5,0.5,0.5,,0.5,0.5,0.6,,0.6,0.6,0.5,0.7,0.7,0.8,0.9,0.7,0.6,0.6,0.6,0.5,0.5,,0.5,0.4,0.6,1.2,0.7,,0.8,0.9,0.4,0.7,0.9,0.7,0.6,0.8,0.8,0.7,0.7,0.7,,0.6,0.7,0.4,,1,1,,0.5,0.4,0.5,0.4,,0.7,0.6,0.7,0.9,1.1,0.8,0.6,0.6,0.7,0.5,0.6,0.4,0.6,0.6,0.5,0.5,,0.5,0.9,1,1.4,0.5,0.5,0.6,0.5,0.6,0.6,0.6,0.6,0.6,0.7,1.3,0.9,0.9,0.8,1.3,0.6,0.5,0.5,1.2,0.9,0.4,0.4,0.5,0.9,0.8,0.9,0.7,0.4,0.8,0.5,0.7,0.6,0.5,0.6,0.7,0.7,0.8,0.5,0.5,0.5,0.7,0.7,0.5,0.6,0.5,0.7,0.7,0.8,0.8,0.5,0.5,0.5,0.3,,0.4,0.3,0.3,0.3,0.3,0.5,0.4,0.4,0.5,0.6,0.4,0.6,0.5,0.3,0.4,,,0.4,0.4,0.7,,0.6,0.4,0.4,0.3,0.4,0.5,,0.3,0.5,0.3,,,,,0.5,0.5,0.5,0.6,0.6,0.3,0.2,0.4,,0.3,0.5,0.5,0.4,0.6,0.6,0.4,0.7,1,0.7,0.7,,,,,0.3,0.3,0.5,0.5,0.5,0.5,0.4,,0.4,0.5,0.4,0.3,0.4,0.8,0.7,0.6,0.5,0.5,0.7,0.6,0.6,0.6,,0.5,0.4,0.3,0.3,0.3,0.3,0.6,0.5,0.5,,0.3,0.6,,0.8,0.6,,0.4,0.2,0.5,,0.4,,0.3,,0.6,0.7,0.5,0.8,0.7,0.7,0.4,0.5,0.4,0.5,0.4,0.4,0.5,0.5,,0.6,0.6,0.2,0.5,0.7,0.3,,0.2,0.3,0.3,0.3,0.4,0.3,,0.7,0.8,0.3,0.1,0.5,,0.2,0.2,0.2,,0.4,0.7,0.6,0.4,0.5,0.3,0.4,,0.3,0.3,,0.4,0.4,0.4,0.3,0.8,0.6,0.2,0.3,0.3,,0.7,0.1,0.4,0.3,0.3,0.2,0.5,0.5,0.3,,,0.6,0.9,0.7,0.8,,0.3,0.5,0.7,0.4,1.8,0.3,0.4,0.7,0.7,0.4,0.7,0.7,0.6,,0.5,0.6,0.4,0.7,0.4,0.4,0.5,,0.4,,0.3,0.9,0.6,0.5,0.9,1,0.5,0.5,0.4,0.5,0.7,0.5,0.4,0.4,,,0.5,0.4,0.3,0.7,,0.7,0.5,0.5,0.6,,0.4,0.4,,,0.2,0.4,0.3,0.5,0.4,0.5,0.3,0.2,0.4,0.5,0.6,0.6,0.3,0.4,0.7,,0.9,0.5,,0.4,0.6,0.3,0.4,0.2,0.5,0.4,0.5,0.6,0.7,0.5,0.4,0.4,0.7,0.4,0.8,0.3,0.3,0.5,0.4,0.6,0.3,0.6,0.8,0.4,0.5,0.5,0.4,0.5,0.4,0.4,0.2,0.7,0.6,0.4,0.5,0.6,0.6,0.7,0.5,0.6,0.4,0.8,0.6,0.7,0.5,0.7,0.6,,0.5,0.5,0.3,0.4,0.7,0.5,0.6,,0.5,0.5,0.3,0.4,0.3,0.3,0.4,0.5,0.4,0.9,0.3,0.6,0.5,0.5,0.5,0.3,0.6,0.5,0.8,,0.6,0.4,0.4,0.5,0.4,,0.3,0.4,0.4,0.3,0.4,0.2,0.4,0.3,0.4,0.6,0.4,0.5,0.7,0.6,0.3,0.2,,0.6,,0.5,0.6,0.6,0.6,0.4,0.6,0.6,0.7,0.8,0.6,0.7,0.6,0.4,0.5,0.5,0.6,0.6,0.5,0.4,0.5,0.6,0.6,0.8,0.7,0.2,0.4,0.5,0.9,0.3,0.7,0.4,0.6,0.7,0.6,0.8,0.8,0.3,0.5,0.6,0.5,,0.3,0.6,0.5,0.5,0.7,0.6,0.4,0.5,0.6,0.5,0.7,0.7,0.4,0.6,0.3,0.5,0.4,0.5,0.3,0.5,0.5,0.6,0.2,0.6,0.1,0.3,0.2,0.3,0.4,0.3,0.6,0.5,0.5,0.3,0.5,0.5,0.9,0.7,0.2,0.6,0.7,0.7,0.6,0.5,0.5,0.6,0.6,0.7,0.9,0.7,0.3,0.3,0.4,0.4,0.3,0.2,0.4,,0.4,0.6,0.5,0.6,0.3,0.5,0.6,0.3,0.5,0.2,,0.3,0.4,0.4,0.2,0.5,0.4,0.3,0.5,0.3,0.4,0.5,0.3,0.4,,0.5,0.5,0.7,,0.3,0.5,0.5,0.7,0.5,0.4,0.4,0.4,0.6,0.7,0.5,0.3,0.3,0.5,0.7,0.7,0.5,0.4,0.6,0.5,0.4,0.7,0.4,0.4,0.5,0.5,,0.2,0.4,0.5,0.7,2,0.6,0.5,0.4,0.5,0.5,0.5,0.6,0.4,0.4,0.7,0.6,0.4,0.7,0.4,0.5,0.5,,0.6,0.6,0.4,0.5,0.3,0.2,0.7,0.8,0.9,0.5,0.5,0.4,0.4,,0.4,0.6,0.7,0.7,0.6,0.4,0.4,0.3,0.4,,0.6,0.5,0.7,0.8,0.6,0.4,0.6,0.4,0.4,0.4,0.4,,0.5,,0.5,0.6,,1.2,0.5,0.3,0.4,0.5,0.5,0.5,0.3,,0.4,0.6,0.6,0.5,,,0.9,0.6,0.4,0.3,0.6,0.5,0.8,0.6,0.8,0.4,0.8,0.2,0.3,0.1,0.4,0.3,0.4,0.3,0.2,0.4,0.5,0.6,0.6,0.6,0.7,0.6,0.8,0.7,0.6,1,0.6,0.4,0.6,0.6,0.5,0.6,0.5,0.3,0.7,0.1,0.4,0.5,0.5,0.5,0.9,0.6,0.6,0.6,0.5,0.5,0.4,0.5,0.5,0.7,1,1,,0.8,0.3,0.5,0.6,0.6,0.4,0.6,0.5,,0.6,0.4,0.4,0.4,0.5,0.5,0.9,0.6,0.7,1,0.5,0.4,0.3,0.4,,0.6,0.5,0.2,0.3,0.8,0.7,0.4,0.8,0.6,0.5,0.6,0.4,0.6,0.6,0.5,0.6,0.5,0.9,0.8,0.3,0.4,0.7,0.8,0.6,0.5,0.6,0.6,0.5,0.4,0.4,0.2,0.4,0.8,0.1,0.4,0.1,0.4,0.3,0.5,0.4,0.6,0.5,0.7,0.5
20210719,14,AQI,36,30,38,37,36,36,30,35,35,34,32,39,,,38,,45,50,38,,48,,,48,,47,49,,36,41,35,35,35,40,33,,50,43,,49,45,27,34,35,,34,,48,49,54,38,37,44,42,42,32,,,37,38,38,42,35,34,,45,,65,,71,41,40,38,48,,,,33,,31,29,,34,28,,29,36,33,,45,43,,,47,46,45,43,34,34,35,,32,38,40,36,38,,,32,26,28,28,30,34,28,27,29,27,32,32,31,32,,33,32,30,31,32,45,44,45,,43,43,49,,43,41,40,43,25,26,24,23,24,,40,22,24,20,38,38,,38,37,,35,39,43,26,,34,,32,33,32,35,43,41,41,36,40,29,,,,44,35,,49,39,35,,,,68,,46,43,46,47,35,43,,41,74,,,,60,73,,79,73,89,36,37,,39,31,31,30,29,30,33,30,,,,33,30,,64,,,53,48,72,,63,55,47,42,19,30,23,,,,30,24,,31,32,40,,,,,42,,45,44,,32,20,19,14,14,13,,34,37,40,40,38,26,28,27,45,63,49,59,52,,51,44,51,46,21,,20,22,22,14,35,38,38,29,29,31,,39,32,,,28,74,101,40,,,106,52,104,25,,,25,25,26,29,27,28,33,26,30,23,43,28,,37,26,27,30,28,28,28,,26,,34,32,93,50,46,74,47,55,48,55,47,42,26,29,,26,24,28,26,27,23,23,25,,,9,11,12,17,,15,15,20,16,11,12,12,15,32,22,34,27,,34,24,24,18,18,,17,29,30,28,27,,,26,26,21,18,16,16,15,16,30,28,27,26,78,79,88,74,51,55,60,43,32,28,24,23,28,30,,38,,43,44,41,40,42,,,44,36,36,44,37,,103,95,80,46,,,107,45,32,29,36,39,31,29,,30,28,,23,19,23,24,,23,26,28,25,28,27,22,,48,26,21,36,46,44,27,,80,33,36,,,102,49,101,89,,,,69,58,,,,68,74,41,32,39,36,79,,40,73,53,90,50,50,42,64,,42,44,35,,79,,48,,48,46,49,46,63,60,52,50,59,,32,33,32,28,23,26,29,30,27,30,30,31,34,39,33,33,30,30,,33,,,35,36,29,52,,53,42,,,,40,37,43,,33,38,36,,38,46,37,34,42,32,29,30,30,34,,,,40,,34,37,,41,49,55,45,25,25,28,34,38,38,,35,,,29,,30,31,32,25,26,25,32,25,,35,31,34,33,33,33,35,,33,32,23,24,29,16,19,16,21,26,,17,,22,28,23,,38,35,,24,30,31,25,27,,28,16,,,58,57,,36,,36,,38,38,21,32,,25,23,,36,35,,48,,34,34,39,,34,30,32,32,33,,26,25,27,28,27,25,20,46,48,38,41,36,38,,23,,42,26,24,34,47,32,33,32,36,35,37,47,37,29,,34,46,,39,28,29,29,32,25,32,,30,27,31,45,49,46,,,,46,,,36,,,28,,37,25,24,,14,,24,15,18,22,55,52,41,,,,48,,59,,22,21,,,36,50,42,21,20,,23,,39,40,37,45,47,40,,35,31,38,45,36,40,,33,,,,30,27,25,,31,43,41,45,20,27,24,28,45,,43,74,54,41,22,20,32,33,39,,37,36,35,41,39,,47,,45,46,32,37,47,32,,,,,40,45,,44,36,43,46,44,36,36,40,35,34,,40,24,27,32,,34,,26,26,29,,32,33,,,33,43,40,38,41,43,41,41,34,36,36,34,,153,135,500,93,75,52,,35,38,,37,36,56,22,,37,36,44,44,,,,,25,25,28,,28,,,,,,28,24,34,,,23,,,,,36,,33,39,39,45,48,47,40,45,30,,48,,50,55,52,57,60,43,42,42,44,29,25,,47,36,,35,35,36,32,,,48,,25,24,,45,58,55,,,,63,21,23,21,21,,22,,,34,36,34,28,,28,27,29,,,35,37,,40,29,,,29,,60,65,,,34,30,,,72,80,44,,,27,,33,32,70,78,72,29,29,29,30,26,,29,24,32,35,39,30,34,29,43,38,23,,47,47,30,,27,26,25,28,36,36,34,29,25,32,32,43,,,36,39,38,41,50,31,24,38,29,27,27,29,57,34,52,41,49,,,34,25,26,29,44,43,,35,42,48,,43,46,45,,53,56,46,43,45,34,32,43,40,65,47,65,29,37,28,36,,43,36,,19,70,,,48,,39,,,,34,34,35,31,39,,,39,,42,44,45,23,,24,54,25,30,34,32,30,29,27,27,27,34,37,43,45,32,,27,25,26,29,,27,23,38,39,36,38,29,28,27,26,,36,32,33,33,29,39,36,37,38,41,33,34,33,33,36,,31,35,39,38,33,39,33,31,23,,35,,46,53,52,,45,49,47,,,42,40,40,,66,53,46,48,46,,19,22,20,20,47,42,49,,20,18,29,34,38,,36,41,,24,,,32,33,27,33,40,44,,34,38,32,,32,34,,38,31,38,29,,30,30,29,29,27,49,37,,,41,,,,44,49,42,,44,46,50,43,26,34,32,32,31,39,37,49,39,40,29,35,33,36,45,,29,31,52,30,22,23,25,27,26,47,44,30,20,23,,34,36,48,55,46,46,34,48,29,52,54,38,37,,,30,53,59,22,25,39,41,,,,32,35,35,55,74,65,49,29,35,35,37,40,45,,,36,36,36,,37,35,38,36,40,51,,44,39,40,,,,,44,43,42,41,43,38,,37,,37,41,47,,49,44,28,25,38,25,,,,,,31,27,22,23,23,25,30,,25,40,37,37,37,39,38,42,24,25,30,,29,,,15,16,18,18,22,12,44,43,30,,22,24,,36,37,,22,21,29,,32,,37,,20,18,35,37,37,37,38,40,40,41,30,33,31,30,,46,,,70,44,61,,475,500,42,42,134,125,,33,30,44,44,46,,49,59,45,,43,102,45,46,38,40,48,,47,63,,57,,,43,36,51,37,37,39,,41,39,36,30,31,33,35,37,35,,,41,36,40,29,,30,38,,57,47,51,22,26,45,50,46,38,30,,28,36,72,79,22,46,47,,39,,42,43,107,29,13,13,500,,,46,34,37,47,31,,,57,,32,49,,53,72,50,41,,,60,,,28,83,63,21,46,38,25,20,29,49,31,37,50,41,36,,39,38,,25,35,55,47,37,,26,41,15,,30,31,,47,42,82,30,32,34,32,33,38,47,39,26,25,26,24,32,49,39,33,30,33,48,44,34,35,33,37,58,40,41,30,26,,42,22,,44,34,38,22,39,30,32,,40,93,36,44,35,31,36,48,74,,92,,33,88,,34,61,45,40,,30,100,47,64,67,,252,25,17,28,,22,27,24,25,17,34,37,50,63,40,33,,38,,,33,,49,33,20,25,25,23,23,19,19,12,12,13,17,28,25,14,24,18,25,26,39,35,43,37,50,48,54,49,36,70,37,38,37,23,23,37,38,,15,20,26,30,35,28,35,52,52,36,27,34,31,36,21,33,40,101,95,83,50,40,24,43,40,34,31,39,30,32,52,49,57,22,28,26,31,26,44,30,29,37,35,28,50,53,,35,43,60,39,33,32,30,32,25,38,,,39,32,48,42,39,50,48,32,61,,48,48,43,40,42,31,36,26,40,50,59,35,49,,22,24,18,,,15,24,34,20,16,20,16,26,27,45,55,41,40,64,,37,47,46,48,39,50,42,22,53,46,,57,25,52,45,33,29,29,21,53,26,44,84,46,44,48,38,44,,42,30,28,,41,60,47,44,25,25,,41,40,36,44,44,79,,43,53,35,35,17,45,32,33,45,,30,43,35,34,36,25,28,29,30,21,21,,20,,43,35,,,29,,21,42,38,31,56,,23,40,41,37,,,40,40,39,35,28,52,64,48,53,50,51,47,46,36,33,50,48,35,51,54,38,28,,33,28,52,36,20,39,36,,23,46,29,,30,43,44,41,128,151,30,39,30,30,24,59,30,11,38,26,25,27,,68,55,,48,32,19,26,38,47,45,24,25,45,40,40,59,47,59,33,31,43,43,29,70,26,40,,41,,22,38,23,39,42,33,27,37,52,34,40,40,36,46,65,48,48,35,40,30,59,,33,39,38,29,,48,41,,37,32,33,31,45,24,46,55,38,,37,45
20210719,14,PM2.5,23,20,21,22,24,25,21,22,24,23,22,16,,,19,,22,14,19,,20,,,12,,29,14,,15,22,9,23,19,16,23,,33,30,,28,31,14,12,12,,10,,33,34,20,21,19,13,28,11,12,5,,15,14,14,29,24,17,,31,50,22,,34,26,8,19,20,20,,14,10,,12,17,,7,13,21,18,25,7,,8,11,,,10,11,13,8,9,8,11,,12,10,10,12,9,,14,11,6,10,9,8,11,8,7,11,7,9,8,9,9,8,7,7,8,8,8,16,19,31,,18,24,19,,25,19,18,12,9,18,9,9,12,,9,8,7,12,9,17,9,5,24,24,19,17,14,17,,10,12,9,15,10,11,17,13,10,10,6,7,,,,25,22,,34,17,18,,,,23,,12,9,7,12,12,7,,7,10,,,,13,10,,17,23,18,14,8,,14,12,10,6,14,12,8,9,,5,,16,16,,20,28,,22,24,20,,22,21,21,15,6,21,7,,,,4,6,28,17,15,19,,10,,,16,,13,17,,12,12,13,3,5,3,,20,12,18,20,18,,11,7,27,24,31,27,29,,31,27,29,17,9,,8,6,7,,14,17,9,10,17,8,,12,5,,,10,24,22,18,,,24,22,22,5,,,7,5,5,2,5,7,22,18,19,16,30,18,,19,18,7,12,17,11,19,17,11,,20,13,26,29,26,48,18,19,23,20,25,10,14,14,,12,10,6,13,14,13,15,11,,,1,,2,3,,1,1,3,5,1,3,4,10,11,10,15,7,,12,12,2,6,7,8,2,6,6,4,6,,,13,10,13,3,3,4,5,2,14,14,13,11,25,29,25,25,24,22,27,18,10,11,6,8,9,12,,8,,6,10,5,5,10,,,7,5,14,9,5,,28,32,25,20,,,28,23,7,19,14,22,12,17,,14,9,,7,6,6,5,6,14,4,13,6,4,6,6,28,21,18,13,25,20,26,14,,21,20,18,,,15,5,21,13,,,,11,15,,,,10,22,7,15,18,13,16,,13,34,32,37,23,31,18,17,,18,16,24,16,18,14,20,,33,11,11,9,12,19,5,17,19,,6,9,7,10,11,18,12,8,9,12,18,17,21,19,10,8,8,9,,13,,10,9,9,12,23,,17,17,,,,9,16,13,,13,13,8,,14,24,12,12,15,12,9,7,6,7,,,,17,,13,12,,9,17,21,15,7,7,1,19,10,26,,19,,,18,,7,21,20,17,11,15,18,11,,18,12,21,15,16,13,24,19,14,7,14,12,13,9,3,8,10,7,8,11,,15,13,11,,18,19,,16,20,18,12,17,,16,6,,,40,40,,11,,9,,4,12,7,22,,17,16,,18,20,,33,,13,17,27,,16,17,4,9,2,,6,6,5,9,9,6,8,16,18,11,16,10,15,,12,21,8,9,,13,20,12,16,11,7,10,16,12,9,12,,16,15,,27,8,4,5,6,5,10,,14,6,13,22,23,17,,,22,21,,27,20,21,,16,,17,10,12,,6,,5,10,7,15,30,31,26,,,,33,,42,,8,13,,,17,35,29,4,4,,,,9,12,12,15,15,11,,18,17,10,25,14,20,,17,,,13,3,8,10,,21,23,27,23,9,7,5,10,31,,27,17,38,18,7,6,8,10,6,8,9,12,10,11,10,,24,11,26,7,16,14,19,14,,,,,5,8,,6,9,15,11,14,13,19,14,13,19,,15,8,4,22,25,16,,18,15,20,,11,6,,6,11,13,16,10,8,17,11,19,14,14,15,19,,40,30,149,8,13,12,,22,6,,16,11,11,10,1,11,16,5,5,,1,,,5,5,6,,11,,,,,,3,2,10,,,4,,,,,8,,8,9,3,12,12,11,14,17,8,,12,10,17,13,17,18,20,16,15,27,27,4,7,,24,16,,12,12,12,16,,,19,7,11,10,11,25,34,37,39,,,12,2,9,10,5,,2,,15,9,12,15,12,,17,14,20,,,19,15,,9,12,13,,6,,25,9,,,10,18,,,20,25,25,,,16,15,2,3,11,19,6,10,14,11,14,13,6,6,8,13,8,6,5,7,14,15,18,13,,16,12,5,,8,3,12,6,12,13,17,20,11,17,6,22,,,11,11,8,17,18,12,15,26,20,13,10,7,22,15,32,21,33,,,4,17,15,17,23,24,,24,27,18,,22,24,27,,25,28,32,25,20,16,12,17,28,39,27,38,13,22,9,12,,13,21,3,2,25,,,29,,23,,,,2,18,15,16,19,21,,10,,25,22,22,9,12,7,10,15,14,11,12,12,12,14,17,12,13,7,13,10,12,,6,12,12,18,20,8,6,12,22,12,26,18,12,17,13,,5,19,9,9,9,18,16,9,21,16,17,12,14,17,14,,20,9,17,20,16,17,18,17,5,15,12,,24,33,29,,31,34,30,20,,20,19,28,,26,32,29,28,30,1,8,15,9,11,31,26,31,,12,10,20,14,10,,19,16,,11,5,12,10,12,18,23,22,27,,17,16,17,,11,20,,26,6,11,9,,12,11,8,2,7,18,15,,,17,,31,,28,34,29,,7,4,9,6,15,17,20,21,5,10,11,14,19,16,16,17,19,14,31,10,20,11,36,7,10,7,14,18,18,19,19,11,8,10,,12,24,33,39,29,29,20,33,15,31,37,5,16,,15,16,37,42,10,5,4,8,,7,3,11,7,4,12,6,11,5,13,11,8,12,5,4,,,24,22,19,,20,19,8,11,13,30,,11,18,10,,,,,5,5,4,8,8,5,6,10,,4,16,10,12,6,14,16,17,26,16,20,,,,,7,6,10,9,6,17,19,,14,7,6,13,10,8,7,9,11,5,6,11,5,5,,7,11,5,4,15,4,14,5,8,,8,2,,8,1,,2,6,4,,6,,16,,5,5,15,13,13,10,6,5,6,7,9,11,10,8,,13,,,6,14,24,,174,260,7,5,31,31,,7,5,5,6,6,,12,6,7,,9,8,8,12,5,6,10,,7,19,,7,,,8,18,15,6,9,1,,10,8,10,9,5,6,11,2,9,,,8,9,14,12,,6,9,8,15,27,22,2,16,16,14,18,14,21,,4,13,18,18,8,15,19,,27,,11,17,31,17,1,6,173,4,25,14,9,19,17,6,,,40,12,15,18,,11,17,23,20,,,29,,,,21,10,6,32,19,6,,7,20,9,9,7,6,16,,18,15,,10,18,17,14,5,28,17,22,10,6,7,15,7,20,29,1,7,16,1,22,7,3,22,18,7,7,12,8,2,18,13,12,6,23,16,4,19,20,16,22,41,10,16,16,13,15,20,14,,24,11,7,9,5,8,8,,20,4,14,17,24,13,3,19,16,5,14,,23,20,12,12,40,10,13,,7,10,16,12,12,,86,9,6,7,5,7,9,10,6,3,12,8,8,4,7,4,,23,,11,7,,18,13,7,9,12,11,6,4,3,3,5,4,3,19,14,,14,8,12,10,22,8,23,22,23,24,20,29,21,27,17,16,12,11,16,24,26,,5,11,6,12,18,9,4,36,36,18,9,9,8,11,5,8,18,22,19,17,16,17,4,6,19,9,5,15,5,2,18,21,34,13,7,13,14,11,4,2,16,17,8,9,24,26,22,18,5,36,12,12,10,14,14,9,26,,14,24,22,17,11,14,21,25,8,12,24,15,15,14,9,29,10,14,5,9,12,15,6,21,,13,9,7,9,4,7,8,17,9,2,8,5,11,5,31,25,23,28,46,9,17,18,21,22,20,26,22,14,37,31,,40,6,34,31,6,8,5,5,,9,19,21,23,12,19,7,10,,12,5,12,,18,17,14,16,6,9,26,6,8,7,8,17,10,,11,8,20,12,4,16,12,13,19,,10,28,14,22,22,7,19,12,6,9,10,,2,,3,16,,,12,,9,17,14,10,17,,9,6,15,14,,,28,22,8,21,10,36,46,33,36,35,24,26,32,25,17,20,19,21,27,38,23,12,,23,19,36,23,3,17,13,,7,17,12,38,21,9,5,7,30,45,8,14,9,14,5,21,18,2,26,14,9,12,9,6,10,,24,21,13,18,17,22,6,2,7,28,9,17,42,12,9,16,7,9,20,15,28,11,14,,14,14,8,6,10,25,29,8,15,18,36,16,28,10,25,19,34,14,11,14,25,4,32,32,10,27,26,19,,16,21,23,22,18,9,9,13,8,25,33,3,,7,31
20210719,14,PM2.5_24h,13,14,14,13,12,14,13,17,14,16,15,15,,,30,,24,18,29,,27,,23,20,,25,19,,17,20,12,16,14,23,20,,27,31,,35,26,14,24,18,,21,,16,18,14,22,20,15,22,16,14,10,,12,6,14,28,26,21,,35,21,13,,12,27,19,24,14,15,,15,12,7,3,15,,10,13,16,12,13,12,,11,11,,,9,10,12,12,16,18,17,,17,16,20,19,19,,19,15,16,16,14,14,13,15,15,16,10,19,15,23,15,14,12,9,14,15,17,10,11,14,,12,13,13,,15,10,14,9,11,17,12,14,11,,13,13,12,15,15,13,17,11,21,21,10,17,15,18,,11,10,10,22,12,13,13,13,11,19,14,7,,,,23,19,,22,18,18,,,,20,,8,15,11,10,14,13,,12,12,,,,16,15,,22,23,25,17,17,,18,14,13,17,17,15,10,11,,12,,15,15,,16,18,,20,18,18,,18,20,20,15,14,11,10,,,8,8,8,16,14,12,16,,13,,,15,,13,15,,10,12,14,10,9,9,,18,15,17,16,14,17,13,18,15,10,16,12,13,15,15,15,11,13,6,,11,8,7,8,13,13,10,13,16,15,,17,6,,,15,20,15,20,,24,18,18,19,11,,,6,6,7,5,9,11,19,16,17,18,21,15,,15,17,16,15,16,14,26,18,17,,13,10,20,19,17,19,12,15,17,16,16,13,13,14,,12,14,12,14,13,12,13,13,3,,3,3,3,4,,1,2,3,7,2,4,4,13,9,11,13,7,,13,17,10,6,6,7,2,9,10,4,11,,,12,11,10,9,10,12,4,5,18,20,18,18,21,26,22,22,22,20,22,22,8,6,9,6,5,16,,16,20,18,15,15,13,15,,,17,12,19,19,14,,20,22,16,14,,,17,17,12,13,15,24,13,17,24,18,11,,8,5,5,7,6,11,3,6,4,4,8,5,19,19,18,17,20,21,15,15,,20,15,19,20,,22,14,20,17,,,,9,10,,,,15,14,10,20,43,22,17,,16,20,18,20,16,18,13,13,,13,15,22,8,14,13,19,,21,17,20,18,10,18,12,18,17,,14,14,16,15,13,14,15,15,15,11,17,15,22,24,10,9,12,10,,16,,16,13,13,15,21,,20,22,,,18,17,18,21,,17,16,16,,13,18,10,16,17,13,16,10,15,11,,,,15,,14,13,,15,20,16,18,8,7,6,19,16,22,,16,,,16,,14,23,15,10,10,11,12,8,,14,13,15,11,16,11,15,14,14,11,14,13,20,6,8,7,12,12,13,7,,10,13,12,,14,15,,16,15,14,15,15,,17,8,,,23,21,,9,,10,11,9,12,5,9,,9,10,,21,21,,29,,16,22,21,,14,14,10,13,8,,10,10,11,14,18,10,9,23,18,12,17,11,19,10,15,24,10,9,9,30,23,19,26,26,16,12,12,13,16,15,12,12,10,,14,9,7,8,12,8,19,15,16,19,17,19,18,16,,21,16,21,,20,16,16,9,10,,11,11,12,,10,,12,8,8,13,18,16,14,,,,21,,24,,13,16,18,,17,23,18,11,10,,9,,9,7,12,16,14,11,,24,23,16,21,20,20,,16,,,14,8,8,8,,20,35,27,26,16,4,5,13,21,25,27,25,29,25,9,9,13,11,15,16,10,13,14,13,10,,27,14,25,23,18,18,17,11,,,,,9,8,,10,14,15,10,12,13,19,17,15,19,18,11,8,9,19,16,14,,14,15,17,,12,11,,13,20,18,20,20,18,18,15,23,19,18,14,15,,12,12,72,34,16,17,14,7,5,,9,8,11,8,8,14,18,10,10,,7,,,6,6,7,10,13,,,7,,,12,11,15,,,8,,11,,,14,,13,14,10,15,17,17,16,17,14,,21,16,17,18,20,18,17,18,18,19,21,11,12,,20,16,,14,15,10,12,,,17,11,11,8,16,15,15,14,16,,,14,2,6,10,6,,,13,14,10,7,12,17,,18,14,16,,,17,14,,13,11,9,,8,,25,18,,,9,14,,,19,21,26,,,11,15,4,3,16,16,14,19,16,20,20,14,10,11,13,13,17,17,18,16,18,19,20,20,,22,17,13,,8,10,13,15,16,16,16,13,8,15,5,18,,,16,17,13,22,10,24,11,25,17,15,12,28,19,16,21,19,21,,,7,46,45,53,10,11,,33,19,11,,17,17,17,,18,20,18,14,11,20,16,19,13,20,14,22,13,14,10,16,,9,8,9,8,19,16,,16,,16,,,,4,8,7,7,12,12,,10,,17,17,16,8,10,12,10,6,18,17,27,13,12,10,10,9,18,15,12,12,10,,9,13,17,14,17,18,3,17,13,10,15,14,14,20,17,,8,24,20,24,17,13,16,16,15,14,19,17,18,17,17,,18,8,17,15,15,14,15,12,22,24,20,,15,19,21,,16,15,19,19,,16,18,17,,15,18,18,18,19,15,14,16,13,14,19,16,20,,21,20,19,16,15,,17,15,9,14,20,6,13,17,21,19,19,22,,16,15,19,,11,18,,17,7,12,11,,9,9,8,2,7,18,15,,,20,,24,,26,27,27,,8,6,7,6,9,12,12,18,14,16,19,16,23,24,13,17,23,18,28,17,17,12,24,19,9,9,10,20,19,25,22,8,14,12,12,15,12,46,49,46,46,24,26,23,17,32,17,18,25,23,26,42,41,15,9,10,9,,8,6,13,9,11,6,14,14,13,9,9,8,9,8,7,,,16,17,19,,21,10,7,6,7,18,,11,13,9,,,,,14,6,6,6,8,10,11,17,,7,39,7,8,6,12,10,14,19,10,14,,,,,9,10,13,9,7,8,17,,15,7,9,15,15,8,6,5,12,8,16,13,12,10,,12,16,6,5,9,5,10,7,12,,10,6,,10,6,,4,5,3,,12,,8,,5,6,11,18,15,17,10,9,10,11,9,12,9,10,,15,8,4,9,8,21,,53,69,12,8,41,46,,13,13,10,11,5,,16,16,10,,13,15,14,16,6,9,15,,11,13,,16,12,,10,27,26,9,14,6,,13,6,10,12,12,12,20,10,28,,,11,18,15,10,,6,14,12,15,20,11,2,14,29,22,22,14,13,,9,15,18,22,10,16,15,,16,,11,22,23,20,10,10,77,9,19,19,16,12,16,8,,,20,13,15,19,,15,14,18,13,,11,24,,,3,20,15,10,23,18,7,5,8,16,15,17,18,14,25,,24,16,,14,15,11,12,6,31,18,19,16,12,10,13,8,21,12,14,11,21,12,14,15,5,25,12,14,23,15,13,7,23,14,15,12,15,12,7,15,17,18,14,24,12,13,17,16,19,14,10,,17,10,10,4,8,8,7,,15,13,14,20,16,13,6,20,20,15,22,25,20,14,10,9,21,15,12,,13,18,18,19,8,,67,10,10,12,10,13,13,14,10,14,14,11,14,16,10,7,,22,,14,11,6,20,14,11,15,14,13,13,10,8,5,6,5,7,15,16,2,15,6,11,11,16,6,25,27,23,23,17,22,19,15,10,12,11,14,11,15,13,,9,11,7,9,7,8,7,14,16,15,13,18,13,5,13,17,13,12,10,14,14,11,7,14,25,15,11,15,9,9,24,21,18,11,9,11,21,16,4,21,20,14,18,12,23,26,28,15,47,25,14,14,14,13,14,20,21,,11,22,19,16,20,17,20,19,14,18,20,14,16,16,13,18,12,18,3,10,11,15,13,19,,12,10,8,9,6,11,7,11,13,5,9,5,11,11,28,19,21,23,27,27,14,13,17,13,17,19,17,14,20,16,,21,12,23,28,22,16,8,12,6,6,20,13,15,13,17,10,17,20,16,14,16,,22,17,15,17,13,6,31,20,20,14,18,18,12,,12,13,23,15,7,12,14,13,17,,23,26,21,34,31,10,14,10,8,11,12,,11,,14,15,,7,10,9,8,21,21,15,15,,11,13,13,11,,,13,16,10,12,14,22,38,32,35,22,16,14,26,26,20,32,24,18,25,21,15,16,16,12,16,22,17,11,26,29,23,8,16,14,22,17,11,9,17,191,171,8,13,13,18,7,23,16,3,17,7,10,12,9,15,18,,18,15,13,16,9,10,12,6,10,24,16,17,22,10,18,15,16,13,17,14,22,15,11,,9,28,8,14,18,22,18,12,14,15,16,16,12,13,13,18,22,19,14,24,16,7,37,42,13,16,14,20,14,11,13,16,18,17,19,7,13,7,26,23,8,2,14,25
20210719,14,PM10,27,11,34,32,36,35,28,30,30,24,30,29,,,27,,34,36,31,,34,,10,18,,28,28,,12,31,13,17,28,20,20,,50,43,,49,32,22,25,24,,19,,44,37,58,26,28,35,42,34,30,,,17,31,27,34,29,34,,27,72,79,,91,23,20,21,48,22,,9,33,,31,28,,15,21,30,25,36,14,,19,24,,,27,33,37,11,19,16,18,,15,17,20,22,13,,25,18,21,13,14,15,24,15,14,18,10,17,21,27,19,,10,10,26,15,19,37,44,44,,37,38,49,32,43,36,30,33,18,22,20,22,18,,40,22,14,17,25,24,29,24,33,37,27,34,19,14,,13,13,17,33,13,13,24,18,12,23,18,27,,,,44,35,,37,39,29,,,,48,,24,32,23,14,24,19,,14,33,,,,27,27,,27,32,26,29,22,,22,18,16,14,10,10,16,16,,12,,18,22,,57,42,,45,36,40,,49,53,38,28,14,28,18,,,,30,9,49,31,32,40,,17,,,35,,30,29,,32,17,17,7,14,13,,34,34,32,40,27,14,19,11,44,56,43,60,48,,51,44,51,36,10,,9,6,10,10,19,34,38,25,22,22,,39,24,,,26,61,49,39,,,46,54,34,12,,,9,7,9,2,7,14,33,24,30,20,28,28,,37,14,18,30,28,20,26,28,26,,34,15,43,34,19,41,30,29,31,34,32,24,26,29,,26,24,13,26,27,20,23,18,,9,8,11,11,9,,5,5,20,10,6,6,4,9,32,22,34,27,,34,19,9,16,17,25,10,29,20,21,21,,,22,16,14,6,11,9,1,2,30,28,23,26,56,54,50,51,52,42,54,31,32,19,23,23,16,15,,9,,5,28,10,12,17,,,15,8,26,21,15,,48,53,44,43,,,49,34,24,29,36,39,31,29,,27,27,,11,9,,6,,16,9,16,11,9,13,18,42,48,26,21,36,46,44,12,,110,33,36,,,28,22,37,45,,,,24,11,,,,36,21,41,31,13,25,32,,17,43,39,52,48,44,12,24,26,19,24,17,19,30,40,25,,35,26,31,28,44,46,14,44,39,,14,21,13,20,23,26,26,23,12,21,24,30,34,39,24,29,30,27,,9,,19,12,17,9,39,,40,27,,,,23,19,24,,14,18,14,,29,46,29,19,24,9,19,12,12,14,,,,27,,17,27,,38,34,23,24,5,9,2,34,10,22,,27,,,28,,27,31,28,19,26,23,32,18,,21,31,26,33,33,24,34,34,29,29,17,23,29,12,19,8,16,26,21,11,,22,20,22,,38,35,,22,30,31,25,20,,28,,,,65,61,,17,,15,11,26,18,13,17,,22,21,,23,11,,26,,34,17,18,,26,21,12,14,5,,13,16,14,28,25,10,13,36,26,21,34,19,36,,20,,42,21,22,23,47,22,26,24,16,18,18,47,18,16,,34,46,,36,20,14,20,32,12,27,,30,22,20,35,44,34,,45,43,40,,,36,27,40,19,,16,24,15,,9,,24,12,8,19,59,54,41,,,,47,,67,,20,18,,,36,24,30,4,1,,,,19,17,22,21,23,22,,18,24,23,32,12,26,,26,,,22,6,9,7,,31,43,41,45,13,27,15,18,42,,43,98,28,41,8,9,17,12,13,14,13,20,16,21,17,,30,24,16,13,19,9,22,24,,,,,15,20,,11,16,27,36,17,20,15,40,32,34,5,36,14,7,32,54,31,,24,23,24,,22,12,,26,20,22,24,25,19,43,17,23,24,22,24,34,,255,219,762,34,25,25,,22,33,,20,36,62,14,12,18,22,24,24,,9,,,9,9,12,6,15,,,,,,9,8,15,,,13,,19,,,14,,26,20,18,26,24,20,30,28,20,,21,20,30,26,26,28,25,23,23,42,40,7,11,,47,29,,32,28,22,26,,,27,1,11,7,22,45,66,59,54,,,36,11,11,17,12,,9,,19,25,25,23,15,,17,19,22,,,35,37,,40,24,12,,9,,50,40,,,34,30,,,45,57,17,,,21,25,15,20,31,43,15,23,29,18,30,18,,20,14,32,26,20,24,25,29,22,38,23,,44,35,6,,10,11,16,25,33,24,24,24,25,32,32,43,,,36,25,25,13,37,29,17,25,14,8,24,11,63,28,53,41,49,,,12,19,21,25,43,39,,21,31,30,,34,46,36,,56,62,36,36,44,34,30,43,40,80,47,59,23,35,28,25,,12,36,17,14,49,,,48,,34,,,,26,17,34,23,27,37,,28,,36,44,45,22,28,24,58,23,21,17,28,16,18,22,13,17,21,25,28,30,32,,20,21,12,27,28,25,11,25,30,20,29,22,28,22,25,,36,29,25,33,22,39,32,30,38,39,27,29,30,26,36,,31,35,39,38,33,39,33,31,21,29,25,,46,56,53,,39,47,47,44,,34,31,29,,82,56,46,48,46,8,7,8,17,6,47,42,49,,20,9,25,32,38,,35,32,,22,15,20,14,13,22,13,40,44,,16,19,17,,27,24,,35,14,38,23,,6,17,24,20,5,49,30,25,26,33,38,58,36,44,42,42,,15,12,11,10,20,34,32,32,31,37,37,49,31,40,29,35,29,36,36,25,22,27,48,26,12,4,12,16,24,47,44,30,17,23,,25,36,46,54,46,46,28,16,20,53,57,37,24,,32,23,44,33,14,10,11,11,,10,9,14,15,22,25,16,14,13,20,18,20,20,13,6,,,24,31,26,,37,10,26,30,17,52,,22,16,22,,,,,11,10,10,14,13,13,16,12,,15,16,23,26,21,37,11,18,34,25,32,,,,,10,12,14,17,23,16,28,,24,40,2,16,28,11,28,21,16,16,6,16,6,10,,8,11,4,4,3,5,12,11,18,,3,24,,12,8,,12,14,6,,24,,7,,16,7,20,16,19,25,11,8,10,11,30,23,25,14,,31,21,,14,19,71,,575,695,11,14,217,200,,17,11,10,15,11,,25,12,12,,12,18,17,20,12,14,21,,14,60,,32,22,13,17,31,51,25,34,,,21,18,32,13,20,19,20,29,27,,,41,17,38,26,,17,23,14,57,42,51,20,26,23,25,30,23,19,,8,22,34,45,22,23,38,,15,,17,30,59,22,12,11,713,22,56,27,28,27,36,10,,,55,25,22,32,,30,17,25,41,,22,70,,,20,34,26,7,29,31,18,9,17,32,11,16,12,7,23,,33,34,,22,35,57,20,14,27,21,41,6,,18,13,,32,40,15,3,30,9,19,16,16,38,39,26,10,12,9,8,36,28,27,13,27,36,5,21,24,24,37,61,25,23,30,13,33,42,22,,44,34,22,12,19,13,15,,40,34,36,36,8,24,6,25,44,20,133,,26,41,24,34,72,28,24,,9,38,41,27,20,,386,19,11,15,18,16,19,10,19,17,20,4,18,60,19,17,,23,,,7,,32,18,13,21,25,21,21,17,8,9,12,8,7,18,25,7,19,7,16,20,39,6,27,32,36,36,31,49,25,41,27,26,31,20,13,37,32,,7,20,10,6,24,8,8,15,32,20,13,19,5,6,8,11,30,44,48,27,32,25,7,24,29,22,12,27,12,7,41,35,63,20,18,12,19,21,4,9,17,37,25,17,50,56,41,23,10,69,22,21,24,20,24,8,35,,,39,25,42,28,20,24,33,12,71,34,28,24,24,18,22,15,26,9,22,49,35,20,49,,22,14,12,18,7,14,18,34,19,5,14,5,21,10,35,60,26,38,73,35,37,47,24,46,37,50,29,22,50,46,,40,9,54,42,11,17,10,4,17,17,40,38,33,15,34,12,14,,15,9,14,,30,32,29,24,7,7,31,18,12,24,27,19,14,,14,16,17,13,8,41,26,23,28,,10,43,35,26,36,11,27,18,19,18,19,,20,,29,7,,,29,10,15,24,30,16,62,,15,20,33,6,,,23,30,21,33,26,48,53,48,56,39,52,22,37,16,29,50,48,30,52,50,38,28,,28,24,36,36,6,36,20,,5,46,14,48,30,26,20,24,206,252,14,21,29,12,18,68,30,8,22,21,19,27,26,22,33,,36,32,11,13,38,37,18,9,9,38,13,20,58,14,36,22,16,12,43,29,47,21,34,,41,20,15,32,20,22,32,33,22,27,43,19,30,15,21,46,59,29,48,35,40,20,68,,15,31,36,15,,31,34,40,37,32,33,22,45,11,46,51,5,,11,34
20210719,14,PM10_24h,19,24,22,19,21,23,22,27,27,22,23,24,,,47,,43,44,50,,45,,32,31,,31,35,,25,26,24,18,24,22,18,,52,49,,46,50,21,35,31,,40,,24,24,33,30,33,33,36,26,30,19,,25,24,24,39,36,37,,37,37,34,,46,38,37,39,22,18,,10,17,15,20,26,,17,21,23,25,26,22,,25,21,,,23,28,31,27,27,37,36,,40,29,35,32,31,,32,26,26,19,20,18,22,17,21,24,15,40,40,60,37,33,21,17,46,30,40,21,29,27,,33,31,36,34,31,23,37,34,24,24,22,27,24,,34,21,21,23,34,26,34,28,37,40,28,35,28,21,,20,19,28,39,19,22,20,19,21,26,22,19,,,,36,31,,38,39,31,,,,47,,24,34,27,20,24,27,,26,34,,,,30,32,,34,36,40,31,27,,27,25,25,19,21,24,25,19,,18,,32,26,,39,25,,43,33,36,,44,41,35,33,22,16,19,,,13,21,15,32,28,29,40,,23,,,29,,26,26,,24,23,21,15,16,17,,34,31,30,38,39,28,33,28,26,24,32,31,31,32,29,28,29,25,13,,23,18,21,20,26,29,26,32,40,28,,43,30,,,28,33,34,42,,40,36,35,33,14,,,9,11,12,12,11,20,29,25,28,26,30,31,,31,26,24,28,31,23,30,25,28,,32,18,29,24,28,29,26,28,23,25,29,21,32,29,,29,36,27,29,29,29,27,26,9,11,12,12,11,14,,8,9,12,18,6,8,7,9,32,24,31,25,,31,33,26,16,19,15,13,25,20,21,21,,,26,24,24,22,22,19,13,14,32,36,31,30,46,49,43,36,42,41,51,41,18,13,22,17,16,21,,29,29,22,34,29,22,27,,,30,24,32,38,34,,32,39,26,30,,,32,26,26,27,40,39,38,41,36,28,36,,20,9,12,14,14,11,8,13,11,10,16,14,32,31,35,37,32,28,28,24,,48,25,36,33,,38,34,47,47,,,,21,15,,,,26,34,61,67,59,56,55,,76,32,20,32,28,28,11,19,17,23,20,27,10,19,18,36,,50,36,41,34,47,42,24,37,44,,26,25,22,25,24,22,27,22,22,14,28,31,29,33,23,27,29,24,,24,,30,16,19,25,39,,41,35,,,32,31,28,44,,25,31,29,,32,40,28,27,25,23,21,19,22,29,,,,24,,22,34,,33,32,16,37,10,12,10,27,23,27,,24,,,27,,24,34,28,22,21,37,22,19,,26,23,25,22,36,23,28,26,23,37,23,24,26,11,13,15,31,30,29,16,,19,23,24,,32,30,,26,26,31,25,25,,38,15,,,41,38,,22,,17,20,27,26,13,18,,17,16,,25,19,,27,,33,22,22,,26,17,20,26,18,,21,25,22,33,33,17,18,45,34,21,33,18,37,27,28,45,31,20,32,40,53,32,40,40,24,26,22,33,29,17,30,20,26,,25,21,19,23,33,19,33,28,26,32,22,32,34,29,,36,34,44,,31,25,21,22,20,,24,22,10,,9,,24,12,12,23,28,26,25,,,,32,,34,,19,19,14,,32,27,31,21,23,,22,,23,19,25,29,28,29,,28,34,25,25,25,25,,24,,,20,17,18,13,,30,44,44,36,24,20,14,29,37,36,43,47,43,38,17,16,20,24,24,20,20,24,26,24,20,,36,28,33,38,21,17,19,16,,,,,27,25,,25,23,23,31,21,16,19,29,34,33,35,31,14,10,30,27,26,,21,25,32,,24,24,,28,36,36,35,35,33,34,34,31,33,25,25,33,,54,49,373,46,35,31,41,13,23,,19,42,30,19,19,24,27,31,31,,17,,,12,12,16,15,20,27,,17,,,22,20,21,,,11,,20,,,21,,29,26,22,25,27,26,30,30,24,,32,32,30,31,34,27,26,28,28,33,31,16,17,,54,36,,34,33,23,18,,,18,16,12,17,22,28,28,32,26,,,35,22,16,20,17,,23,19,24,26,28,27,19,,24,21,24,,,30,29,,26,22,26,,37,,51,47,,,33,22,,,51,39,37,,,23,26,17,12,26,27,17,34,34,29,36,30,19,23,25,31,37,33,37,32,37,30,43,38,,49,36,21,,19,29,36,31,27,23,24,24,21,28,22,35,,,52,27,31,40,23,32,26,31,18,15,25,33,42,26,43,37,30,,,11,54,51,60,20,23,,27,22,19,,26,31,28,,33,46,22,27,24,32,19,26,24,40,26,41,21,27,21,20,,16,24,11,17,36,29,,29,,26,,,,15,16,15,16,18,25,,24,,28,31,28,23,21,23,28,16,32,26,47,26,12,18,19,19,28,26,32,28,24,,24,27,26,27,30,31,4,30,22,21,22,21,34,29,29,,23,40,36,39,23,27,27,24,28,34,33,31,29,27,33,,35,36,33,27,31,31,31,27,44,48,42,,21,28,30,,28,38,31,32,,31,28,24,,26,27,31,29,31,19,20,22,19,20,30,28,32,,27,20,25,28,32,,33,29,17,27,18,23,20,17,22,22,36,25,,23,25,26,,20,21,,28,17,24,20,,6,11,17,18,22,36,34,30,26,29,30,38,38,39,42,40,,14,15,14,19,19,23,23,27,28,34,40,38,32,43,25,31,47,53,47,24,22,20,44,32,18,14,13,35,38,50,45,21,36,22,26,31,33,66,73,64,64,37,28,36,42,49,32,28,35,37,54,72,67,27,25,19,18,,18,19,14,15,22,18,22,26,23,17,18,18,17,12,15,,,23,26,31,,38,20,18,16,22,33,,22,16,20,,,,,26,16,15,16,15,18,22,17,,19,36,21,16,17,36,14,12,30,21,24,,,,,21,22,20,15,14,14,25,,26,15,15,20,25,13,22,12,18,13,16,17,14,18,,15,15,10,8,16,14,19,12,16,,11,15,,8,14,,10,9,6,,34,,15,,13,9,25,38,35,37,17,20,25,19,18,26,23,20,,33,31,9,23,24,51,,196,220,16,26,266,284,,19,25,28,34,16,,37,34,25,,15,18,21,19,17,20,34,,26,40,,42,24,19,28,78,72,42,50,12,,44,28,32,27,32,41,59,64,63,,,46,39,47,27,,14,49,39,78,37,28,12,31,37,33,36,17,20,,36,30,33,50,16,24,33,,14,,20,40,41,27,24,23,355,38,33,35,40,26,34,14,,,25,33,26,44,,33,23,38,27,,32,49,,,18,32,34,15,29,32,16,18,18,34,21,27,30,22,22,,51,28,,28,30,30,19,22,35,24,35,14,21,25,25,21,42,28,30,23,40,28,13,28,14,38,32,24,23,21,16,12,49,27,23,22,24,21,13,21,20,21,26,33,20,26,33,21,39,28,25,,29,21,22,18,14,16,14,,27,50,32,22,16,21,16,30,43,36,96,40,33,32,26,26,43,33,23,,22,48,60,72,34,,309,24,15,20,18,21,24,20,24,18,21,18,31,62,33,23,,36,,35,13,17,33,25,20,32,36,34,29,26,17,11,15,13,8,31,34,13,25,12,19,23,36,25,48,45,35,37,28,40,27,31,18,22,27,18,18,26,26,,7,23,14,14,20,12,17,23,27,22,20,17,20,20,17,18,27,27,18,19,31,18,20,35,32,30,26,22,29,17,44,42,38,19,12,13,31,28,8,13,20,39,27,18,40,41,46,31,69,44,24,23,28,19,26,35,41,,22,34,27,37,35,30,34,26,18,28,31,26,33,24,25,22,17,26,14,42,63,41,45,74,,25,19,15,20,15,10,20,28,24,11,20,10,23,22,40,32,22,45,49,52,33,32,29,23,28,28,32,25,33,26,,26,16,33,44,33,26,19,9,16,26,38,29,24,20,27,19,24,43,29,28,27,,38,33,26,34,15,14,55,43,36,32,33,28,26,,20,28,43,21,14,28,27,23,31,,32,34,33,52,43,14,25,19,16,25,22,,24,,24,22,,17,25,15,14,32,34,31,26,,21,28,28,11,,,18,46,25,31,31,46,65,55,54,16,28,19,42,40,73,71,48,48,52,50,32,25,27,15,24,20,29,23,33,34,28,16,27,23,31,24,30,16,62,876,950,14,23,23,28,19,68,30,13,20,15,25,28,31,29,39,,34,36,12,13,28,27,30,12,13,37,31,26,37,30,41,32,37,25,40,26,41,30,28,,23,28,15,52,22,28,27,29,30,28,28,26,20,14,15,41,34,35,49,45,23,16,62,49,20,29,22,29,29,25,27,28,32,32,45,26,44,14,46,38,14,6,25,35
20210719,14,SO2,1,3,1,3,3,2,3,3,3,1,3,3,,,7,,5,5,9,,4,,,12,,5,4,,4,3,3,5,4,3,5,,1,4,,4,1,7,3,4,,5,,3,5,3,5,7,4,5,5,6,4,,7,7,8,9,10,9,,8,,7,,7,4,5,2,10,5,,9,9,,5,9,,5,3,3,16,4,1,,9,7,,,4,7,8,8,8,7,9,,7,8,4,7,4,,5,10,7,5,6,8,6,8,9,4,5,3,3,4,4,,4,5,3,4,4,11,9,10,,9,8,16,12,11,10,9,12,1,4,6,3,7,,3,5,6,5,4,8,5,8,9,3,2,4,1,7,,2,,3,2,1,3,4,13,11,7,7,6,,,,8,8,,6,7,6,,,,10,,4,3,3,5,3,3,,4,6,,,,4,5,,2,10,5,5,3,,4,1,3,4,6,3,7,5,,4,,4,4,,5,7,,6,4,4,,6,3,6,5,5,7,15,,,,6,7,5,4,6,3,,6,,,4,,6,4,,3,2,3,5,3,4,,2,3,3,4,4,5,5,6,5,8,7,5,8,5,6,7,6,5,2,,4,4,4,3,2,2,6,4,8,3,,8,2,,,2,8,9,7,,6,6,7,5,5,,,6,5,6,5,5,5,3,3,3,2,3,3,,3,3,3,2,4,4,5,5,5,,3,5,7,5,5,5,6,6,4,4,6,5,5,5,,5,7,5,5,6,5,4,6,,4,5,5,8,3,,6,4,5,6,3,4,5,5,7,7,5,6,,9,4,5,3,2,2,1,6,5,3,6,,,7,8,6,4,5,6,5,9,8,11,8,8,7,10,8,7,6,10,7,5,2,4,4,4,5,4,,4,5,6,6,8,9,4,,,11,5,4,2,3,,4,2,8,3,,,,8,8,2,7,7,5,5,5,5,5,,6,6,5,7,7,8,6,7,11,6,7,9,,4,3,4,5,5,2,5,,4,4,5,8,,10,3,8,9,,,,15,5,,,,9,7,10,9,4,11,12,,9,14,25,23,10,10,5,10,5,5,2,3,,5,5,2,,7,3,5,4,9,10,8,10,10,,2,2,4,2,4,2,6,4,2,2,3,6,2,4,3,4,3,4,,6,,8,5,3,6,5,,3,6,,,5,3,3,7,,5,4,1,,6,8,5,8,4,7,9,8,8,12,,,,4,,5,9,,8,7,8,7,4,5,1,4,2,4,,7,,,6,,6,7,10,8,8,8,10,9,,5,6,6,6,5,8,6,10,11,15,7,5,4,7,6,8,5,6,5,5,,4,5,3,,9,7,,5,2,4,5,11,,9,4,,,3,5,,4,,20,7,22,34,9,6,,8,10,,2,4,,6,,6,7,10,,11,8,8,12,5,,5,5,4,5,3,5,3,8,12,7,9,8,8,7,10,10,6,6,5,4,4,6,13,3,7,6,7,7,4,4,7,7,5,,4,5,3,4,2,3,3,6,2,8,3,9,4,6,,4,,4,,8,4,7,4,6,,5,36,4,,4,,1,4,6,3,3,3,1,,,,2,,3,,1,3,,,2,4,4,3,1,,1,,6,5,7,5,2,2,,5,6,8,6,8,8,,5,,,8,1,3,2,,6,6,6,9,6,6,5,7,6,,5,5,5,4,3,2,12,8,3,,7,5,7,3,5,,20,13,16,7,4,7,7,4,,,,,6,7,,5,4,8,5,3,3,4,10,10,9,11,10,3,4,6,,5,,2,2,3,,3,2,,2,3,3,1,4,3,5,2,3,6,9,4,4,,6,4,2,5,9,8,,5,6,,17,6,5,5,4,4,7,5,5,,7,,,4,4,5,4,8,,,,,,4,4,3,,,5,,4,,,6,,5,6,7,6,8,10,10,8,10,,6,5,6,6,8,8,7,5,5,2,4,5,8,,5,6,,4,6,6,7,,,7,5,5,6,,3,4,6,,,,2,8,5,2,5,,8,,3,9,8,11,4,,4,6,4,,,2,6,,12,9,,,6,,9,11,,,5,5,,,7,7,21,,,1,,13,11,5,8,5,4,5,2,5,4,5,5,9,9,5,4,6,6,4,127,3,6,,7,8,5,,10,8,8,11,4,5,10,6,6,8,4,9,,,10,5,5,6,13,6,6,3,14,16,10,7,11,8,11,6,10,,,2,4,4,5,6,8,,3,11,11,,12,14,7,,5,6,10,7,7,2,2,6,5,22,9,9,11,13,5,13,,5,4,,8,7,9,,4,,5,,,,4,3,7,6,4,3,,6,,4,6,7,5,4,3,1,4,2,5,7,5,4,5,5,5,5,8,7,6,6,,5,8,6,9,12,7,6,10,24,14,20,5,5,13,7,,5,12,12,8,8,4,2,4,1,16,5,3,13,5,5,,6,3,4,4,6,5,5,6,5,7,6,,6,2,1,,9,7,5,5,,4,3,1,,5,5,5,6,5,6,5,6,7,7,6,5,2,,8,4,15,16,9,,12,6,,4,4,4,2,5,6,4,6,10,,4,4,1,,4,3,,17,6,5,5,,4,3,1,8,12,25,7,3,5,9,8,16,8,11,12,9,,4,4,8,9,10,8,6,8,4,12,9,8,6,12,6,4,6,3,2,6,4,5,3,3,3,5,6,6,7,7,8,8,9,8,10,8,17,5,5,6,5,5,3,2,16,17,9,9,,,8,12,14,8,4,5,5,,,7,5,6,6,5,12,15,13,5,4,2,1,6,8,,,5,5,6,,6,7,11,5,8,11,,8,6,7,,,,,5,7,8,6,6,14,10,12,,8,8,12,,7,7,2,3,22,4,,,,,,7,7,5,6,2,6,2,,4,5,5,5,5,6,7,8,7,6,6,6,4,10,,9,6,5,4,5,8,4,8,25,,11,6,,6,12,,10,6,6,,6,,9,,8,9,5,5,6,4,5,5,8,6,5,5,2,6,,32,14,9,9,5,8,,5,5,2,2,4,4,,6,7,6,1,15,,4,4,5,,6,12,9,10,11,16,7,,5,6,,6,2,3,2,5,6,5,5,11,,14,4,10,3,6,8,5,6,4,,,8,8,8,12,,2,7,7,24,17,6,9,6,6,8,6,13,6,,3,5,14,5,6,6,4,,3,,5,9,4,5,6,7,2,,,4,8,5,4,4,,,10,5,3,6,,8,15,6,14,,4,4,,,3,8,5,6,8,5,4,3,3,6,4,2,8,5,4,,5,3,,7,6,8,10,4,18,5,5,5,3,7,1,2,7,8,6,3,12,6,2,5,9,4,9,6,4,3,4,6,10,3,7,8,5,6,8,6,5,7,1,1,7,15,5,5,,9,3,,2,6,5,5,7,3,5,,2,10,6,8,6,5,9,2,10,,10,3,19,7,,6,2,2,4,,4,15,10,12,29,,8,4,8,4,3,5,4,5,3,6,3,6,4,8,19,5,,5,,6,4,,10,1,7,8,9,6,8,8,7,6,7,4,8,7,9,7,6,6,5,8,5,6,7,3,5,1,9,9,3,11,4,6,7,1,2,3,2,,1,2,5,3,14,4,8,8,6,6,7,9,9,8,5,9,9,3,4,7,5,3,7,7,3,9,10,5,3,3,7,3,3,9,5,6,6,7,8,5,6,11,6,4,6,7,13,19,6,19,5,6,3,7,6,4,4,,5,3,3,8,14,5,6,5,6,4,7,6,7,6,3,6,2,6,2,7,14,14,9,19,,6,7,6,8,3,6,7,10,6,6,2,4,6,4,8,2,10,3,1,2,3,7,6,7,6,3,3,1,2,1,,1,1,3,5,17,15,11,6,13,15,6,3,7,6,7,6,8,,7,2,9,,4,21,9,11,3,4,4,8,7,4,6,5,9,,5,5,6,8,3,6,2,3,4,,4,2,17,15,19,4,4,3,4,4,3,,4,,5,1,,6,5,1,6,5,8,6,5,,6,7,22,8,,,6,7,1,6,1,2,3,8,2,2,4,4,2,6,4,8,7,10,10,7,3,1,,2,5,3,4,3,28,8,5,4,4,7,6,5,6,8,14,3,3,4,5,6,8,3,12,6,7,11,4,8,8,,11,10,,7,6,1,6,4,9,6,8,7,7,2,7,5,1,8,3,3,6,11,6,6,5,4,,3,,4,2,4,4,3,2,3,3,1,3,3,16,16,8,6,4,16,3,4,4,3,2,1,3,1,3,,8,7,6,3,5,6,5,8,5,8,5,8,8,4,9
20210719,14,SO2_24h,1,3,3,4,3,2,3,3,2,1,3,4,,,9,,5,5,9,,4,,5,9,,6,5,,5,3,3,5,4,2,5,,3,7,,5,3,6,4,4,,2,,3,4,3,6,8,5,6,5,5,4,,6,6,7,8,9,8,,9,5,6,,7,4,5,2,10,4,,5,6,4,3,4,,4,3,2,4,2,2,,8,7,,,4,7,8,9,11,7,24,,9,15,19,16,16,,7,10,7,5,6,9,6,8,6,6,5,3,3,4,4,3,4,4,3,4,3,13,9,5,,12,17,18,17,13,16,11,15,1,4,6,3,7,,3,5,6,5,5,8,5,8,9,2,1,4,1,7,,2,8,4,2,2,3,6,10,10,7,7,6,,,,8,8,,5,8,6,,,,9,,5,4,3,6,2,3,,4,7,,,,6,6,,7,9,6,5,3,,4,1,3,3,6,3,7,5,,4,,4,4,,5,7,,7,4,5,,6,3,5,5,9,7,10,,,7,6,8,5,4,5,3,,6,,,4,,7,5,,2,2,4,5,3,4,,3,4,3,4,4,6,6,6,5,6,7,5,9,6,5,6,6,7,2,,4,4,4,3,2,4,7,10,7,5,,11,6,,,3,7,8,8,,6,6,8,5,5,,,5,4,5,5,5,5,3,3,3,2,3,3,,3,3,3,2,4,4,6,5,5,,4,5,9,6,6,5,7,6,5,5,7,6,5,5,,6,7,7,5,7,5,5,5,4,4,5,5,8,3,,6,4,5,6,4,5,5,5,8,8,6,6,,6,5,4,4,2,5,2,6,6,4,6,,,8,8,7,5,6,7,5,9,8,13,9,9,9,10,9,8,9,11,7,7,6,3,4,4,5,4,,3,5,6,6,7,7,4,,,10,8,3,2,4,,5,2,8,3,,,6,13,6,2,7,6,5,5,6,4,5,,7,6,5,7,9,9,6,7,10,6,6,8,6,4,3,4,4,5,2,4,,4,5,5,5,,24,3,10,11,,,,9,5,,,,8,8,7,6,3,8,8,,9,11,9,11,9,8,7,8,6,8,6,3,5,5,5,7,,5,4,12,6,10,11,8,8,14,,4,2,4,3,4,2,5,5,2,2,3,6,3,2,3,4,4,4,,13,,9,5,4,8,5,,4,6,,,6,4,5,8,,6,7,1,,9,8,7,9,3,7,8,7,8,10,,,,2,,5,10,,8,10,7,9,4,5,1,4,2,3,,10,,,8,,8,9,9,7,8,8,11,9,,13,7,9,8,6,10,8,10,14,21,8,5,7,6,6,8,5,8,8,5,,5,6,4,,9,8,,6,4,6,7,11,,11,5,,,3,6,,4,,12,10,12,12,9,5,,9,9,,3,4,,6,,11,8,12,,17,8,8,11,6,,5,4,4,6,3,6,3,9,8,9,7,8,9,12,12,13,7,6,6,14,13,7,24,10,7,6,7,9,4,4,6,7,5,,4,5,4,4,2,3,3,6,3,8,3,9,6,6,,6,4,14,,9,7,6,5,5,,11,15,4,,4,,1,4,6,3,3,3,2,,,,2,,4,,2,2,2,,2,4,6,3,5,,7,,5,5,7,5,2,2,,7,6,8,6,8,8,,5,,,8,1,3,2,,10,11,8,13,10,6,5,8,10,9,10,9,8,7,3,3,9,7,4,4,8,8,9,3,4,,16,16,16,10,5,8,9,6,,,,,7,8,,5,3,7,6,5,3,4,7,7,7,6,7,5,4,6,7,5,,8,2,2,,3,2,,3,4,3,1,4,4,5,3,2,6,9,5,4,,11,8,8,6,11,7,6,5,6,,9,5,4,5,4,5,9,5,5,,7,,,4,4,4,4,8,9,,11,,,4,4,2,,,5,,4,,,7,,5,8,8,7,9,10,10,10,7,,7,4,8,7,9,9,7,7,5,2,4,5,9,,5,6,,8,7,6,7,,,7,5,5,7,6,3,4,6,4,,,3,8,5,2,5,,8,11,5,10,9,10,4,,4,5,5,,,3,6,,13,12,8,,6,,20,20,,,6,5,,,13,10,17,,,2,4,12,11,6,8,6,6,8,3,7,5,6,6,9,6,7,4,6,5,4,13,2,6,,8,8,6,,14,12,10,11,4,4,9,6,6,8,5,9,,,9,5,5,6,7,11,6,3,5,12,10,6,7,8,8,6,7,,,2,3,4,5,7,9,,4,12,11,,13,14,5,,4,6,11,9,7,2,2,6,4,12,4,11,12,8,4,11,,5,4,7,5,7,7,,4,,4,,,,7,6,7,5,4,2,,9,,8,7,6,4,4,4,2,7,7,7,8,5,4,5,6,5,6,10,7,3,5,,6,9,8,8,8,7,11,10,18,16,17,5,8,16,13,,5,22,25,14,13,4,5,7,6,19,10,6,16,5,8,,7,5,5,12,6,6,6,6,11,14,16,,6,2,2,,4,3,5,4,,4,3,1,,5,6,7,7,8,6,5,6,6,7,6,7,2,,10,4,8,16,9,,22,6,4,4,5,5,3,4,7,4,5,8,,3,4,1,,5,4,,17,6,5,5,,5,4,1,8,9,24,12,7,7,11,9,13,14,17,18,14,,3,3,7,9,9,8,8,10,7,12,10,8,5,13,7,4,6,8,3,3,4,5,5,4,4,5,5,10,10,9,12,8,9,9,12,10,9,6,7,5,6,7,15,12,10,15,10,9,8,7,8,23,23,8,5,5,6,,2,5,6,7,7,11,8,10,8,8,6,4,5,6,9,,,5,6,6,,6,8,11,8,8,7,,8,6,8,,,,,7,6,8,8,6,13,10,12,,7,7,11,8,6,7,2,3,11,5,6,,,,,6,7,5,6,7,6,2,,5,5,4,7,8,6,7,8,6,7,6,5,9,10,,11,9,5,4,6,8,4,8,9,,9,6,,7,8,,8,5,5,,6,,9,,7,9,6,20,16,11,5,6,8,5,4,11,2,5,,31,28,5,6,8,6,,5,5,3,2,5,4,,6,7,6,2,20,,4,4,6,,12,9,11,11,11,15,9,,7,12,,9,2,3,2,5,7,6,7,8,,10,4,11,3,6,9,5,7,4,,,10,7,8,12,,2,8,8,11,23,5,9,7,8,6,6,11,5,,2,5,13,8,6,7,4,,4,,4,8,4,5,7,10,18,12,6,5,10,7,4,4,,,10,4,3,6,,8,15,7,13,,4,4,,,2,8,7,5,8,5,4,4,4,7,4,4,9,6,3,,6,3,,8,7,7,9,5,13,5,11,8,5,5,3,2,8,8,17,4,12,6,2,7,9,5,9,12,11,9,8,6,11,6,7,8,5,6,9,6,6,8,2,1,11,14,8,6,10,9,2,,2,6,4,6,9,3,4,,2,11,6,8,5,6,9,2,9,7,7,3,37,6,12,7,2,4,4,,15,16,13,12,19,,18,4,8,4,4,5,6,5,2,6,3,7,5,18,14,6,,6,,6,4,5,9,1,8,8,8,6,9,8,7,6,8,4,8,7,18,7,7,6,6,8,8,5,6,3,4,2,11,8,2,10,4,5,5,2,2,3,2,,2,2,5,3,12,3,9,8,7,7,6,10,12,8,5,11,10,3,4,6,7,5,7,11,4,9,12,4,3,3,8,4,5,10,4,6,5,6,11,6,7,12,6,4,10,10,36,18,8,12,7,6,4,7,5,20,5,,3,3,3,10,12,4,6,5,5,4,4,7,7,8,3,3,2,6,2,7,10,8,8,10,,6,7,6,9,3,6,8,14,6,6,3,4,6,3,7,2,9,3,2,3,4,7,5,7,6,4,4,1,2,1,,1,1,4,7,36,14,9,5,13,14,8,3,7,5,7,6,10,10,7,5,10,,5,18,9,11,3,4,6,11,6,7,7,5,12,,4,22,5,8,3,3,2,3,6,,9,8,11,10,18,7,4,3,4,11,11,,4,,5,2,,6,6,2,6,4,8,6,4,,4,17,21,10,,,6,9,2,7,2,3,4,11,6,1,3,5,4,9,5,9,7,11,7,7,3,1,3,2,7,2,3,4,9,9,10,5,4,7,5,5,8,8,11,2,2,4,6,5,12,3,23,8,7,10,4,8,8,10,12,15,,10,6,1,6,4,8,7,7,7,7,3,6,5,3,11,3,3,6,9,6,7,6,4,,3,2,4,3,4,2,2,3,3,3,2,3,3,6,11,8,6,8,12,12,8,5,3,3,1,3,3,3,6,8,8,6,2,6,6,5,8,6,9,5,8,6,9,8
20210719,14,NO2,5,6,11,1,6,11,20,4,9,8,10,12,,,15,,18,17,17,,19,,,6,,5,4,,14,13,1,8,12,12,11,,10,16,,15,4,4,2,6,,2,,8,11,8,10,8,10,10,20,19,6,,7,5,8,17,9,16,,8,13,7,,14,2,7,2,12,,,,13,,7,22,,6,18,,22,19,5,,5,9,,,5,5,4,6,6,5,7,,2,7,7,5,7,,5,10,19,5,6,5,8,8,5,13,3,12,10,22,4,6,5,4,7,4,7,10,7,7,,5,17,19,7,11,8,6,8,9,13,8,4,7,,12,10,6,13,16,4,,6,4,9,9,8,2,8,,4,14,4,22,8,13,8,30,2,3,6,8,,,,9,7,,6,9,6,,,,14,,10,14,5,6,14,8,,4,8,,,,11,11,,16,5,11,3,2,,7,3,4,5,2,1,3,4,,11,,3,3,,14,,,13,10,13,,12,13,8,9,15,6,30,,,8,6,9,30,9,21,15,,8,,,11,,13,14,,4,3,4,5,12,9,,8,12,14,9,12,4,7,3,14,15,11,8,13,,13,10,8,12,1,,6,2,2,1,5,6,9,13,6,3,,32,7,,,7,14,15,2,,7,15,9,9,6,,,7,9,8,8,5,10,18,20,10,12,20,13,,20,9,10,16,22,19,22,14,43,,17,4,14,19,8,5,3,10,11,4,6,4,18,14,,15,14,11,10,14,7,15,7,10,,13,16,24,11,,4,11,5,7,14,24,11,16,13,14,13,14,,30,10,9,13,15,,12,18,15,16,16,,,10,10,11,3,4,6,5,10,18,18,9,10,12,11,19,17,14,13,16,8,5,4,6,6,2,8,,12,9,15,18,23,14,20,,,18,36,29,13,19,,14,12,26,24,,,17,9,6,13,9,10,8,11,16,14,7,,6,9,5,10,5,9,8,11,8,5,8,21,,22,26,13,24,12,24,6,,15,10,18,24,,15,6,15,30,,,,34,6,,,,8,8,20,23,6,29,13,,7,11,18,20,10,9,5,6,,5,7,2,4,11,,6,,5,6,11,7,6,8,9,4,5,,8,6,13,2,5,4,4,7,5,7,8,4,3,5,5,4,4,5,,5,,,5,7,4,6,,8,5,,,,5,3,4,,1,3,6,,10,1,4,9,13,9,12,9,15,12,,,,6,,3,4,,6,10,11,7,4,3,2,30,5,17,,4,,,2,,3,5,9,9,7,6,9,4,,3,7,5,6,6,7,4,,5,5,6,6,8,9,8,3,6,6,7,7,,10,5,6,,8,8,,9,11,8,7,11,,17,9,,,13,8,,6,,11,,9,9,4,2,,12,5,,10,13,,10,,10,11,6,,11,13,12,8,4,,3,6,7,11,5,5,1,6,12,6,7,5,6,4,14,19,6,3,5,4,10,3,6,5,4,8,5,6,5,7,11,2,8,,5,6,9,7,7,5,7,6,5,6,5,2,6,9,,10,6,6,,,8,,13,2,,8,7,2,,8,,7,10,5,6,4,4,4,,,,8,,8,,6,4,,,14,12,8,5,7,,4,,8,6,15,9,7,8,,3,11,4,6,4,4,,10,,,,7,3,7,,8,8,10,10,6,6,4,8,8,,7,8,12,11,4,3,5,5,9,5,5,9,6,10,5,,16,,20,7,8,7,11,11,,,,,1,6,,6,17,10,5,11,6,10,7,9,11,14,11,11,9,10,12,7,,4,6,12,,10,4,,,6,8,7,7,8,5,5,10,3,4,3,7,,8,2,3,14,10,9,,12,12,,12,8,14,28,,3,11,8,8,,4,,,3,3,8,8,3,,,,,,4,5,7,,,6,,10,,,5,,7,8,13,14,12,7,14,15,14,,3,,13,10,17,4,1,8,9,11,7,6,3,,21,3,,10,10,9,10,,,12,,3,3,9,4,4,7,2,,,11,17,15,18,14,,11,5,,5,7,5,4,,6,5,7,,,10,8,,7,9,,,7,,4,9,,,9,7,,,8,6,6,,,2,,3,3,5,7,4,4,5,4,4,4,3,4,7,8,2,6,6,7,4,3,6,3,,10,3,6,,3,7,8,5,6,3,3,4,6,5,4,13,,,20,7,5,6,15,5,7,10,10,6,8,5,13,7,18,11,20,,,5,13,5,5,3,7,,4,6,5,,4,3,4,,5,8,6,5,4,4,2,8,10,22,16,33,19,18,10,9,,7,8,3,2,12,18,,6,,6,,,,6,10,2,11,2,,,15,,8,8,16,6,,5,5,5,3,4,6,5,1,5,5,3,5,6,5,9,5,,3,3,7,4,,3,3,2,12,7,8,2,3,15,3,,5,7,3,4,3,9,7,9,5,6,2,4,3,4,4,,5,12,5,5,5,7,5,5,3,3,5,,9,5,4,,14,12,12,4,,6,3,12,,3,7,11,8,9,,6,8,6,7,6,4,7,,10,9,9,18,8,,5,7,,9,4,9,7,2,8,12,11,10,,10,4,5,,8,5,,8,2,5,3,,5,2,3,2,5,5,5,15,7,4,4,,4,7,7,6,,9,6,10,5,10,12,11,6,14,4,3,5,2,10,5,5,1,3,2,,7,2,10,3,2,2,2,3,5,13,5,12,6,11,12,6,14,8,10,7,4,4,5,7,5,6,14,10,,10,12,10,12,2,3,5,4,,7,4,2,2,10,16,17,13,21,5,5,6,4,3,4,,,4,7,8,,7,5,5,5,7,15,,8,9,3,,,,,6,5,8,5,10,9,,7,,2,7,4,,10,15,5,10,7,6,7,,,,,6,7,28,15,15,13,8,,2,6,5,5,7,4,4,2,9,6,9,10,4,,,5,4,6,6,4,5,5,6,13,,5,7,,7,2,,8,18,6,,5,,4,,5,2,5,2,4,5,2,4,7,4,3,4,4,6,,12,6,3,8,2,6,,7,8,8,10,7,6,,4,5,5,2,3,,14,6,3,,6,4,5,11,1,7,3,,5,8,,12,7,5,4,10,13,8,4,6,,9,10,9,12,6,1,7,10,8,,,13,7,9,9,,8,9,,10,18,6,4,14,5,6,16,14,6,,8,8,8,11,6,11,8,,8,,3,7,25,5,20,16,5,8,8,5,5,6,8,4,,,6,13,5,12,,9,8,5,6,,2,3,,,7,17,21,10,8,3,4,16,10,12,5,31,15,19,13,,16,7,,8,8,10,9,5,7,11,8,5,5,5,12,4,14,12,18,16,7,5,5,5,9,6,11,3,3,2,3,11,9,7,7,41,7,6,3,7,11,9,1,6,9,5,7,19,11,12,6,,4,8,6,11,5,7,9,,22,12,5,6,6,2,2,6,13,4,6,,10,8,2,4,5,9,6,,3,19,7,6,7,,5,12,13,13,12,7,11,8,11,4,2,2,5,8,14,8,,5,,6,3,1,9,2,4,11,13,8,10,16,7,13,19,9,3,18,22,5,2,6,7,8,8,1,4,9,13,11,8,5,1,11,4,7,7,6,9,10,9,,12,4,4,4,6,7,6,7,8,9,8,4,8,11,1,12,14,19,12,6,10,2,5,9,9,5,14,9,6,2,5,9,5,8,9,8,4,7,2,2,5,5,6,2,10,8,10,10,5,8,6,6,9,6,7,2,12,,9,3,3,8,7,7,8,13,2,6,15,9,13,11,2,8,4,7,1,9,24,12,13,14,,7,6,6,7,9,10,20,9,11,4,10,14,6,5,12,6,7,10,12,22,1,8,8,8,7,9,9,7,8,6,,12,2,7,6,8,9,5,6,17,19,5,10,5,3,9,2,3,9,2,1,3,,3,12,4,6,8,4,4,3,7,3,2,5,7,,7,4,8,9,1,3,2,4,9,,6,7,9,18,8,6,5,4,8,8,7,,8,,10,3,,4,10,8,11,12,6,9,15,,5,4,7,2,,,4,5,11,2,6,8,8,5,4,9,3,12,10,8,8,9,4,3,10,9,1,9,,17,9,4,5,9,16,4,11,5,2,5,12,7,10,9,8,2,8,3,5,20,10,10,6,3,12,14,9,12,12,11,8,5,,11,1,8,6,16,13,4,11,1,3,14,7,7,2,9,6,6,6,11,5,19,5,8,,2,4,7,6,6,12,1,6,12,6,5,7,7,10,6,7,14,9,14,3,11,10,2,12,4,7,5,5,,6,5,8,5,7,15,9,16,12,10,4,4,3,4,6
20210719,14,NO2_24h,13,8,24,12,15,20,25,10,10,12,20,19,,,18,,20,18,26,,27,,33,7,,8,11,,34,23,16,20,18,20,9,,15,19,,20,15,3,13,12,,12,,9,11,7,15,16,16,16,20,22,12,,12,9,13,25,19,19,,11,25,22,,30,12,15,12,16,16,,5,13,12,9,26,,10,25,23,22,19,17,,14,18,,,17,18,18,16,16,23,20,,14,16,18,15,18,,15,14,18,6,8,8,10,10,6,20,3,26,23,34,16,19,13,16,20,16,31,20,18,10,,21,30,30,24,29,17,21,29,13,16,14,9,15,,16,19,11,16,20,30,31,34,23,26,18,36,17,8,,6,16,8,11,12,16,7,27,2,4,7,10,,,,15,12,,8,13,8,,,,21,,13,22,10,10,19,16,,12,22,,,,18,21,,19,23,21,6,15,,8,4,7,5,6,3,5,7,,7,,3,3,,16,18,,23,16,22,,20,18,12,19,28,7,20,,,9,10,12,20,10,15,16,,11,,,18,,17,17,,9,4,8,9,14,13,,13,17,18,16,20,13,15,10,24,22,18,16,22,23,22,26,15,19,2,,10,3,4,4,7,13,8,23,21,13,,26,23,,,13,13,18,22,,17,18,16,12,7,,,7,8,7,8,9,14,16,17,10,11,16,12,,17,7,11,28,25,23,28,20,39,,24,8,23,23,25,11,14,14,24,14,23,11,28,21,,25,33,24,22,25,20,29,18,9,16,11,12,22,15,,4,13,9,10,14,13,11,13,20,21,21,23,,23,32,28,15,20,14,15,24,21,19,19,,,14,17,18,10,10,15,7,13,29,36,16,17,22,17,23,17,16,21,23,19,10,7,12,10,8,9,,21,25,18,23,33,23,15,,,30,27,34,23,21,,24,32,35,32,,,25,9,17,28,27,21,20,32,29,27,21,,14,10,10,13,11,13,9,11,12,8,15,13,19,19,30,18,25,17,20,21,,13,13,26,19,,24,12,38,40,,,,28,7,,,,22,21,44,45,47,54,37,,38,21,14,24,15,19,13,18,12,12,13,3,8,25,8,32,,22,29,30,22,16,19,15,13,17,,12,11,12,6,7,10,10,11,11,9,7,6,5,11,7,6,8,5,,14,,8,8,11,13,10,,12,16,,,10,13,12,18,,8,11,12,,11,3,6,11,8,14,12,10,14,16,,,,8,,8,10,,10,11,10,17,5,4,2,21,16,22,,8,,,7,,8,11,15,10,10,7,10,6,,15,16,15,14,26,11,10,10,11,16,10,16,18,5,7,4,19,14,14,11,,13,13,13,,8,9,,7,9,11,10,11,,26,10,,,14,13,,20,,17,12,16,18,6,2,,11,3,,15,19,,14,,17,15,13,,15,15,14,19,9,,5,8,12,16,16,7,2,14,18,6,15,4,18,10,27,30,12,10,13,14,14,9,14,12,17,18,17,12,17,8,13,5,10,,8,11,13,14,12,9,8,8,8,6,6,15,20,28,,25,20,22,,13,12,18,12,4,,18,10,2,,9,,6,10,4,7,5,7,7,,,,12,,11,,4,3,3,,15,13,9,10,14,,10,,16,17,11,13,12,9,,14,26,12,8,9,10,,11,,,3,11,8,8,,14,21,19,15,10,8,5,13,13,14,12,15,13,17,10,10,8,9,17,14,20,24,25,24,19,,18,11,29,18,11,16,15,15,,,,,9,16,,18,12,14,11,11,12,18,19,19,23,17,17,15,12,20,15,16,,10,11,21,,22,14,,16,10,12,15,15,16,9,10,14,15,15,14,13,,12,13,13,19,19,13,19,15,19,,16,23,13,13,8,8,17,17,17,,7,,,5,5,14,15,8,5,,8,,,10,10,9,,,7,,10,,,10,,11,15,19,18,19,14,14,19,18,,12,18,21,20,23,5,3,14,13,12,11,10,4,,27,13,,16,15,12,17,,,13,8,6,8,12,6,4,10,3,,,20,15,15,16,13,,10,13,18,12,16,14,9,,13,12,11,,,13,14,,12,16,21,,20,,15,20,,,12,8,,,19,12,14,,,5,7,9,10,6,7,5,8,9,6,9,9,5,9,13,6,9,18,18,16,6,4,10,8,,18,9,16,,6,12,16,11,9,5,5,5,8,8,6,23,,,33,8,10,10,9,12,7,13,5,12,12,5,17,12,28,19,12,,,12,14,7,7,6,11,,8,20,17,,14,10,12,,6,9,8,9,5,11,2,7,23,28,33,42,22,14,17,14,,12,11,7,4,24,23,,9,,10,,,,10,14,6,17,3,4,,17,,17,20,17,7,7,8,8,8,17,11,21,8,1,7,7,5,18,23,18,17,8,,10,5,10,6,10,7,4,8,19,14,16,8,10,18,5,,9,16,12,16,14,8,11,12,12,12,6,7,8,10,12,,13,15,11,12,15,15,12,13,14,14,20,,10,7,7,,10,8,9,10,,11,7,14,,4,11,12,9,10,7,6,8,7,8,8,6,6,,8,8,7,27,16,,13,8,4,18,8,13,12,9,13,17,17,15,,10,7,8,,12,10,,12,2,6,5,,7,5,7,4,5,13,11,19,12,11,11,8,10,15,14,15,,14,10,18,11,14,15,13,13,22,7,8,9,11,16,5,8,3,6,8,6,14,6,23,13,4,3,3,18,26,19,20,14,12,14,16,15,16,19,20,16,11,9,10,12,11,16,12,15,9,16,22,18,18,6,8,7,14,,14,11,11,10,19,13,14,11,14,11,13,13,10,5,17,,,6,12,8,,11,10,7,7,14,15,,19,8,13,,,,,9,7,11,19,15,11,5,9,,28,11,8,9,11,16,8,12,19,18,16,,,,,13,11,13,14,17,19,22,,6,6,7,11,16,10,8,9,8,11,11,12,11,12,,7,8,10,11,6,14,16,8,14,,5,8,,10,9,,8,20,8,,6,,9,,6,5,8,14,18,18,7,11,14,10,4,8,7,9,,19,16,3,14,8,26,,13,13,22,22,18,14,,9,9,18,13,16,,23,15,14,,16,4,14,20,9,8,11,,11,22,,22,18,10,10,20,25,10,9,6,,34,13,16,13,10,5,12,11,8,,,30,25,26,8,,10,39,36,25,30,12,4,26,11,10,16,21,10,,22,24,12,19,11,14,13,,11,,6,19,25,11,22,17,14,20,10,13,18,7,13,7,,,21,17,7,13,,22,16,26,10,,2,5,,,11,24,26,7,16,6,8,24,3,24,9,28,14,16,20,,23,11,,19,9,14,11,6,13,11,11,8,10,13,22,7,21,8,24,20,8,14,6,13,15,9,11,12,12,10,10,12,32,15,7,32,8,10,9,7,8,7,4,11,12,11,15,16,20,15,5,,6,14,10,20,8,12,12,,31,29,7,14,11,2,5,17,17,18,24,10,16,21,9,6,8,18,15,,11,37,23,26,13,,12,18,15,16,14,12,16,17,15,7,6,10,25,17,12,10,,8,,9,5,4,11,5,9,24,30,25,26,27,16,12,17,11,9,25,25,7,8,12,14,11,10,5,13,20,19,13,24,7,2,20,5,11,14,4,6,12,10,,11,4,9,8,8,17,12,9,11,14,15,8,17,17,3,23,17,28,19,10,16,7,5,24,13,12,19,12,11,6,13,14,10,17,13,12,13,13,9,10,14,10,10,6,14,13,20,13,12,15,12,10,15,8,9,10,17,,9,7,9,29,16,30,17,15,5,3,19,16,20,15,6,12,6,10,3,16,53,16,31,29,,18,7,9,12,11,13,27,12,14,5,17,15,14,10,14,9,11,18,20,23,5,11,22,12,9,10,20,5,12,6,,10,2,7,10,17,10,18,8,18,25,15,12,16,13,15,11,10,13,12,9,8,,10,13,5,12,11,4,14,20,19,10,12,9,16,,12,10,21,22,3,6,9,6,17,,13,13,13,15,21,9,7,12,10,13,9,,13,,13,6,,5,19,11,16,22,17,14,14,,12,11,12,3,,,5,12,29,14,22,13,20,13,17,9,6,17,19,22,35,31,18,15,23,25,2,7,22,6,16,6,7,14,23,6,17,7,12,17,20,15,15,11,36,9,10,12,15,20,17,11,19,8,12,11,17,16,16,21,20,30,,22,6,8,5,18,15,15,10,7,14,24,11,14,7,20,24,18,14,15,10,25,13,12,,4,3,6,7,13,16,3,10,18,10,16,6,14,16,9,20,15,29,20,18,10,14,12,18,8,6,11,14,15,23,5,9,9,11,25,11,27,13,16,9,6,19,24,12
20210719,14,O3,114,95,119,116,108,108,93,109,91,108,101,123,,,119,,143,158,119,,153,,115,152,,148,155,,113,130,111,112,109,125,89,,128,121,,119,127,86,106,112,,107,,110,108,98,120,116,138,128,132,101,117,,118,119,120,76,96,85,,94,134,134,,138,131,128,121,151,123,,95,102,,90,92,,108,88,79,91,82,104,,144,135,,,149,146,141,137,107,106,110,,100,120,125,113,119,,129,100,82,87,88,94,107,89,85,91,85,102,100,97,101,91,104,100,96,98,101,143,137,123,,136,136,127,134,125,131,128,135,77,75,75,72,75,,81,54,74,64,121,119,124,119,117,,112,124,135,82,,108,106,101,87,100,112,136,130,129,115,126,91,,,,98,99,,108,114,110,,,,174,,147,137,146,148,110,135,,131,179,,,,168,178,,183,178,191,114,118,,124,98,99,94,92,96,103,96,,91,,104,94,,171,160,,162,153,177,,170,164,148,133,58,74,71,,,62,61,75,,58,60,84,,96,,,133,,143,138,,71,62,55,43,32,40,,107,116,128,128,120,83,88,85,142,170,156,167,161,139,143,139,153,146,67,,63,70,69,44,109,120,94,92,90,97,,57,102,,,87,179,201,127,,148,212,157,208,77,,,79,80,82,91,84,89,43,45,44,46,42,42,,35,48,86,93,85,88,80,104,59,,106,102,194,158,146,179,150,164,153,164,148,132,67,69,,73,71,88,76,72,71,59,79,35,37,27,26,26,54,,47,46,51,49,34,32,37,36,50,52,60,67,,36,75,75,55,57,48,52,87,93,87,85,,,83,83,67,56,50,50,48,49,74,85,85,77,182,183,190,179,159,164,168,135,99,88,74,72,87,95,,120,132,136,138,130,128,134,,,140,115,115,140,117,,205,196,184,145,,,214,144,100,88,85,105,81,84,95,94,88,,72,60,71,74,79,73,82,87,77,87,84,70,69,47,43,66,52,69,79,86,,86,75,61,53,,204,156,202,191,,,,175,166,,,,174,179,116,102,122,114,183,,127,178,162,192,158,158,133,171,114,132,138,88,105,183,115,153,,148,146,154,145,170,168,161,159,167,,102,104,101,87,70,71,90,96,86,95,94,99,99,102,103,104,93,95,,105,,95,110,113,91,161,,162,134,,,120,125,116,136,,104,120,113,,120,115,116,106,132,101,92,95,93,107,,,,126,,107,118,,131,156,164,143,80,77,87,64,121,83,,110,,,92,,93,92,101,72,76,80,93,80,,109,97,107,104,101,104,95,83,103,102,73,74,72,50,48,51,66,63,59,52,,58,88,72,,89,88,,74,78,82,73,86,,69,50,,,114,140,,114,,114,110,120,120,66,63,,64,63,,113,110,,122,,104,108,103,,108,96,100,102,104,,82,78,86,81,86,79,63,145,153,121,131,115,120,94,71,58,84,83,76,107,101,102,103,101,113,111,116,111,118,91,81,82,90,,95,88,90,91,92,80,102,95,91,86,97,144,156,146,,150,143,147,,134,104,116,83,88,,118,78,74,,44,,49,45,56,51,97,95,94,,,,70,,83,,68,65,,,69,61,63,65,64,,71,,124,125,117,143,149,126,,109,99,119,142,114,125,,105,,,98,94,84,77,,85,102,121,102,61,85,74,87,124,,113,112,117,115,69,61,101,104,124,100,116,114,109,131,123,,149,148,142,146,101,117,148,100,,,,,128,142,,138,113,135,146,139,114,113,126,110,108,111,125,74,85,101,95,106,,73,83,90,,100,103,,81,105,135,128,119,130,108,130,131,106,113,115,104,,122,125,123,194,180,161,,112,121,,116,107,95,69,88,118,114,139,139,,,,,80,80,87,93,89,,,,,,88,75,108,,,73,,79,,,113,,104,122,124,142,152,150,128,143,94,,152,,157,164,161,165,168,137,133,114,140,91,77,,83,114,,111,112,113,100,,,151,77,78,75,66,88,85,91,100,,,170,66,71,67,67,,70,82,110,108,115,108,88,,87,86,82,,,76,77,,102,92,92,,91,,168,172,,,94,66,,,177,184,140,,,86,91,103,102,176,182,177,92,87,90,89,82,87,91,75,96,109,124,96,108,72,77,68,69,,149,150,94,,85,82,78,88,114,113,106,89,63,62,68,86,,,85,124,119,129,159,97,74,76,76,86,85,91,150,108,103,119,97,,,106,80,82,91,140,136,,49,133,151,,137,141,142,,150,150,138,137,144,96,100,94,110,140,126,172,91,118,88,113,,137,114,95,60,176,185,,126,,124,,,,106,106,109,99,122,114,,123,,132,135,128,73,80,68,57,80,96,106,102,96,91,84,84,86,108,118,136,141,90,,86,80,81,90,86,84,72,119,124,114,115,91,82,84,81,,77,102,103,105,90,111,114,117,118,129,103,107,104,104,97,,94,99,94,104,95,91,96,94,72,77,109,,62,88,87,,63,60,59,,,133,128,75,,83,102,109,97,110,59,58,62,62,63,125,118,123,,46,57,58,107,121,,113,129,,75,67,98,102,104,86,93,119,113,,107,120,100,,100,106,,119,99,91,92,,94,93,92,91,86,156,116,112,114,129,129,137,117,127,146,122,,139,147,157,136,81,86,84,74,78,124,115,131,122,116,65,80,104,86,78,97,65,98,114,95,69,73,80,84,75,76,80,69,61,66,98,108,100,126,138,138,143,106,93,92,124,134,119,117,,100,96,125,118,69,77,122,129,,126,,102,112,112,164,179,172,155,92,110,112,117,128,143,,,115,114,113,,107,109,120,114,125,102,,138,124,126,,,,,138,136,134,131,137,121,107,118,,118,131,150,151,155,139,87,66,77,74,82,,,,,99,84,69,72,63,68,94,,80,123,116,116,116,123,121,134,75,77,95,92,92,93,,47,51,57,57,28,36,140,135,94,,70,63,,113,118,,68,65,92,,102,,118,,62,56,112,118,117,117,121,125,126,130,94,103,97,93,,146,139,86,176,139,155,,106,114,133,133,113,115,,104,95,138,138,145,,155,167,142,,137,204,144,145,119,127,151,,149,170,,165,130,140,136,114,107,117,118,123,,131,124,114,93,99,105,111,118,112,,,117,114,127,90,,94,120,115,165,150,144,69,61,143,158,146,120,89,,89,113,177,183,62,147,150,,123,,132,135,213,91,40,40,112,126,158,147,106,116,148,99,,,142,154,101,154,,162,177,160,118,,102,150,,,88,186,170,66,105,121,79,64,92,154,98,118,159,131,113,,124,119,,78,91,164,149,116,133,82,113,47,72,93,99,64,148,65,185,95,101,106,66,103,121,148,82,80,80,82,76,100,154,123,104,94,78,152,139,106,109,103,90,80,126,130,95,83,176,107,66,,127,103,119,70,124,95,102,,77,194,106,138,93,99,115,153,179,134,156,64,79,190,102,92,82,143,125,,95,200,150,171,173,,114,80,53,88,70,70,84,76,77,51,108,116,157,170,125,103,,120,,113,105,89,156,104,62,78,66,72,72,58,59,38,35,40,53,83,75,44,76,56,77,81,80,110,136,117,160,151,163,138,114,176,116,120,116,71,66,67,72,,46,49,82,94,111,89,109,131,82,113,85,106,99,113,67,105,128,202,196,186,158,127,76,136,127,106,97,122,95,100,161,156,109,70,89,82,99,81,140,96,90,111,112,89,156,132,,110,135,123,122,104,102,95,100,77,95,,131,115,97,151,132,123,157,152,100,99,195,153,153,137,127,126,97,115,82,127,160,167,111,150,,52,75,56,58,37,47,74,101,61,50,62,50,81,86,133,118,129,91,136,129,114,127,146,151,123,129,132,48,73,77,,63,79,92,108,105,92,91,65,162,82,138,187,146,140,151,121,138,173,132,95,88,,130,168,148,139,78,80,,130,125,114,140,140,183,,135,162,110,110,54,143,101,103,142,,94,105,108,107,101,79,85,90,96,66,66,,55,,135,112,,107,63,65,67,132,120,98,68,,72,128,129,117,,,74,127,122,111,87,122,124,122,134,94,99,150,123,103,105,104,102,111,128,120,41,51,,54,67,73,64,63,122,114,78,72,90,90,82,73,136,140,130,114,119,94,124,94,93,74,163,96,34,68,81,79,84,86,174,164,,151,102,53,52,95,150,142,75,78,144,125,125,134,149,167,104,98,136,91,91,176,82,125,,88,58,68,119,73,122,97,72,86,118,106,106,105,128,103,127,172,152,102,93,81,94,132,130,104,85,108,91,,151,129,118,92,94,95,99,84,74,141,164,120,88,117,114
20210719,14,O3_24h,114,95,119,116,108,108,94,109,91,108,101,123,,,119,,143,158,119,,153,,116,177,,148,166,,113,130,111,112,109,125,111,,149,128,,126,127,96,106,117,,107,,110,108,98,133,127,143,132,132,124,120,,128,126,122,76,96,85,,94,134,134,,138,140,138,132,157,123,,95,102,76,90,106,,113,98,99,112,102,104,,162,150,,,167,166,153,158,154,163,143,,155,146,157,158,141,,136,110,99,108,106,106,112,111,96,100,92,103,102,99,103,112,119,100,99,99,116,146,139,126,,146,154,137,143,131,131,134,138,107,105,108,104,107,,114,95,107,96,121,119,124,123,117,,117,130,143,113,,137,127,129,126,114,114,136,130,129,115,126,96,,,,98,144,,108,114,110,,,,190,,154,141,146,155,120,135,,150,179,,,,168,178,,199,178,191,114,122,,125,104,109,98,101,97,110,102,,94,,104,94,,171,160,,162,153,177,,170,164,148,139,78,92,82,,,91,80,81,86,81,77,84,,99,,,134,,152,152,,86,83,86,88,83,93,,107,122,129,128,134,119,112,103,142,170,156,170,164,142,145,139,153,148,81,,80,78,77,58,160,126,130,98,107,97,,102,102,,,100,179,201,161,,160,212,186,208,97,,,84,89,89,94,94,90,81,84,80,83,82,81,,68,85,147,146,153,152,139,126,132,,132,140,194,158,146,179,150,164,153,164,148,135,141,182,,158,135,173,109,147,76,124,112,72,67,67,74,83,86,,62,76,98,80,92,79,85,94,180,160,177,149,,186,150,149,100,116,114,106,132,141,161,112,,,104,107,98,83,75,62,88,74,191,189,212,202,182,183,190,179,159,164,168,135,99,88,78,85,89,121,,120,151,151,213,172,222,170,,,151,170,170,140,156,,205,196,184,162,,,214,144,100,88,93,105,86,86,95,95,91,,102,94,78,93,83,81,124,114,116,121,115,128,97,93,96,91,86,103,103,110,,96,86,95,89,,204,164,202,191,,,,181,168,,,,174,179,123,114,126,120,183,,144,178,162,192,158,158,133,171,119,132,138,88,105,183,115,182,,161,165,185,159,182,175,185,187,184,,109,116,118,113,116,111,124,119,104,106,103,99,101,102,108,110,101,101,,107,,98,110,113,108,161,,162,134,,,125,131,122,186,,114,124,122,,120,115,116,106,132,101,96,98,95,107,,,,126,,111,122,,131,159,164,150,86,82,95,80,121,83,,128,,,161,,144,125,122,93,98,101,93,83,,116,104,114,108,113,111,103,87,103,106,78,78,78,88,78,80,79,72,80,62,,63,113,105,,133,109,,126,126,123,111,123,,134,88,,,114,140,,116,,120,135,126,122,84,88,,79,84,,113,110,,122,,104,108,103,,108,96,101,102,104,,124,123,119,101,104,103,68,145,153,148,131,134,136,101,96,82,96,97,93,107,104,102,103,101,113,111,120,113,120,95,81,82,90,,95,88,90,95,92,80,116,103,107,100,107,144,156,146,,150,146,147,,134,106,116,94,96,,118,96,95,,86,,92,88,102,87,104,100,94,,,,99,,101,,87,87,82,,84,82,89,76,84,,86,,140,132,155,143,149,126,,151,137,163,142,137,155,,108,,,120,94,93,77,,132,111,132,110,90,95,83,102,141,126,126,141,125,143,74,70,147,160,166,145,116,114,109,131,123,,149,170,145,150,103,131,148,101,,,,,247,197,,183,113,135,146,139,114,113,126,110,109,111,125,86,100,104,113,121,,96,102,120,,139,146,,139,158,167,146,146,150,150,162,158,117,121,128,104,,143,157,148,194,180,162,116,112,121,,116,107,133,121,128,118,114,139,139,,81,,,106,106,102,117,97,76,,82,,,107,92,126,,,93,,84,,,146,,128,134,138,164,168,160,168,182,119,,152,140,196,204,195,165,168,144,144,115,143,93,82,,94,119,,142,121,113,100,,,151,91,89,88,89,92,90,93,107,,,170,80,78,80,76,,74,122,123,119,127,112,89,,87,89,116,,,115,117,,108,97,117,,116,,211,216,,,94,66,,,177,184,166,,,86,91,119,116,189,184,177,99,98,101,100,91,136,125,124,121,200,192,157,155,76,80,70,75,,192,186,94,,88,86,86,100,115,127,106,90,91,79,98,95,,,103,130,126,133,190,123,128,119,135,106,115,91,151,122,118,132,122,,,131,80,82,91,140,136,,98,147,158,,149,148,148,,150,150,138,137,144,97,105,94,136,159,146,172,95,141,134,113,,137,115,104,82,176,185,,126,,124,,,,111,106,115,108,122,114,,129,,132,135,136,91,93,89,85,86,99,108,104,101,102,99,98,100,112,118,136,141,94,,86,80,85,94,86,84,72,119,124,114,115,96,82,92,91,,88,102,103,105,90,116,114,117,120,129,103,107,111,109,97,,94,99,94,104,107,107,107,107,85,83,109,,72,98,92,,95,94,96,107,,133,128,89,,93,102,109,97,110,111,104,115,110,117,125,118,123,,91,89,98,115,123,,141,140,80,105,108,124,145,136,126,123,141,138,,123,125,108,,108,113,,134,143,135,131,,96,98,93,94,88,156,116,112,114,129,129,137,117,127,146,122,,139,147,157,136,140,165,152,156,139,140,124,131,132,116,69,109,128,104,110,100,74,98,120,95,82,87,80,171,151,163,172,69,66,66,98,112,100,128,139,138,143,130,130,127,124,145,165,185,76,130,122,127,127,107,98,151,154,,160,114,102,115,115,164,179,172,155,114,130,143,139,131,149,,,125,120,120,,115,109,120,114,129,102,,138,124,126,,,,,138,136,134,131,137,153,132,127,,120,131,152,151,155,139,87,74,91,77,83,,,,,101,92,102,93,64,68,94,,85,123,116,121,120,123,121,134,75,77,95,92,92,93,,84,84,66,64,41,49,140,135,94,,74,67,,113,118,,84,81,92,,111,,132,,87,77,133,137,146,130,157,151,153,155,105,110,103,116,,150,149,141,176,154,155,,136,147,151,148,138,140,,135,124,158,155,145,,155,167,153,,148,219,146,158,119,142,222,,243,172,,173,143,146,143,117,115,151,148,141,,131,125,119,158,138,111,124,136,129,,,126,127,133,92,,99,137,129,165,150,144,85,126,143,176,146,120,90,,119,119,198,188,82,170,150,,124,,132,138,213,122,81,79,136,144,158,147,160,122,150,100,,,142,167,103,154,,169,177,160,138,,102,171,,,90,186,170,88,105,121,87,81,157,154,112,187,171,217,113,,124,126,,112,132,164,149,126,159,82,130,78,85,126,99,72,148,102,196,95,101,106,70,103,122,148,86,80,82,83,76,107,154,131,112,152,93,162,150,110,112,115,99,99,141,139,95,144,186,116,86,,127,128,119,92,124,100,105,,96,194,106,138,101,99,130,153,204,134,156,86,87,190,108,93,98,156,127,,95,200,171,176,175,,134,107,106,110,112,104,108,115,103,96,108,118,172,218,152,105,,125,,135,105,96,176,104,83,104,113,136,148,114,112,73,81,94,84,159,225,94,79,64,98,103,125,110,136,127,169,151,163,138,114,176,116,138,146,86,82,87,94,,78,85,103,100,116,89,116,131,91,116,126,114,184,169,107,105,130,202,196,186,158,145,88,175,127,118,97,122,98,100,161,156,109,94,97,87,116,117,153,135,124,129,112,96,156,138,150,110,139,130,133,104,118,98,100,100,110,,131,115,97,176,155,125,162,152,127,102,195,155,153,152,127,126,107,123,96,139,160,167,117,150,,79,75,77,85,80,77,147,102,170,74,73,106,94,86,149,118,132,110,136,136,125,132,146,153,123,129,132,86,96,94,,99,90,94,108,116,110,102,85,162,107,177,187,195,140,151,161,138,173,161,113,109,,130,168,148,139,92,90,162,130,130,126,140,140,183,,142,188,134,123,66,143,143,113,159,,153,141,175,136,121,97,96,90,96,71,69,,110,,138,122,,107,93,127,102,139,134,106,79,,86,138,137,120,,,78,135,122,126,87,142,136,126,141,94,99,150,162,121,109,109,123,133,138,135,80,81,75,84,101,89,89,89,122,133,101,92,113,97,82,88,143,140,130,122,132,103,151,106,93,76,210,170,76,83,143,110,110,127,176,178,,151,110,86,92,95,150,234,86,87,224,158,134,134,239,177,134,136,149,128,135,176,109,125,,88,102,91,135,112,122,101,114,89,118,106,106,105,130,103,128,190,181,102,93,106,112,136,145,104,86,108,91,95,168,129,123,97,94,115,99,102,89,166,164,120,88,131,128
20210719,14,O3_8h,63,63,68,67,61,58,47,66,51,60,52,56,,,59,,76,89,60,,80,,74,118,,88,120,,51,61,64,52,50,61,80,,94,87,,86,83,74,85,96,,85,,68,73,59,86,82,100,86,83,81,82,,89,95,82,42,57,47,,53,78,74,,76,95,90,85,87,70,,74,77,62,72,56,,64,62,58,55,58,60,,101,96,,,100,98,88,96,81,76,79,,73,87,88,85,86,,86,89,75,85,84,89,96,81,82,86,80,79,80,78,82,75,87,76,78,83,80,104,100,96,,108,102,98,100,94,92,96,98,66,63,63,62,63,,70,45,64,57,84,83,86,88,85,,78,92,95,67,,88,81,82,76,80,83,84,78,79,69,78,81,,,,59,69,,72,73,69,,,,98,,97,97,100,100,81,101,,96,105,,,,106,111,,99,100,108,76,79,,84,79,83,78,77,76,92,85,,79,,80,71,,91,86,,94,83,90,,88,96,92,78,37,67,58,,,58,57,63,50,47,51,52,,70,,,85,,104,102,,54,57,52,39,32,32,,78,77,78,80,77,56,58,51,83,88,96,102,99,76,84,80,90,98,67,,51,62,60,47,73,83,84,62,63,68,,54,65,,,62,111,108,103,,92,116,109,117,82,,,70,72,75,80,74,74,37,42,41,44,37,37,,33,45,68,76,72,68,61,72,52,,75,88,92,92,86,96,82,85,81,90,84,84,36,38,,39,33,42,51,42,40,36,51,32,25,23,22,20,33,,43,41,38,36,30,35,32,30,32,32,34,35,,28,41,27,36,36,32,36,43,42,40,39,,,44,43,36,42,39,35,42,41,46,54,52,49,76,74,80,73,76,76,68,69,45,53,52,56,61,86,,80,63,90,80,77,74,76,,,80,68,63,72,67,,98,86,72,70,,,100,99,46,44,48,50,44,42,43,52,46,,54,57,61,64,69,61,61,64,53,63,54,50,55,49,38,48,52,54,69,56,,60,54,40,50,,133,131,119,104,,,,95,133,,,,128,139,51,42,45,49,66,,62,90,80,96,92,80,82,87,77,80,86,64,63,93,69,106,,103,98,109,98,121,120,143,140,116,,89,96,84,56,56,52,62,84,76,81,82,87,84,87,81,82,75,78,,84,,77,88,87,73,91,,92,88,,,90,96,90,116,,87,93,92,,81,88,81,79,102,64,70,70,74,70,,,,91,,75,86,,92,109,112,102,78,77,86,58,76,64,,94,,,68,,65,64,64,54,57,56,62,60,,69,66,71,72,60,69,71,61,67,58,74,65,64,44,38,42,48,47,42,36,,39,60,54,,68,66,,57,60,62,51,63,,52,46,,,66,80,,83,,81,86,81,80,63,63,,62,66,,62,60,,63,,73,75,73,,80,74,76,74,77,,75,71,83,67,71,76,57,98,103,92,92,82,84,74,60,50,78,79,59,92,86,91,91,91,94,85,85,86,92,76,70,70,79,,83,69,60,74,65,61,87,87,86,80,91,97,102,99,,96,87,100,,86,66,67,63,68,,82,62,79,,41,,48,45,52,47,70,69,67,,,,48,,55,,61,57,,,56,48,50,62,60,,62,,66,58,61,64,86,75,,75,60,79,84,94,75,,92,,,90,64,63,50,,51,57,64,63,59,79,72,74,98,85,86,89,93,88,53,43,81,86,95,79,59,55,60,60,68,,54,74,50,62,58,67,68,48,,,,,107,110,,102,85,98,112,95,89,92,57,49,45,52,48,55,62,69,70,74,,58,62,61,,63,67,,52,73,76,89,86,94,88,92,96,67,77,82,73,,96,97,110,142,128,110,,84,85,,86,59,83,72,91,86,84,93,93,,71,,,80,80,74,82,78,,,,,,77,67,85,,,66,,65,,,96,,89,86,83,93,96,95,86,88,76,,98,70,105,109,101,104,100,95,94,79,91,73,61,,62,74,,75,72,58,55,,,85,67,66,67,62,68,68,69,78,,,86,62,62,66,62,,66,66,77,88,88,77,71,,68,66,64,,,60,53,,72,64,62,,58,,127,129,,,80,58,,,112,122,98,,,65,70,81,81,156,160,162,91,91,93,92,83,86,86,68,83,90,99,84,75,56,57,51,54,,94,99,80,,72,65,56,65,96,98,78,72,55,52,61,57,,,67,100,97,104,121,85,72,68,71,70,73,74,96,90,70,86,76,,,82,47,50,56,87,91,,41,91,92,,95,91,97,,96,93,99,95,102,70,81,75,74,85,76,62,54,85,67,71,,83,53,60,50,96,97,,90,,89,,,,81,83,83,83,84,85,,72,,95,90,98,72,75,70,66,66,72,80,67,80,82,66,63,68,73,71,74,68,64,,59,48,50,57,50,48,41,70,64,68,57,66,66,65,64,,52,69,66,57,52,71,63,70,72,76,67,72,67,71,61,,59,63,62,65,62,61,59,62,46,49,63,,44,62,61,,47,47,46,53,,94,90,61,,67,67,75,68,72,54,53,60,53,62,77,73,77,,41,47,51,61,76,,71,84,,56,47,61,69,71,70,69,68,64,,72,80,68,,77,84,,76,66,64,62,,80,77,77,57,52,81,62,60,68,71,69,70,77,74,90,72,,82,85,86,84,63,63,59,54,55,74,75,70,73,73,42,54,67,54,55,59,44,59,62,53,33,43,41,73,62,62,67,34,35,33,55,61,50,79,84,84,91,82,75,72,68,71,76,86,,71,65,80,75,48,57,67,74,,68,78,59,64,64,79,85,89,74,49,60,65,67,86,70,,,90,85,91,,81,54,53,48,65,51,,57,58,52,,,,,80,78,67,69,73,68,59,65,,60,99,100,100,99,75,47,48,43,50,43,,,,,57,57,49,47,45,38,46,,36,79,79,79,67,101,100,101,43,41,66,71,62,66,,40,43,42,42,20,19,82,91,51,,41,34,,77,73,,48,47,66,,74,,93,,32,28,69,66,72,71,100,99,100,104,57,59,48,62,,101,95,87,104,104,92,,92,102,94,95,106,107,,97,92,93,92,89,,96,110,88,,94,146,115,98,74,118,117,,124,111,,130,107,111,105,86,77,104,104,88,,71,78,68,85,93,89,80,90,86,,,70,67,75,60,,71,66,78,54,61,90,68,35,72,114,91,62,71,,58,95,101,104,60,108,97,,92,,92,89,108,46,41,39,104,81,103,100,80,87,98,64,,,82,72,75,84,,124,132,127,73,,77,88,,,81,114,109,71,63,78,72,69,89,92,64,70,102,83,58,,61,90,,52,68,70,80,101,98,60,98,40,66,57,63,56,71,47,96,69,71,82,65,80,78,79,55,51,54,56,53,71,82,93,95,59,67,107,79,93,96,96,65,53,71,83,62,67,97,77,59,,78,68,86,53,88,58,59,,49,121,79,82,68,75,91,94,104,85,94,57,65,111,74,68,53,70,73,,82,109,101,99,120,,102,67,53,70,65,57,67,68,61,49,75,86,108,130,91,79,,84,,89,80,84,93,72,38,47,37,35,35,35,35,29,31,34,37,41,45,37,68,42,55,44,59,76,89,81,111,106,109,95,82,99,76,73,68,61,59,56,62,,46,47,68,65,78,59,56,80,44,71,64,74,72,62,52,54,69,92,93,103,80,69,77,107,91,90,69,83,75,79,97,83,65,53,71,60,79,77,88,60,60,71,63,72,82,95,23,57,88,64,93,72,81,76,77,61,65,,90,52,45,107,91,88,108,99,85,81,109,105,101,99,88,81,91,74,81,91,64,98,64,56,,40,52,42,35,33,34,30,66,42,46,40,30,52,47,92,82,86,46,57,78,88,78,94,105,94,89,89,47,47,58,,46,64,67,71,77,86,65,34,91,65,90,111,87,78,64,94,99,106,104,77,78,,89,104,105,98,65,81,119,85,84,94,108,100,127,,108,140,67,79,45,90,66,86,68,,80,76,77,71,55,53,48,49,68,54,51,,44,,73,76,,57,47,61,56,83,92,71,49,,60,92,86,94,,,69,88,54,77,35,97,85,91,93,61,70,97,88,74,70,63,80,86,83,78,38,45,,52,62,58,58,63,51,87,49,73,62,60,52,55,83,98,68,108,113,57,72,69,65,64,119,64,30,51,43,43,42,54,86,92,,96,77,50,50,67,73,111,70,71,112,103,93,77,120,120,71,58,64,55,57,92,69,82,,70,55,70,97,55,73,68,55,45,50,62,46,65,84,52,91,108,106,78,57,57,73,96,93,72,53,55,44,,104,76,113,71,80,76,84,67,69,92,104,75,64,52,88
20210719,14,O3_8h_24h,63,63,68,67,61,58,47,66,51,60,52,56,,,72,,76,89,60,,80,,74,118,,88,120,,51,61,64,52,50,61,111,,94,87,,86,83,92,85,96,,85,,84,82,71,86,82,100,86,83,81,82,,89,95,82,42,57,47,,53,78,74,,76,95,90,85,87,70,,78,81,75,76,56,,64,62,68,55,71,60,,101,96,,,100,98,88,96,81,76,79,,73,87,88,85,86,,86,89,86,86,84,89,96,84,82,86,80,79,80,78,82,75,87,76,78,83,80,104,100,96,,108,102,98,100,94,92,96,98,66,63,66,62,67,,70,48,64,63,84,83,86,88,85,,78,92,95,67,,88,81,82,76,80,83,84,78,79,69,78,81,,,,59,69,,72,73,69,,,,98,,97,97,100,100,81,101,,96,105,,,,106,111,,99,100,108,76,79,,84,79,83,78,77,76,92,85,,79,,80,71,,91,86,,94,83,90,,88,96,92,78,54,74,63,,,61,66,72,59,70,61,52,,70,,,85,,104,102,,54,83,71,44,39,39,,78,77,78,80,77,56,58,51,83,88,96,102,99,76,84,80,90,98,72,,53,62,60,47,73,83,84,62,63,68,,54,65,,,62,111,108,103,,92,116,109,117,82,,,71,78,87,80,79,74,54,56,49,60,50,55,,50,64,77,76,72,74,82,72,52,,75,88,92,92,86,96,82,85,81,90,84,84,36,38,,39,33,43,51,42,40,36,51,34,32,30,29,27,33,,45,42,42,36,35,41,32,32,32,32,34,35,,28,41,27,36,36,32,36,43,42,40,39,,,44,43,36,42,39,35,46,42,56,54,67,57,76,74,80,73,76,76,94,69,45,53,52,56,61,102,,80,66,90,80,82,79,76,,,80,69,67,72,68,,98,86,85,70,,,100,112,46,44,48,50,44,42,43,52,46,,54,62,61,65,70,65,70,74,74,72,71,82,76,61,38,77,68,91,81,64,,86,54,48,50,,133,148,119,104,,,,95,141,,,,128,139,51,42,45,49,66,,62,90,80,96,92,80,82,87,77,80,86,64,63,93,69,106,,103,98,109,98,121,120,143,140,116,,89,96,84,62,56,52,62,114,103,96,82,87,84,87,81,82,75,78,,84,,77,88,87,73,91,,92,88,,,90,96,90,116,,87,93,92,,81,88,81,79,102,64,70,73,74,70,,,,91,,75,86,,92,109,112,102,82,78,86,58,76,64,,94,,,68,,65,64,64,72,78,74,75,76,,69,66,71,72,60,69,71,61,67,58,74,65,64,51,47,47,48,47,42,56,,58,60,54,,74,74,,60,64,62,53,66,,52,46,,,66,80,,83,,81,86,81,80,64,64,,62,66,,70,70,,76,,74,75,73,,80,74,76,74,77,,75,71,83,67,71,76,57,98,103,92,92,82,84,74,60,50,78,79,59,92,86,91,91,91,94,85,85,86,92,76,70,70,79,,83,69,60,74,65,61,107,87,92,92,98,97,102,99,,96,87,100,,86,66,67,63,68,,82,66,85,,64,,69,66,72,65,75,82,78,,,,54,,55,,86,82,79,,67,61,62,62,60,,62,,73,63,61,64,101,81,,75,60,79,84,94,75,,92,,,90,64,63,50,,51,57,64,63,59,80,72,74,98,85,86,89,93,88,53,43,106,104,106,100,59,55,60,60,68,,68,74,59,62,58,67,68,51,,,,,117,110,,102,85,98,112,95,89,92,57,49,45,52,48,55,62,69,72,74,,76,67,66,,63,73,,86,82,84,89,86,96,88,92,96,67,77,84,73,,96,97,110,142,128,110,127,96,93,,86,59,123,101,108,86,84,93,93,,71,,,80,80,74,82,78,80,,94,,,77,67,85,,,83,,82,,,96,,89,86,83,93,96,95,86,88,76,,98,70,105,109,101,104,100,95,94,79,91,73,61,,62,74,,75,72,58,55,,,85,67,66,67,62,75,71,72,80,,,86,68,64,69,67,,66,75,77,88,88,77,71,,68,66,75,,,76,74,,76,64,62,,62,,161,136,,,80,58,,,112,122,98,,,65,70,81,81,161,163,165,91,91,93,92,83,88,86,68,83,90,99,84,75,56,57,51,54,,94,99,80,,72,65,56,65,108,123,78,72,55,52,61,59,,,67,100,97,104,121,85,72,68,71,70,73,74,96,90,70,86,76,,,82,47,50,56,87,91,,41,91,92,,95,91,97,,96,93,99,95,102,70,81,75,74,85,76,62,54,85,67,71,,83,53,60,50,96,97,,90,,89,,,,81,83,83,83,84,85,,72,,95,90,98,72,75,70,66,66,72,80,67,80,82,70,70,68,73,71,74,68,64,,59,48,50,57,50,48,41,70,64,68,57,66,66,65,64,,52,69,66,57,52,71,63,70,72,76,67,72,67,71,61,,59,63,62,65,62,61,59,62,46,49,63,,55,66,65,,81,83,76,89,,94,90,89,,93,71,82,74,80,78,74,82,78,85,77,73,77,,76,68,84,61,76,,71,84,83,56,47,61,69,71,70,69,68,64,,72,80,68,,77,84,,76,74,64,62,,80,77,77,57,52,81,62,60,68,71,69,70,77,74,90,72,,82,85,86,84,63,63,59,54,55,74,75,70,73,73,42,54,67,54,55,59,44,59,62,53,33,43,41,73,72,62,67,34,35,49,55,61,51,79,84,84,91,82,87,83,68,71,76,86,87,76,65,80,75,48,57,67,74,,75,79,59,64,64,79,85,89,74,49,60,65,67,86,74,,,90,85,91,,81,61,75,70,74,66,,57,58,52,,,,,84,85,76,69,73,68,59,65,,60,99,100,100,99,82,47,48,43,51,43,,,,,57,57,67,57,54,51,46,,36,85,83,80,67,101,100,101,43,41,66,71,62,66,,54,43,46,42,21,20,82,91,51,,56,41,,77,73,,55,53,66,,75,,116,,32,28,69,66,72,71,100,99,100,104,57,59,48,62,,101,100,87,124,106,92,,92,109,94,106,106,107,,99,92,93,92,89,,96,110,88,,94,146,115,134,74,119,119,,130,111,,130,107,111,105,86,77,104,104,88,,71,79,70,105,104,89,80,90,86,,,70,67,75,60,,71,66,78,54,61,90,68,35,72,114,91,62,71,,69,95,101,104,68,108,97,,92,,92,89,108,46,41,39,104,81,103,100,80,87,98,81,,,82,72,75,84,,124,132,127,73,,77,88,,,81,114,109,71,63,78,72,69,89,92,68,70,102,87,73,,70,90,,52,78,70,80,106,98,61,98,47,66,57,63,56,71,84,96,69,71,82,65,80,78,79,55,51,54,56,53,73,82,93,102,59,93,107,79,93,96,96,82,53,71,83,62,84,97,81,83,,78,68,86,53,88,58,59,,49,121,79,82,68,75,114,102,104,85,94,68,65,111,74,68,53,70,73,,82,109,101,99,120,,102,69,64,70,76,57,67,68,61,51,75,86,108,142,91,79,,84,,89,80,84,93,72,44,47,37,35,35,35,35,32,34,38,47,41,49,39,68,42,55,44,59,76,89,81,111,106,109,95,82,99,81,73,68,82,79,84,94,,60,62,68,65,78,59,56,80,44,71,64,74,93,68,67,54,86,92,93,103,80,69,77,107,91,90,69,83,75,79,97,83,65,53,71,60,79,77,88,68,60,71,63,78,82,95,23,57,88,64,93,72,81,76,77,61,65,,90,52,45,107,91,88,108,99,85,81,109,105,101,99,88,81,91,74,90,111,64,98,64,64,,40,69,46,40,33,46,30,66,44,48,40,30,52,47,92,82,86,46,57,78,88,78,94,105,94,89,89,67,47,68,,80,86,76,71,77,106,65,58,91,65,90,111,87,78,64,116,99,106,104,77,78,,89,104,105,98,75,86,119,85,84,94,108,100,127,,108,140,67,79,47,90,66,86,68,,89,76,77,71,55,56,48,49,68,54,51,,63,,73,76,,57,47,63,60,83,92,71,57,,66,92,86,94,,,70,90,54,77,35,97,85,91,93,78,71,97,88,74,70,63,80,86,83,78,49,66,79,74,65,62,82,64,51,87,49,73,62,60,53,56,83,103,68,108,113,60,72,69,65,68,155,64,30,71,43,43,42,54,86,92,,96,77,71,70,67,73,111,74,71,112,103,93,77,132,120,71,73,64,55,57,92,69,82,,70,70,76,97,68,73,75,73,45,50,62,46,65,84,52,91,108,106,78,57,89,73,96,93,75,56,55,44,98,104,94,113,74,80,76,84,67,77,92,104,75,64,52,88
20210719,14,CO,0.5,0.5,0.7,0.7,0.7,0.7,0.5,0.7,0.6,0.5,0.5,0.6,,,0.7,,0.8,0.8,0.4,,0.9,,0.6,0.9,,0.7,0.5,,0.5,0.6,0.5,0.7,0.6,0.3,0.7,,0.8,0.7,,0.7,0.7,0.3,0.1,0.4,,0.3,,0.5,0.8,0.4,0.1,0.4,0.2,0.1,0.1,0.1,0.3,,0.4,0.3,0.1,0.7,0.8,0.9,,0.8,0.7,0.9,,0.7,0.3,0.2,0.2,0.4,0.5,,0.2,0.5,,0.3,1.5,,0.8,0.5,0.6,1.7,0.9,0.6,,0.6,0.5,,,0.5,0.5,0.5,0.5,0.6,0.3,0.5,,0.3,0.4,0.3,0.3,0.4,,,0.8,0.6,0.5,0.5,0.4,0.6,0.5,0.5,0.5,0.7,0.5,0.4,0.5,0.4,0.4,0.3,0.4,0.3,0.4,0.4,0.5,0.7,0.6,,0.6,0.5,0.5,0.5,0.3,0.7,0.5,0.4,0.4,0.5,0.3,0.4,0.3,,0.3,0.3,0.3,0.2,0.2,0.4,0.1,0.4,0.6,0.4,0.3,0.5,0.3,0.2,,0.3,,0.3,0.1,0.2,0.5,0.4,0.3,0.4,0.5,0.5,0.2,,,,0.4,0.3,,0.5,0.3,0.2,,,,0.6,,0.3,0.1,0.3,0.3,0.3,0.2,,0.2,0.5,,,,0.6,0.5,,0.5,0.5,0.6,0.3,0.6,,0.1,0.2,0.3,0.2,0.1,,0.5,0.3,,,,0.3,0.4,,0.4,0.6,,0.6,0.3,0.8,,0.5,0.4,0.4,0.2,0.4,0.4,0.6,,,0.2,0.3,0.4,0.5,0.4,0.4,0.4,,,,,0.4,,0.6,0.5,,0.2,0.3,0.2,0.3,0.3,0.4,,0.3,0.4,0.3,0.1,0.4,0.3,0.3,0.4,0.5,0.5,0.4,0.6,0.5,0.6,0.6,0.4,0.2,0.5,0.3,,0.4,0.5,0.4,0.4,0.3,0.5,0.2,0.8,0.6,0.5,,0.9,0.5,,,0.5,0.7,0.5,0.5,,0.4,0.7,0.7,0.5,0.3,,,0.1,0.3,0.4,0.1,0.1,0.4,0.6,0.5,0.6,0.5,0.5,0.6,,0.6,0.5,0.8,0.7,0.5,0.8,0.6,,0.7,,0.9,0.3,0.7,0.6,0.5,0.7,0.6,0.5,0.4,0.5,0.5,0.4,0.5,0.7,,0.5,0.4,0.5,0.6,0.6,0.5,0.5,0.4,0.4,0.6,0.6,0.5,0.4,0.4,,0.8,0.4,0.4,0.5,0.5,0.6,0.4,0.6,0.3,0.5,0.4,0.3,,0.5,0.4,0.3,0.6,0.5,0.5,0.5,0.5,0.6,0.5,0.5,,,0.7,0.5,0.7,0.4,0.5,0.4,0.7,0.5,0.4,0.4,0.3,0.4,0.6,0.6,0.6,0.6,0.4,0.7,0.7,0.5,0.3,0.5,0.5,0.4,0.4,0.5,,0.3,0.5,0.6,0.7,1,0.3,0.5,,,0.7,0.6,1,0.2,0.6,,0.3,0.3,0.6,0.6,,,0.6,0.3,0.2,0.3,0.4,0.5,0.5,0.4,0.5,0.4,0.6,,0.3,0.2,0.3,0.3,0.2,0.4,0.2,0.3,0.2,0.4,0.4,0.3,0.4,0.9,0.7,0.7,0.8,0.5,0.8,0.4,,0.7,0.8,0.7,0.9,,0.6,0.4,0.6,0.5,,,,1.1,0.3,,,,0.4,0.5,0.6,0.4,0.5,0.2,0.8,,0.5,0.8,1.3,1.2,0.6,0.8,0.8,0.7,0.6,0.7,0.6,0.4,0.4,0.7,,0.4,,0.5,0.9,0.6,0.7,0.6,0.5,0.7,0.8,0.6,,0.3,0.9,0.5,0.3,0.4,0.4,0.6,0.6,0.5,0.6,0.5,0.5,0.3,0.4,0.2,0.3,0.2,0.3,,0.4,,0.2,0.5,0.3,0.7,0.5,,0.6,0.6,,,,0.5,0.4,0.1,,0.2,0.4,0.2,,0.2,,0.2,0.4,0.3,0.2,0.1,0.2,0.2,0.3,,,,0.5,,0.2,0.6,,0.4,0.5,0.7,0.5,0.4,0.2,0.3,0.4,0.4,0.4,,0.2,,,0.7,,0.7,0.5,0.9,0.4,0.6,0.5,0.3,0.3,,0.5,0.3,0.6,0.5,0.4,0.4,0.5,0.5,0.7,0.6,0.4,0.5,0.5,0.4,0.5,0.5,0.6,0.6,,0.4,,0.5,0.6,0.4,,0.6,0.6,,0.4,0.7,0.6,0.5,0.6,,0.5,0.5,,,0.5,0.6,,0.5,,0.6,,0.5,0.4,0.9,0.8,,1,1,,0.7,0.7,,0.6,,0.8,0.8,0.7,,0.6,0.8,0.3,0.2,,,0.4,0.5,0.4,0.6,0.7,0.2,0.2,0.6,0.7,0.5,0.7,0.5,0.6,0.2,0.8,0.9,0.6,0.6,0.4,0.6,0.5,0.4,0.5,0.4,0.6,0.6,0.6,0.7,0.6,0.6,,0.5,0.2,,0.1,0.4,0.3,0.3,0.3,0.3,0.4,0.4,0.4,0.3,0.4,0.5,0.7,0.5,,0.7,0.6,0.6,,0.4,0.7,0.5,0.7,0.8,,0.4,0.3,0.2,,0.7,,0.7,0.4,0.4,0.4,0.5,0.6,0.3,,,,0.6,,0.6,,0.5,0.4,,,0.6,0.6,0.6,0.5,0.5,,0.6,,0.3,0.5,0.4,0.5,0.5,0.7,,0.6,0.5,0.4,0.7,0.5,0.5,,0.7,,,0.6,0.4,0.3,0.6,,0.7,0.7,0.6,0.7,0.6,0.3,0.5,0.6,0.6,,0.8,0.4,0.9,0.8,0.3,0.3,0.6,0.3,0.7,0.7,0.5,0.6,0.5,0.4,0.7,,1.3,2.4,2.1,0.4,0.5,0.6,0.8,0.6,,,,,0.4,0.4,,0.5,0.6,0.5,0.3,0.3,0.4,0.3,0.6,0.5,0.6,,0.5,0.3,0.4,0.7,0.6,0.8,,0.7,0.6,0.8,,0.6,0.5,,,0.7,0.8,0.5,0.8,0.7,0.5,0.4,0.5,0.6,0.7,0.7,0.7,,0.4,0.5,0.2,0.3,0.1,0.3,,0.6,0.4,,0.7,0.3,0.3,0.6,0.3,0.2,0.5,0.2,0.2,,0.4,,,0.3,0.3,0.2,0.2,0.3,,,,,,0.2,0.3,0.4,,,0.3,,0.4,,,0.6,,0.6,0.2,0.6,0.5,0.5,0.8,0.3,0.4,0.5,,0.5,0.6,0.6,0.4,0.5,0.4,0.3,0.3,0.3,0.6,0.6,0.2,0.3,,0.5,0.3,,0.4,0.4,0.5,0.6,,,0.6,0.4,0.5,0.5,0.4,0.5,0.7,0.6,0.5,,,0.2,0.7,0.8,1,0.8,,0.6,,0.3,0.6,0.6,0.4,0.4,,0.4,0.7,0.6,,,0.6,1,,0.6,0.6,0.4,,0.4,,0.7,0.7,,,,0.4,,,0.6,0.5,0.3,,,0.3,0.4,0.3,0.3,0.4,0.3,0.3,0.4,0.2,0.4,0.4,0.5,0.4,0.3,0.4,0.7,0.4,0.4,0.3,0.3,0.4,0.2,0.5,0.4,,0.4,0.4,0.3,,0.2,0.4,0.5,0.4,0.5,0.5,0.5,0.5,0.5,0.5,0.4,0.4,,,0.4,0.7,0.6,0.6,0.7,0.5,0.3,0.3,1,0.5,0.7,0.4,0.6,0.5,0.6,0.6,0.6,,,0.4,0.7,0.4,0.4,0.5,0.4,,0.7,0.5,0.5,,0.6,0.7,0.5,,0.4,0.5,0.4,0.5,0.6,0.4,0.5,0.4,0.7,0.5,0.6,0.7,0.6,0.5,0.6,0.8,,0.2,0.4,0.3,,0.8,0.6,,0.6,,0.5,,,,0.4,0.6,0.6,0.6,0.6,0.6,,0.4,,0.4,0.5,0.5,0.4,0.6,0.5,0.5,0.3,0.4,0.4,0.5,0.4,0.2,0.4,0.4,0.4,0.3,0.4,0.5,0.5,0.4,,0.5,0.3,0.6,0.2,0.5,0.6,0.3,0.8,2.2,0.5,1.8,0.3,0.4,0.8,0.8,,0.4,0.4,0.5,0.3,0.4,1.1,0.8,0.7,1.1,1.3,0.5,0.6,0.5,0.3,0.3,,0.4,0.7,0.4,0.5,0.5,0.5,0.5,0.6,0.3,,0.6,,0.2,0.6,0.4,,0.4,0.6,0.6,0.4,,0.5,0.4,0.7,,0.6,0.6,0.5,0.7,0.7,1,1,0.8,0.8,0.7,0.6,0.6,0.6,,0.6,0.4,1.5,0.8,0.7,,0.6,1,,0.6,,,0.5,0.7,0.8,0.7,0.7,0.7,,0.6,0.7,0.3,,0.9,1,,0.6,0.4,0.4,0.4,,0.7,0.7,0.7,1.4,0.9,0.9,0.6,0.6,0.5,0.4,0.5,0.4,0.6,0.6,0.5,0.5,,0.6,1.1,1.3,1.6,0.5,0.6,0.7,0.5,0.7,0.7,0.6,0.6,0.5,0.7,1.4,0.9,0.7,0.8,1.2,0.3,0.5,0.5,0.6,0.7,0.2,0.4,0.4,0.7,0.7,0.8,0.6,0.4,0.7,0.4,0.8,0.9,1,0.5,0.5,0.6,0.7,0.5,0.4,0.4,0.8,0.7,0.5,0.6,,0.6,0.7,0.8,0.9,0.4,0.4,0.6,0.3,,0.4,0.1,0.2,0.2,0.3,0.5,0.5,0.3,0.3,0.4,0.2,0.5,0.5,0.3,0.3,,,0.3,0.4,0.6,,0.6,0.4,0.7,0.7,0.6,1,,0.3,0.6,0.3,,,,,0.5,0.5,0.5,0.5,0.5,0.2,0.2,0.4,,0.1,0.5,0.5,0.3,0.5,0.5,0.4,0.7,0.5,0.6,0.5,,,,,0.2,0.3,0.5,0.5,0.5,0.4,0.4,,0.3,0.4,0.4,0.3,0.2,0.7,0.6,0.5,0.5,0.4,0.7,,0.5,,,0.5,0.4,0.2,0.2,0.2,0.2,0.5,0.5,0.4,,0.3,0.6,,0.6,0.5,,0.4,0.2,0.4,,0.2,,0.3,,0.6,0.6,0.4,0.6,0.5,0.6,0.4,0.4,0.3,0.5,0.6,0.4,0.6,0.5,,0.4,0.4,0.4,0.5,0.7,0.3,,0.3,0.3,0.2,0.3,0.3,0.3,,0.6,0.8,0.3,0.1,0.6,,0.1,0.2,0.2,,0.3,0.6,0.5,0.4,0.4,0.3,0.3,,0.2,0.2,,0.3,0.3,0.5,0.3,0.8,0.6,0.1,0.3,0.3,,0.5,0.1,0.3,0.3,0.4,0.2,0.4,0.5,0.3,,,0.5,0.7,0.6,0.8,,0.3,0.3,0.5,0.5,1.3,0.3,0.6,0.7,0.7,0.6,0.8,0.4,0.6,,0.4,0.6,0.5,0.5,0.4,0.4,0.4,,0.4,,0.2,0.7,0.7,0.4,0.5,0.4,0.2,0.8,0.5,0.7,0.4,0.5,0.4,0.4,,,0.7,,0.3,0.6,,0.6,0.4,0.4,0.7,,0.4,0.6,,,0.2,0.4,0.2,0.4,0.3,0.5,0.3,0.2,0.3,0.4,0.6,0.8,0.4,0.4,0.8,,0.8,0.5,,0.5,0.6,0.3,0.5,0.2,,0.4,0.4,0.5,0.6,0.4,0.4,0.4,0.8,0.4,0.6,0.2,0.3,0.3,0.4,0.4,0.2,0.5,0.8,0.3,0.4,0.4,0.3,0.4,0.3,0.4,0.3,0.8,0.6,0.4,0.5,0.6,0.6,0.7,0.5,0.6,0.4,0.8,0.4,0.6,0.5,0.7,0.7,,0.6,0.4,0.2,0.3,0.5,0.5,0.6,,0.9,0.8,0.3,0.5,0.3,0.3,0.4,0.5,0.4,0.7,0.3,0.6,0.6,0.6,0.5,0.3,0.7,0.4,0.5,,0.5,0.5,0.3,0.6,0.5,,0.2,0.4,0.4,0.3,,0.2,0.4,0.3,0.3,0.5,0.4,0.5,0.7,0.4,0.3,0.1,,0.5,,0.4,0.5,0.5,0.8,0.4,0.6,0.5,0.7,0.7,0.6,0.6,0.5,0.4,0.6,0.5,0.6,0.5,0.5,0.4,0.5,0.5,0.6,0.8,0.6,0.2,0.4,0.5,1,0.3,0.5,0.4,0.5,0.9,0.5,0.4,0.5,0.3,0.6,0.6,0.5,,0.4,0.5,0.4,0.5,0.7,0.5,0.4,0.5,0.6,0.3,0.7,0.5,0.3,0.5,0.3,0.6,0.4,0.6,0.3,0.5,0.5,0.6,0.2,0.3,0.1,0.2,0.1,0.4,0.3,0.2,0.6,0.5,0.5,0.2,0.4,0.4,0.5,0.5,0.2,0.6,0.7,0.7,0.5,0.5,0.4,0.7,0.6,0.9,0.6,0.8,0.5,0.3,0.3,0.4,0.3,0.1,0.4,,0.6,0.8,0.4,0.5,0.2,0.4,0.5,0.4,0.5,0.2,,0.2,0.2,0.4,0.2,0.5,0.4,0.2,0.4,0.3,0.3,0.6,0.2,0.4,,0.5,0.4,0.7,,,0.5,0.5,0.7,0.6,0.3,0.4,0.4,0.7,0.5,0.6,0.3,0.3,0.7,1.2,,0.4,0.5,0.5,0.6,0.5,0.7,0.4,0.5,0.5,0.5,,0.2,0.4,0.6,0.6,0.8,0.5,0.5,0.2,0.6,0.5,0.3,0.7,0.4,0.3,0.7,0.6,0.4,0.5,0.4,0.3,0.4,,0.5,1,0.4,0.6,0.3,0.2,0.6,0.6,0.7,0.5,0.5,0.4,0.1,,0.4,0.6,0.7,0.6,0.5,0.4,0.3,0.3,0.4,,0.5,0.4,0.8,0.9,0.6,0.4,0.3,0.3,0.5,0.4,0.4,,0.3,,0.5,0.6,,1.1,0.5,0.2,0.4,0.4,0.4,0.4,0.3,,0.3,0.5,0.6,0.4,,,1,0.6,0.5,0.3,0.5,0.6,0.8,0.2,0.4,0.6,1.2,0.2,0.3,,0.3,0.2,0.3,0.2,0.1,0.3,0.6,0.6,,0.7,0.7,0.2,0.9,0.6,0.7,1,,0.3,0.6,0.5,,0.5,0.5,0.3,0.5,0.1,0.5,0.5,0.5,0.5,0.7,0.5,0.4,0.5,0.5,0.5,0.5,0.5,0.4,0.6,0.8,0.6,,0.6,0.2,0.5,0.6,0.5,0.4,0.5,0.5,,0.4,0.1,0.3,0.5,0.4,0.3,0.7,0.6,0.6,1.1,0.4,0.4,0.2,0.4,,0.6,0.6,0.2,0.4,0.6,0.6,0.4,0.7,0.6,0.5,0.9,0.5,0.7,0.5,0.4,0.6,0.6,0.7,0.8,0.2,0.4,0.5,0.5,0.8,0.5,0.7,0.6,0.5,,0.5,0.2,,0.5,0.1,0.4,0.2,0.3,0.3,0.4,0.5,0.5,0.4,0.6,0.3
20210719,14,CO_24h,0.5,0.5,0.7,0.6,0.6,0.6,0.5,0.5,0.5,0.5,0.5,0.5,,,0.8,,0.9,0.9,0.5,,0.9,,0.5,0.5,,0.6,0.5,,0.7,0.6,0.5,0.8,0.7,0.4,0.6,,0.9,0.7,,0.9,0.6,0.3,0.2,0.4,,0.3,,0.4,0.5,0.4,0.1,0.4,0.3,0.1,0.1,0.1,0.3,,0.5,0.4,0.1,0.6,0.7,0.8,,0.7,0.6,0.3,,0.5,0.4,0.2,0.3,0.2,0.5,,,0.4,0.2,0.3,0.7,,0.5,0.6,0.5,0.6,0.4,0.6,,0.5,0.5,,,0.4,0.5,0.4,0.4,0.8,0.6,0.7,,0.6,0.7,0.5,0.6,0.6,,0.5,0.7,0.6,0.5,0.6,0.4,0.5,0.5,0.5,0.6,0.6,0.6,0.5,0.7,0.5,0.6,0.4,0.4,0.4,0.4,0.5,0.3,0.7,0.5,,0.5,0.6,0.4,0.6,0.3,0.5,0.3,0.4,0.5,0.5,0.3,0.4,0.4,,0.4,0.3,0.4,0.2,0.4,0.6,0.2,0.3,0.8,0.5,0.5,0.7,0.4,0.2,,0.3,0.5,0.3,0.1,0.3,0.5,0.4,0.3,0.4,0.5,0.5,0.3,,,,0.5,0.4,,0.5,0.4,0.3,,,,0.6,,0.4,0.2,0.4,0.4,0.4,0.3,,0.3,0.7,,,,0.7,0.6,,0.6,0.7,0.7,0.4,0.6,,0.2,0.2,0.3,0.1,0.2,,0.5,0.3,,0.3,,0.4,0.5,,0.4,0.4,,0.6,0.3,0.7,,0.5,0.4,0.4,0.3,0.4,0.6,0.4,,,0.3,0.4,0.4,0.4,0.3,0.4,0.4,,0.8,,,0.5,,0.6,0.5,,0.3,0.3,0.2,0.3,0.4,0.5,,0.3,0.4,0.3,0.2,0.4,0.4,0.3,0.4,0.5,0.5,0.4,0.6,0.5,0.5,0.5,0.5,0.3,0.5,0.4,,0.5,0.6,0.4,0.4,0.3,0.5,0.3,1.2,0.8,0.7,,0.9,0.7,,,0.8,0.5,0.2,0.8,,0.5,0.5,0.6,0.4,0.3,,,0.1,0.3,0.4,0.1,0.2,0.4,0.6,0.4,0.5,0.5,0.6,0.5,,0.6,0.5,0.8,0.8,0.6,0.9,0.8,0.7,0.8,,0.9,0.4,0.8,0.7,0.6,0.7,0.6,0.6,0.5,0.5,0.6,0.4,0.5,0.6,,0.5,0.4,0.6,0.6,0.6,0.5,0.6,0.4,0.4,0.6,0.6,0.5,0.5,0.4,,0.7,0.4,0.4,0.5,0.5,0.5,0.4,0.5,0.4,0.4,0.4,0.4,,0.5,0.4,0.5,0.6,0.6,0.5,0.5,0.5,0.6,0.5,0.5,,,0.6,0.5,0.7,0.4,0.6,0.5,0.7,0.5,0.5,0.5,0.3,0.4,0.6,0.6,0.6,0.6,0.4,0.7,0.7,0.5,0.3,0.4,0.5,0.4,0.4,0.5,,0.5,0.6,0.6,0.7,0.9,0.3,0.5,,,0.8,0.5,0.9,0.3,0.6,,0.4,0.5,0.5,0.6,,,0.6,0.3,0.3,0.4,0.5,0.7,0.6,0.5,0.6,0.5,0.7,,0.4,0.3,0.3,0.3,0.3,0.4,0.2,0.4,0.2,0.4,0.4,0.3,0.4,0.8,0.7,0.7,0.7,0.5,0.7,0.4,,0.7,0.9,0.7,0.8,,0.6,0.5,0.5,0.4,,,,0.8,0.3,,,,0.4,0.5,0.7,0.5,0.7,0.3,0.8,,0.8,0.7,0.8,0.8,0.7,0.7,0.9,0.7,0.6,0.9,0.7,0.4,0.5,0.7,0.7,0.7,,0.5,0.8,0.7,0.7,0.7,0.6,0.7,0.7,0.6,,0.4,1,0.5,0.4,0.5,0.3,0.6,0.7,0.5,0.6,0.5,0.6,0.3,0.5,0.2,0.3,0.3,0.3,,0.7,,0.3,0.6,0.3,0.8,0.5,,0.6,0.7,,,0.5,0.6,0.6,0.3,,0.2,0.5,0.2,,0.2,0.1,0.2,0.4,0.3,0.2,0.1,0.2,0.2,0.3,,,,0.3,,0.4,0.7,,0.4,0.4,0.5,0.6,0.5,0.2,0.3,0.4,0.4,0.4,,0.3,,,0.8,,0.8,0.6,0.7,0.4,0.6,0.5,0.3,0.4,,0.5,0.4,0.6,0.5,0.4,0.4,0.5,0.6,0.7,0.9,0.4,0.6,0.6,0.3,0.5,0.4,0.7,0.7,0.7,0.4,,0.5,0.5,0.4,,0.6,0.6,,0.4,0.7,0.7,0.6,0.6,,0.6,0.6,,,0.5,0.5,,0.6,,0.7,0.5,0.6,0.5,0.7,0.5,,0.7,0.7,,0.6,0.6,,0.6,,0.9,0.8,0.8,,0.7,0.8,0.3,0.2,0.1,,0.5,0.6,0.6,1,0.9,0.4,0.2,0.6,0.7,0.5,0.7,0.4,0.7,0.3,1.1,1.9,0.6,0.5,0.6,0.7,0.6,0.4,0.6,0.5,0.7,0.6,0.6,0.8,0.6,0.5,0.4,0.5,0.2,,0.1,0.4,0.4,0.3,0.4,0.3,0.5,0.4,0.6,0.3,0.5,0.6,0.7,0.6,,0.9,0.8,0.8,,0.5,0.6,0.5,0.4,0.8,,0.6,0.3,0.3,,0.7,,0.7,0.3,0.4,0.3,0.4,0.7,0.4,,,,0.5,,0.5,,0.4,0.4,0.2,,0.6,0.6,0.6,0.6,0.6,,0.6,,0.4,0.6,0.5,0.5,0.5,0.7,,0.7,0.6,0.5,0.7,0.6,0.6,,0.7,,,0.8,0.3,0.3,0.5,,0.7,0.8,0.7,0.7,0.7,0.4,0.5,0.7,0.6,0.7,0.8,1,0.9,0.8,0.4,0.3,0.3,0.5,0.8,0.4,0.6,0.7,0.7,0.5,0.8,,1.3,2.6,2.3,1,0.6,0.7,0.9,0.8,,,,,0.5,0.5,,0.6,1,0.5,0.3,0.3,0.4,0.4,0.7,0.5,0.7,0.5,0.4,0.5,0.5,0.9,0.7,0.8,,0.7,0.6,0.8,,0.7,0.6,,0.6,0.7,0.8,0.6,0.9,0.7,0.5,0.5,0.6,0.6,0.7,0.7,0.7,,0.5,0.6,0.3,0.4,0.3,0.3,0.6,0.6,0.5,,0.6,0.4,0.3,0.4,0.3,0.2,0.5,0.1,0.1,,0.5,,,0.3,0.3,0.2,0.2,0.4,0.1,,0.3,,,0.3,0.4,0.4,,,0.3,,0.5,,,0.6,,0.7,0.3,0.7,0.5,0.5,0.7,0.3,0.6,0.4,,0.6,0.7,0.7,0.5,0.6,0.4,0.3,0.3,0.3,0.6,0.6,0.1,0.4,,0.5,0.3,,0.5,0.4,0.5,0.6,,,0.6,0.5,0.5,0.5,0.4,0.5,0.8,0.8,0.5,,,0.4,0.6,0.7,0.8,0.6,,0.5,0.6,0.4,0.7,0.7,0.5,0.4,,0.4,0.7,0.8,,,0.8,0.9,,0.6,0.6,0.5,,0.5,,0.8,0.7,,,,0.4,,,0.6,0.5,0.4,,,0.3,0.4,0.2,0.2,0.4,0.3,0.3,0.4,0.3,0.4,0.4,0.6,0.5,0.3,0.5,0.6,0.7,0.5,0.6,0.6,0.4,0.3,0.6,0.4,,0.6,0.5,0.5,,0.3,0.4,0.5,0.5,0.6,0.4,0.5,0.4,0.4,0.5,0.4,0.4,,,0.5,0.7,0.7,0.7,0.5,1.3,0.4,0.9,0.4,1,1.1,0.6,0.6,0.5,0.6,0.7,0.6,,,0.4,0.8,0.6,0.6,0.3,0.3,,0.7,0.4,0.5,,0.5,0.6,0.4,,0.4,0.5,0.5,0.5,0.6,0.5,0.6,0.5,0.7,0.4,0.6,0.7,0.6,0.4,0.5,0.7,,0.3,0.4,0.3,,0.7,0.5,,0.6,,0.4,,,,0.4,0.6,0.6,0.5,0.6,0.7,,0.7,,0.4,0.4,0.4,0.4,0.6,0.5,0.5,0.4,0.5,0.5,0.6,0.4,0.1,0.5,0.4,0.3,0.5,0.6,0.5,0.5,0.3,,0.5,0.3,0.7,0.3,0.6,0.7,0.3,1.1,1.6,0.8,1.1,0.3,0.4,0.6,0.9,,0.5,0.6,0.6,0.4,0.5,1.1,0.9,0.6,1,1.3,0.4,0.6,0.7,0.4,0.5,,0.5,0.7,0.5,0.5,0.7,0.5,0.5,0.6,0.5,0.8,0.7,,0.5,0.6,0.4,,0.4,0.5,0.5,0.5,,0.5,0.5,0.6,,0.6,0.6,0.5,0.7,0.7,0.8,0.9,0.7,0.6,0.6,0.6,0.5,0.5,,0.6,0.4,0.7,1.2,0.7,,0.8,0.9,0.4,0.7,0.9,0.7,0.6,0.8,0.8,0.7,0.7,0.7,,0.6,0.7,0.4,,1,1,,0.5,0.4,0.5,0.4,,0.7,0.6,0.7,0.9,1.1,0.8,0.6,0.6,0.7,0.5,0.6,0.4,0.6,0.6,0.5,0.5,,0.5,0.9,1,1.4,0.5,0.5,0.6,0.5,0.6,0.6,0.6,0.6,0.5,0.7,1.4,0.9,0.8,0.8,1.3,0.6,0.6,0.5,1.2,0.9,0.4,0.4,0.4,0.9,0.8,0.9,0.7,0.4,0.8,0.5,0.7,0.6,0.5,0.6,0.7,0.7,0.8,0.5,0.5,0.5,0.7,0.7,0.5,0.6,0.5,0.7,0.7,0.8,0.8,0.5,0.5,0.5,0.3,,0.4,0.3,0.3,0.3,0.3,0.5,0.4,0.4,0.5,0.6,0.4,0.6,0.5,0.3,0.4,,,0.4,0.4,0.7,,0.6,0.4,0.4,0.4,0.4,0.5,,0.3,0.5,0.3,,,,,0.5,0.5,0.5,0.6,0.6,0.3,0.2,0.4,,0.3,0.5,0.5,0.4,0.6,0.6,0.4,0.7,1,0.7,0.7,,,,,0.3,0.3,0.5,0.5,0.5,0.5,0.4,,0.4,0.5,0.4,0.3,0.4,0.8,0.7,0.6,0.5,0.4,0.7,0.6,0.6,0.6,,0.5,0.4,0.3,0.3,0.3,0.3,0.6,0.5,0.5,,0.3,0.6,,0.8,0.6,,0.4,0.2,0.5,,0.3,,0.3,,0.6,0.7,0.4,0.8,0.7,0.7,0.4,0.5,0.4,0.5,0.5,0.4,0.5,0.5,,0.6,0.6,0.2,0.5,0.7,0.3,,0.2,0.3,0.3,0.4,0.4,0.3,,0.7,0.8,0.3,0.1,0.5,,0.2,0.2,0.2,,0.4,0.7,0.6,0.4,0.5,0.3,0.4,,0.3,0.3,,0.4,0.4,0.5,0.3,0.8,0.6,0.2,0.3,0.3,,0.7,0.1,0.4,0.3,0.3,0.2,0.5,0.5,0.3,,,0.6,0.9,0.7,0.7,,0.3,0.5,0.7,0.5,1.8,0.3,0.5,0.7,0.7,0.4,0.7,0.7,0.6,,0.5,0.6,0.4,0.6,0.4,0.4,0.5,,0.4,,0.3,0.9,0.6,0.5,0.9,0.9,0.5,0.5,0.4,0.5,0.7,0.4,0.4,0.4,,,0.5,0.4,0.3,0.7,,0.7,0.5,0.5,0.6,,0.4,0.4,,,0.2,0.4,0.3,0.5,0.4,0.5,0.3,0.2,0.4,0.5,0.6,0.7,0.3,0.4,0.7,,0.9,0.5,,0.4,0.6,0.3,0.4,0.2,0.5,0.4,0.5,0.6,0.7,0.5,0.4,0.4,0.7,0.4,0.7,0.3,0.3,0.5,0.4,0.6,0.3,0.6,0.8,0.4,0.5,0.5,0.4,0.5,0.4,0.4,0.2,0.7,0.6,0.4,0.5,0.6,0.6,0.7,0.5,0.6,0.4,0.8,0.6,0.7,0.5,0.7,0.6,,0.5,0.5,0.3,0.4,0.7,0.5,0.6,,0.6,0.5,0.3,0.4,0.3,0.3,0.4,0.5,0.5,0.9,0.3,0.6,0.5,0.5,0.5,0.3,0.6,0.5,0.8,,0.6,0.4,0.4,0.5,0.4,,0.3,0.4,0.4,0.3,0.4,0.2,0.4,0.3,0.4,0.6,0.4,0.5,0.7,0.6,0.3,0.2,,0.6,,0.5,0.6,0.6,0.6,0.4,0.6,0.6,0.8,0.8,0.6,0.7,0.6,0.4,0.5,0.5,0.6,0.6,0.5,0.4,0.5,0.6,0.6,0.8,0.7,0.2,0.4,0.5,0.9,0.3,0.7,0.4,0.6,0.7,0.5,0.8,0.8,0.3,0.5,0.6,0.5,,0.3,0.6,0.5,0.5,0.7,0.6,0.4,0.5,0.6,0.5,0.7,0.6,0.4,0.6,0.3,0.5,0.4,0.5,0.3,0.5,0.5,0.6,0.2,0.6,0.1,0.3,0.2,0.3,0.4,0.3,0.6,0.5,0.5,0.3,0.5,0.5,0.9,0.7,0.2,0.6,0.7,0.7,0.6,0.5,0.5,0.6,0.6,0.7,0.9,0.7,0.3,0.3,0.4,0.4,0.3,0.2,0.4,,0.4,0.6,0.5,0.6,0.3,0.5,0.6,0.3,0.5,0.2,,0.3,0.4,0.4,0.2,0.5,0.4,0.3,0.5,0.3,0.4,0.5,0.3,0.4,,0.5,0.5,0.7,,0.3,0.5,0.5,0.7,0.6,0.3,0.4,0.4,0.7,0.7,0.5,0.3,0.3,0.5,0.8,0.7,0.5,0.4,0.6,0.5,0.4,0.7,0.4,0.4,0.5,0.5,,0.2,0.4,0.5,0.7,2,0.6,0.5,0.3,0.5,0.5,0.5,0.6,0.4,0.4,0.7,0.6,0.4,0.7,0.4,0.5,0.5,,0.6,0.6,0.4,0.5,0.3,0.2,0.7,0.8,0.9,0.5,0.5,0.4,0.4,,0.4,0.6,0.7,0.7,0.6,0.4,0.4,0.3,0.4,,0.6,0.5,0.7,0.8,0.6,0.4,0.6,0.4,0.4,0.4,0.4,,0.5,,0.5,0.6,,1.2,0.5,0.2,0.4,0.5,0.5,0.5,0.3,,0.4,0.6,0.6,0.5,,,0.9,0.6,0.4,0.3,0.6,0.5,0.8,0.6,0.8,0.4,0.8,0.2,0.3,0.1,0.4,0.2,0.3,0.3,0.2,0.4,0.5,0.6,0.6,0.6,0.7,0.6,0.8,0.6,0.6,1,0.6,0.4,0.6,0.6,0.5,0.6,0.5,0.3,0.7,0.1,0.4,0.5,0.5,0.5,0.9,0.6,0.6,0.6,0.5,0.5,0.5,0.5,0.5,0.7,1,1,,0.8,0.3,0.5,0.6,0.6,0.4,0.5,0.5,,0.6,0.4,0.4,0.4,0.5,0.5,0.9,0.6,0.7,1,0.5,0.4,0.3,0.4,,0.6,0.6,0.2,0.3,0.8,0.7,0.4,0.8,0.6,0.5,0.6,0.4,0.5,0.6,0.5,0.6,0.5,0.8,0.8,0.3,0.4,0.7,0.8,0.6,0.5,0.6,0.6,0.5,0.4,0.4,0.2,0.4,0.8,0.1,0.4,0.1,0.4,0.3,0.5,0.4,0.5,0.4,0.7,0.5
20210719,15,AQI,40,39,42,42,40,39,38,40,38,41,38,43,,,44,,54,48,38,,46,,,42,,40,48,,41,43,27,38,39,44,29,,40,53,,40,49,29,35,36,,35,,51,54,54,40,37,35,41,38,40,,,39,41,39,36,34,28,,48,,43,,36,46,42,40,37,,,,42,35,31,32,,36,,,33,,33,,46,42,,,47,46,45,43,32,36,35,,32,40,42,38,40,,,29,23,26,26,,33,27,25,27,25,31,31,33,33,29,35,32,30,31,31,45,42,48,,43,41,47,,53,41,42,44,30,23,25,27,31,,48,19,33,25,41,40,41,40,40,,34,40,48,30,,35,,35,31,33,36,42,41,42,34,44,26,,,,34,33,,36,36,35,,,,67,,42,43,43,43,37,42,,45,82,,,,68,68,,85,85,103,42,41,,42,34,35,,32,33,32,30,,,,34,30,,49,48,,38,49,48,,77,51,40,39,16,36,18,,,,25,20,,42,28,42,,32,,,42,,45,45,,30,18,20,15,15,14,,36,33,43,45,41,27,28,28,44,51,49,54,53,,52,45,,43,22,,19,22,21,16,35,30,25,34,34,38,,33,30,,,33,47,79,40,,46,83,42,117,24,,,22,24,25,28,25,26,63,30,30,18,48,33,,35,28,22,30,29,24,25,31,24,,34,34,97,63,57,90,46,77,48,52,53,46,28,26,,25,22,28,25,28,20,21,25,,14,10,12,17,15,,16,16,15,14,11,13,11,14,20,18,23,29,,20,21,20,12,16,,12,22,23,24,22,,,22,21,17,18,15,15,16,16,26,29,28,27,80,83,92,54,58,49,53,42,36,28,22,23,26,35,,40,,50,45,49,48,49,,,47,43,47,49,41,,105,102,116,79,,,114,46,29,,31,33,31,29,29,32,27,,24,25,25,26,27,25,28,29,26,30,27,27,,42,24,30,35,32,43,33,,66,42,28,,,107,49,68,50,,,,90,74,,,,79,93,47,41,42,50,105,,42,85,80,103,55,,44,65,,41,45,29,,89,,50,,50,47,57,47,64,68,80,68,64,,31,33,33,28,,25,30,32,28,31,36,31,35,33,30,29,28,30,,34,,,34,34,30,50,,50,42,,,,40,38,42,,31,36,35,,39,42,38,34,45,31,28,29,29,37,,,,43,,36,40,,42,62,65,46,26,27,30,26,32,25,,35,,,29,,33,30,31,24,25,,29,26,,32,30,31,30,31,31,31,,34,39,24,24,23,17,16,18,20,19,,19,,30,,24,,34,37,,32,31,32,32,30,,29,18,,,62,59,,37,,,37,39,40,22,32,,28,30,,34,33,,36,,33,32,32,,33,31,33,31,33,,23,23,26,29,27,23,15,41,48,45,42,39,41,26,21,,78,24,21,36,58,34,35,33,35,37,35,58,37,24,,31,34,,36,,36,40,83,31,32,32,30,28,31,47,50,47,,,,46,,,34,,32,28,,36,24,25,,15,,30,16,17,17,,48,47,,,,51,,59,,25,23,,,36,46,34,22,22,,24,,40,40,42,48,48,41,,36,34,39,44,35,40,,33,,,33,33,30,24,,30,32,,38,20,30,26,32,31,29,29,30,28,33,24,21,33,35,40,,36,37,37,40,40,,69,,55,50,,35,31,27,,,,,41,43,,43,35,44,47,41,38,38,38,30,46,,31,24,26,43,,43,,38,35,33,,32,33,,,35,41,40,37,42,36,44,45,35,37,38,40,,168,155,324,103,69,54,,37,41,,39,34,54,38,45,40,38,48,48,,,,,25,25,28,32,27,,,,,,28,25,38,,,24,,59,,,43,,38,35,34,43,45,43,45,,30,,69,,60,74,70,48,55,50,49,35,44,24,21,,43,39,,37,39,32,31,,,41,,25,20,,40,40,52,,,,78,22,21,21,21,,21,,,32,34,32,,,27,26,27,,,26,33,,34,32,,,30,,60,59,,,35,36,,,83,94,46,,,26,,34,33,73,75,70,31,30,29,31,28,27,31,25,47,39,38,30,37,30,,35,24,,45,45,30,,29,28,26,31,36,36,35,27,25,25,22,36,,,29,36,34,36,45,20,29,32,25,26,25,,54,31,51,39,72,,,37,26,26,30,48,48,,,41,46,,44,48,46,,49,64,47,46,46,,33,30,34,59,48,60,33,40,,34,,43,32,,19,63,79,,45,,44,,,,32,31,32,32,38,,,25,,37,44,42,23,,21,50,30,,33,31,30,29,28,28,28,32,38,41,41,27,,25,,25,28,,30,26,41,39,37,38,30,26,28,25,,27,33,36,34,33,34,33,34,35,38,34,35,35,34,32,,31,32,44,35,35,40,28,29,24,,29,,46,59,50,,49,53,48,,,40,39,48,,42,46,45,45,42,,22,26,28,25,,45,52,,26,26,26,36,40,,37,38,,27,26,,30,29,27,29,46,45,,38,41,38,,33,34,,40,34,44,29,,29,28,29,30,29,47,37,,,41,,,,43,48,40,,41,43,49,42,26,31,31,28,38,28,40,34,38,41,25,30,30,42,48,,25,31,38,31,21,25,25,27,25,29,40,40,25,30,,39,44,50,57,49,48,31,48,30,54,43,34,32,,,33,58,60,22,29,38,42,,,,36,39,38,90,94,87,67,34,38,41,41,,44,,,34,37,37,,36,41,34,33,33,,,45,41,41,,,,,46,44,41,45,45,39,,37,,36,45,49,,46,46,23,21,40,24,,,,,,34,,25,23,22,22,27,,26,40,,37,38,39,38,42,26,23,,32,29,,,14,16,18,18,9,12,44,45,31,,26,28,,40,38,,23,22,29,,34,,50,,21,19,39,39,39,37,39,39,40,41,30,33,28,25,,45,46,31,70,43,50,,500,500,41,40,362,279,,32,31,45,45,45,,49,55,46,,44,105,46,43,38,39,46,,47,60,,58,,,,40,37,38,38,42,,41,40,36,30,31,35,37,40,36,,,39,37,41,41,,32,39,37,47,72,50,24,22,45,41,45,43,26,,29,39,82,102,24,46,45,,46,,44,43,121,,15,15,427,,,46,36,38,49,30,,,42,,35,52,,68,77,64,44,,,64,,,25,73,57,23,43,40,25,23,27,50,34,45,73,46,34,,44,37,,24,36,67,50,36,,30,34,15,,28,29,,41,46,104,30,35,34,32,33,37,47,36,25,25,25,25,32,47,41,34,36,39,44,45,30,29,29,,55,38,40,30,,68,46,24,,52,32,41,23,42,27,29,,30,105,35,41,28,31,37,55,92,41,71,,26,79,35,27,60,50,24,,29,109,43,73,72,,121,29,17,26,23,20,28,25,24,16,36,39,52,58,45,32,,39,,,34,,53,35,29,24,22,23,29,19,19,11,12,12,15,,27,14,25,17,24,22,33,32,42,35,43,45,62,48,35,59,37,24,21,25,25,43,40,,15,18,24,32,29,30,36,36,23,35,26,32,33,40,22,30,42,112,105,97,69,44,24,42,42,29,28,40,30,32,47,48,54,23,28,25,38,25,44,30,29,38,37,27,56,36,40,39,46,52,40,35,33,29,29,26,38,,43,48,33,48,44,39,59,52,37,,106,43,60,50,38,40,28,39,26,41,85,103,39,49,,21,25,19,,12,18,19,34,21,17,29,12,24,31,35,52,40,38,34,38,36,42,48,46,44,44,30,22,54,45,,50,31,35,53,27,30,26,20,63,21,43,50,49,45,41,41,45,,39,30,27,,41,72,50,43,27,28,,44,41,36,44,42,75,,44,63,40,37,16,39,33,29,53,,28,34,39,54,35,25,27,25,31,18,18,,38,,45,35,,29,24,23,23,45,39,34,32,,22,43,40,38,,,36,39,45,38,34,42,52,47,49,57,53,41,42,30,32,57,42,43,53,42,43,16,,32,33,59,35,21,41,40,34,23,32,29,57,36,44,42,43,128,122,29,43,36,29,22,50,33,10,39,20,22,22,,67,80,,45,36,19,23,36,55,,23,25,43,38,36,56,46,60,37,30,44,45,27,83,30,36,,35,22,21,40,24,36,52,30,28,41,46,35,40,42,34,41,60,49,53,28,45,35,53,45,35,38,36,25,,47,44,37,41,30,28,32,40,22,42,50,38,,42,36
20210719,15,PM2.5,22,18,22,23,28,25,23,21,23,20,25,18,,,25,,15,11,20,,8,,,13,,22,15,,13,14,6,18,20,17,13,,28,37,,27,34,13,19,17,,15,,25,38,24,18,13,11,24,14,13,9,,12,9,11,25,17,17,,33,,12,,20,19,18,23,21,19,,18,12,19,12,16,,9,15,,16,22,9,,12,12,,,8,5,11,6,9,9,11,,12,11,10,12,11,,20,10,6,8,4,,12,6,7,11,7,10,8,11,8,7,6,6,8,7,8,16,18,33,,19,27,22,,27,18,17,14,8,14,6,7,13,,10,10,9,9,7,17,12,2,17,20,9,14,9,16,,8,9,9,15,10,11,7,11,14,10,8,9,,,,20,12,,23,14,19,,,,24,,5,9,5,9,9,7,,5,10,,,,11,11,,18,22,20,29,9,,13,13,11,,14,14,9,8,,5,,17,14,,16,27,,15,21,15,,24,20,11,15,7,25,6,,,,2,7,37,21,12,22,,13,,,16,,13,16,,11,11,14,5,5,4,,19,9,18,18,18,,11,8,24,27,31,24,27,,36,24,,22,9,,7,5,6,1,14,12,6,12,15,9,,7,6,,,11,27,20,6,,22,10,20,20,9,,,9,7,5,5,2,7,23,16,21,12,33,20,,18,19,10,13,12,12,17,16,12,,20,13,24,28,23,47,16,21,21,20,23,18,15,13,,10,9,6,12,14,11,13,11,,,,,2,3,,1,,1,7,1,2,2,8,10,11,13,7,,14,12,5,5,5,8,2,6,5,2,6,,,7,6,10,4,4,4,6,3,12,13,17,12,24,30,26,24,24,21,28,17,13,11,4,6,9,11,,7,,9,8,6,11,8,,,5,4,9,7,5,,30,30,26,18,,,30,24,7,,7,19,9,14,14,22,7,,9,17,8,5,8,15,9,7,3,6,6,6,29,23,10,14,24,22,27,19,,20,22,19,30,,16,17,17,14,,,,9,11,,,,8,20,8,12,17,18,16,,13,28,32,37,26,,19,18,,18,17,19,22,17,20,25,,35,18,13,13,9,19,19,22,24,,5,8,11,11,10,15,12,11,9,14,23,4,24,20,6,5,6,6,,14,,10,10,9,12,13,,13,14,,,12,20,17,12,,13,16,12,,17,17,12,9,17,9,13,5,12,12,,,,18,,12,9,,17,19,18,16,6,5,1,9,7,15,,12,,,20,,9,21,21,9,10,13,12,11,,14,10,15,12,11,17,19,,18,16,16,10,12,9,7,11,9,4,6,13,,21,14,12,,18,22,,19,21,20,22,15,,15,4,,,44,42,,10,,7,1,4,14,12,22,,19,21,,9,8,,18,,17,16,21,,19,20,9,9,5,,6,6,6,11,10,6,8,14,18,17,17,12,14,16,11,19,9,10,2,18,21,13,19,14,7,9,15,17,8,11,,20,22,,25,,5,9,16,8,13,8,15,6,19,21,23,18,,,24,20,,17,21,19,9,18,,19,12,12,,6,,21,9,4,11,26,29,26,,,,32,,42,,10,13,,,25,32,20,3,3,,,,9,14,9,18,13,9,,20,16,10,20,11,20,,15,,,15,5,5,4,,21,22,26,20,14,5,5,12,14,15,10,17,18,17,8,6,9,10,7,7,7,8,9,8,8,,28,11,20,12,,19,14,13,,,,,9,6,,6,13,20,14,5,16,26,17,9,17,,13,9,7,29,27,24,,26,23,23,,7,4,,7,18,13,27,19,15,15,18,27,24,17,20,17,,48,45,85,8,12,10,,2,8,,11,16,16,3,19,11,13,12,12,,5,,,7,7,5,7,1,,,,,,,6,15,,,3,,7,,,11,,9,8,2,11,11,10,14,20,7,,13,11,19,13,17,14,14,18,17,23,22,12,10,,22,16,,16,15,12,12,,,13,6,10,8,7,24,28,33,37,,,14,2,7,8,7,,,,14,12,9,12,,,13,10,14,,,3,14,,4,9,,,6,,26,6,,,7,25,,,21,20,20,,,15,9,2,2,9,17,6,9,13,12,14,13,6,9,8,16,9,4,4,8,13,,18,12,,14,12,5,,2,3,10,6,9,6,14,16,12,17,6,17,,,9,10,14,14,16,14,5,22,17,7,6,,24,16,30,20,33,,,5,14,11,9,24,25,,16,17,14,,19,24,27,,26,26,25,25,24,16,14,17,19,39,28,43,23,12,10,11,,13,14,1,5,24,19,,25,,24,,,,7,15,3,11,15,17,,5,,21,19,14,9,,7,13,13,15,11,14,12,14,15,17,12,13,8,13,9,10,,4,12,15,15,14,9,5,12,17,12,6,13,10,14,10,,4,17,14,14,14,17,19,2,18,16,14,14,16,13,14,,18,8,24,23,16,16,14,14,9,15,9,,29,42,35,,34,31,29,16,,18,16,33,,29,30,31,31,25,8,12,18,19,13,,27,32,,18,18,16,18,14,,19,17,,12,4,4,9,12,4,8,23,31,,18,20,18,,5,12,,26,8,8,10,,11,11,9,7,7,16,16,,,13,,32,,28,33,28,,8,10,7,5,12,20,18,14,11,16,16,23,20,27,15,21,19,6,33,8,14,8,26,13,9,2,9,14,11,16,18,12,11,11,,14,22,35,40,33,24,14,33,16,31,30,6,14,,14,15,29,32,8,7,8,14,,4,2,9,9,7,18,10,10,6,12,10,8,10,,5,,,18,19,19,,25,6,19,20,17,39,,11,16,9,,,,,7,5,8,5,7,6,5,18,,5,16,10,13,6,14,10,10,23,14,8,,,,,8,9,10,9,12,7,17,,9,6,6,13,18,8,4,8,8,4,5,9,5,,,6,11,9,10,2,4,13,4,7,,8,6,,10,5,,2,4,1,,3,,35,,4,5,14,13,12,11,6,4,6,6,8,11,10,6,,12,9,6,5,13,28,,228,288,6,6,81,72,,6,4,7,5,4,,8,5,5,,9,8,7,8,4,9,10,,7,20,,12,,,,15,14,6,9,3,,9,11,8,9,6,16,4,8,13,,,17,3,5,10,,8,12,5,14,25,15,5,12,15,13,13,9,12,,2,12,19,18,9,15,19,,32,,10,9,30,16,2,2,124,4,29,13,9,14,16,5,,,29,13,15,13,,9,20,16,20,,,36,,,,19,10,7,30,15,8,,12,18,11,9,6,4,13,,20,13,,11,20,17,20,5,25,15,19,8,5,6,12,4,17,29,6,4,19,5,22,11,6,22,7,7,6,10,7,2,11,8,10,5,27,15,4,21,18,17,24,39,10,17,15,,15,21,9,,25,11,10,10,5,8,8,,17,10,11,17,19,18,2,16,18,3,21,,18,22,7,11,38,11,6,,10,9,13,14,7,,36,8,3,7,6,8,6,9,5,8,12,2,4,4,12,6,,21,,12,7,7,17,10,18,8,10,10,8,8,3,5,2,4,2,,13,,14,7,11,7,16,8,15,19,16,22,21,28,19,22,16,6,5,7,11,30,28,,5,9,4,7,3,8,4,3,7,16,17,14,9,4,7,15,24,24,23,17,10,13,4,5,24,7,7,14,4,5,11,21,31,14,5,12,14,11,3,2,19,13,11,9,24,10,19,16,9,33,11,14,10,14,10,9,14,,15,25,19,14,15,12,20,22,9,12,23,10,15,16,8,24,9,20,2,9,9,18,2,16,,11,13,7,8,4,12,6,9,9,3,11,,11,5,24,32,14,23,23,11,11,17,20,20,25,24,12,15,38,31,,32,7,23,37,5,6,4,10,6,4,18,18,21,13,17,8,14,,10,7,9,,16,22,12,16,5,5,22,11,7,6,16,16,8,,10,8,20,13,3,11,10,10,20,,10,19,12,38,20,7,9,13,6,6,6,,3,,14,11,,14,11,6,8,18,14,12,13,,8,6,11,6,,,25,21,20,22,12,12,36,32,24,40,28,16,26,15,9,27,23,30,24,22,27,10,,22,21,42,22,1,27,24,7,10,20,13,40,19,14,6,2,26,27,8,16,15,14,2,18,20,1,27,7,6,7,10,8,12,,20,19,13,16,14,13,,,5,20,8,9,36,7,4,15,3,9,23,11,29,12,13,,16,9,10,4,12,21,24,9,17,19,32,18,27,15,23,14,20,8,9,7,29,4,36,31,10,26,24,16,,6,20,22,21,,9,9,15,8,21,28,3,,9,22
20210719,15,PM2.5_24h,13,13,14,13,13,14,13,17,14,15,15,15,,,30,,23,18,29,,26,,23,20,,25,19,,17,20,12,17,15,23,21,,27,32,,36,27,14,24,18,,21,,17,18,14,22,20,15,23,16,14,10,,12,6,14,28,26,21,,35,21,13,,12,27,19,25,14,15,,15,13,8,3,15,,10,13,16,13,14,12,,11,11,,,9,10,12,12,16,17,17,,17,15,19,18,18,,18,15,16,15,14,13,13,14,14,16,10,19,15,23,15,14,12,8,14,15,17,10,12,14,,13,14,14,,16,11,14,9,11,17,12,13,11,,13,12,12,14,15,13,17,11,20,20,10,17,15,18,,11,10,10,22,12,13,12,13,11,19,14,7,,,,23,19,,22,18,18,,,,20,,8,14,11,10,14,12,,12,12,,,,16,15,,22,23,25,18,17,,17,14,13,17,17,15,10,11,,11,,14,15,,16,19,,19,19,18,,18,20,20,15,14,11,10,,,8,8,8,17,14,12,16,,13,,,15,,13,14,,10,12,14,10,9,9,,18,15,17,16,15,15,13,18,15,11,17,13,14,15,17,16,11,14,5,,11,8,7,8,13,13,10,13,17,15,,17,6,,,15,20,15,19,,24,18,18,19,10,,,6,6,7,4,9,11,19,15,17,18,22,15,,15,17,15,14,15,13,26,18,16,,13,10,21,20,18,21,12,16,17,16,17,14,13,15,,12,14,12,14,13,13,13,14,2,,3,2,2,4,,1,2,2,6,2,4,4,13,9,11,13,7,,13,17,10,6,6,7,2,9,9,4,10,,,12,10,10,9,9,12,4,5,18,20,18,17,21,26,22,22,22,20,23,22,8,6,9,6,6,16,,15,20,17,15,14,12,15,,,16,11,18,18,14,,21,23,16,14,,,18,17,11,13,15,24,13,17,23,18,11,,8,6,5,6,6,11,3,6,4,4,8,5,20,20,18,18,20,21,15,16,,20,15,19,21,,22,14,20,17,,,,9,10,,,,15,14,10,20,43,22,17,,15,21,19,21,16,18,14,14,,13,15,21,8,14,13,19,,21,17,19,18,10,18,12,18,18,,14,14,16,15,13,14,15,15,15,12,17,15,23,24,10,9,11,9,,16,,16,13,12,14,21,,20,21,,,18,17,18,21,,17,16,16,,13,18,10,16,17,13,15,9,15,11,,,,16,,14,13,,15,20,16,18,8,7,6,19,15,22,,16,,,16,,14,23,16,10,9,11,12,9,,14,13,15,11,16,11,16,14,14,11,14,13,20,6,7,7,12,12,13,7,,10,13,12,,15,15,,16,15,14,16,15,,17,8,,,24,22,,10,,9,10,9,12,5,10,,9,10,,21,21,,29,,16,22,21,,14,14,10,13,8,,10,10,10,14,17,9,9,23,18,12,17,10,18,10,15,24,10,9,9,30,23,20,27,26,16,12,12,13,16,15,12,12,11,,15,9,7,8,12,8,19,15,16,18,17,19,19,16,,21,16,21,,20,17,17,10,10,,12,11,12,,10,,13,8,8,13,18,17,14,,,,21,,25,,13,16,18,,18,24,19,10,10,,8,,9,8,11,16,14,11,,23,22,15,21,20,19,,16,,,14,8,7,8,,20,34,27,26,16,4,5,14,22,26,27,25,29,25,9,9,13,11,14,15,10,13,14,13,10,,27,14,25,23,18,19,16,12,,,,,9,8,,10,14,15,10,12,13,19,18,15,19,18,11,8,9,20,17,14,,14,15,18,,12,11,,13,20,18,20,20,18,18,15,23,19,19,15,15,,14,13,75,33,16,18,15,7,5,,9,9,12,8,8,14,18,10,10,,7,,,6,6,7,10,12,,,7,,,11,11,15,,,8,,11,,,14,,12,14,10,14,16,16,16,17,14,,21,16,17,18,20,17,17,18,18,19,21,11,12,,20,16,,14,15,10,12,,,17,11,11,8,16,15,16,15,17,,,14,2,6,10,6,,,13,14,10,7,12,18,,18,14,16,,,15,14,,12,11,10,,8,,25,18,,,9,15,,,19,21,26,,,11,15,4,3,16,16,14,19,16,20,20,14,9,11,12,13,16,16,17,15,18,19,20,21,,22,17,13,,7,10,13,14,16,16,16,13,8,15,5,18,,,16,16,13,21,10,24,10,24,16,15,12,27,18,15,20,19,21,,,6,44,43,50,11,12,,30,18,11,,17,17,18,,18,20,18,15,11,20,16,19,13,20,14,23,14,13,10,16,,9,8,9,8,20,15,,17,,17,,,,4,8,7,7,12,12,,10,,18,17,16,8,10,12,10,7,18,17,27,13,12,11,10,9,18,15,12,12,10,,9,13,17,15,17,18,3,17,13,10,15,14,14,19,17,,8,25,20,24,18,13,16,16,15,14,19,17,18,17,17,,18,8,17,16,15,15,16,12,22,24,19,,16,20,21,,17,16,19,18,,16,17,18,,16,19,19,19,19,14,14,16,13,13,19,17,20,,21,20,19,16,15,,17,14,8,14,19,6,12,16,20,18,19,22,,16,15,18,,11,17,,17,7,11,11,,9,9,8,2,7,18,15,,,20,,24,,26,27,28,,8,6,7,6,9,13,12,18,14,16,18,16,23,23,13,18,23,17,28,17,17,12,25,19,8,8,10,20,18,25,23,8,15,12,12,15,13,47,50,47,46,24,27,23,18,33,17,18,25,23,25,42,41,15,9,10,10,,8,6,13,9,11,7,14,14,13,9,9,9,10,8,7,,,16,17,19,,21,10,7,7,7,19,,11,13,9,,,,,14,6,6,6,8,10,11,17,,7,38,7,8,6,12,10,13,20,10,14,,,,,9,10,13,10,8,8,17,,15,7,9,16,16,8,6,5,12,8,16,13,12,10,,12,16,6,6,9,5,10,7,12,,10,6,,10,6,,4,5,3,,12,,10,,5,6,11,18,15,17,10,9,10,10,9,12,9,10,,15,9,5,9,9,22,,62,80,13,8,44,48,,13,13,10,11,5,,16,16,10,,13,14,14,16,6,10,15,,11,14,,16,12,,10,26,24,9,13,6,,13,6,10,11,12,12,19,10,28,,,12,18,14,10,,6,14,12,15,20,11,2,14,29,21,21,14,13,,9,15,18,22,9,16,15,,17,,12,21,24,20,10,9,81,8,19,18,15,12,16,7,,,20,12,14,19,,15,14,18,14,,11,24,,,3,20,14,10,24,18,6,4,8,16,15,17,17,14,25,,24,16,,14,15,11,12,6,31,18,19,16,11,10,14,8,21,13,13,10,22,12,15,15,5,25,12,14,23,14,13,7,23,14,15,12,16,12,7,15,17,17,14,24,12,13,16,16,18,14,10,,17,10,10,5,8,8,7,,15,13,14,20,16,14,6,19,19,14,23,26,20,14,10,9,22,15,12,,13,18,18,20,8,,69,10,10,11,10,13,12,14,10,14,14,11,14,16,10,7,,22,,14,10,6,20,14,11,15,14,13,12,10,8,4,5,5,7,15,16,1,15,6,11,11,16,6,25,26,23,23,18,23,19,15,10,12,11,13,11,15,14,,9,11,6,9,7,8,7,14,16,15,13,18,13,5,12,17,14,13,11,15,14,12,7,14,25,15,11,15,9,9,24,22,19,10,9,11,21,16,4,20,20,13,17,12,23,26,28,15,47,25,14,14,13,13,14,20,21,,11,22,18,16,20,17,19,19,14,18,20,14,16,16,13,18,12,18,3,10,11,15,12,19,,12,11,8,9,6,11,7,11,13,5,9,5,11,11,28,19,20,23,28,27,14,13,18,13,18,19,17,14,21,16,,22,11,23,29,22,16,8,12,5,6,20,13,16,13,17,9,17,19,16,13,16,,22,17,14,16,13,6,31,19,19,13,18,18,12,,12,13,23,16,7,12,14,13,17,,22,26,21,35,30,10,14,10,8,11,12,,11,,13,14,,7,10,9,8,22,21,15,15,,11,12,13,10,,,14,16,11,13,14,22,39,32,36,22,16,14,27,26,19,32,24,18,24,21,16,15,16,12,16,23,18,11,27,27,22,8,16,14,23,18,11,9,16,189,169,8,13,14,18,7,22,16,3,18,7,10,12,10,15,17,,18,15,13,16,9,11,12,5,10,23,16,17,23,10,18,15,15,12,17,14,22,15,11,,9,26,8,13,17,22,19,12,14,15,16,16,12,13,14,18,21,19,14,23,16,7,37,42,14,16,14,20,14,11,13,16,18,16,19,7,14,7,25,23,8,2,14,25
20210719,15,PM10,31,39,39,39,37,35,28,30,38,22,34,41,,,39,,21,22,32,,16,,,20,,23,34,,12,30,9,20,28,22,16,,36,34,,40,46,22,24,22,,18,,51,38,57,30,23,35,41,32,23,,,27,17,17,36,34,27,,24,,43,,25,33,17,25,32,24,,14,42,6,25,26,,19,24,,25,31,16,,22,22,,,20,28,17,11,19,17,20,,20,19,21,22,17,,36,17,23,10,10,,21,13,12,17,9,20,24,33,25,18,12,14,25,17,19,32,41,32,,43,35,47,27,55,37,35,41,30,23,25,27,31,,48,19,33,25,16,22,31,24,26,25,29,27,24,12,,14,14,26,28,16,16,28,24,26,26,31,19,,,,34,31,,34,19,29,,,,56,,24,27,21,22,24,27,,24,26,,,,25,26,,29,33,26,29,27,,21,15,20,48,20,18,24,14,,10,,14,23,,40,42,,24,34,29,,53,51,26,28,16,32,17,,,,25,8,58,42,28,42,,19,,,33,,34,29,,30,17,18,9,15,14,,25,27,36,41,26,14,18,13,44,51,44,58,46,,53,41,,36,10,,19,14,19,16,19,24,24,16,22,26,,29,24,,,25,41,46,15,,46,32,29,42,7,,,9,7,7,9,7,17,75,30,15,17,37,33,,35,24,10,23,25,13,14,21,23,,33,14,42,34,34,59,33,35,18,30,33,24,28,26,,21,21,14,23,28,18,21,17,8,14,9,12,17,11,,7,4,12,13,5,6,4,7,17,17,23,29,,19,17,14,8,16,12,8,19,16,24,14,,,13,11,10,18,14,10,11,12,26,26,28,23,46,50,45,47,66,31,50,27,36,28,20,23,17,13,,12,,5,30,15,8,21,,,22,13,25,17,17,,53,53,46,37,,,51,33,22,,31,31,31,29,27,22,19,,10,6,5,11,4,13,11,14,7,7,14,22,32,42,24,23,31,26,43,10,,81,42,14,54,,27,27,36,45,,,,21,7,,,,25,24,36,26,12,33,30,,5,44,42,56,56,,19,29,20,27,29,27,22,32,47,20,,31,26,29,22,44,44,28,46,46,,14,21,17,18,22,25,25,29,22,20,36,16,30,33,24,27,28,30,,9,,19,14,12,9,36,,34,23,,,28,21,20,25,,9,19,20,,29,42,27,19,24,14,22,17,9,24,,,,24,,17,25,,31,22,26,24,5,14,2,19,10,22,,12,,,27,,33,22,23,17,24,,28,24,,10,24,25,25,21,21,31,,34,39,18,21,21,12,16,13,8,14,11,16,,28,18,20,,34,37,,21,14,20,23,23,,29,3,,,71,62,,4,,2,13,25,22,15,26,,19,22,,11,18,,24,,26,17,17,,28,17,14,16,8,,12,16,14,29,25,10,13,34,33,24,37,16,41,21,20,,106,24,21,36,66,21,30,29,18,17,15,65,16,14,42,31,34,,29,,36,40,116,31,28,20,25,27,20,37,38,36,,49,36,41,,30,34,28,32,21,,19,24,8,,6,,24,11,6,17,55,48,47,,,,52,,68,,17,15,,,33,26,34,,7,,2,,22,13,15,21,19,27,,19,25,23,26,13,17,,33,,,12,6,10,8,,20,29,47,38,13,21,21,32,15,14,18,6,26,12,13,11,19,12,13,14,11,14,16,15,14,,31,24,42,20,,14,19,23,,,,,14,21,,15,16,18,41,40,21,23,38,28,46,15,31,12,7,43,59,43,,36,35,31,,13,15,,23,35,21,37,30,29,24,44,45,29,29,29,40,,285,259,439,25,25,24,,14,12,,33,32,58,38,45,19,23,32,32,,16,,,9,9,19,12,16,,,,,,9,8,27,,,11,,67,,,12,,29,20,15,23,25,19,37,39,18,,23,21,37,27,27,22,20,27,28,34,35,13,16,,43,31,,37,32,16,23,,,19,4,8,6,24,40,40,54,45,,,38,9,7,18,9,,11,,17,19,21,23,,,10,17,21,,,26,33,,20,19,,,8,,40,32,,,35,33,,,42,50,28,,,19,24,10,14,29,37,14,17,30,18,31,28,24,19,9,47,31,23,27,17,30,,35,24,,37,31,8,,19,17,26,15,20,21,23,24,25,25,22,36,,,29,17,22,16,45,20,29,25,15,13,16,,58,28,51,39,93,,,8,15,16,19,46,40,,14,30,27,,34,48,41,,38,78,22,32,43,39,17,30,34,67,48,57,28,40,20,26,,21,31,12,19,51,44,,41,,39,,,,24,17,14,15,25,35,,18,,37,44,42,22,,21,50,30,16,19,24,17,19,19,20,18,25,38,34,30,27,,21,16,20,27,39,30,16,22,20,7,14,18,24,20,23,,10,19,22,27,25,34,30,18,33,37,29,27,31,27,32,,30,31,44,35,35,40,28,29,20,30,23,,46,58,43,,38,56,48,43,,31,29,33,,29,46,34,44,42,18,16,19,16,20,40,45,54,,19,7,26,36,40,,35,34,,22,10,19,14,11,18,26,46,44,,15,20,19,,19,20,,37,34,44,22,,4,12,18,20,29,39,25,22,20,28,27,56,40,43,47,39,,17,21,9,11,21,29,31,23,38,21,40,34,32,41,25,27,26,42,37,20,20,24,34,29,10,2,8,17,19,29,40,40,19,30,,28,44,45,51,49,39,27,15,14,58,43,27,24,,30,32,66,70,5,11,13,10,,17,5,12,14,22,23,15,19,11,18,19,21,18,,6,,,26,24,24,,33,10,31,30,25,60,,23,14,21,,,,,12,15,13,11,14,10,15,20,,5,17,24,28,20,38,16,16,40,24,16,,,,,13,12,18,18,20,18,26,,17,6,5,12,13,14,31,13,26,10,7,12,12,,,8,11,10,15,3,5,13,6,18,,7,28,,12,5,,7,11,5,,16,,7,,6,7,12,21,20,16,12,12,14,10,16,22,26,14,,28,15,6,15,16,47,,743,733,10,15,469,405,,7,10,18,14,7,,25,15,12,,11,12,22,17,8,11,22,,7,60,,33,23,14,,32,35,18,21,3,,20,24,27,19,24,21,18,29,26,,,20,18,27,41,,11,22,17,35,40,50,18,22,22,25,21,13,13,,11,21,36,51,24,23,41,,38,,17,19,57,20,9,10,527,14,40,25,27,27,36,10,,,38,27,24,22,,31,17,20,44,,14,78,,,16,30,25,17,29,29,17,7,19,28,13,14,20,6,15,,43,30,,24,36,40,19,9,27,30,34,5,,28,7,,24,46,22,7,35,18,19,11,20,33,36,22,10,10,9,7,34,23,27,12,34,30,4,27,26,28,48,56,25,24,28,16,38,46,18,,53,20,22,19,14,13,14,,30,33,19,41,20,20,8,23,39,19,91,,25,41,25,27,70,31,11,,13,36,24,30,17,,192,29,13,15,18,18,22,11,24,15,16,15,18,36,30,16,,26,,,14,14,34,14,29,18,21,20,29,19,5,11,8,12,12,,26,5,22,6,16,14,33,30,33,28,24,31,34,48,32,41,25,11,12,20,12,42,36,,7,18,9,6,22,9,5,13,20,15,21,21,4,5,10,11,42,48,52,31,30,19,8,27,24,17,12,24,27,2,28,31,58,21,12,9,38,24,5,4,18,35,22,20,61,30,31,32,15,53,20,23,25,17,17,8,38,,31,48,19,22,32,20,29,30,16,57,33,24,26,27,18,22,15,39,9,26,53,43,31,31,,19,23,12,14,9,12,17,34,20,6,29,5,23,13,31,54,15,29,32,35,33,42,41,35,43,44,25,16,55,42,,50,16,35,49,12,22,15,12,18,21,38,35,32,18,32,13,12,,22,17,12,,31,42,24,24,7,9,20,25,11,26,27,23,16,,13,16,30,22,6,31,24,20,30,,16,25,39,46,35,11,14,23,21,16,11,,38,,22,11,,24,24,14,14,28,29,20,32,,17,19,30,3,,,28,30,25,30,34,30,26,47,49,41,55,21,42,6,24,63,42,31,56,42,43,15,133,26,33,46,35,4,35,20,11,12,29,25,47,36,25,20,17,206,193,14,23,36,16,6,49,28,8,32,7,13,16,24,19,32,,32,36,9,12,36,35,20,9,7,30,22,24,62,13,31,37,11,18,45,21,47,23,29,,35,18,18,25,24,9,53,30,27,28,45,25,40,17,17,39,39,23,56,25,45,19,56,35,17,35,32,,,29,24,36,41,25,23,28,40,10,42,49,9,,15,34
20210719,15,PM10_24h,19,25,23,20,22,23,22,26,27,22,23,25,,,48,,43,44,50,,44,,32,30,,31,35,,25,27,24,18,25,22,18,,52,50,,47,51,22,35,30,,39,,25,25,34,31,34,34,37,27,31,19,,26,25,24,40,36,37,,37,37,34,,46,39,37,39,23,18,,11,18,15,20,27,,18,22,24,26,27,22,,25,21,,,22,28,31,26,27,36,35,,39,28,34,31,29,,32,25,26,19,20,18,22,17,21,23,14,40,39,60,37,33,21,17,45,30,40,22,30,27,,34,31,37,34,32,24,38,34,24,24,21,27,24,,33,21,21,22,33,25,35,28,36,39,29,34,28,20,,20,19,27,39,19,22,20,20,21,25,21,19,,,,36,31,,38,38,32,,,,47,,24,34,27,20,24,27,,26,34,,,,30,32,,34,36,40,31,27,,27,25,25,20,21,24,25,19,,18,,31,26,,39,26,,42,33,36,,45,41,35,33,21,17,19,,,13,21,15,34,29,29,39,,23,,,29,,27,26,,24,23,21,15,15,17,,34,31,30,38,38,28,33,28,28,26,33,33,32,33,31,29,30,26,13,,23,19,21,20,26,28,26,31,40,29,,44,31,,,29,33,34,40,,40,36,35,33,13,,,9,10,12,12,11,20,31,25,28,26,31,31,,31,26,23,27,30,22,29,25,27,,31,18,30,25,30,31,27,29,24,26,30,22,32,29,,29,36,26,30,29,29,27,26,8,10,11,12,11,14,,8,8,11,17,6,8,7,8,31,24,31,24,,30,33,26,15,19,15,12,24,20,21,20,,,26,23,24,22,21,17,12,13,31,36,31,30,47,49,43,36,43,40,52,41,18,14,22,18,16,21,,29,29,21,35,28,21,26,,,29,23,32,36,34,,33,39,27,30,,,34,27,26,27,40,39,38,41,35,28,35,,20,8,11,14,14,11,8,13,11,10,16,14,32,31,36,37,32,29,30,24,,50,27,36,35,,37,34,47,47,,,,21,15,,,,26,33,61,67,58,55,55,,74,33,22,34,30,29,11,20,18,23,21,27,10,20,20,35,,50,35,40,34,47,43,24,38,44,,25,25,22,24,24,22,27,23,22,14,28,31,30,34,23,26,29,25,,24,,30,16,18,24,40,,41,35,,,31,31,27,44,,24,31,30,,33,40,28,27,25,22,21,18,21,29,,,,24,,22,34,,33,31,17,37,9,12,10,26,22,27,,23,,,27,,25,34,28,21,21,37,23,19,,25,23,25,21,34,24,28,26,23,37,23,24,27,11,14,15,30,29,28,16,,20,23,24,,31,30,,26,25,30,25,25,,38,15,,,42,40,,22,,17,20,28,27,13,18,,17,16,,26,20,,27,,33,23,22,,26,18,20,26,18,,21,25,21,32,32,16,18,45,34,20,33,17,37,25,28,46,34,20,31,40,53,32,40,39,24,26,22,35,28,18,30,20,26,,26,21,20,24,36,19,33,29,26,32,22,32,34,29,,37,35,45,,31,26,22,23,21,,25,23,10,,9,,24,12,11,23,28,27,26,,,,33,,36,,20,19,14,,33,27,32,20,23,,21,,22,19,24,29,28,28,,28,34,25,25,24,24,,24,,,19,16,18,13,,29,43,44,36,25,20,14,29,36,37,43,46,43,38,17,16,20,23,24,19,20,24,26,24,20,,36,27,34,37,21,17,19,17,,,,,27,24,,24,23,23,32,22,17,20,30,35,34,35,31,14,10,32,28,27,,21,26,33,,24,24,,28,37,35,35,34,33,34,34,31,34,25,26,34,,65,59,390,44,35,31,42,13,23,,19,42,30,18,19,24,28,31,31,,17,,,12,12,16,15,21,27,,17,,,21,20,21,,,11,,21,,,21,,29,25,22,25,27,25,29,29,23,,32,32,30,32,34,26,26,28,28,32,31,16,17,,55,36,,35,33,23,19,,,18,16,13,16,22,28,29,33,27,,,35,22,15,20,17,,22,20,24,26,28,27,19,,24,22,23,,,29,29,,26,22,27,,37,,50,47,,,33,22,,,51,39,36,,,23,26,17,13,26,28,17,33,34,29,36,30,18,22,23,31,36,32,36,31,38,31,43,39,,49,36,21,,19,28,36,31,27,23,24,24,21,28,22,36,,,51,26,30,40,23,32,26,30,17,15,25,32,41,25,43,37,31,,,10,52,49,58,22,24,,25,22,20,,26,31,28,,34,49,23,28,26,33,19,27,24,41,28,43,21,28,21,21,,16,24,11,17,38,30,,30,,27,,,,15,16,16,16,18,25,,23,,29,32,28,23,21,23,29,16,32,26,47,26,13,18,20,19,28,26,32,28,24,,24,27,26,27,30,32,5,30,22,21,23,21,34,29,29,,23,40,36,39,23,27,27,24,28,34,33,30,29,26,32,,34,35,33,28,32,32,32,28,43,48,42,,22,29,31,,28,39,32,32,,30,28,25,,26,28,32,30,32,19,19,22,19,20,31,30,33,,27,20,25,28,32,,33,29,16,27,18,22,20,17,22,22,37,26,,23,25,26,,19,21,,29,18,25,20,,5,11,17,18,23,37,34,30,25,29,30,39,38,40,43,41,,14,15,14,19,19,23,23,27,28,34,40,38,32,42,25,31,47,53,47,24,22,20,46,31,18,14,13,35,37,49,44,22,36,22,26,31,34,66,74,65,65,37,28,35,43,50,31,28,35,36,54,73,69,27,25,19,18,,18,19,15,15,23,19,22,26,23,18,19,19,18,12,15,,,23,26,30,,37,20,18,17,22,34,,22,16,21,,,,,26,16,15,16,15,18,22,17,,19,35,20,16,17,36,14,12,31,21,25,,,,,21,22,20,16,15,15,25,,26,15,15,20,24,13,22,12,18,13,16,17,14,18,,15,15,10,9,15,14,19,12,17,,11,16,,8,13,,10,9,6,,34,,15,,13,9,25,38,34,37,17,19,24,18,18,26,23,20,,33,31,9,23,24,52,,226,249,16,26,284,298,,19,25,28,34,16,,37,35,25,,15,18,21,19,17,19,33,,25,40,,43,25,20,29,71,66,39,48,11,,43,28,32,26,28,40,58,63,62,,,46,39,47,28,,14,48,38,78,37,29,13,31,37,32,36,17,20,,36,30,33,50,16,24,34,,15,,20,39,42,27,24,23,376,38,33,33,39,26,35,14,,,25,33,26,43,,33,23,37,28,,32,49,,,18,32,34,16,29,32,16,17,18,33,20,26,30,22,22,,51,27,,29,29,31,19,20,34,25,34,14,21,26,25,21,42,29,29,22,41,28,13,27,14,39,32,24,23,21,17,12,49,27,23,21,24,22,12,21,21,21,26,34,21,26,33,20,38,29,25,,31,21,22,18,14,16,14,,28,50,31,22,16,21,17,30,42,35,98,41,32,33,26,25,44,34,23,,22,48,60,72,33,,316,24,14,20,18,21,24,20,24,17,22,18,31,61,33,23,,36,,34,14,17,32,24,21,32,36,33,29,25,16,11,14,12,8,31,34,12,25,12,19,23,36,26,48,44,34,37,29,41,28,32,18,22,27,18,17,26,26,,7,23,14,14,20,11,17,22,27,22,20,18,19,20,16,18,28,28,20,20,31,19,19,35,32,29,25,22,29,16,44,42,39,19,12,13,31,28,8,13,20,39,26,18,41,41,45,31,69,45,23,23,28,19,26,35,42,,22,35,28,38,35,30,33,26,18,29,30,26,32,25,24,22,16,26,14,42,63,41,45,74,,25,19,16,20,13,10,19,29,24,11,20,10,24,22,41,32,21,45,49,53,32,32,29,23,29,29,32,25,34,27,,28,16,33,45,33,26,19,9,16,26,39,30,24,20,28,18,24,43,29,28,26,,38,33,25,33,15,13,55,42,35,32,32,27,26,,20,28,43,22,14,28,26,23,31,,31,33,33,53,42,14,25,20,16,25,22,,24,,23,21,,18,25,15,14,32,34,31,27,,21,27,28,10,,,18,45,26,31,32,47,63,55,55,17,29,19,43,40,72,73,48,47,52,50,32,25,38,16,25,22,29,22,34,32,27,15,28,24,32,25,30,16,60,875,946,14,23,24,28,19,68,30,12,20,15,24,28,32,29,39,,35,36,12,13,28,27,29,12,12,36,32,26,38,31,41,34,35,24,41,26,41,29,28,,24,26,14,51,22,28,29,29,30,28,28,26,20,14,15,41,33,35,49,45,24,16,64,51,20,29,22,28,29,25,27,28,33,32,44,27,44,14,46,39,15,6,25,35
20210719,15,SO2,1,3,1,1,3,2,3,3,1,1,3,3,,,7,,5,5,7,,3,,6,9,,5,4,,4,3,4,5,4,3,5,,3,3,,3,2,7,3,4,,5,,3,4,3,5,8,4,5,5,6,4,,7,8,7,9,8,8,,8,8,7,,7,6,6,1,10,4,,8,6,4,4,9,,7,3,2,12,2,1,,8,7,,,4,6,10,7,8,6,9,,6,7,3,6,4,,5,10,6,6,6,8,7,8,9,5,5,3,3,4,4,2,4,4,3,4,4,11,8,10,,9,9,17,12,11,10,9,12,1,4,6,3,7,,3,5,6,5,4,7,5,7,8,2,3,4,1,5,,2,,3,2,2,3,4,7,11,7,7,6,,,,8,8,,5,8,6,,,,10,,4,3,3,5,3,2,,4,6,,,,4,4,,6,11,5,5,4,,4,1,3,4,4,3,6,5,,,,3,4,,5,6,,4,4,4,,6,3,6,4,6,7,13,,,,6,8,5,3,7,3,,5,,,4,,7,5,,2,2,3,5,3,4,,3,3,2,4,5,5,5,6,5,7,10,5,10,5,6,7,,6,2,,4,4,4,2,2,3,4,5,7,4,,8,3,,,3,7,9,7,,5,6,7,4,5,,,7,4,6,5,5,5,3,3,3,2,3,3,,3,3,3,2,4,4,5,5,5,,4,5,7,5,5,5,5,6,4,4,6,5,5,5,,5,6,5,5,6,5,4,5,5,4,5,5,8,3,,6,4,5,5,4,5,5,5,8,7,5,6,,5,4,5,3,2,2,1,6,5,3,6,,,7,8,6,5,5,6,5,9,8,10,8,8,7,9,8,6,5,6,6,4,2,4,4,4,5,4,,4,5,6,6,7,9,4,,,11,6,4,2,3,,4,2,8,4,,,,7,7,,7,6,5,4,4,4,3,,8,6,5,6,9,8,6,7,10,6,7,8,7,4,3,4,5,5,2,4,,4,5,5,7,,6,3,5,6,,,,13,4,,,,11,9,9,9,3,11,11,,8,12,16,17,15,,5,9,5,5,4,3,,5,,2,,6,2,4,3,7,9,9,11,10,,1,2,3,2,4,1,5,5,2,2,3,6,3,4,3,4,4,4,,9,,8,4,3,6,4,,2,5,,,4,3,3,6,,5,4,1,,5,8,5,9,5,5,8,7,8,11,,,,4,,5,9,,8,8,10,7,4,5,1,3,2,4,,6,,,6,,6,11,13,7,8,8,10,9,,5,6,6,7,5,9,5,6,10,12,8,5,4,6,6,9,5,6,5,6,,4,5,3,,8,6,,6,2,5,7,10,,11,4,,,3,5,,4,,20,7,32,56,9,6,,9,9,,2,3,,6,,5,8,9,,8,9,8,11,5,,5,4,3,4,4,5,3,9,13,10,12,9,8,7,11,8,6,6,5,5,4,6,14,3,8,6,7,6,4,5,6,7,5,,5,,4,4,2,3,3,6,2,8,4,9,4,6,,4,3,6,,8,8,,4,6,,4,7,4,,4,,1,4,6,3,2,3,1,,,,3,,4,,1,3,,,1,4,4,3,2,,1,,6,5,7,5,2,2,,5,5,8,6,8,8,,5,,,7,1,3,2,,7,6,,8,7,6,5,6,5,5,5,5,5,4,3,2,13,8,4,,7,5,7,4,5,,17,14,15,10,,3,6,3,,,,,6,7,,5,7,8,5,2,3,4,6,7,7,8,6,4,5,6,,4,,3,2,3,,3,2,,2,3,3,1,4,3,5,2,1,6,9,4,3,,6,4,3,6,9,8,,5,6,,17,5,5,5,4,4,8,6,6,,,,,5,5,5,5,8,,,,,,5,4,5,,,5,,4,,,6,,5,6,8,7,10,10,10,,9,,6,4,6,5,8,8,6,6,5,3,4,5,8,,4,6,,4,6,6,8,,,6,,5,7,6,3,4,6,4,,,1,8,5,2,6,,8,8,2,8,7,10,,,4,5,4,,,3,6,,12,10,10,,6,,8,10,,,5,5,,,6,7,21,,,1,3,12,12,5,8,5,4,5,2,4,3,6,7,8,13,6,4,6,5,4,8,3,6,,7,7,5,,10,9,10,10,4,4,11,6,6,6,4,9,,,10,5,5,6,8,6,8,3,28,15,8,7,10,8,8,6,5,,,4,3,4,4,6,8,,,10,11,,12,15,6,,4,6,7,7,6,,2,6,3,7,6,5,13,11,5,21,,5,4,,6,8,10,,4,,5,,,,5,4,6,4,3,3,,6,,6,5,6,4,,3,1,4,,5,11,5,4,5,4,5,5,8,6,6,5,,4,8,8,13,8,5,6,11,17,11,14,5,5,15,7,,4,10,15,14,13,3,2,4,3,16,5,4,11,3,5,,6,2,1,2,5,6,5,5,5,6,5,,5,1,1,,3,7,6,4,,4,3,1,,5,4,4,5,4,6,5,6,6,7,5,5,2,,8,4,17,14,9,,15,6,,3,4,4,2,5,6,4,5,9,,2,4,1,,4,3,,15,6,5,6,,4,3,1,9,12,24,7,3,6,9,6,16,8,10,10,8,,3,3,7,8,10,6,6,7,4,10,9,6,7,12,6,4,6,3,2,3,4,4,3,3,3,5,5,5,6,7,7,11,9,9,11,10,15,5,5,8,5,4,4,2,17,17,10,8,,,8,8,10,8,4,5,8,,3,8,5,6,6,8,14,15,14,6,3,2,1,,8,,,5,5,6,,6,9,12,5,8,,,8,6,7,,,,,6,8,6,6,6,13,10,11,,9,8,11,8,8,7,2,2,5,5,,,,,,8,,5,6,2,5,2,,4,5,,5,5,5,7,8,6,6,,4,4,9,,9,6,5,4,5,7,4,8,18,,11,6,,8,10,,10,4,6,,6,,10,,8,11,5,5,5,4,4,5,8,6,4,5,3,6,,15,17,6,6,6,7,,5,4,2,2,4,4,,6,7,6,3,11,,3,3,5,,5,9,10,15,11,15,6,,5,7,,6,1,3,2,5,7,4,4,17,,13,5,10,3,6,8,5,6,4,,,8,6,7,12,,2,7,8,18,15,4,8,6,6,6,5,13,5,,1,5,14,5,6,7,3,,3,,5,8,4,5,6,8,3,11,8,5,8,5,4,4,,,10,,3,6,,10,16,7,13,,4,4,,,2,7,5,6,8,4,4,3,3,6,4,2,8,5,3,,6,3,,7,7,7,9,5,17,5,5,5,4,5,3,2,7,8,6,4,11,7,2,5,9,4,9,6,5,3,4,6,8,4,7,8,5,6,7,6,5,7,,1,8,15,4,5,25,8,3,,2,6,5,5,7,3,4,,2,8,6,8,5,6,10,2,10,6,8,2,8,7,10,5,2,3,2,,4,14,8,11,30,,8,4,8,4,3,5,4,5,3,6,3,7,3,6,20,8,,6,,6,4,5,10,1,7,8,8,6,9,7,6,6,7,4,8,,8,7,6,6,5,7,4,4,7,2,4,1,10,8,3,11,4,5,5,1,2,3,2,,1,2,5,3,11,2,8,8,6,6,7,9,8,7,5,10,9,3,3,6,4,4,7,7,3,8,10,5,3,3,8,3,3,8,4,6,3,6,7,5,7,11,6,5,5,5,12,17,8,16,5,6,3,7,4,4,4,,5,3,3,7,15,5,6,4,6,4,6,6,6,7,3,7,2,6,2,8,14,12,9,15,,6,7,6,8,3,6,7,7,6,6,2,4,6,4,7,2,10,3,1,2,3,7,6,7,7,2,4,1,3,1,,1,1,2,6,8,15,10,6,12,15,11,3,7,5,8,6,9,13,7,2,9,,4,19,10,10,3,4,3,8,6,4,5,5,7,,4,4,5,8,3,4,2,4,5,,4,2,10,14,12,4,4,3,4,3,2,,4,,6,3,,7,6,1,5,4,8,6,6,,6,6,15,7,,,6,7,1,6,1,1,3,8,2,2,3,4,2,6,5,8,7,10,9,7,4,1,,2,6,2,3,3,13,7,5,4,4,6,6,5,6,8,12,3,3,4,20,7,8,3,9,6,7,11,3,8,8,8,9,11,,7,6,1,6,5,8,6,8,7,6,2,6,5,3,9,3,3,6,8,7,6,5,4,,3,2,4,2,4,3,2,2,3,3,1,3,3,24,19,8,6,3,22,2,4,4,3,1,1,3,1,3,4,8,7,6,3,5,6,5,8,5,8,5,8,7,4,8
20210719,15,SO2_24h,1,3,3,3,3,2,3,3,2,1,3,4,,,9,,5,5,9,,4,,5,9,,6,5,,5,3,3,5,4,2,5,,3,7,,5,3,6,4,4,,2,,3,4,3,6,8,5,6,5,5,4,,6,6,7,8,9,8,,9,5,6,,7,4,5,2,9,4,,5,6,4,3,4,,4,3,2,4,2,2,,8,7,,,4,7,8,9,11,7,24,,8,15,19,16,16,,7,10,7,5,6,9,6,8,6,6,5,3,3,4,4,3,4,4,3,4,3,13,9,5,,12,17,18,17,13,16,11,15,1,4,6,3,7,,3,5,6,5,5,8,5,8,9,2,2,4,1,7,,2,8,4,2,2,3,6,10,10,7,7,6,,,,8,8,,5,8,6,,,,9,,5,4,3,6,2,3,,4,7,,,,6,6,,7,10,6,5,3,,4,1,3,3,6,3,7,5,,4,,4,4,,5,7,,6,4,5,,6,3,5,5,9,7,10,,,7,6,8,5,4,6,3,,6,,,4,,7,5,,2,2,4,5,3,4,,3,4,3,4,4,6,6,6,5,6,8,5,9,6,5,6,6,7,2,,4,4,4,3,2,4,7,10,7,5,,11,6,,,3,7,8,8,,6,6,8,5,5,,,5,4,5,5,5,5,3,3,3,2,3,3,,3,3,3,2,4,4,6,5,5,,4,5,9,6,6,5,7,6,5,5,7,6,5,5,,6,7,7,5,7,5,5,5,4,4,5,5,8,3,,6,4,5,6,4,5,5,5,8,8,6,6,,6,5,4,4,2,5,2,6,6,4,6,,,8,8,7,5,6,7,5,9,8,13,9,9,9,10,9,8,9,11,7,7,6,3,4,4,5,4,,3,5,6,6,7,8,4,,,10,7,3,2,4,,5,2,8,3,,,6,13,6,2,7,6,5,5,6,4,5,,7,6,5,7,9,9,6,7,10,6,6,8,6,4,3,4,4,5,2,4,,4,5,5,5,,24,3,10,11,,,,9,5,,,,8,8,7,6,3,8,8,,9,11,9,12,10,8,7,9,6,8,6,3,4,5,5,7,,5,4,11,5,10,11,8,8,13,,4,2,4,3,4,2,5,5,2,2,2,7,3,3,3,4,4,4,,13,,9,5,4,8,5,,4,6,,,6,4,5,8,,6,7,1,,9,7,7,9,3,7,8,7,8,10,,,,2,,5,10,,8,10,7,9,4,5,1,4,2,3,,10,,,8,,8,9,10,7,8,8,11,9,,13,7,9,9,6,11,8,10,15,21,8,5,7,6,6,8,5,8,8,5,,5,6,4,,9,8,,6,4,6,7,11,,11,5,,,3,6,,4,,13,9,13,14,9,5,,9,9,,3,4,,6,,11,8,12,,17,8,8,11,6,,5,4,3,6,3,5,3,10,8,9,8,8,9,11,12,13,6,6,6,14,13,7,24,10,7,6,7,8,4,4,6,7,5,,4,5,4,4,2,3,3,6,3,8,4,9,6,6,,6,4,13,,9,7,6,5,5,,10,15,4,,4,,1,4,6,3,3,3,2,,,,2,,4,,2,2,2,,2,4,6,3,5,,7,,5,5,7,5,2,2,,7,6,8,6,8,8,,5,,,8,1,3,2,,10,11,8,13,10,6,5,8,10,9,10,9,8,7,3,3,9,7,4,4,8,8,9,4,4,,16,16,16,10,5,8,9,6,,,,,7,7,,5,3,7,6,5,3,4,7,7,7,6,7,5,4,6,7,5,,8,2,2,,3,2,,3,4,3,1,4,4,5,3,2,6,9,5,4,,11,8,8,6,11,7,6,5,6,,10,5,4,5,4,5,9,5,5,,7,,,4,4,4,4,8,9,,11,,,5,4,2,,,5,,4,,,7,,5,8,8,7,9,10,10,10,7,,7,4,8,7,9,9,7,7,5,2,4,5,9,,5,6,,8,7,6,7,,,7,5,5,7,6,3,4,6,4,,,3,8,5,2,5,,8,11,5,10,8,10,4,,4,5,5,,,3,6,,13,12,8,,6,,19,19,,,6,5,,,13,10,17,,,2,4,12,11,6,8,6,6,8,3,7,5,6,6,9,6,6,4,6,5,4,13,2,6,,8,8,6,,14,12,10,11,4,4,9,6,6,8,5,9,,,9,5,5,6,7,11,6,3,6,12,11,6,8,8,8,6,7,,,2,3,4,5,7,9,,4,12,11,,13,14,5,,4,6,11,9,7,2,2,6,4,12,4,11,12,8,4,11,,5,4,7,5,7,7,,4,,4,,,,7,6,7,5,4,2,,8,,8,7,6,4,4,4,2,7,7,7,8,5,4,5,6,5,6,10,7,3,5,,6,9,8,9,8,7,11,10,18,15,17,5,7,16,13,,5,22,25,14,14,4,5,7,6,19,10,6,16,5,8,,8,5,5,12,6,6,6,6,11,14,15,,5,1,2,,4,3,5,4,,4,3,1,,5,7,7,7,7,6,5,6,6,7,6,7,2,,10,4,9,16,9,,22,6,4,4,5,5,3,4,7,4,5,8,,3,3,1,,5,4,,17,6,5,5,,5,4,1,8,9,25,12,7,7,11,9,14,14,17,18,14,,2,3,7,9,9,8,8,10,7,12,10,8,5,13,7,4,6,8,2,3,4,5,5,4,4,5,5,10,10,8,12,8,9,9,13,10,9,6,7,5,6,7,15,12,11,16,10,9,8,7,8,23,23,8,4,5,6,,2,6,6,7,7,11,8,11,8,8,6,4,5,6,9,,,5,6,6,,6,8,11,8,8,7,,8,6,8,,,,,7,6,8,8,6,13,10,12,,7,7,11,8,7,7,2,3,10,5,6,,,,,6,7,5,6,7,6,2,,5,5,4,7,8,6,7,8,6,7,6,5,9,11,,11,8,5,4,6,8,4,8,10,,9,6,,7,8,,8,5,5,,6,,9,,7,9,6,20,16,11,5,6,8,5,4,11,2,5,,31,28,5,6,8,6,,5,5,3,2,5,4,,6,7,6,2,19,,4,4,6,,12,9,11,12,11,15,9,,6,11,,9,2,3,2,5,7,6,7,8,,10,4,11,3,6,9,5,7,4,,,10,7,8,12,,2,8,8,11,23,5,9,7,8,6,6,12,5,,2,5,13,8,6,7,4,,4,,4,8,4,5,7,10,18,12,6,5,10,7,4,4,,,10,4,3,6,,8,16,7,13,,4,4,,,2,8,7,5,8,5,4,4,4,7,4,4,9,6,3,,6,3,,8,7,7,9,5,13,5,11,7,5,5,3,2,8,8,17,4,12,6,2,7,9,5,9,12,11,9,8,6,11,6,7,8,5,6,8,6,6,8,2,1,10,14,8,6,15,9,2,,2,6,4,6,9,3,4,,2,11,6,8,5,6,9,2,9,7,8,3,37,6,12,6,2,4,4,,14,16,13,12,19,,18,4,8,4,4,5,6,5,2,6,3,7,5,18,14,6,,6,,6,4,5,9,1,8,8,8,6,9,8,7,6,8,4,8,7,18,7,7,6,6,8,8,5,6,3,4,2,11,8,3,10,4,5,5,2,2,3,2,,2,2,5,3,12,3,9,8,7,7,6,10,11,8,5,11,10,3,4,6,7,5,7,11,4,9,12,4,3,3,8,4,5,10,4,6,5,6,10,6,7,12,6,4,10,10,36,18,8,12,7,6,4,7,5,20,5,,3,3,3,10,12,4,6,5,5,4,4,7,7,8,3,3,2,6,2,7,10,9,8,11,,6,7,6,9,3,6,8,14,6,6,3,4,6,3,7,2,9,3,2,3,4,7,5,7,7,4,4,1,3,1,,1,1,4,7,36,14,9,5,13,14,8,3,7,5,7,6,10,11,7,5,10,,5,18,9,11,3,4,6,11,6,7,7,5,11,,4,22,5,8,3,3,2,3,6,,9,8,11,10,17,5,4,3,4,11,11,,4,,5,2,,6,6,2,6,4,8,6,4,,4,16,21,10,,,6,9,2,7,2,3,4,11,6,2,3,5,4,9,5,9,7,11,7,7,3,1,3,2,7,2,3,4,9,9,10,5,4,7,6,5,8,8,11,2,2,4,6,5,12,3,22,7,7,10,4,8,8,10,12,15,,10,6,1,6,4,8,7,7,7,7,3,6,5,2,11,3,3,6,9,6,7,6,4,,3,2,4,3,4,2,2,2,3,3,2,3,3,7,12,8,6,8,13,11,8,5,3,3,1,3,3,3,6,7,8,6,3,6,6,5,8,6,9,5,8,6,9,8
20210719,15,NO2,5,6,11,2,7,11,15,2,9,8,11,14,,,15,,12,12,19,,11,,27,6,,6,7,,12,14,3,6,10,9,12,,10,22,,15,10,3,1,6,,2,,5,10,5,10,8,13,9,22,16,7,,9,5,8,15,10,15,,9,,9,,13,3,8,4,11,,,,13,7,8,17,,10,,,16,,7,,4,11,,,4,6,5,6,6,7,8,,2,8,7,6,11,,10,11,17,4,7,,8,8,4,13,2,16,11,22,5,6,5,4,8,4,7,9,9,5,,11,22,25,9,15,11,6,9,10,13,12,5,11,,14,11,9,16,16,4,11,5,4,7,11,8,4,13,,4,15,4,10,10,14,8,31,2,2,11,8,,,,9,8,,6,8,6,,,,28,,9,15,5,6,15,8,,4,10,,,,13,10,,14,10,12,4,3,,10,3,6,6,2,2,4,5,,11,,4,4,,12,10,,11,9,12,,14,13,7,11,16,6,24,,,,7,10,,5,23,14,,8,,,12,,13,15,,3,3,5,5,9,11,,9,11,14,8,10,5,6,4,16,13,10,6,12,24,12,10,,13,1,,6,3,2,2,5,6,3,7,10,1,,7,4,,,3,9,11,4,,9,11,6,11,6,,,11,11,12,10,5,5,20,22,13,18,24,15,,25,12,13,14,18,28,21,19,29,,15,7,12,17,10,5,2,10,11,4,7,5,22,16,,12,14,13,11,16,8,19,6,,17,12,13,26,16,,4,13,9,11,16,23,13,9,16,18,15,16,,13,12,17,14,20,13,13,16,13,15,14,,,10,10,10,4,7,7,6,11,17,17,15,9,11,10,23,11,15,12,16,6,11,6,6,7,6,8,,11,3,10,28,23,16,15,,,16,33,20,11,15,,16,12,17,16,,,22,8,5,,7,11,7,13,15,17,8,,6,8,5,10,6,10,7,10,7,5,11,12,,19,20,9,20,9,24,7,,20,14,18,,,15,5,15,20,,,,34,7,,,,9,10,19,27,5,24,12,,6,9,16,18,15,,8,6,,5,6,2,4,10,,6,,6,4,11,7,9,8,11,6,8,,8,11,26,3,,5,3,8,5,9,7,6,4,5,6,4,5,5,,5,,,5,9,5,5,,6,5,,,5,7,6,4,,2,1,7,,10,2,5,11,15,10,13,14,18,10,,,,8,,5,4,,6,10,12,14,5,4,1,6,10,20,,5,,,1,,3,5,11,9,6,5,6,4,,2,7,5,5,5,6,4,,6,5,7,7,7,10,8,4,6,6,6,11,,13,5,6,,8,9,,5,8,9,7,7,,22,6,,,15,8,,5,,,5,9,10,5,1,,11,3,,5,9,,6,,7,12,7,,12,12,13,12,6,,3,5,7,11,9,7,2,6,14,7,9,5,6,4,14,34,8,5,6,5,11,4,6,6,4,7,4,7,6,7,14,3,8,,6,,11,9,7,6,6,6,6,6,5,2,6,12,,10,,6,,,8,8,8,3,,7,15,2,,10,,8,11,7,8,,4,4,,,,6,,7,,6,3,,,13,12,5,4,6,,4,,7,6,12,12,12,8,,4,12,3,9,4,3,,9,,,2,5,3,11,,8,8,8,9,11,6,5,12,8,20,21,17,20,13,5,3,5,8,10,6,5,8,6,10,5,,13,,18,7,,10,10,10,,,,,1,10,,5,17,12,7,13,7,10,10,6,14,15,8,14,10,14,11,13,,5,6,14,,8,4,,9,5,8,10,11,13,3,6,12,14,5,4,7,,8,2,5,14,10,11,,10,10,,10,7,14,23,9,3,10,9,9,,,,,4,4,14,13,5,,,,,,6,5,9,,,6,,10,,,6,,10,8,13,14,14,8,14,,11,,4,8,15,14,19,8,2,9,11,12,6,6,3,,18,5,,10,10,6,12,,,14,4,2,4,11,5,3,6,2,,,16,14,17,18,17,,11,4,6,5,7,4,,,8,9,9,,,13,10,,7,6,,,6,,5,12,,,10,12,,,9,6,7,,,5,,3,4,5,7,6,4,5,4,5,4,4,7,7,6,2,6,6,9,5,2,8,5,,12,2,6,,2,4,8,7,6,3,5,4,6,4,4,15,,,18,6,5,6,14,8,16,20,21,5,6,4,11,7,20,10,16,,,6,13,6,4,4,8,,5,6,4,,5,2,5,,6,8,6,6,2,5,2,7,10,12,6,23,12,16,,13,,8,6,3,1,15,18,,6,,11,,,,8,14,4,7,3,,,17,,12,9,14,6,7,6,6,6,3,4,9,4,1,5,4,4,7,7,6,10,5,,4,3,7,4,7,4,3,1,11,8,6,2,3,13,3,,7,8,5,7,7,7,6,7,6,5,3,3,3,4,4,,4,12,5,3,5,8,5,7,2,3,2,,7,4,4,,18,9,9,,,5,2,14,,4,11,14,9,10,,6,7,6,7,5,4,7,,9,11,10,16,10,,5,9,,9,4,6,9,7,6,9,12,9,,15,7,8,,8,8,,11,2,5,6,,5,2,2,2,4,4,5,10,5,3,3,,4,6,6,11,,9,5,10,5,12,9,12,5,18,3,4,5,3,11,4,5,1,3,2,,7,2,13,4,3,2,2,2,2,10,4,14,7,12,10,6,13,13,10,9,5,4,5,6,6,6,9,9,,8,6,7,7,5,3,5,2,,,4,4,3,5,15,19,14,13,6,8,6,4,,5,,,4,6,6,,6,5,7,4,6,,,6,8,1,,,,,6,9,11,5,10,10,,6,,2,8,6,10,9,17,5,11,6,4,6,,,,,4,6,22,20,10,15,11,,2,5,6,5,8,4,4,2,8,7,7,8,5,6,,4,4,5,7,4,6,6,5,11,,5,7,,8,2,,6,16,5,,5,,3,,5,2,5,4,4,6,2,4,7,5,3,5,11,5,,13,8,3,6,4,7,,8,9,8,7,10,9,,5,6,5,2,3,,14,5,4,,7,3,6,14,1,7,3,,5,8,,16,8,5,5,10,14,7,2,6,,7,8,6,10,7,1,6,8,11,,,11,6,9,8,,8,8,9,6,16,10,3,14,6,6,8,8,9,,8,7,9,12,6,11,8,,5,,4,9,22,,18,13,6,,7,4,6,3,9,4,,,7,12,5,6,,11,7,6,9,,2,4,,,7,16,22,9,10,3,7,7,9,15,6,24,12,18,8,,18,8,,11,9,8,6,5,7,18,9,5,5,4,11,4,12,9,14,19,7,5,7,5,10,4,10,3,3,2,3,12,8,10,6,45,7,5,5,10,13,10,1,6,6,5,8,17,25,9,5,,4,8,10,16,8,7,8,,16,9,5,6,8,2,2,14,14,4,6,,11,10,1,6,5,10,7,,3,15,6,5,8,,6,15,14,14,12,8,12,8,13,4,3,4,4,7,9,12,,5,,8,4,,8,3,6,12,12,8,13,22,9,16,17,12,5,,19,6,3,9,6,9,8,5,3,11,9,9,8,6,1,10,4,7,12,4,7,10,10,,11,6,4,4,6,7,8,4,8,9,9,5,8,9,3,17,20,22,13,4,13,2,4,10,10,5,17,10,7,2,4,9,5,8,8,10,6,8,3,6,4,5,5,2,8,7,9,6,6,8,6,6,11,6,5,2,13,,10,3,3,8,6,6,8,13,1,,15,11,14,12,4,7,4,7,2,9,18,12,15,7,,6,7,6,7,10,9,19,10,10,4,18,11,8,8,9,6,5,7,15,32,1,6,7,7,9,9,8,8,7,4,,9,2,6,10,6,10,8,6,14,29,5,7,4,4,8,1,3,10,3,2,3,,3,12,5,6,6,5,4,5,9,4,2,5,6,,7,5,7,8,2,5,4,6,9,,5,9,8,11,11,9,8,6,7,11,7,,9,,7,2,,5,7,8,11,12,6,10,13,,9,4,7,1,,,6,6,7,5,6,3,17,10,7,7,3,14,10,13,12,16,4,3,10,8,3,10,,16,9,6,6,7,16,4,10,7,2,6,10,7,10,5,6,2,11,4,5,21,8,12,9,3,15,14,6,11,12,,7,10,,12,3,10,6,13,11,3,10,2,4,16,8,6,3,11,13,7,5,4,3,16,6,7,,3,5,10,5,8,8,2,9,11,3,4,6,6,8,7,8,14,10,9,3,10,5,4,12,4,6,5,5,2,6,5,7,5,8,14,9,16,11,13,5,5,4,6,7
20210719,15,NO2_24h,13,8,23,12,15,20,24,10,10,12,19,19,,,19,,20,18,26,,27,,34,7,,8,11,,35,23,16,21,18,20,9,,15,20,,20,15,3,13,12,,12,,9,11,7,15,16,16,16,21,22,12,,12,9,13,24,19,20,,11,25,22,,30,12,15,12,16,16,,5,13,12,9,27,,10,25,24,22,19,17,,14,18,,,16,18,18,16,16,23,20,,14,16,18,15,18,,15,14,18,6,8,8,10,10,6,20,3,27,23,33,16,19,13,16,20,16,31,20,18,10,,20,30,30,24,28,17,20,28,13,16,14,9,15,,16,19,11,16,20,30,31,34,23,26,18,36,17,9,,6,16,8,11,12,16,7,28,2,4,7,10,,,,15,12,,8,13,8,,,,22,,13,22,10,10,19,16,,12,22,,,,18,21,,19,23,22,6,14,,8,4,7,5,6,3,5,7,,8,,3,3,,16,18,,23,16,22,,20,18,12,19,28,7,20,,,9,10,12,21,10,15,16,,11,,,18,,17,17,,9,4,8,9,14,13,,13,16,18,16,20,13,15,10,24,22,18,16,22,24,22,27,15,19,2,,10,3,4,4,7,13,8,23,21,13,,25,23,,,13,13,18,22,,17,18,15,12,7,,,7,9,7,8,9,14,17,17,10,11,17,12,,17,7,12,28,25,24,28,20,40,,24,8,23,23,25,11,14,14,24,14,23,11,29,22,,25,33,24,22,26,20,29,17,9,16,11,12,23,15,,4,13,9,10,14,14,11,13,20,21,21,23,,23,31,28,15,20,14,15,24,21,19,19,,,14,17,18,10,9,15,7,13,29,36,16,17,22,17,23,17,17,21,23,18,10,7,12,11,8,9,,21,24,18,23,33,23,15,,,29,28,34,23,20,,25,31,35,32,,,26,9,16,29,27,21,20,32,28,26,21,,13,10,10,13,10,13,9,11,12,8,15,13,18,19,30,18,25,17,20,20,,13,13,26,19,,25,12,39,39,,,,28,8,,,,22,21,45,46,47,54,37,,36,21,14,24,15,20,13,18,12,12,13,3,7,25,8,32,,22,29,30,22,16,19,15,13,17,,12,11,13,6,7,10,10,12,11,9,7,6,5,11,7,6,8,5,,13,,8,8,11,13,10,,12,16,,,10,13,12,18,,8,11,12,,11,3,7,11,9,14,12,11,15,16,,,,8,,8,10,,10,11,11,17,5,4,2,19,16,22,,8,,,6,,8,11,16,10,10,7,10,6,,14,16,14,14,26,11,10,11,10,16,10,17,18,6,7,5,19,14,14,12,,13,13,13,,9,9,,7,9,11,10,11,,27,10,,,14,13,,20,,17,12,16,18,6,2,,11,3,,15,19,,14,,17,15,13,,14,15,14,19,9,,5,7,11,16,16,7,2,14,18,6,15,4,18,10,27,31,12,10,13,14,14,9,14,12,17,18,17,12,17,8,13,5,10,,8,11,13,14,12,9,8,8,8,7,6,15,20,28,,24,21,21,,13,12,18,13,4,,18,11,2,,9,,6,10,5,7,5,7,7,,,,12,,11,,4,3,3,,15,13,9,10,14,,9,,15,17,11,13,12,9,,13,26,12,8,9,10,,11,,,3,11,8,8,,13,21,19,15,10,8,5,13,13,15,13,15,14,18,10,10,8,9,17,14,20,24,24,24,19,,19,11,29,18,11,16,15,15,,,,,8,16,,18,12,14,11,11,12,18,19,19,23,18,17,15,13,20,15,16,,10,11,21,,22,14,,16,10,12,15,15,16,9,10,14,15,14,13,12,,12,13,13,20,19,14,20,15,19,,16,23,13,13,8,8,17,17,17,,7,,,5,5,14,15,8,5,,8,,,10,10,9,,,7,,10,,,10,,11,14,19,18,19,14,14,20,18,,12,18,21,20,23,6,3,14,13,12,11,10,4,,27,13,,16,16,12,17,,,13,8,6,8,12,6,4,10,3,,,20,15,15,17,14,,10,12,18,12,16,14,10,,13,13,11,,,14,14,,12,16,21,,20,,15,19,,,12,9,,,19,12,14,,,5,7,9,10,6,7,5,8,9,6,9,9,4,9,12,6,9,17,18,16,6,4,10,8,,18,9,16,,6,12,16,11,9,5,5,5,8,7,6,23,,,32,8,10,10,9,12,7,13,6,12,12,5,17,12,28,19,13,,,12,14,7,7,6,11,,8,20,17,,14,10,12,,6,9,8,9,5,11,2,7,23,28,33,42,22,14,18,15,,12,11,7,4,25,23,,9,,10,,,,10,14,6,17,3,4,,17,,17,20,18,7,7,8,8,8,17,11,21,8,1,7,7,5,18,23,18,17,8,,10,4,10,6,10,7,4,8,19,14,16,8,10,18,5,,9,15,12,15,14,8,11,13,12,12,6,7,8,10,12,,13,15,11,11,15,15,12,13,13,14,20,,10,7,7,,11,8,9,9,,11,7,14,,4,11,12,9,10,7,6,8,7,8,8,6,6,,9,9,7,27,15,,13,8,4,18,8,13,12,9,13,17,17,15,,10,7,8,,12,10,,13,2,6,5,,7,5,7,4,5,13,11,19,12,11,11,8,10,15,14,15,,14,10,18,11,14,15,13,13,22,7,9,9,11,15,5,8,3,6,8,6,13,6,23,11,4,3,3,18,26,19,19,14,12,14,16,15,16,19,20,16,12,9,10,12,11,16,12,15,9,16,21,18,18,6,8,6,14,,14,11,11,10,19,14,15,12,15,11,13,13,10,5,17,,,6,11,7,,10,10,7,7,15,15,,19,8,12,,,,,9,7,11,19,15,11,5,8,,28,11,8,9,12,17,8,12,19,18,16,,,,,12,10,14,15,17,19,22,,6,6,7,11,16,10,8,9,8,11,11,12,11,12,,6,8,10,11,6,14,16,8,14,,5,8,,10,9,,8,20,8,,6,,9,,6,5,8,14,18,18,7,11,14,10,4,8,8,9,,19,16,3,14,8,27,,13,13,22,22,18,15,,8,9,18,13,16,,23,15,14,,16,4,14,20,9,8,11,,11,22,,22,18,10,10,19,24,10,9,6,,34,13,17,13,10,5,12,11,8,,,30,25,26,8,,10,39,36,26,30,12,4,26,11,11,16,21,11,,22,24,12,20,11,14,13,,11,,6,19,26,11,22,17,14,20,10,13,18,6,13,7,,,21,17,7,13,,22,16,27,10,,2,5,,,11,24,26,7,16,6,8,24,4,24,9,28,14,16,20,,24,11,,19,9,14,11,6,13,11,11,8,10,13,22,7,22,8,24,20,8,14,6,13,15,9,11,12,12,10,10,12,32,15,7,33,8,10,9,8,8,7,4,11,12,11,15,16,20,15,5,,6,14,11,21,8,12,12,,31,29,6,14,11,2,5,17,17,18,25,11,16,21,9,6,8,18,15,,11,37,23,26,13,,12,18,15,16,14,12,16,17,15,7,6,10,25,17,12,10,,8,,9,5,4,11,5,10,24,30,25,26,27,16,13,17,11,9,25,25,7,8,12,14,11,11,5,13,20,19,13,23,7,2,20,5,11,15,4,6,12,10,,11,5,9,8,8,17,12,9,11,14,15,8,17,17,3,23,18,28,19,10,16,7,5,24,13,12,19,12,11,6,13,14,10,16,12,12,12,13,9,10,14,10,10,6,15,13,20,14,12,15,12,10,15,8,9,9,17,,9,7,10,29,16,30,17,16,5,3,19,16,20,15,6,12,6,10,3,16,53,16,31,29,,18,8,9,12,11,13,27,12,14,5,17,15,14,10,14,9,11,18,20,24,5,10,22,12,9,11,20,5,12,6,,11,2,7,10,17,9,18,8,18,26,15,12,16,13,15,11,10,13,12,9,8,,10,13,5,12,11,4,14,20,19,10,12,9,16,,12,10,21,22,3,6,9,6,17,,13,13,13,15,21,9,8,13,10,13,9,,13,,13,6,,5,19,11,16,22,17,14,15,,12,11,12,3,,,6,12,29,14,22,13,20,13,17,9,6,17,19,22,35,32,18,15,23,24,2,8,23,7,16,6,7,14,23,6,17,7,11,17,20,14,15,11,36,9,11,12,15,20,17,11,19,7,12,12,16,16,16,22,20,30,,22,6,9,6,17,15,15,10,7,14,24,11,14,7,20,24,18,14,15,10,25,13,12,,4,3,6,7,13,16,3,10,18,10,16,6,14,16,9,20,15,29,20,17,10,13,12,18,8,6,11,14,15,23,5,9,9,11,25,11,27,13,16,9,7,18,24,12
20210719,15,O3,126,115,134,133,122,122,119,126,112,131,119,137,,,139,,163,152,119,,145,,89,134,,127,152,,129,137,84,121,122,140,92,,112,100,,106,109,92,109,115,,111,,124,121,116,127,118,110,116,120,126,121,,123,130,124,80,96,88,,93,104,111,,113,146,132,128,117,101,,101,111,112,99,102,,115,95,85,104,97,103,,146,134,,,150,147,142,136,101,114,109,,102,128,133,121,125,,145,92,70,83,82,89,104,86,78,84,78,99,99,97,103,92,110,100,94,97,99,141,133,116,,133,131,128,135,125,130,134,138,72,66,66,66,66,,76,47,66,59,129,128,130,125,125,,107,127,151,93,,112,109,109,98,105,113,132,131,132,108,140,83,,,,103,105,,114,114,109,,,,173,,133,137,136,137,118,134,,144,185,,,,174,174,,188,188,205,123,129,,132,108,110,106,101,105,101,93,,89,,106,95,,154,152,,119,154,153,,181,160,125,122,48,67,55,,,55,56,64,,80,49,90,,101,,,134,,143,142,,70,57,55,46,32,39,,114,104,137,141,131,85,88,87,140,142,156,161,162,130,134,143,,137,70,,51,68,65,46,112,94,77,106,106,120,,104,93,,,104,148,183,125,,142,186,134,233,76,,,70,76,77,87,80,83,40,38,40,39,39,41,,26,56,70,96,92,74,77,98,76,,106,108,197,170,165,192,146,181,151,161,162,147,65,73,,80,70,87,77,75,62,51,79,32,35,30,25,26,45,,50,49,47,43,34,40,34,44,63,55,67,57,,57,66,61,38,39,34,37,69,72,72,68,,,69,67,53,50,45,47,49,49,81,91,86,85,184,186,193,163,126,156,162,132,79,88,68,71,83,111,,127,140,157,141,154,152,154,,,150,136,150,155,131,,210,203,231,183,,,228,145,92,,93,105,81,82,90,81,84,,76,69,79,81,86,77,89,92,82,94,86,86,92,65,58,93,81,96,81,104,,67,86,82,65,,214,156,174,159,,,,192,179,,,,183,194,148,130,132,157,209,,132,188,184,206,164,,139,172,112,131,143,90,114,191,124,157,,151,149,165,149,171,174,184,174,171,,97,104,105,87,67,59,93,100,89,98,96,97,97,99,94,90,82,83,,107,,92,106,106,94,159,,157,133,,,124,126,120,133,,99,115,111,,122,123,121,108,144,99,89,92,90,117,,,,136,,115,126,,133,169,172,145,82,84,96,83,102,78,,112,,,92,,95,93,99,74,80,85,92,83,,102,94,99,95,99,97,81,81,106,96,76,75,71,54,51,55,61,59,57,49,,50,82,74,,107,105,,102,99,100,98,94,,80,57,,,128,158,,116,,124,117,124,127,70,72,,67,72,,107,105,,115,,104,102,100,,104,97,103,99,105,,72,72,82,89,86,73,48,131,151,143,132,124,107,82,67,42,76,72,67,110,97,107,109,105,110,116,112,113,117,76,83,78,92,,97,,53,63,64,56,101,101,94,89,99,149,160,150,,142,143,145,,132,90,97,79,88,,115,71,79,,45,,51,50,53,47,100,106,103,,,,83,,94,,79,73,,,80,70,69,70,69,,75,,127,125,133,152,152,130,,113,106,124,139,111,125,,88,,,103,103,95,76,,94,100,104,103,53,94,82,80,97,92,91,93,89,103,76,67,105,111,126,106,113,117,117,128,127,,175,167,164,160,,111,97,84,,,,,129,136,,137,112,140,148,129,120,117,89,95,64,82,97,75,83,106,113,111,,83,93,98,,100,103,,86,104,130,127,116,134,115,129,129,100,117,120,114,,128,130,130,206,175,163,,118,130,,123,107,103,79,100,125,119,152,152,,77,,,80,80,89,102,86,,,,,,88,78,120,,,76,,79,,,137,,121,110,108,136,144,137,141,142,96,,175,,168,179,176,152,164,160,155,112,140,74,65,,80,122,,103,122,100,97,,,129,74,77,64,62,85,82,88,98,,,182,69,65,66,67,,67,73,105,102,107,101,,,86,81,84,,,78,69,,108,101,93,,93,,168,167,,,95,56,,,186,195,146,,,82,79,106,103,178,180,176,98,92,92,92,84,85,98,79,107,124,120,94,116,72,78,67,69,,143,142,93,,90,89,82,97,114,114,110,86,58,58,63,83,,,85,114,107,115,143,56,65,51,70,81,78,88,123,98,86,103,91,,,117,82,82,96,151,151,,59,129,145,,140,137,146,,154,150,148,145,147,92,104,92,64,98,79,93,74,85,76,107,,137,101,86,56,170,183,,142,,139,,,,101,97,102,101,119,112,,77,,112,121,96,71,78,65,60,76,92,103,97,94,92,88,88,88,101,107,131,129,84,,77,76,77,88,73,83,82,131,123,116,120,93,83,87,80,,86,105,114,107,105,104,103,107,112,120,106,110,109,108,99,,97,101,98,76,86,92,84,88,74,71,92,,68,88,88,,65,76,78,112,,125,122,75,,87,91,86,86,94,68,68,74,76,77,133,126,130,,47,48,56,102,116,,117,121,,86,83,103,94,92,86,90,123,120,,119,131,120,,105,106,,125,101,100,92,,90,89,90,93,91,150,116,117,113,129,122,138,119,129,141,115,,130,137,154,133,81,98,96,87,87,87,118,83,119,123,67,78,96,80,83,99,78,97,114,98,65,78,79,86,80,79,78,77,79,80,108,122,113,134,150,150,153,99,86,94,137,131,107,100,,106,105,122,123,68,92,121,134,,140,,113,123,119,192,195,189,173,108,119,129,130,,138,,,107,118,116,,112,129,106,103,105,,,142,129,129,,,,,145,139,131,141,141,122,110,116,,114,142,156,154,147,146,73,66,76,69,80,,,,,106,89,77,73,70,70,86,,83,126,118,118,120,122,120,133,70,72,90,101,91,92,,44,50,56,57,28,36,140,141,99,,82,74,,125,119,,72,69,92,,107,,117,,66,59,122,124,122,118,122,124,126,130,94,104,88,78,,142,147,99,176,136,157,,108,117,130,126,116,117,,102,98,143,141,144,,155,164,146,,139,210,146,135,121,124,146,,148,168,,166,134,141,138,128,116,120,121,134,,131,126,113,95,98,111,118,127,115,,,122,118,131,95,,100,123,117,149,177,116,74,69,144,129,141,136,83,,90,123,185,203,60,146,142,,140,,139,135,242,96,45,46,120,121,164,145,113,119,154,93,,,117,174,109,161,,174,181,171,124,,102,159,,,80,178,165,73,107,126,78,72,84,158,106,143,178,146,108,,140,116,,73,110,173,159,115,141,80,108,47,75,88,91,63,129,82,207,93,105,108,64,104,117,148,81,77,78,80,79,102,149,129,107,113,80,140,143,96,90,90,100,97,121,127,96,83,174,130,74,,135,102,129,71,134,86,92,,90,210,110,119,87,97,116,164,193,131,160,77,74,183,112,81,97,160,76,,92,218,137,178,177,,119,71,52,81,72,62,89,79,71,51,113,122,161,166,141,100,,122,,112,108,92,162,110,67,75,69,71,78,59,58,34,36,35,48,,84,43,79,53,75,70,101,102,133,112,135,144,169,146,110,167,118,74,67,77,78,71,76,,47,45,76,102,91,94,115,115,72,110,81,102,104,128,69,95,106,223,210,197,175,138,76,133,133,91,89,127,93,100,148,153,129,72,88,78,89,78,140,94,90,121,116,86,129,115,127,124,145,123,128,112,103,90,90,83,93,,137,127,105,153,140,124,167,161,117,99,212,135,168,160,120,127,89,122,83,131,188,205,122,154,,65,78,58,56,36,44,59,81,67,53,54,37,76,97,110,125,125,119,107,121,113,122,153,147,140,135,96,53,90,84,,84,97,75,93,84,96,81,64,170,55,136,159,154,143,129,130,141,190,124,96,84,,131,177,160,137,86,87,,140,130,115,140,134,180,,138,170,128,118,49,124,103,90,162,,88,106,117,129,84,78,85,78,98,56,55,,56,,142,112,,92,68,72,72,142,122,108,64,,68,135,125,121,,,77,122,143,120,93,134,108,108,106,112,108,130,126,94,100,95,109,120,134,112,49,50,75,61,70,86,65,65,131,128,107,71,100,90,106,78,140,132,135,108,111,90,137,97,91,69,159,104,31,73,62,69,70,96,173,184,,144,102,52,55,98,164,136,71,80,136,119,115,156,147,168,107,96,140,106,86,186,95,113,,85,69,66,127,74,114,98,67,88,130,121,111,112,132,106,131,168,156,123,88,99,110,116,118,110,112,114,80,124,149,140,118,105,94,87,100,83,68,131,158,120,93,134,115
20210719,15,O3_24h,126,115,134,133,122,122,119,126,112,131,119,137,,,139,,163,158,119,,153,,116,177,,148,166,,129,137,111,121,122,140,111,,149,128,,126,127,96,109,117,,111,,124,121,116,133,127,143,132,132,126,121,,128,130,124,80,96,88,,94,134,134,,138,146,138,132,157,123,,101,111,112,99,106,,115,98,99,112,102,104,,162,150,,,167,166,153,158,154,163,139,,155,142,154,156,140,,145,110,99,108,105,106,110,111,93,100,92,103,102,99,103,112,119,100,99,98,116,146,139,126,,146,154,137,143,131,131,134,138,107,105,98,104,101,,114,95,97,93,129,128,130,125,125,,117,130,151,113,,128,113,120,122,105,114,136,131,132,115,140,96,,,,103,144,,114,114,110,,,,190,,147,141,146,149,120,135,,150,185,,,,174,178,,199,188,205,123,129,,132,108,110,106,101,105,104,96,,94,,106,95,,171,160,,162,154,177,,181,164,148,139,78,91,82,,,91,80,80,86,81,77,90,,101,,,134,,152,152,,86,83,82,87,83,93,,114,122,137,141,134,119,112,103,142,170,156,170,164,142,145,143,65,148,80,,80,75,77,57,160,126,130,106,107,120,,104,102,,,104,179,201,161,,160,212,186,233,97,,,84,89,89,94,90,90,81,84,80,83,82,81,,68,85,147,146,153,152,139,126,132,,132,140,197,170,165,192,150,181,153,164,162,147,141,182,,158,135,173,109,147,76,124,112,68,60,67,74,44,62,,53,57,59,77,81,74,79,94,180,160,177,149,,167,150,149,95,108,109,102,132,141,161,112,,,84,83,70,83,75,62,61,60,191,189,202,202,184,186,193,179,159,164,168,135,99,88,78,85,89,121,,127,140,157,213,172,222,170,,,150,170,150,155,156,,210,203,231,183,,,228,145,100,34,93,105,86,86,95,95,91,,102,94,79,93,86,81,124,114,116,121,115,128,97,93,95,93,86,103,103,110,,96,86,95,89,,214,164,202,191,,,,192,179,,,,183,194,148,130,132,157,209,,144,188,184,206,164,158,139,172,119,132,143,90,114,191,124,171,,161,158,183,159,176,174,184,176,183,,108,116,118,113,116,111,124,119,104,106,97,99,99,102,107,110,101,100,,107,,98,110,113,108,161,,162,134,,,125,131,122,186,,114,124,122,,122,123,121,108,144,101,96,98,94,117,,,,136,,115,126,,133,169,172,150,84,84,96,83,121,83,,128,,,161,,144,125,120,86,94,101,93,83,,116,104,114,108,113,111,103,87,106,106,77,78,78,88,78,80,71,70,71,62,,63,113,105,,113,109,,102,109,105,98,123,,134,88,,,128,158,,116,,124,135,126,127,82,88,,79,84,,113,110,,122,,104,108,103,,108,97,103,102,105,,96,123,90,89,98,94,68,145,153,143,132,124,136,99,81,71,96,97,83,110,101,107,109,105,113,116,120,113,120,95,83,82,92,,97,47,90,95,92,80,116,103,107,100,107,149,160,150,,150,146,147,,134,106,116,94,96,,118,96,95,,81,,87,84,99,87,104,106,103,,,,90,,95,,87,86,82,,84,82,89,74,84,,86,,127,125,148,152,152,130,,113,123,124,142,119,125,,108,,,111,103,95,77,,118,111,123,110,90,95,83,102,141,142,126,141,125,143,76,70,147,160,166,145,116,117,117,131,127,,175,170,164,160,44,131,148,101,,,,,247,197,,183,113,140,148,139,120,117,126,110,109,111,125,81,94,106,113,121,,96,102,120,,138,142,,139,146,158,146,138,150,150,156,158,117,121,128,114,,143,157,148,206,180,163,112,118,130,,123,107,133,121,128,125,119,152,152,,81,,,99,99,95,117,97,76,,82,,,107,92,126,,,93,,84,,,146,,125,134,138,159,163,157,168,182,119,,175,134,196,204,195,165,168,160,155,115,143,93,79,,94,122,,142,122,113,100,,,151,87,83,84,79,92,90,93,107,,,182,77,72,76,75,,73,122,123,119,127,112,71,,87,89,116,,,115,116,,108,101,117,,116,,204,211,,,95,66,,,186,195,158,,,86,91,119,116,189,184,177,99,98,101,100,91,91,98,98,111,181,192,157,130,76,80,70,75,,192,186,94,,90,89,85,100,115,127,110,90,91,79,98,95,,,103,130,126,133,190,119,127,115,131,106,115,91,151,122,118,132,122,,,117,82,82,96,151,151,,98,136,151,,140,141,146,,154,150,148,145,147,97,105,94,136,159,146,172,95,136,134,113,,137,115,104,82,176,185,,142,,139,,,,111,106,115,108,122,114,,129,,132,135,136,91,93,89,82,86,99,108,104,101,102,99,98,100,112,118,136,141,94,,86,80,85,94,86,84,82,131,124,116,120,96,83,87,81,,88,105,114,107,105,116,114,117,120,129,106,110,109,108,99,,97,101,98,104,107,107,107,107,85,83,109,,72,88,89,,95,94,96,112,,133,128,89,,93,102,109,97,110,104,98,103,104,112,133,126,130,,91,89,98,115,123,,141,140,79,91,88,117,136,131,119,114,141,138,,123,131,120,,108,113,,134,139,135,131,,96,98,93,94,91,156,116,117,114,129,129,138,119,129,146,122,,139,147,157,136,140,163,145,155,124,140,118,131,122,123,69,94,128,104,110,100,78,98,120,98,69,83,80,158,138,153,164,77,79,80,108,122,113,134,150,150,153,130,130,127,137,145,165,164,72,130,122,127,127,107,98,151,154,,160,114,113,123,119,192,195,189,173,114,130,143,139,83,149,,,125,120,120,,115,129,120,114,125,102,,142,129,129,,,,,145,139,134,141,141,153,132,127,,120,142,156,154,155,146,87,74,91,77,83,,,,,106,92,102,93,70,70,94,,85,126,118,121,120,123,121,134,75,77,95,101,92,93,,84,84,66,64,41,49,140,141,99,,82,74,,125,119,,82,76,92,,109,,132,,87,77,132,133,146,130,157,151,153,155,105,110,102,116,,150,149,130,176,151,157,,136,147,151,148,138,140,,133,120,158,155,145,,155,167,147,,148,219,146,158,121,138,222,,216,172,,173,139,146,143,128,116,151,148,141,,131,126,119,148,138,111,124,136,129,,,126,127,133,95,,100,137,129,165,177,144,82,126,144,176,146,136,90,,119,123,198,203,79,157,150,,140,,139,138,242,122,81,79,136,144,164,147,160,122,154,99,,,142,174,109,161,,174,181,171,138,,102,159,,,89,186,170,88,107,126,87,81,157,158,112,187,178,217,113,,140,126,,112,110,173,159,126,154,82,130,78,78,126,99,72,148,102,207,95,105,108,70,104,122,148,86,80,80,82,79,107,154,131,112,152,93,162,150,110,112,115,100,97,141,136,96,144,186,130,86,,135,128,129,92,134,100,105,,96,210,110,138,101,99,130,164,204,134,160,86,82,190,112,93,97,160,127,,95,218,171,178,177,,134,93,106,110,107,104,108,115,103,96,113,122,172,212,144,105,,125,,134,108,96,176,110,83,104,113,136,148,103,112,73,81,71,81,50,225,67,79,64,98,82,104,110,136,127,169,151,169,146,114,176,118,138,146,86,82,87,94,,78,85,103,102,116,94,115,131,91,113,126,114,184,169,93,105,130,223,210,197,175,145,88,175,133,118,97,127,98,100,161,156,129,94,93,87,99,117,146,117,112,128,116,96,156,138,150,124,145,130,133,112,118,98,100,100,110,,137,127,105,172,152,125,167,161,127,102,212,154,168,160,127,127,107,122,96,139,188,205,122,154,,79,78,77,85,54,77,147,102,170,73,73,103,94,97,149,125,132,119,136,136,124,132,153,153,140,135,132,86,92,94,,99,97,94,108,116,110,102,85,170,99,177,187,195,143,151,161,141,190,161,113,109,,131,177,160,139,92,90,162,140,130,126,140,140,183,,142,186,134,123,66,143,120,113,162,,153,141,175,136,121,97,96,90,98,71,69,,110,,142,122,,107,93,127,102,142,134,108,79,,86,135,131,121,,,78,131,143,126,93,142,136,126,141,112,108,150,162,121,109,109,123,133,138,135,80,81,93,84,90,89,89,82,131,133,107,91,113,97,106,88,143,140,135,119,128,103,151,106,93,76,203,165,76,83,143,79,88,127,174,184,,151,110,84,87,98,164,234,86,81,224,158,134,156,230,177,134,133,140,128,131,186,98,125,,88,102,91,135,112,122,101,114,89,130,121,111,112,132,106,131,190,181,123,93,106,112,136,145,110,112,114,91,159,162,140,123,105,94,115,100,102,88,166,164,120,93,134,128
20210719,15,O3_8h,75,73,81,79,72,69,58,76,62,72,64,69,,,75,,94,104,73,,97,,84,127,,101,133,,66,75,72,63,62,74,82,,100,93,,92,92,76,94,98,,98,,78,81,68,98,95,108,97,94,93,95,,101,104,95,50,65,55,,65,84,79,,80,106,102,96,98,82,,79,82,70,77,66,,74,69,65,64,69,70,,113,106,,,113,109,103,107,86,87,88,,84,98,100,95,97,,100,92,76,87,86,90,99,84,83,89,81,86,87,84,89,79,96,84,85,89,87,117,111,106,,121,118,111,115,106,105,110,113,69,66,67,65,67,,74,48,67,58,96,95,97,99,95,,87,103,108,74,,95,89,90,82,86,91,95,89,90,78,91,84,,,,68,78,,80,82,78,,,,117,,108,109,110,110,90,113,,108,124,,,,122,128,,122,121,130,86,90,,95,86,90,85,84,84,97,89,,84,,86,76,,105,100,,103,98,106,,108,111,102,92,43,69,59,,,61,59,65,54,54,55,60,,77,,,97,,116,113,,60,58,55,41,32,33,,87,85,91,93,88,65,66,61,97,102,110,118,115,92,96,97,,112,67,,54,64,62,48,84,90,86,73,74,81,,65,73,,,72,123,129,115,,106,135,119,141,82,,,72,75,77,83,77,79,37,42,41,43,36,37,,31,45,74,84,80,74,70,79,60,,86,93,114,109,104,117,97,107,97,106,102,100,42,44,,46,40,51,56,48,45,40,57,31,26,23,22,19,36,,44,42,39,38,31,35,32,32,37,36,40,42,,33,48,34,37,38,33,37,48,48,46,45,,,50,49,42,44,41,38,44,43,53,62,59,57,98,96,104,92,89,95,87,85,56,59,58,61,67,92,,88,74,102,87,85,84,88,,,88,76,73,85,76,,124,111,100,91,,,127,106,58,,59,62,54,52,56,60,55,,58,58,63,66,71,63,64,68,57,67,58,54,61,53,44,54,58,60,74,66,,63,60,46,55,,153,137,126,117,,,,114,144,,,,141,152,69,58,61,67,90,,78,112,100,118,108,91,97,107,88,94,100,72,76,116,82,120,,115,114,124,111,133,133,150,148,129,,94,102,91,64,64,58,71,91,82,86,84,89,86,89,86,87,81,80,,91,,83,95,94,81,106,,107,99,,,102,107,100,128,,94,101,100,,90,96,90,86,112,71,74,75,79,80,,,,100,,86,97,,103,124,124,113,79,78,88,63,80,67,,101,,,74,,72,71,72,58,61,62,67,64,,79,75,81,79,71,77,75,69,77,68,74,68,67,45,39,44,54,52,48,38,,42,66,59,,74,72,,64,65,68,58,72,,61,49,,,76,93,,94,,94,104,94,94,64,64,,63,66,,68,66,,70,,79,82,78,,85,78,85,82,85,,78,76,85,74,77,78,60,109,113,104,101,94,92,82,66,53,83,83,66,97,89,95,95,94,102,96,95,98,104,82,71,70,80,,84,,64,78,71,65,91,90,88,81,94,111,117,113,,108,108,113,,98,75,80,70,76,,91,69,80,,41,,48,45,52,48,78,75,73,,,,53,,61,,62,58,,,59,50,52,66,64,,68,,79,74,76,81,99,86,,87,72,92,97,99,90,,92,,,97,69,69,57,,62,66,75,72,63,86,76,81,103,98,93,96,98,98,61,50,85,89,100,82,73,69,74,76,82,,74,92,70,81,,79,79,57,,,,,111,115,,111,91,106,119,103,94,98,65,59,52,63,59,60,67,77,78,81,,65,69,69,,75,79,,64,78,89,97,90,100,93,99,102,74,84,88,80,,105,108,113,160,142,125,,87,90,,91,70,83,71,91,96,94,108,108,,74,,,81,81,81,90,84,,,,,,82,72,92,,,68,,69,,,106,,97,93,90,104,108,106,98,100,82,,116,80,121,125,117,118,114,110,108,88,104,76,64,,69,86,,83,82,69,65,,,99,70,70,69,65,71,71,72,84,,,106,64,63,67,64,,67,75,92,93,99,89,,,72,69,70,,,66,58,,80,74,72,,68,,139,144,,,85,60,,,131,139,109,,,69,77,90,88,163,165,166,95,93,94,93,85,86,89,71,90,100,110,90,85,60,62,55,59,,106,114,88,,79,75,64,75,102,103,86,76,60,56,65,64,,,76,110,105,113,134,89,78,73,77,78,81,82,108,96,79,95,85,,,90,54,57,65,101,105,,43,105,106,,106,102,110,,110,107,111,107,113,76,87,80,80,94,85,74,62,91,74,80,,98,65,70,54,115,120,,102,,100,,,,88,88,90,90,92,97,,78,,103,100,105,74,78,70,66,72,80,87,79,84,84,72,70,74,87,83,90,83,72,,67,56,58,66,58,58,49,82,76,78,70,75,74,72,70,,62,80,78,69,64,81,74,80,81,87,75,80,75,79,71,,69,73,70,74,70,70,68,70,53,57,73,,47,66,65,,48,50,48,65,,104,100,63,,70,73,78,72,78,56,56,62,58,64,89,84,88,,43,48,52,73,85,,81,93,,64,57,74,74,76,74,75,78,74,,81,90,78,,83,89,,86,72,73,71,,82,78,79,65,60,98,75,73,80,85,82,92,88,88,104,84,,95,100,104,98,71,73,68,63,64,83,86,79,85,86,48,60,75,62,61,71,53,69,76,65,41,52,51,78,70,69,72,41,44,41,67,74,64,91,99,100,106,88,81,79,82,86,84,93,,80,72,92,88,54,65,79,87,,84,78,71,76,78,104,106,108,93,62,74,80,81,,86,,,93,90,96,,85,69,63,58,75,56,,72,71,66,,,,,94,92,80,84,87,79,70,77,,73,107,113,116,110,89,54,53,50,55,51,,,,,65,62,55,54,48,44,56,,46,90,87,89,80,107,104,107,49,49,71,77,70,73,,42,45,45,45,21,22,96,103,59,,48,40,,85,84,,54,51,70,,80,,96,,38,34,83,80,86,84,106,106,107,111,67,70,58,67,,111,109,93,123,115,104,,96,105,106,105,108,108,,98,93,106,104,103,,111,124,101,,105,161,126,109,84,119,125,,132,130,,146,114,119,112,95,85,107,108,96,,81,88,78,88,95,96,87,96,92,,,78,77,85,66,,76,79,87,70,83,98,69,42,88,124,105,74,74,,68,109,121,126,62,120,108,,102,,102,101,133,57,44,42,106,90,121,110,90,91,112,73,,,88,96,83,101,,137,143,138,83,,83,104,,,82,132,125,74,72,88,74,70,92,107,71,79,113,91,64,,77,99,,59,74,90,95,103,112,65,104,41,70,65,73,59,82,50,120,77,80,91,66,88,89,95,62,60,61,64,61,78,99,106,96,67,72,117,92,94,96,97,70,60,81,94,70,74,116,86,59,,90,79,96,57,97,68,69,,58,140,86,94,76,80,96,110,125,96,107,59,70,129,81,75,60,88,80,,88,136,111,118,134,,104,72,53,74,67,61,73,73,65,50,84,97,121,141,102,87,,93,,96,87,87,110,80,46,53,44,42,43,40,39,30,32,34,39,,53,38,71,44,60,50,65,86,100,89,123,119,124,107,89,117,85,80,75,61,60,59,64,,47,47,76,77,86,69,69,90,50,77,67,81,79,72,55,63,76,117,118,122,100,85,78,121,100,94,76,94,82,86,114,100,76,58,75,65,84,79,101,68,67,81,76,81,96,104,47,72,102,80,102,81,89,81,82,66,76,,100,66,57,120,104,99,123,115,93,87,132,115,118,113,98,91,94,86,82,97,87,112,73,72,,48,58,47,39,35,35,35,70,48,48,44,31,58,57,100,92,96,58,66,89,95,90,110,118,104,100,98,46,54,62,,50,68,70,77,86,88,74,41,102,65,101,126,103,94,78,101,105,126,115,84,82,,102,120,116,109,73,82,119,98,95,104,119,111,142,,116,151,76,87,47,99,76,90,87,,86,86,87,86,64,59,57,58,78,58,56,,48,,88,84,,66,49,62,58,98,101,81,54,,66,108,98,102,,,69,101,70,90,47,106,94,97,102,69,75,108,102,84,82,73,90,96,98,91,39,44,75,52,62,62,60,65,66,92,61,73,69,67,63,60,97,106,80,108,113,67,87,76,71,66,131,73,30,55,47,49,50,66,106,113,,110,84,50,50,76,90,116,71,75,124,113,101,91,129,132,79,70,80,65,68,111,76,89,,73,56,68,105,60,79,73,59,55,64,72,58,73,98,63,102,123,120,88,66,62,84,104,102,80,63,65,54,87,120,86,114,79,84,83,89,74,71,102,120,85,68,69,98
20210719,15,O3_8h_24h,75,73,81,79,72,69,58,76,62,72,64,69,,,75,,94,104,73,,97,,84,127,,101,133,,66,75,72,63,62,74,111,,100,93,,92,92,92,94,98,,98,,84,82,71,98,95,108,97,94,93,95,,101,104,95,50,65,55,,65,84,79,,80,106,102,96,98,82,,79,82,75,77,66,,74,69,68,64,71,70,,113,106,,,113,109,103,107,86,87,88,,84,98,100,95,97,,100,92,86,87,86,90,99,84,83,89,81,86,87,84,89,79,96,84,85,89,87,117,111,106,,121,118,111,115,106,105,110,113,69,66,67,65,67,,74,48,67,63,96,95,97,99,95,,87,103,108,74,,95,89,90,82,86,91,95,89,90,78,91,84,,,,68,78,,80,82,78,,,,117,,108,109,110,110,90,113,,108,124,,,,122,128,,122,121,130,86,90,,95,86,90,85,84,84,97,89,,84,,86,76,,105,100,,103,98,106,,108,111,102,92,54,74,63,,,61,66,72,59,70,61,60,,77,,,97,,116,113,,60,83,71,44,39,39,,87,85,91,93,88,65,66,61,97,102,110,118,115,92,96,97,53,112,72,,54,64,62,48,84,90,86,73,74,81,,65,73,,,72,123,129,115,,106,135,119,141,82,,,72,78,87,83,79,79,54,56,49,60,50,55,,50,64,77,84,80,74,82,79,60,,86,93,114,109,104,117,97,107,97,106,102,100,42,44,,46,40,51,56,48,45,40,57,34,32,30,29,27,36,,45,42,42,38,35,41,32,32,37,36,40,42,,33,48,34,37,38,33,37,48,48,46,45,,,50,49,42,44,41,38,46,43,56,62,67,57,98,96,104,92,89,95,94,85,56,59,58,61,67,102,,88,74,102,87,85,84,88,,,88,76,73,85,76,,124,111,100,91,,,127,112,58,34,59,62,54,52,56,60,55,,58,62,63,66,71,65,70,74,74,72,71,82,76,61,44,77,68,91,81,66,,86,60,48,55,,153,148,126,117,,,,114,144,,,,141,152,69,58,61,67,90,,78,112,100,118,108,91,97,107,88,94,100,72,76,116,82,120,,115,114,124,111,133,133,150,148,129,,94,102,91,64,64,58,71,114,103,96,84,89,86,89,86,87,81,80,,91,,83,95,94,81,106,,107,99,,,102,107,100,128,,94,101,100,,90,96,90,86,112,71,74,75,79,80,,,,100,,86,97,,103,124,124,113,82,78,88,63,80,67,,101,,,74,,72,71,72,72,78,74,75,76,,79,75,81,79,71,77,75,69,77,68,74,68,67,51,47,47,54,52,48,56,,58,66,59,,74,74,,64,65,68,58,72,,61,49,,,76,93,,94,,94,104,94,94,64,64,,63,66,,70,70,,76,,79,82,78,,85,78,85,82,85,,78,76,85,74,77,78,60,109,113,104,101,94,92,82,66,53,83,83,66,97,89,95,95,94,102,96,95,98,104,82,71,70,80,,84,43,64,78,71,65,107,90,92,92,98,111,117,113,,108,108,113,,98,75,80,70,76,,91,69,85,,64,,69,66,72,65,78,82,78,,,,54,,61,,86,82,80,,67,61,62,66,64,,68,,79,74,76,81,101,86,,87,72,92,97,99,90,,92,,,97,69,69,57,,62,66,75,72,63,86,76,81,103,98,93,96,98,98,61,50,106,104,106,100,73,69,74,76,82,,74,92,70,81,40,79,79,57,,,,,117,115,,111,91,106,119,103,94,98,65,59,52,63,59,60,67,77,78,81,,76,69,69,,75,79,,86,82,89,97,90,100,93,99,102,74,84,88,80,,105,108,113,160,142,125,127,96,93,,91,70,123,101,108,96,94,108,108,,74,,,81,81,81,90,84,80,,94,,,82,72,92,,,83,,82,,,106,,97,93,90,104,108,106,98,100,82,,116,80,121,125,117,118,114,110,108,88,104,76,64,,69,86,,83,82,69,65,,,99,70,70,69,65,75,71,72,84,,,106,68,64,69,67,,67,75,92,93,99,89,67,,72,69,75,,,76,74,,80,74,72,,68,,161,144,,,85,60,,,131,139,109,,,69,77,90,88,163,165,166,95,93,94,93,85,88,89,71,90,100,110,90,85,60,62,55,59,,106,114,88,,79,75,64,75,108,123,86,76,60,56,65,64,,,76,110,105,113,134,89,78,73,77,78,81,82,108,96,79,95,85,,,90,54,57,65,101,105,,43,105,106,,106,102,110,,110,107,111,107,113,76,87,80,80,94,85,74,62,91,74,80,,98,65,70,54,115,120,,102,,100,,,,88,88,90,90,92,97,,78,,103,100,105,74,78,70,66,72,80,87,79,84,84,72,70,74,87,83,90,83,72,,67,56,58,66,58,58,49,82,76,78,70,75,74,72,70,,62,80,78,69,64,81,74,80,81,87,75,80,75,79,71,,69,73,70,74,70,70,68,70,53,57,73,,55,66,65,,81,83,76,89,,104,100,89,,93,73,82,74,80,78,74,82,78,85,89,84,88,,76,68,84,73,85,,81,93,82,64,57,74,74,76,74,75,78,74,,81,90,78,,83,89,,86,74,73,71,,82,78,79,65,60,98,75,73,80,85,82,92,88,88,104,84,,95,100,104,98,71,73,68,63,64,83,86,79,85,86,48,60,75,62,61,71,53,69,76,65,41,52,51,78,72,69,72,41,44,49,67,74,64,91,99,100,106,88,87,83,82,86,84,93,87,80,72,92,88,54,65,79,87,,84,79,71,76,78,104,106,108,93,62,74,80,81,78,86,,,93,90,96,,85,69,75,70,75,66,,72,71,66,,,,,94,92,80,84,87,79,70,77,,73,107,113,116,110,89,54,53,50,55,51,,,,,65,62,67,57,54,51,56,,46,90,87,89,80,107,104,107,49,49,71,77,70,73,,54,45,46,45,21,22,96,103,59,,56,41,,85,84,,55,53,70,,80,,116,,38,34,83,80,86,84,106,106,107,111,67,70,58,67,,111,109,93,124,115,104,,96,109,106,106,108,108,,99,93,106,104,103,,111,124,101,,105,161,126,134,84,119,125,,132,130,,146,114,119,112,95,85,107,108,96,,81,88,78,105,104,96,87,96,92,,,78,77,85,66,,76,79,87,70,83,98,69,42,88,124,105,74,74,,69,109,121,126,68,120,108,,102,,102,101,133,57,44,42,106,90,121,110,90,91,112,81,,,88,96,83,101,,137,143,138,83,,83,104,,,82,132,125,74,72,88,74,70,92,107,71,79,113,91,73,,77,99,,59,78,90,95,106,112,65,104,47,70,65,73,59,82,84,120,77,80,91,66,88,89,95,62,60,61,64,61,78,99,106,102,67,93,117,92,94,96,97,82,60,81,94,70,84,116,86,83,,90,79,96,57,97,68,69,,58,140,86,94,76,80,114,110,125,96,107,68,70,129,81,75,60,88,80,,88,136,111,118,134,,104,72,64,74,76,61,73,73,65,51,84,97,121,142,102,87,,93,,96,87,87,110,80,46,53,44,42,43,40,39,32,34,38,47,55,53,39,71,44,60,50,65,86,100,89,123,119,124,107,89,117,85,80,75,82,79,84,94,,60,62,76,77,86,69,69,90,50,77,67,81,93,72,67,63,86,117,118,122,100,85,78,121,100,94,76,94,82,86,114,100,76,58,75,65,84,79,101,68,67,81,76,81,96,104,47,72,102,80,102,81,89,81,82,66,76,,100,66,57,120,104,99,123,115,93,87,132,115,118,113,98,91,94,86,90,111,87,112,73,72,,48,69,47,40,35,46,35,70,48,48,44,31,58,57,100,92,96,58,66,89,95,90,110,118,104,100,98,67,54,68,,80,86,76,77,86,106,74,58,102,65,101,126,103,94,78,116,105,126,115,84,82,,102,120,116,109,75,86,119,98,95,104,119,111,142,,116,151,76,87,47,99,76,90,87,,89,86,87,86,64,59,57,58,78,58,56,,63,,88,84,,66,49,63,60,98,101,81,57,,66,108,98,102,,,70,101,70,90,47,106,94,97,102,78,75,108,102,84,82,73,90,96,98,91,49,66,75,74,65,62,82,65,66,92,61,73,69,67,63,60,97,106,80,108,113,67,87,76,71,68,155,73,30,71,47,49,50,66,106,113,,110,84,71,70,76,90,116,74,75,124,113,101,91,132,132,79,73,80,65,68,111,76,89,,73,70,76,105,68,79,75,73,55,64,72,58,73,98,63,102,123,120,88,66,89,84,104,102,80,63,65,54,89,120,94,114,79,84,83,89,74,77,102,120,85,68,69,98
20210719,15,CO,0.5,0.5,0.7,0.7,0.8,0.7,0.5,0.7,0.6,0.5,0.6,0.6,,,0.7,,0.7,0.7,0.4,,0.7,,0.5,0.5,,0.6,0.6,,0.4,0.6,0.5,0.6,0.6,0.3,0.6,,0.5,0.6,,0.6,0.5,0.3,0.1,0.4,,0.3,,0.4,0.8,0.4,0.1,0.4,0.2,0.1,0.1,0.1,0.3,,0.4,0.5,0.1,0.7,0.8,0.8,,0.8,1.5,0.6,,0.3,0.4,0.2,0.2,0.4,0.5,,0.1,0.5,0.6,0.3,1.1,,1.1,0.5,,1.2,0.7,0.6,,0.5,0.4,,,0.5,0.5,0.5,0.4,0.5,0.3,0.5,,0.3,0.5,0.3,0.3,0.5,,,0.8,0.6,0.5,0.5,,0.5,0.5,0.4,0.5,0.7,0.5,0.4,0.5,0.4,0.4,0.2,0.4,0.3,0.3,0.4,0.5,0.8,0.6,,0.6,0.6,0.5,0.5,0.4,0.6,0.5,0.4,0.4,0.4,0.3,0.4,0.3,,0.3,0.3,0.3,0.3,0.1,0.4,0.1,0.4,0.6,0.4,0.3,0.5,0.3,0.2,,0.3,0.4,0.3,0.1,0.2,0.5,0.4,0.3,0.4,0.5,0.5,0.2,,,,0.4,0.3,,0.5,0.3,0.2,,,,0.6,,0.3,0.1,0.3,0.3,0.3,0.2,,0.2,0.5,,,,0.6,0.5,,0.6,0.6,0.5,0.3,0.6,,0.1,0.2,0.3,0.2,0.1,,0.5,0.4,,,,0.3,0.4,,0.4,0.6,,0.5,0.3,0.7,,0.5,0.4,0.4,0.2,0.4,0.4,0.5,,,0.2,0.3,0.4,0.5,0.4,0.4,0.5,,0.3,,,0.4,,0.5,0.5,,0.2,0.3,0.2,0.3,0.3,0.4,,0.3,0.4,0.3,0.1,0.4,0.3,0.2,0.4,0.5,0.5,0.4,0.6,0.5,0.6,0.5,0.4,,0.4,0.3,,0.4,0.5,0.4,0.4,0.3,0.5,0.2,0.8,0.7,0.6,,0.7,0.4,,,0.6,0.7,0.3,0.5,,0.4,0.6,0.5,0.6,0.3,,,0.1,0.4,0.4,0.1,0.1,0.3,0.7,0.5,0.6,0.5,0.5,0.6,,0.6,0.6,0.8,0.7,0.5,0.9,0.6,0.4,0.7,,0.8,0.4,0.7,0.6,0.6,0.7,0.6,0.5,0.4,0.5,0.5,0.4,0.6,0.7,,0.4,0.4,0.5,0.6,0.6,0.5,0.6,0.4,0.4,0.6,0.6,0.5,0.4,0.4,,0.8,0.4,0.4,0.5,0.5,0.6,0.4,0.6,0.3,0.5,0.4,0.3,,0.4,0.4,0.4,0.6,0.5,,0.4,0.5,0.6,0.5,0.4,,,0.6,0.5,0.6,0.4,0.5,0.4,0.7,0.5,0.4,0.4,0.3,0.4,0.6,0.6,0.6,0.6,0.4,0.7,0.7,0.5,0.3,0.4,0.5,0.4,0.4,0.5,,0.3,0.4,0.6,0.8,1,0.3,0.4,,,0.7,0.5,0.8,0.2,0.6,,0.4,0.3,0.6,0.5,,,0.7,0.3,0.2,,0.4,0.5,0.5,0.3,0.4,0.4,0.5,,0.3,0.2,0.3,0.3,0.2,0.4,0.2,0.3,0.2,0.4,0.4,0.3,0.4,0.9,0.6,0.7,0.8,0.4,0.8,0.4,,0.7,0.9,0.7,0.8,,0.6,0.3,0.4,0.4,,,,1.2,0.3,,,,0.4,0.6,0.6,0.5,0.5,0.2,0.8,,0.5,0.7,1,1,0.8,,0.8,0.7,0.5,0.7,0.6,0.4,,0.7,0.5,0.4,,0.5,0.8,0.5,0.7,0.6,0.6,0.7,0.6,0.6,,0.3,0.9,0.4,0.3,0.4,0.5,0.6,0.6,0.5,0.6,0.5,0.6,0.3,0.4,0.2,0.3,0.2,0.3,,0.5,,0.2,0.5,0.3,0.7,0.6,,0.6,0.5,,,,0.5,0.4,0.1,,0.2,0.4,0.2,,0.2,,0.2,0.4,0.3,0.2,0.1,0.2,0.2,0.3,,,,0.6,,0.2,0.6,,0.3,0.6,0.9,0.6,0.4,0.2,0.2,0.4,0.4,0.5,,0.2,,,0.7,,0.7,0.6,0.9,0.4,0.6,0.5,0.3,0.3,,0.5,0.3,0.5,0.5,0.4,0.4,0.4,,0.6,0.7,0.4,0.5,0.5,0.4,0.6,0.5,0.6,0.6,,0.4,,0.5,,0.4,,0.6,0.6,,0.4,0.7,0.7,0.5,0.6,,0.5,0.4,,,0.5,0.6,,0.5,,0.6,0.4,0.5,0.4,0.8,0.6,,0.8,0.8,,0.5,0.5,,0.5,,0.7,0.7,0.7,,0.5,0.7,0.3,0.2,0.1,,0.4,0.5,0.4,0.7,0.7,0.2,0.2,0.5,0.7,0.7,0.7,0.6,0.5,0.2,0.6,1.4,0.6,0.6,0.4,0.6,0.5,0.4,0.5,0.5,0.7,0.5,0.5,0.8,0.6,0.6,0.5,0.6,0.2,,0.1,,0.3,0.3,0.3,0.3,0.4,0.4,0.5,0.3,0.4,0.5,0.7,0.5,,0.7,0.6,0.6,,0.4,0.6,0.5,0.7,0.8,,0.5,0.3,0.3,,0.7,,0.7,0.4,0.4,0.4,0.5,0.6,0.3,,,,0.6,,0.6,,0.4,0.4,,,0.6,0.7,0.6,0.5,0.5,,0.5,,0.3,0.5,0.3,0.5,0.5,0.7,,0.6,0.5,0.4,0.7,0.5,0.5,,0.7,,,0.6,0.4,0.3,0.6,,0.7,0.7,0.5,0.6,0.7,0.4,0.5,0.7,0.5,0.8,0.9,0.5,1,0.8,0.3,0.3,0.6,0.4,0.7,0.6,0.5,0.6,0.4,0.4,0.6,,1.1,2.5,2,0.5,,0.6,0.8,0.5,,,,,0.4,0.4,,0.5,0.6,0.5,0.3,0.3,0.4,0.3,0.6,0.3,0.5,,0.4,0.4,0.4,0.8,0.6,0.8,,0.8,0.7,0.9,,0.6,0.5,,,0.7,0.8,0.6,0.9,0.7,0.5,0.5,0.5,0.8,0.8,0.9,0.8,,0.4,0.5,0.2,0.3,0.1,0.2,,0.6,0.4,,0.6,0.2,0.4,0.5,0.3,0.2,0.5,0.2,0.2,,0.3,,,0.3,0.3,0.2,0.2,0.3,,,,,,0.2,0.3,0.4,,,0.3,,0.4,,,0.6,,0.6,0.2,0.6,0.5,0.6,0.9,0.3,,0.4,,0.6,0.6,0.6,0.4,0.5,0.3,0.3,0.3,0.3,0.6,0.6,0.2,0.4,,0.5,0.3,,0.4,0.4,0.5,0.5,,,0.6,0.5,0.5,0.5,,0.5,0.7,0.6,,,,0.2,0.5,0.7,0.8,0.6,,0.5,,,0.6,0.6,0.4,,,0.4,0.7,0.7,,,0.7,0.9,,0.6,0.6,0.4,,0.4,,0.6,0.7,,,,0.4,,,0.6,0.5,0.3,,,0.3,0.4,0.2,0.2,0.3,0.3,0.3,0.4,0.2,0.4,0.4,0.6,0.4,0.4,0.4,0.8,0.4,0.4,0.3,0.3,0.4,0.5,0.5,0.4,,0.5,0.5,0.3,,0.2,0.3,0.5,0.5,0.5,0.5,0.5,0.5,0.4,0.5,0.4,0.4,,,0.4,0.7,0.6,0.6,0.6,0.5,0.9,0.2,1.7,0.5,0.6,0.4,0.6,0.5,0.7,0.6,0.7,,,0.4,0.5,0.4,0.4,0.5,0.4,,0.6,0.5,0.5,,0.6,0.6,0.5,,0.5,0.5,0.5,0.4,0.5,0.4,0.5,0.4,0.6,0.3,0.5,0.9,0.5,0.4,0.5,0.7,,0.3,0.3,0.2,,0.6,0.5,,0.6,,0.5,,,,0.4,0.5,0.6,0.6,0.6,,,0.3,,0.4,0.5,0.4,0.4,,0.5,0.5,0.3,0.4,0.4,0.6,0.4,0.2,0.4,0.4,0.4,0.3,0.4,0.4,0.5,0.3,,0.5,,0.6,0.2,,0.6,0.4,1.2,1.8,0.8,1.5,0.3,0.6,0.6,1,,0.4,0.4,0.5,0.3,0.4,1.1,0.8,0.6,1.1,1.3,0.5,0.6,0.5,0.4,0.4,,0.4,0.5,0.4,0.4,0.5,0.5,0.5,0.6,0.3,,0.6,,0.3,0.5,0.4,,0.5,0.5,0.6,0.4,,0.4,0.4,0.7,,0.6,0.6,0.5,0.7,0.7,1,1,0.8,0.8,0.7,0.7,0.6,0.6,,1,0.4,1.2,0.7,0.7,,0.7,1.2,,0.6,0.5,,0.5,0.8,0.7,0.7,0.7,0.7,,0.6,0.7,0.4,,0.9,1,,0.6,0.4,0.4,0.4,,0.7,0.6,0.7,1.2,1.1,0.9,0.6,0.5,0.4,0.4,0.5,0.4,0.6,0.6,0.5,0.5,,0.6,1,1.2,1.5,0.5,0.6,0.7,0.4,0.7,0.6,0.6,0.6,0.5,0.7,1.4,0.9,0.7,0.7,1.2,0.3,0.5,0.4,0.8,0.7,0.3,0.3,0.3,0.7,0.7,0.7,0.6,0.4,0.7,0.5,0.7,0.9,0.9,0.5,0.5,0.7,0.7,0.4,0.3,0.4,0.8,0.7,0.5,0.5,,0.6,0.6,0.8,0.8,0.4,0.4,0.6,0.3,,0.4,0.2,0.3,0.2,0.3,0.5,0.5,0.3,0.4,0.4,0.3,0.5,0.4,,0.4,,,0.4,0.4,0.5,,0.6,0.4,0.6,0.5,0.4,0.7,,0.3,0.5,0.3,,,,,0.5,0.5,0.4,0.5,0.5,0.2,0.2,0.4,,0.2,0.6,0.5,,0.5,0.5,0.4,0.5,0.4,0.5,0.5,,,,,0.2,0.3,0.5,0.4,0.4,0.5,0.4,,0.3,0.4,0.4,0.3,0.2,0.7,0.6,0.5,0.5,0.4,0.7,0.7,0.5,0.5,,0.5,0.4,0.2,0.2,0.2,0.3,0.5,0.5,0.4,,0.3,0.6,,0.5,0.5,,0.4,0.2,0.4,,0.2,,0.3,,0.6,0.5,0.4,0.6,0.5,0.6,0.4,0.4,0.3,0.5,0.6,0.4,0.6,0.4,,0.4,0.4,0.4,0.5,0.7,0.3,,0.3,0.3,0.2,0.3,0.3,0.3,,0.6,0.8,0.3,0.1,0.6,,0.1,0.2,0.2,,0.3,0.6,0.5,0.3,0.4,0.3,0.3,,0.3,0.1,,0.3,0.3,0.5,0.3,0.8,0.6,,0.2,0.4,,0.4,0.2,0.2,0.3,0.4,0.1,0.4,0.5,0.3,,,0.5,0.6,0.5,0.7,,0.2,0.3,0.5,0.3,1,0.3,0.5,0.7,0.7,0.5,0.6,0.4,0.6,,0.4,0.6,0.5,0.5,0.3,0.4,0.4,,0.5,,0.2,0.6,0.7,0.4,0.5,0.4,0.2,0.6,,0.7,0.4,0.5,0.4,0.4,,,0.3,0.4,0.3,0.5,,0.7,0.4,0.4,0.7,,0.4,0.6,,,0.2,0.3,0.3,0.4,0.3,0.5,0.3,0.1,0.3,0.4,0.5,0.7,0.4,0.5,0.7,,0.7,0.5,,0.4,0.6,0.3,0.5,0.2,,0.4,0.4,0.4,0.6,0.4,0.4,0.4,0.8,0.4,0.5,0.2,0.3,0.3,0.4,0.4,0.2,0.5,0.8,0.3,0.4,0.4,0.3,0.4,0.2,0.4,0.3,0.9,0.7,0.4,0.5,0.6,0.6,0.7,0.5,0.6,0.4,0.8,0.4,0.6,0.5,0.7,0.7,,0.5,0.4,0.3,0.4,0.4,0.5,0.6,,0.8,0.8,0.3,0.4,0.3,0.3,0.4,0.5,0.4,0.7,0.3,0.6,0.4,0.5,0.5,0.3,0.7,0.4,0.4,,0.5,0.5,0.2,0.6,0.5,,0.2,0.3,0.3,0.3,0.4,0.2,0.4,0.3,0.3,0.5,0.4,0.4,0.7,0.4,0.2,0.2,,0.6,,0.4,0.6,,0.7,0.4,0.6,0.5,0.7,0.7,0.6,0.6,0.6,0.4,0.5,0.5,0.6,,0.5,0.5,0.5,0.5,0.6,0.8,0.6,0.2,0.3,0.4,0.9,0.2,0.5,0.4,0.5,0.8,0.5,0.3,0.4,0.3,0.5,0.7,0.5,,0.4,0.5,0.4,0.4,0.5,0.5,0.4,0.5,0.6,0.6,0.7,0.6,0.3,0.6,0.3,0.5,0.5,0.7,0.4,0.5,0.5,0.6,0.2,0.3,0.1,0.2,0.1,0.3,0.3,0.2,0.6,0.5,0.5,0.2,0.4,0.5,0.8,0.5,0.1,0.6,0.7,0.7,0.5,0.5,0.4,0.6,0.5,0.8,0.6,0.7,0.5,0.3,0.4,0.4,0.3,0.1,0.4,,0.5,0.8,0.4,0.4,0.2,0.4,0.5,0.4,0.5,0.2,,0.2,0.2,0.4,0.2,0.5,0.3,0.3,0.4,0.2,0.3,0.6,0.2,0.3,,0.5,0.4,0.7,,0.4,0.5,0.5,0.7,0.6,0.3,0.4,0.4,0.7,0.5,0.6,0.3,0.3,0.5,0.8,0.7,0.4,0.4,0.5,0.6,0.5,0.7,0.3,0.5,0.5,0.5,,0.2,0.3,0.5,0.7,0.5,0.5,0.5,0.3,0.6,0.5,0.4,0.7,0.3,0.3,0.7,0.6,0.4,0.5,0.3,0.3,0.5,,0.5,1,0.6,0.5,0.3,0.2,0.6,0.6,0.7,0.5,0.5,0.4,,,0.4,0.6,0.6,0.6,0.5,0.4,0.3,0.3,0.4,,0.4,0.5,0.8,0.8,0.5,0.4,0.4,0.3,0.5,0.3,0.3,,0.3,,0.6,0.6,,1.1,0.4,0.2,0.4,0.4,0.5,0.5,0.3,,0.3,0.5,0.5,0.4,,,0.8,0.6,0.4,0.3,0.5,0.4,0.5,0.4,0.5,0.6,1.3,0.1,0.3,,0.3,0.2,0.3,0.2,0.1,0.3,0.6,0.6,1.6,0.7,0.7,0.5,0.9,0.6,0.7,1.1,0.4,0.3,0.7,0.5,0.4,0.6,0.5,0.3,0.4,0.1,0.5,0.5,0.8,0.6,0.7,0.5,0.4,0.4,0.5,0.5,0.4,0.5,0.4,0.6,0.8,0.7,,0.5,0.2,0.5,0.6,0.4,0.4,0.5,0.5,,0.4,0.2,0.3,0.5,0.4,0.4,0.8,0.5,0.6,0.9,0.4,0.4,0.2,0.4,,0.6,0.6,0.2,0.3,0.8,0.5,0.4,0.7,0.6,0.5,0.9,0.5,0.7,0.4,0.4,0.6,0.5,0.6,0.6,0.2,0.4,0.5,0.6,0.4,0.5,0.7,0.6,0.5,0.8,0.5,0.2,0.3,0.5,0.1,0.3,0.2,0.3,0.3,0.4,0.5,0.5,0.4,0.6,0.4
20210719,15,CO_24h,0.5,0.5,0.7,0.6,0.6,0.6,0.5,0.5,0.5,0.5,0.5,0.5,,,0.8,,0.9,0.8,0.5,,0.9,,0.5,0.5,,0.6,0.5,,0.7,0.6,0.5,0.8,0.7,0.4,0.6,,0.9,0.7,,0.9,0.6,0.3,0.2,0.4,,0.3,,0.4,0.5,0.4,0.1,0.4,0.3,0.1,0.1,0.1,0.3,,0.5,0.4,0.1,0.6,0.7,0.8,,0.7,0.6,0.3,,0.5,0.4,0.2,0.3,0.2,0.5,,,0.4,0.3,0.3,0.7,,0.5,0.6,0.5,0.7,0.5,0.6,,0.5,0.5,,,0.4,0.5,0.4,0.4,0.8,0.6,0.6,,0.6,0.6,0.5,0.5,0.6,,0.5,0.7,0.6,0.5,0.6,0.4,0.5,0.5,0.5,0.6,0.6,0.6,0.5,0.7,0.5,0.6,0.4,0.4,0.4,0.4,0.5,0.3,0.7,0.5,,0.5,0.6,0.4,0.6,0.3,0.5,0.3,0.4,0.5,0.5,0.3,0.4,0.4,,0.4,0.3,0.4,0.2,0.4,0.6,0.2,0.3,0.8,0.5,0.5,0.7,0.4,0.2,,0.3,0.5,0.3,0.1,0.3,0.5,0.4,0.3,0.4,0.5,0.5,0.3,,,,0.5,0.4,,0.5,0.4,0.3,,,,0.6,,0.4,0.2,0.4,0.3,0.4,0.3,,0.3,0.7,,,,0.7,0.6,,0.6,0.7,0.7,0.4,0.6,,0.2,0.2,0.3,0.1,0.2,,0.5,0.3,,0.3,,0.4,0.5,,0.4,0.5,,0.6,0.3,0.7,,0.5,0.4,0.4,0.3,0.4,0.6,0.4,,,0.3,0.4,0.4,0.4,0.4,0.4,0.4,,0.8,,,0.5,,0.6,0.5,,0.3,0.3,0.2,0.3,0.4,0.5,,0.3,0.4,0.3,0.2,0.4,0.4,0.3,0.5,0.5,0.5,0.4,0.6,0.5,0.5,0.5,0.5,0.3,0.5,0.4,,0.5,0.6,0.4,0.4,0.3,0.5,0.3,1.2,0.8,0.7,,0.9,0.7,,,0.8,0.5,0.2,0.8,,0.5,0.5,0.6,0.4,0.3,,,0.1,0.3,0.4,0.1,0.2,0.4,0.6,0.4,0.5,0.5,0.5,0.5,,0.6,0.5,0.8,0.8,0.6,0.9,0.8,0.6,0.8,,0.9,0.4,0.8,0.7,0.6,0.7,0.6,0.6,0.5,0.5,0.6,0.4,0.5,0.6,,0.5,0.4,0.6,0.6,0.6,0.5,0.6,0.4,0.4,0.6,0.6,0.5,0.5,0.4,,0.7,0.4,0.4,0.5,0.5,0.5,0.4,0.5,0.4,0.4,0.4,0.4,,0.5,0.4,0.5,0.6,0.6,0.5,0.5,0.5,0.6,0.5,0.5,,,0.6,0.5,0.7,0.4,0.6,0.5,0.7,0.5,0.5,0.5,0.3,0.4,0.6,0.6,0.6,0.6,0.4,0.7,0.7,0.5,0.3,0.4,0.5,0.4,0.4,0.5,,0.5,0.6,0.6,0.7,0.9,0.3,0.5,,,0.7,0.5,0.9,0.3,0.6,,0.4,0.4,0.5,0.6,,,0.6,0.3,0.3,0.4,0.5,0.7,0.6,0.5,0.6,0.5,0.7,,0.4,0.3,0.3,0.3,0.3,0.4,0.2,0.3,0.2,0.4,0.4,0.3,0.4,0.8,0.7,0.7,0.7,0.5,0.7,0.4,,0.7,0.9,0.7,0.8,,0.6,0.5,0.5,0.4,,,,0.8,0.3,,,,0.4,0.6,0.7,0.5,0.7,0.3,0.8,,0.8,0.7,0.8,0.8,0.7,0.7,0.9,0.7,0.6,0.9,0.7,0.4,0.5,0.7,0.7,0.6,,0.5,0.8,0.7,0.7,0.7,0.6,0.7,0.7,0.6,,0.4,1,0.5,0.4,0.5,0.4,0.6,0.7,0.5,0.6,0.5,0.6,0.3,0.5,0.2,0.3,0.3,0.3,,0.7,,0.3,0.6,0.3,0.8,0.5,,0.6,0.7,,,0.5,0.6,0.6,0.3,,0.2,0.5,0.2,,0.2,0.1,0.2,0.4,0.3,0.2,0.1,0.2,0.2,0.3,,,,0.3,,0.4,0.7,,0.4,0.4,0.5,0.6,0.5,0.2,0.3,0.4,0.4,0.4,,0.3,,,0.8,,0.8,0.6,0.7,0.4,0.6,0.5,0.3,0.4,,0.5,0.4,0.6,0.5,0.4,0.4,0.5,0.6,0.7,0.9,0.4,0.6,0.6,0.3,0.5,0.5,0.7,0.7,0.7,0.4,,0.5,0.5,0.4,,0.6,0.6,,0.4,0.7,0.7,0.6,0.6,,0.6,0.6,,,0.5,0.5,,0.6,,0.7,0.5,0.6,0.5,0.7,0.5,,0.7,0.7,,0.6,0.6,,0.6,,0.9,0.8,0.8,,0.7,0.8,0.3,0.2,0.1,,0.4,0.6,0.5,1,0.9,0.4,0.2,0.6,0.7,0.5,0.7,0.4,0.7,0.3,1.1,1.9,0.6,0.5,0.5,0.7,0.6,0.4,0.6,0.5,0.7,0.6,0.6,0.8,0.6,0.5,0.4,0.5,0.2,,0.1,0.4,0.4,0.3,0.4,0.3,0.5,0.4,0.6,0.3,0.5,0.6,0.7,0.6,,0.9,0.8,0.8,,0.5,0.6,0.5,0.4,0.8,,0.6,0.3,0.3,,0.7,,0.7,0.3,0.4,0.4,0.4,0.7,0.4,,,,0.5,,0.5,,0.4,0.4,0.2,,0.6,0.6,0.6,0.6,0.6,,0.6,,0.4,0.6,0.5,0.5,0.5,0.7,,0.7,0.6,0.5,0.7,0.6,0.6,,0.7,,,0.8,0.3,0.3,0.5,,0.7,0.8,0.7,0.7,0.7,0.4,0.5,0.7,0.6,0.7,0.8,1,0.9,0.8,0.4,0.3,0.3,0.5,0.8,0.4,0.6,0.7,0.7,0.5,0.8,,1.3,2.6,2.3,1,0.6,0.7,0.9,0.8,,,,,0.5,0.5,,0.6,1,0.5,0.3,0.3,0.4,0.3,0.7,0.5,0.7,0.6,0.4,0.5,0.5,0.8,0.7,0.8,,0.7,0.6,0.8,,0.7,0.6,,0.6,0.7,0.8,0.6,0.9,0.7,0.5,0.5,0.6,0.6,0.7,0.7,0.7,,0.5,0.6,0.3,0.4,0.3,0.3,0.6,0.6,0.5,,0.6,0.4,0.3,0.4,0.3,0.2,0.5,0.1,0.1,,0.5,,,0.3,0.3,0.2,0.2,0.4,0.1,,0.3,,,0.3,0.4,0.4,,,0.3,,0.5,,,0.6,,0.7,0.3,0.7,0.5,0.5,0.7,0.3,0.5,0.4,,0.6,0.7,0.7,0.5,0.6,0.4,0.3,0.3,0.3,0.6,0.6,0.1,0.4,,0.5,0.3,,0.5,0.4,0.5,0.6,,,0.7,0.5,0.5,0.5,0.4,0.5,0.8,0.8,0.5,,,0.4,0.6,0.7,0.8,0.6,,0.5,0.6,0.4,0.7,0.7,0.5,0.4,,0.4,0.7,0.8,,,0.8,0.9,,0.6,0.6,0.5,,0.5,,0.8,0.7,,,,0.4,,,0.6,0.5,0.4,,,0.3,0.4,0.3,0.2,0.4,0.3,0.3,0.4,0.3,0.4,0.4,0.6,0.4,0.3,0.4,0.6,0.7,0.5,0.5,0.6,0.4,0.3,0.6,0.4,,0.6,0.5,0.5,,0.3,0.4,0.5,0.5,0.6,0.4,0.5,0.4,0.4,0.5,0.4,0.4,,,0.5,0.7,0.7,0.7,0.5,1.3,0.4,0.9,0.5,1,1.1,0.6,0.6,0.5,0.6,0.7,0.6,,,0.4,0.8,0.6,0.6,0.4,0.3,,0.7,0.4,0.5,,0.5,0.6,0.5,,0.4,0.5,0.5,0.5,0.6,0.5,0.5,0.5,0.7,0.4,0.5,0.8,0.6,0.4,0.6,0.7,,0.3,0.4,0.3,,0.7,0.5,,0.6,,0.5,,,,0.4,0.6,0.6,0.5,0.6,0.7,,0.7,,0.4,0.4,0.4,0.4,0.6,0.5,0.5,0.4,0.5,0.5,0.7,0.4,0.1,0.5,0.4,0.3,0.5,0.6,0.5,0.5,0.4,,0.5,0.3,0.7,0.3,0.5,0.7,0.3,1,1.6,0.7,1.1,0.3,0.4,0.7,0.9,,0.5,0.6,0.6,0.4,0.5,1.1,0.9,0.6,1,1.3,0.5,0.6,0.6,0.4,0.5,,0.5,0.7,0.5,0.5,0.7,0.5,0.5,0.6,0.5,0.8,0.7,,0.5,0.6,0.4,,0.4,0.5,0.5,0.5,,0.5,0.4,0.6,,0.6,0.6,0.5,0.7,0.7,0.9,0.9,0.7,0.7,0.6,0.6,0.5,0.5,,0.6,0.4,0.7,1.2,0.7,,0.8,0.9,0.4,0.7,0.9,0.7,0.6,0.8,0.8,0.7,0.7,0.8,,0.6,0.7,0.4,,1,1,,0.6,0.4,0.5,0.4,,0.7,0.6,0.7,0.9,1.1,0.9,0.6,0.6,0.7,0.5,0.6,0.4,0.6,0.6,0.5,0.5,,0.5,0.9,1.1,1.4,0.5,0.5,0.6,0.5,0.6,0.6,0.6,0.6,0.5,0.7,1.4,0.9,0.9,0.8,1.3,0.6,0.5,0.5,1.2,0.8,0.4,0.4,0.4,0.9,0.8,0.9,0.7,0.4,0.8,0.5,0.7,0.6,0.5,0.7,0.7,0.7,0.8,0.5,0.5,0.5,0.7,0.7,0.5,0.6,0.5,0.7,0.7,0.8,0.8,0.5,0.5,0.5,0.3,,0.4,0.3,0.3,0.3,0.3,0.5,0.4,0.4,0.5,0.6,0.4,0.6,0.5,0.3,0.4,,,0.4,0.4,0.7,,0.6,0.4,0.4,0.4,0.4,0.6,,0.3,0.5,0.3,,,,,0.5,0.5,0.5,0.6,0.6,0.3,0.2,0.4,,0.3,0.5,0.5,0.4,0.6,0.6,0.4,0.7,1,0.7,0.7,,,,,0.3,0.3,0.5,0.5,0.5,0.5,0.4,,0.4,0.5,0.4,0.3,0.4,0.8,0.7,0.6,0.5,0.4,0.7,0.6,0.6,0.6,,0.5,0.4,0.3,0.3,0.3,0.3,0.6,0.5,0.5,,0.3,0.6,,0.8,0.6,,0.4,0.2,0.5,,0.3,,0.3,,0.6,0.6,0.4,0.8,0.7,0.7,0.4,0.5,0.4,0.5,0.5,0.4,0.6,0.5,,0.6,0.6,0.2,0.5,0.7,0.3,,0.3,0.3,0.3,0.4,0.4,0.3,,0.7,0.8,0.3,0.1,0.5,,0.2,0.2,0.2,,0.4,0.7,0.6,0.4,0.5,0.3,0.4,,0.3,0.3,,0.4,0.4,0.5,0.3,0.8,0.6,0.2,0.4,0.3,,0.7,0.1,0.4,0.3,0.3,0.2,0.5,0.5,0.3,,,0.6,0.9,0.7,0.7,,0.3,0.5,0.7,0.5,1.8,0.3,0.5,0.7,0.7,0.5,0.7,0.6,0.6,,0.5,0.6,0.4,0.6,0.4,0.4,0.5,,0.4,,0.3,0.9,0.6,0.5,0.9,0.9,0.5,0.6,0.4,0.5,0.7,0.4,0.4,0.4,,,0.5,0.4,0.3,0.7,,0.7,0.5,0.5,0.6,,0.4,0.4,,,0.2,0.4,0.3,0.5,0.4,0.5,0.3,0.2,0.4,0.5,0.6,0.7,0.3,0.4,0.7,,0.9,0.5,,0.4,0.6,0.3,0.4,0.2,0.5,0.4,0.5,0.6,0.6,0.5,0.4,0.4,0.7,0.4,0.7,0.3,0.4,0.5,0.4,0.6,0.3,0.6,0.8,0.4,0.5,0.5,0.4,0.5,0.4,0.4,0.2,0.7,0.6,0.4,0.5,0.6,0.6,0.7,0.5,0.6,0.4,0.8,0.5,0.7,0.5,0.7,0.6,,0.5,0.5,0.3,0.4,0.7,0.5,0.6,,0.6,0.5,0.3,0.4,0.3,0.3,0.4,0.5,0.5,0.9,0.3,0.6,0.5,0.5,0.5,0.3,0.6,0.5,0.8,,0.6,0.4,0.4,0.5,0.4,,0.3,0.4,0.4,0.3,0.4,0.2,0.4,0.3,0.4,0.6,0.4,0.5,0.7,0.6,0.3,0.2,,0.6,,0.5,0.6,0.6,0.6,0.4,0.6,0.6,0.8,0.8,0.6,0.7,0.6,0.4,0.5,0.5,0.6,0.6,0.5,0.4,0.5,0.6,0.6,0.8,0.7,0.2,0.4,0.5,0.9,0.3,0.7,0.4,0.5,0.7,0.5,0.8,0.8,0.3,0.5,0.6,0.5,,0.3,0.6,0.5,0.5,0.7,0.6,0.4,0.5,0.6,0.5,0.7,0.6,0.4,0.6,0.3,0.5,0.4,0.5,0.3,0.5,0.5,0.6,0.2,0.6,0.1,0.3,0.2,0.3,0.3,0.3,0.6,0.5,0.5,0.3,0.5,0.5,0.9,0.7,0.2,0.6,0.7,0.7,0.6,0.5,0.5,0.6,0.6,0.7,0.9,0.7,0.3,0.3,0.4,0.4,0.3,0.2,0.4,,0.4,0.6,0.5,0.6,0.3,0.5,0.6,0.3,0.5,0.2,,0.3,0.4,0.4,0.2,0.5,0.4,0.3,0.5,0.3,0.4,0.6,0.3,0.4,,0.5,0.5,0.7,,0.3,0.5,0.5,0.7,0.6,0.3,0.4,0.4,0.7,0.7,0.5,0.3,0.3,0.5,0.8,0.7,0.5,0.4,0.6,0.5,0.5,0.7,0.4,0.4,0.5,0.5,,0.2,0.4,0.5,0.7,2,0.6,0.5,0.4,0.5,0.5,0.5,0.6,0.4,0.3,0.7,0.6,0.4,0.7,0.4,0.5,0.5,,0.6,0.6,0.4,0.5,0.4,0.2,0.7,0.8,0.9,0.5,0.5,0.4,0.4,,0.4,0.6,0.8,0.7,0.6,0.4,0.4,0.3,0.4,,0.6,0.5,0.7,0.8,0.6,0.4,0.6,0.4,0.4,0.4,0.4,,0.4,,0.5,0.6,,1.2,0.5,0.2,0.4,0.5,0.5,0.5,0.3,,0.4,0.6,0.6,0.5,,,0.9,0.6,0.4,0.3,0.6,0.5,0.8,0.6,0.9,0.4,0.9,0.2,0.3,0.1,0.4,0.2,0.3,0.3,0.2,0.4,0.5,0.6,0.7,0.6,0.7,0.7,0.8,0.6,0.6,1,0.6,0.4,0.6,0.6,0.5,0.6,0.5,0.3,0.7,0.1,0.5,0.5,0.5,0.5,0.9,0.6,0.6,0.6,0.5,0.5,0.5,0.5,0.5,0.7,1,1,,0.8,0.3,0.5,0.6,0.6,0.4,0.5,0.5,,0.6,0.4,0.4,0.4,0.5,0.5,0.9,0.6,0.7,1,0.5,0.4,0.3,0.4,,0.6,0.6,0.2,0.3,0.8,0.7,0.4,0.8,0.6,0.5,0.6,0.4,0.5,0.6,0.5,0.6,0.5,0.8,0.8,0.3,0.4,0.6,0.8,0.6,0.5,0.5,0.6,0.5,0.4,0.4,0.2,0.4,0.8,0.1,0.4,0.1,0.4,0.3,0.5,0.4,0.5,0.4,0.7,0.5
20210719,16,AQI,40,40,48,45,43,41,44,44,40,45,41,48,,,47,,40,44,46,,37,,27,36,,37,44,,43,45,28,41,42,46,31,,35,35,,32,30,29,38,39,,38,,62,48,50,43,42,43,41,41,42,,,42,42,40,44,34,33,,45,,38,,31,48,50,47,27,25,,33,41,35,33,34,,34,,,35,,31,,46,42,,,48,47,45,45,34,35,37,,34,41,45,37,40,,45,28,23,27,26,,31,27,24,24,22,31,30,41,32,30,33,30,38,31,31,45,46,40,,44,44,49,,40,43,42,45,44,27,24,34,30,,55,23,30,28,45,41,44,40,41,,35,41,73,32,,39,36,35,35,33,35,35,35,36,28,39,24,,,,31,33,,34,35,34,,,,67,,40,45,43,41,37,42,,46,75,,,,63,63,,84,87,105,39,42,,43,35,37,35,35,33,30,28,,38,,33,30,,39,48,,40,45,41,,47,52,40,35,18,43,17,,,,23,16,,50,24,49,,32,,,40,,40,41,,31,18,18,11,15,15,,33,30,45,48,45,30,31,30,46,46,49,52,49,54,46,45,,46,22,,23,22,23,18,36,22,20,28,30,30,,28,25,,,27,47,90,48,,47,73,42,109,23,,,23,24,26,26,24,26,42,42,43,40,54,52,,48,42,25,23,25,20,35,30,20,,32,40,79,60,73,92,43,97,50,48,48,49,20,24,,22,25,19,25,23,17,18,20,,11,10,11,17,13,,16,17,19,16,12,16,9,12,30,24,27,29,,20,21,15,10,11,,12,,21,21,20,,,21,20,17,17,16,13,17,16,17,20,27,20,58,52,60,44,43,60,59,44,39,23,24,27,26,36,,41,40,57,48,72,58,57,,,42,47,46,47,46,,114,102,123,68,,,120,48,31,,30,,28,29,30,,29,,25,29,27,28,29,25,29,30,27,31,28,28,,33,22,29,36,35,33,40,,29,39,39,,,114,50,50,46,,,,90,84,,,,94,104,59,50,44,50,68,,41,90,68,110,53,,43,62,,42,45,28,,95,,54,,50,50,64,48,67,74,83,65,70,,25,27,,25,,23,28,33,30,30,38,35,35,34,25,24,24,28,,33,,,33,34,33,47,,46,44,,,42,43,40,40,,31,39,37,,40,44,38,37,44,33,28,27,29,35,,,,44,,40,42,,44,65,68,50,26,25,28,26,28,30,,34,,,30,,29,25,42,29,25,,27,26,,35,40,35,43,51,44,28,,32,31,23,,27,,18,23,20,20,,20,,24,,23,,44,43,,46,37,41,34,30,,38,19,,,67,55,,39,,,39,41,42,23,43,,32,28,,32,31,,,,32,32,31,,32,30,29,30,31,,23,24,26,31,26,25,20,34,43,43,43,41,32,,20,,89,24,25,40,49,32,38,38,34,34,37,54,34,27,,33,30,,40,,35,30,40,21,33,32,32,,31,50,65,48,,,,46,,43,29,,30,31,,38,24,30,,16,,25,17,19,18,,50,45,,,,81,,59,,31,29,,,39,43,33,22,23,,24,,40,41,42,45,50,40,,36,33,40,47,37,40,,24,,,27,32,32,25,,30,34,,36,20,31,25,36,27,30,35,32,42,26,21,20,36,34,39,,37,42,40,47,41,,68,,65,54,,30,28,25,,,,,40,43,,45,33,39,48,38,29,36,34,29,36,25,32,21,28,48,,46,,28,33,38,,30,32,,25,33,42,42,39,43,37,41,40,39,32,35,39,,152,141,163,102,83,57,,37,39,,40,35,59,41,36,41,40,50,50,,21,,,26,26,28,32,25,,,,,,28,25,39,,,22,,50,,,45,,38,33,34,40,41,40,45,45,24,,87,55,80,89,79,46,52,53,52,36,46,20,18,,54,40,,37,41,32,30,,,41,,24,23,,36,46,49,,,,,22,22,22,24,,24,,35,34,36,34,,,25,23,28,,,38,27,,35,33,,,30,,62,54,,,32,35,,,95,101,47,,,24,26,34,34,83,75,69,31,30,30,34,28,24,36,21,41,48,41,35,43,30,25,44,30,,46,,30,,30,29,29,35,35,37,35,32,34,32,,29,,,26,34,33,36,37,21,52,42,27,23,23,28,53,28,46,37,84,,,38,26,24,28,45,47,,,41,46,,43,46,47,,46,56,47,46,47,,32,29,22,29,34,35,23,31,,30,,46,26,,20,60,85,,52,,50,,,,34,,35,34,38,,,25,,40,36,29,23,30,27,53,23,29,31,29,28,30,29,28,35,30,31,41,33,22,,21,26,25,29,,29,27,40,38,37,36,32,29,28,28,,27,33,37,34,37,33,32,33,34,36,30,31,34,30,32,,32,33,32,27,33,35,24,27,25,,29,,50,54,51,,45,64,52,,,38,37,50,,45,29,28,26,29,,23,27,25,26,46,40,48,,27,30,20,39,48,,38,36,,34,34,40,32,32,29,30,51,44,,33,38,32,,,35,,40,23,28,25,,27,,28,25,39,45,39,,,41,,,,42,50,43,,34,36,37,35,25,30,30,28,30,35,36,40,39,49,22,28,,41,46,,28,32,42,33,25,26,25,23,20,38,52,30,28,28,34,37,48,48,57,50,50,30,35,30,52,42,29,33,,,42,37,38,26,32,31,37,,,37,37,38,35,98,98,101,58,33,41,43,42,,45,,,32,34,34,,34,32,32,32,36,,,44,41,41,,,,,49,46,44,46,47,36,,35,,35,50,63,,48,45,24,22,26,22,,,,,,25,,31,29,,21,29,,28,42,,37,39,38,37,41,30,20,,32,29,29,,15,16,17,17,16,9,44,43,31,,30,27,,40,36,,22,23,30,,35,,37,,22,22,,39,40,38,39,40,40,41,32,33,29,25,,38,40,29,49,40,64,,409,500,41,40,388,500,,34,31,45,45,46,,46,50,45,,44,105,45,42,38,40,55,,47,65,,65,42,,,42,38,39,37,45,,45,41,38,34,34,35,39,41,39,,,40,38,42,41,,33,39,39,47,68,35,24,20,40,36,43,46,24,,32,40,89,102,25,40,46,,50,,42,45,126,,19,19,161,,,45,41,33,49,27,,,33,83,35,45,,65,93,85,44,,,60,,,25,64,52,25,32,38,23,24,25,48,29,52,,50,33,,45,35,,26,44,50,48,38,43,23,38,16,24,26,25,,38,52,87,29,42,35,33,32,,44,31,24,25,25,26,34,49,43,36,40,48,45,47,30,24,28,,53,41,39,32,,63,42,30,,54,35,42,30,43,,26,,30,94,,35,30,31,36,60,100,43,79,,29,78,35,23,58,68,25,,30,80,45,77,72,,174,31,16,22,23,19,27,23,36,15,39,41,55,60,47,30,,39,,41,30,,62,35,22,24,21,22,27,24,15,10,12,14,23,,25,14,24,15,24,21,37,31,48,33,49,59,79,49,34,58,36,25,23,27,30,47,47,,19,18,26,32,26,29,34,34,27,35,30,34,34,35,22,28,36,114,106,,80,46,24,40,43,28,29,43,30,32,44,45,48,23,26,22,21,27,45,34,30,37,35,28,38,29,,36,49,51,39,33,34,28,29,27,29,,46,44,35,,46,38,77,68,39,44,110,42,65,53,35,30,27,43,26,,74,72,43,49,,18,24,14,18,12,15,16,36,23,18,29,10,25,34,38,48,41,44,31,38,40,40,57,38,50,50,25,38,52,49,,54,34,24,46,25,32,20,20,79,23,43,48,45,45,29,43,46,113,36,34,23,,43,50,68,48,,26,,45,44,38,45,38,74,,44,98,42,35,15,25,34,25,69,,29,,,40,24,29,28,25,30,20,17,,36,,,35,,31,35,24,22,53,45,35,38,,20,40,41,39,,,25,37,47,43,32,38,38,35,36,50,53,41,43,31,73,36,48,38,52,35,49,19,,23,33,68,44,20,43,45,35,24,42,55,52,48,49,42,48,,102,28,35,32,29,22,49,29,10,32,18,20,20,,63,72,,44,39,20,22,31,55,,22,25,42,,39,51,48,63,41,28,46,45,28,44,30,31,,32,23,23,39,24,34,40,27,37,41,40,37,47,44,34,44,50,59,43,26,47,29,49,34,37,40,37,,,48,42,42,42,31,28,32,32,19,41,51,37,30,43,37
20210719,16,PM2.5,25,20,26,26,27,27,24,26,20,23,27,20,,,28,,12,10,18,,8,,8,11,,21,12,,14,11,5,18,17,19,14,,24,24,,,21,15,22,19,,19,,42,33,23,22,13,8,21,9,9,8,,19,7,9,25,13,21,,31,,22,,11,24,19,22,15,15,,17,12,14,9,11,,8,11,20,14,19,11,,10,10,,,4,10,14,10,9,10,12,,12,12,11,13,11,,22,10,6,8,1,,12,5,6,10,6,9,7,17,8,7,7,6,7,7,8,16,18,28,,18,25,22,,25,16,15,15,8,16,5,8,13,,10,6,10,11,12,9,12,7,19,,5,5,7,16,,8,7,8,17,10,10,14,7,13,10,8,5,,,,18,14,,23,12,16,,,,26,,2,9,5,9,12,5,,9,9,,,,13,10,,19,18,26,16,14,,12,13,13,9,17,15,10,8,,5,,18,9,,11,21,,16,18,12,,18,20,11,15,7,30,5,,,,2,9,29,25,10,24,,13,,,14,,9,14,,11,12,12,5,6,4,,17,7,18,21,21,5,14,9,27,22,34,24,29,22,31,31,,31,9,,6,6,5,1,14,7,5,12,15,11,,5,8,,,8,20,10,7,,15,15,12,27,9,,,7,9,5,2,10,5,29,26,30,28,38,23,,24,29,10,14,7,12,24,21,13,,7,14,24,27,21,39,14,22,22,19,20,23,11,12,,10,9,6,12,10,9,11,10,,,,,3,3,,,,2,9,2,2,3,8,9,8,13,5,,9,10,7,4,5,6,1,7,6,3,7,,,7,6,10,4,4,4,5,3,7,5,18,5,26,31,23,24,24,28,27,22,15,10,4,7,8,13,,9,7,12,10,12,13,6,,,8,4,8,12,9,,33,26,27,18,,,29,25,5,,7,,9,12,14,14,5,,8,20,11,7,14,16,10,4,4,5,7,5,26,14,10,11,18,19,21,21,,18,18,15,20,,18,19,12,14,,,,12,8,,,,8,16,13,19,11,18,2,,9,30,29,41,22,,20,19,,18,17,19,22,18,16,15,,2,22,15,14,9,22,27,22,19,,6,6,14,9,6,11,10,12,9,11,26,24,24,16,6,5,7,5,,12,,11,10,8,13,9,,7,9,,,18,14,13,10,,13,12,8,,14,22,14,12,17,12,11,5,12,7,,,,14,,13,12,,19,20,20,15,2,5,3,7,5,21,,22,,,18,,6,16,21,6,9,12,10,10,,15,10,24,14,10,10,12,,19,12,16,,9,14,12,16,9,5,11,14,,15,15,11,,17,19,,18,20,18,16,15,,17,4,,,42,39,,12,,19,8,12,18,9,30,,22,19,,,13,,18,,9,18,19,,15,16,11,9,9,,8,7,6,15,13,7,9,12,16,17,16,13,12,17,10,22,9,9,5,21,21,18,20,14,4,8,15,13,8,10,,18,19,,22,,7,14,16,6,16,5,11,8,11,21,24,18,,,25,18,,23,20,19,14,18,,22,15,11,,8,,17,7,6,9,28,32,28,,,,31,,42,,9,10,,,27,30,23,3,3,,,,9,9,12,23,13,8,,24,14,10,22,9,20,,11,,,14,6,3,4,,21,21,22,18,14,7,10,12,8,21,24,22,21,16,8,6,10,9,10,7,9,12,13,11,8,,24,12,17,12,,13,10,9,,,,,7,5,,6,15,24,20,20,16,23,21,11,17,5,22,14,19,17,26,21,,18,18,26,,7,5,,8,11,15,20,15,15,15,13,12,22,17,15,9,,45,49,56,14,12,9,,10,2,,10,9,17,5,9,11,17,15,15,,5,,,5,5,6,9,,,,,,,7,8,27,,,4,,5,,,11,,9,6,1,9,10,8,12,18,7,,14,12,22,14,20,12,13,17,15,19,18,7,6,,25,17,,19,16,12,12,,,16,,8,6,7,25,30,34,37,,,20,,5,6,5,,,12,9,9,7,12,,,17,16,11,,,7,11,,12,7,8,,6,,20,16,,,8,20,,,20,21,14,,,16,8,2,4,7,11,8,9,13,10,14,13,9,9,9,17,14,8,11,15,13,13,18,11,,18,,9,,1,4,7,5,7,7,16,10,12,15,,13,,,6,11,13,22,14,12,8,29,17,8,4,1,24,16,25,18,31,,,2,13,8,8,26,28,,14,22,17,,24,27,24,,23,22,25,23,22,15,15,16,10,5,4,15,16,2,11,10,,15,10,8,6,25,19,,18,,27,,,,1,11,11,16,13,16,,4,,17,14,15,9,7,9,15,12,15,12,13,12,18,19,17,13,16,7,13,8,9,,3,13,16,10,16,10,5,14,14,7,5,16,7,13,16,,8,12,7,12,14,14,17,16,16,12,11,14,14,18,17,,16,5,16,16,12,13,10,10,12,15,7,,31,38,32,,31,36,30,16,,17,15,35,,31,20,12,17,20,12,15,15,16,10,32,23,32,,17,21,14,20,18,,22,18,,14,8,2,6,10,5,5,26,30,,16,20,16,,2,6,,25,5,10,14,,8,9,11,7,8,13,22,,,11,,32,,29,35,30,,6,16,5,5,8,14,11,10,14,14,21,23,24,34,12,19,16,14,32,16,13,11,16,9,6,4,8,10,12,12,13,14,15,12,19,19,14,33,40,35,27,13,24,17,30,20,9,13,,16,16,22,18,9,7,7,10,,8,4,14,9,9,11,8,10,6,11,10,8,10,,6,,,17,19,19,,21,11,13,4,7,20,,12,17,10,,,,,8,9,4,7,5,5,6,24,,8,15,10,12,5,12,10,12,18,9,5,,,,,6,13,8,7,7,7,15,,12,,5,8,11,6,8,8,21,11,,6,7,7,,5,10,3,7,,4,15,4,11,,5,4,,11,6,,1,4,1,,6,,21,,4,4,14,12,12,10,6,5,8,6,9,10,9,5,,15,7,6,4,9,25,,139,273,5,5,81,127,,5,4,6,5,4,,7,4,5,,12,6,7,7,2,8,11,,7,18,,14,6,,,15,12,3,7,8,,10,12,7,6,12,,12,14,17,,,14,14,13,6,,16,9,8,13,23,7,7,11,14,13,12,8,10,,5,11,21,18,11,13,14,,29,,11,17,27,18,4,2,63,4,32,13,13,7,15,7,,,22,16,15,12,,8,16,13,22,,,31,,,2,18,14,11,17,20,8,2,9,12,10,8,,7,16,,19,12,,13,16,15,20,2,20,13,19,11,6,5,10,4,8,36,2,6,20,3,23,8,,11,7,8,7,12,7,6,13,6,15,11,28,14,4,21,14,18,27,36,8,17,13,17,3,21,7,,24,13,13,8,7,,10,,17,9,9,17,16,16,5,19,21,8,18,,20,21,10,10,36,15,5,,12,9,12,17,5,,75,5,4,6,5,6,4,10,4,6,14,11,6,5,14,7,,14,,15,7,7,15,13,9,10,9,10,7,7,5,4,2,3,16,,7,,12,5,10,6,11,8,21,18,18,19,24,28,19,20,14,6,5,7,9,31,29,,5,9,4,9,8,8,3,10,4,13,19,18,6,2,6,19,22,24,25,24,13,12,5,8,19,7,12,14,5,5,13,27,29,10,6,8,8,12,5,8,18,13,9,9,22,17,22,16,9,29,9,12,11,14,10,6,9,,9,23,17,14,10,12,20,24,10,11,20,10,16,14,7,12,8,23,,7,8,23,12,14,,11,13,5,5,4,10,7,12,10,4,9,,11,8,21,29,18,30,15,7,13,17,22,14,28,25,12,26,34,34,,38,8,12,30,8,9,8,9,3,7,18,15,19,14,14,8,10,32,5,5,7,,18,19,14,18,5,2,15,9,9,9,13,6,10,,9,9,18,15,4,5,10,9,23,,11,,10,15,10,6,9,12,6,6,7,,2,,,9,,10,17,6,8,20,19,12,14,,8,23,9,10,,,15,12,21,26,13,4,26,23,7,35,28,14,19,20,21,18,22,16,19,20,27,7,,15,23,49,27,2,30,31,8,5,25,13,36,24,12,3,2,26,27,8,16,20,12,5,8,17,2,22,5,5,8,6,12,11,,17,19,14,15,13,20,,5,5,25,6,14,35,6,7,27,11,11,25,11,14,12,11,,14,13,8,5,13,9,25,8,19,18,27,19,21,17,13,17,12,13,10,8,25,5,34,22,11,21,24,16,,11,20,22,22,16,5,8,14,8,12,16,6,16,10,22
20210719,16,PM2.5_24h,13,13,14,13,13,14,13,17,14,15,16,15,,,30,,23,17,29,,26,,23,19,,25,18,,17,20,12,17,15,23,21,,28,32,,36,27,14,24,18,,21,,18,19,14,22,20,15,23,16,14,10,,12,7,15,28,26,21,,36,22,13,,12,28,20,25,14,14,,15,13,8,4,15,,10,13,17,13,15,13,,11,11,,,9,10,12,12,15,16,16,,17,15,18,17,17,,18,14,15,15,14,13,13,14,14,16,10,19,15,23,15,14,11,8,14,15,16,10,12,15,,13,14,14,,17,11,14,10,11,17,12,13,10,,12,12,11,14,15,13,18,11,21,20,11,17,15,17,,11,10,10,22,12,13,13,13,11,19,14,7,,,,23,19,,22,18,18,,,,21,,8,14,11,10,14,12,,12,11,,,,15,14,,22,22,25,18,16,,17,14,13,17,17,15,10,10,,11,,15,14,,16,19,,19,19,18,,18,20,20,15,14,11,10,,,7,7,8,17,15,12,16,,12,,,15,,13,14,,10,12,14,9,9,8,,18,15,17,16,15,15,13,18,16,12,18,14,15,16,18,16,11,15,5,,11,8,7,7,13,12,10,13,17,15,,17,6,,,15,20,14,18,,23,18,17,20,10,,,6,6,7,4,9,11,19,16,18,18,23,16,,15,18,14,14,14,13,25,18,15,,13,10,21,21,18,22,13,16,18,16,17,14,13,15,,12,13,12,14,13,13,14,14,2,,2,2,2,4,,1,2,2,6,2,3,3,13,9,11,13,7,,13,17,10,6,6,7,2,8,9,4,10,,,12,10,10,9,9,11,4,5,18,20,18,17,22,26,22,22,22,20,23,22,9,7,9,7,6,16,,15,19,17,14,14,12,14,,,16,11,18,18,14,,22,23,17,14,,,19,18,11,13,15,24,13,17,23,18,10,,8,6,5,6,7,11,4,6,4,4,8,5,20,19,18,17,20,21,16,16,,20,16,19,22,,22,15,20,17,,,,9,10,,,,15,14,11,20,42,22,17,,15,22,20,23,16,18,14,14,,13,16,21,9,15,14,18,,20,17,19,18,10,18,13,18,17,,14,13,16,15,13,14,14,15,15,12,18,16,23,24,9,9,11,8,,16,,16,13,12,14,21,,20,21,,,18,17,17,21,,16,16,16,,13,18,11,16,17,13,15,9,15,10,,,,16,,14,13,,15,19,16,18,7,7,5,18,15,21,,17,,,16,,14,24,16,10,9,12,12,9,,14,13,15,11,16,11,16,14,14,11,15,14,20,6,7,7,12,12,13,8,,11,14,12,,15,16,,17,15,14,16,15,,17,8,,,24,24,,10,,10,11,10,13,5,11,,10,11,,20,21,,29,,16,22,22,,15,14,10,13,8,,9,10,10,13,17,9,9,23,18,12,17,10,18,10,14,25,10,8,8,30,23,19,27,26,15,12,12,13,16,15,12,13,11,,15,9,7,8,13,7,20,15,17,18,17,19,19,16,,21,16,21,,20,17,17,10,11,,12,12,12,,10,,13,8,8,13,18,18,15,,,,22,,26,,13,16,18,,19,24,19,10,10,,8,,8,8,11,16,13,10,,23,21,14,21,19,19,,16,,,14,8,7,8,,19,34,27,25,17,4,5,14,21,26,27,25,29,25,9,9,13,10,14,15,11,13,14,13,10,,27,13,24,22,18,18,16,12,,,,,9,8,,10,14,16,10,12,14,19,18,15,20,18,11,8,9,21,18,15,,14,15,18,,12,11,,13,19,18,20,20,18,18,15,23,19,19,15,15,,15,15,77,32,16,18,15,7,5,,9,9,11,8,9,14,18,10,10,,7,,,6,6,7,10,12,,,7,,,11,11,15,,,7,,11,,,13,,12,13,9,14,16,16,16,17,13,,22,17,17,18,19,17,16,18,18,19,21,11,11,,20,16,,14,15,11,12,,,18,10,11,8,16,15,16,16,18,,,14,2,6,10,6,,,13,14,10,7,12,18,,18,15,15,,,15,13,,13,11,10,,8,,25,18,,,9,16,,,19,21,25,,,11,14,4,3,15,16,14,19,16,20,20,14,8,10,12,13,15,16,16,15,18,19,21,21,,22,17,13,,7,9,13,14,16,15,17,13,8,15,5,18,,,16,16,13,21,9,23,9,24,15,15,12,26,18,14,20,18,20,,,6,42,41,48,12,13,,28,18,11,,17,17,18,,18,21,19,15,12,20,16,19,12,19,14,24,14,13,11,16,,10,9,9,7,21,15,,17,,17,,,,4,9,7,8,12,12,,10,,18,17,16,8,10,12,10,7,18,17,26,13,12,11,10,9,18,15,12,12,10,,8,13,17,15,17,17,3,18,14,10,15,14,14,19,16,,8,25,21,25,18,13,16,16,15,14,18,16,18,16,17,,18,8,17,16,16,15,16,13,22,24,19,,16,20,21,,18,17,20,18,,16,17,19,,17,20,19,19,20,14,14,16,13,13,20,17,21,,22,20,19,16,15,,17,14,7,14,19,6,12,16,20,18,19,23,,16,15,18,,11,17,,17,7,11,10,,9,9,8,2,7,18,16,,,19,,24,,26,28,28,,8,7,7,6,9,13,12,17,14,16,18,16,23,23,13,18,22,17,29,17,17,12,25,17,8,8,10,20,18,24,22,8,15,12,12,16,13,47,50,47,47,24,27,23,19,33,16,18,25,22,24,42,41,14,8,10,10,,8,6,14,9,11,7,14,14,13,10,9,9,10,8,7,,,15,17,19,,21,10,7,7,7,19,,11,14,10,,,,,15,6,6,6,7,10,11,18,,7,36,7,8,6,12,9,13,20,11,14,,,,,9,10,13,9,8,8,17,,15,7,9,16,16,8,6,5,12,8,16,12,13,10,,12,15,6,6,8,5,10,7,13,,10,6,,10,6,,3,5,3,,12,,10,,5,6,12,18,15,17,10,9,10,10,9,12,9,10,,15,8,5,9,9,22,,68,90,13,8,48,54,,13,13,10,11,5,,16,16,10,,13,14,14,16,6,10,14,,11,14,,16,12,,10,24,22,9,12,5,,13,6,10,11,12,11,19,10,28,,,12,19,15,11,,7,14,12,15,20,11,3,14,28,21,21,14,14,,8,15,18,22,9,15,15,,17,,12,21,25,20,9,9,84,8,20,18,15,12,16,8,,,20,12,14,19,,15,14,18,14,,11,24,,,3,20,14,10,24,18,6,4,8,16,14,16,17,14,25,,24,16,,14,15,11,12,5,30,18,19,16,10,10,14,7,21,14,14,10,22,12,15,15,5,24,10,14,23,15,13,7,23,14,15,12,16,12,7,15,16,17,15,25,12,13,16,15,18,15,9,,18,11,10,5,7,9,7,,16,13,13,19,17,14,6,18,20,14,23,26,20,15,11,9,23,15,11,,13,18,19,20,8,,72,10,10,11,10,13,12,14,9,13,15,11,14,16,10,7,,22,,13,10,6,20,14,11,15,14,13,12,10,7,4,4,5,8,15,16,1,15,6,11,11,16,6,25,26,22,22,18,23,20,16,10,12,10,13,11,16,14,,9,12,6,9,7,8,7,14,16,15,13,18,12,5,12,17,14,14,11,15,14,12,7,14,25,15,11,15,9,9,23,22,20,10,9,11,20,16,4,20,20,13,17,12,23,26,27,16,47,26,13,14,13,13,14,20,20,,11,22,18,16,20,17,19,19,14,18,20,14,16,16,12,19,12,19,3,10,11,15,13,20,,12,11,8,9,6,11,7,11,13,4,9,4,11,11,28,19,19,24,28,27,14,14,18,13,19,20,17,15,22,17,,23,11,23,30,21,16,8,13,5,6,20,14,16,14,17,9,17,20,15,13,16,,22,17,14,16,13,6,31,19,19,13,18,18,12,,12,13,23,16,7,12,14,13,18,,22,27,20,34,29,9,14,10,8,11,12,,10,,12,14,,8,10,9,8,22,21,15,15,,11,12,13,11,,,14,16,12,14,14,22,39,33,36,23,17,15,27,26,20,32,23,18,24,21,16,15,16,12,17,24,18,11,27,27,22,8,17,14,24,18,11,9,16,187,167,8,13,14,18,7,22,16,3,18,7,10,12,10,15,17,,18,15,13,17,9,11,13,5,10,23,15,17,24,10,17,16,15,12,17,14,22,14,11,,10,24,7,13,17,22,19,11,14,15,17,16,12,14,14,18,21,20,14,23,17,7,38,42,14,16,14,20,14,11,14,15,19,16,19,8,14,7,25,22,8,3,14,25
20210719,16,PM10,34,32,48,37,43,39,33,44,30,32,39,31,,,47,,17,18,27,,16,,16,16,,22,23,,9,29,7,18,24,18,12,,14,13,,,18,26,22,22,,20,,74,47,50,28,31,43,34,33,20,,,27,22,27,44,34,33,,27,,38,,31,47,24,35,15,20,,9,41,6,25,22,,15,19,37,24,28,17,,19,22,,,15,23,10,9,19,18,23,,22,20,23,22,18,,45,16,22,9,7,11,19,12,12,16,8,26,18,41,16,23,14,7,38,14,20,31,33,29,,44,34,49,38,33,31,38,31,44,27,24,34,30,,60,23,30,28,17,17,24,22,22,13,29,24,34,17,,12,16,22,35,17,14,31,28,26,28,37,22,,,,29,29,,27,27,24,,,,66,,27,23,16,24,27,19,,19,26,,,,27,25,,32,36,24,29,22,,18,27,24,19,20,23,23,18,,15,,20,23,,26,37,,27,30,23,,40,53,27,29,18,38,15,,,,23,10,52,50,24,49,,17,,,29,,28,28,,31,18,18,9,15,15,,27,20,23,39,30,23,18,12,44,46,47,54,48,58,46,41,,29,18,,23,20,23,18,22,14,18,17,17,19,,22,18,,,20,34,32,20,,36,2,20,56,7,,,9,7,7,9,7,17,37,42,42,26,48,54,,48,33,13,19,22,12,12,14,18,,24,13,41,35,38,131,21,42,33,25,30,27,20,24,,21,25,12,25,23,16,18,16,6,9,9,11,17,11,,4,4,19,16,6,6,3,8,30,24,27,29,,20,17,14,10,5,6,5,17,11,12,17,,,15,11,17,17,16,7,5,10,14,9,27,14,49,54,39,40,43,35,67,35,39,17,24,27,14,12,,13,8,8,37,22,15,22,,,13,19,23,20,19,,57,47,45,35,,,46,35,9,,29,,27,29,19,34,14,,13,16,12,15,9,16,10,10,14,8,20,18,36,33,22,17,36,28,32,22,,9,39,39,43,,29,29,35,37,,,,27,7,,,,26,25,52,39,12,36,29,,4,45,39,39,53,,29,29,20,24,24,27,24,30,29,21,,19,22,23,11,41,44,44,46,53,,12,19,20,15,19,23,24,22,14,25,19,29,27,34,21,23,24,28,,7,,22,14,9,14,30,,29,17,,,29,24,23,23,,13,25,16,,31,44,29,27,29,9,19,19,12,24,,,,27,,24,34,,32,29,25,31,5,9,9,22,15,17,,19,,,23,,9,15,42,29,23,,27,21,,34,40,30,43,52,44,19,,27,29,22,,27,12,18,23,17,20,14,12,,24,19,20,,44,43,,46,36,41,34,26,,38,1,,,84,57,,11,,12,23,32,24,18,24,,18,21,,8,10,,14,,27,20,21,,24,15,17,19,11,,12,16,14,31,26,13,13,34,37,33,43,26,32,,19,,127,19,25,40,49,31,38,38,16,16,14,57,14,19,39,33,27,,40,,35,30,40,21,25,19,21,22,19,42,45,38,,48,40,29,,28,26,22,30,26,,30,23,12,,7,,24,6,7,17,52,50,45,,,,111,,61,,15,15,,,33,22,32,3,11,,9,,19,14,17,22,21,30,,21,16,25,20,21,14,,21,,,20,6,16,5,,29,34,64,36,16,24,23,36,14,23,34,26,42,26,20,12,19,11,14,14,14,21,22,22,14,,24,28,30,20,,9,15,18,,,,,13,24,,16,27,22,32,25,17,26,34,29,36,21,25,14,7,48,54,46,,19,33,24,,16,11,,24,18,18,32,30,43,18,25,23,39,24,27,39,,254,232,276,46,30,27,,13,7,,23,35,67,41,11,22,22,39,39,,20,,,9,9,21,19,15,,,,,,13,9,33,,,15,,50,,,17,,34,18,15,21,22,18,35,41,24,,24,22,43,29,36,20,19,24,24,30,32,14,13,,58,33,,37,36,17,23,,,19,,15,9,22,32,46,41,46,,,44,8,8,10,7,,9,31,12,20,23,22,,,15,19,15,,,38,23,,19,13,,,13,,32,37,,,32,35,,,39,45,36,,,19,26,7,17,24,29,12,24,29,18,34,28,14,36,20,41,40,12,22,43,30,24,44,30,,33,,12,,8,19,28,10,24,15,23,32,34,32,,29,,,19,24,26,24,36,6,53,39,12,9,15,4,56,28,46,37,118,,,11,14,14,24,43,41,,16,29,26,,36,46,39,,44,62,42,27,42,46,10,19,15,29,34,35,12,16,33,25,,27,25,17,16,45,56,,53,,50,,,,25,17,17,21,26,32,,15,,40,36,29,23,30,27,56,23,20,24,26,18,20,24,21,35,21,21,41,33,22,,8,18,25,29,33,29,3,30,11,20,19,16,23,24,26,,17,20,20,24,25,22,26,20,21,36,25,27,34,26,26,,31,24,28,27,33,35,24,27,12,22,24,,50,46,52,,42,77,53,38,,22,35,44,,41,24,17,19,15,25,21,27,24,25,32,38,48,,27,14,20,39,48,,38,32,,16,11,20,14,8,11,18,52,44,,15,25,24,,10,12,,39,11,17,20,,1,2,14,14,39,26,36,24,24,26,25,55,40,37,39,40,,20,21,10,24,20,27,23,19,30,35,36,40,33,36,16,28,22,41,38,17,10,21,33,33,13,2,2,20,20,38,54,30,28,28,34,37,48,44,39,49,41,20,22,17,54,42,15,16,,41,42,27,32,9,20,15,15,,96,8,17,11,19,21,16,24,16,18,18,20,17,,6,,,24,22,25,,29,20,26,23,21,32,,23,15,21,,,,,13,15,10,11,13,19,15,18,,9,17,23,24,17,35,11,3,14,18,9,,,,,9,11,14,14,12,11,23,,9,9,1,9,13,12,28,21,5,7,,9,13,13,,8,7,11,13,16,6,12,9,19,,10,22,,8,8,,6,8,6,,19,,13,,6,11,15,14,12,18,9,9,21,18,21,17,24,22,,38,32,5,17,11,78,,509,605,10,17,490,652,,9,13,19,16,5,,24,12,11,,11,8,19,16,6,10,59,,2,40,,24,15,13,,32,32,26,24,10,,16,33,28,22,25,11,12,20,30,,,14,15,19,41,,16,21,19,25,37,35,18,20,21,24,20,19,14,,20,24,53,60,25,22,37,,23,,24,23,50,25,16,6,271,19,41,26,41,27,34,10,,,22,53,24,18,,32,21,17,44,,25,69,,,15,28,25,14,14,29,14,7,10,26,16,17,,7,12,,45,29,,26,44,41,21,12,26,20,38,9,2,13,8,,13,50,21,18,42,18,17,13,,27,31,20,11,12,12,3,27,17,29,23,48,26,4,24,21,28,38,56,27,29,27,,45,40,20,,58,28,24,30,14,,15,,28,38,26,35,23,23,13,32,44,23,107,28,28,41,26,13,66,32,8,,14,33,20,36,27,,298,31,12,22,19,18,27,13,36,14,23,14,17,24,36,25,,34,,24,14,15,31,17,16,24,21,22,27,24,8,10,8,7,9,,25,5,24,8,14,12,37,17,33,29,30,29,35,47,23,40,26,11,15,12,17,47,47,,8,17,10,5,13,10,10,13,27,17,30,14,4,12,11,13,36,46,52,39,30,17,22,14,27,22,14,29,22,,22,16,48,16,6,7,20,15,5,10,17,32,23,13,36,18,39,21,21,51,18,20,26,14,16,7,29,,27,44,29,20,29,20,36,37,8,44,38,24,28,28,17,19,13,43,12,37,41,37,29,30,,18,23,12,10,9,12,9,36,23,8,29,2,21,21,38,48,23,39,17,31,40,40,42,30,49,50,19,38,54,45,,54,20,2,46,11,20,18,12,11,18,32,28,28,22,24,14,19,54,15,22,14,,30,32,39,24,7,7,23,33,18,22,29,16,17,,12,25,26,26,8,17,25,18,36,,15,,54,39,19,10,19,17,16,15,14,,36,,21,9,,19,35,15,16,31,33,20,38,,13,23,34,5,,,24,37,29,30,32,8,30,35,28,23,55,19,36,4,95,36,48,35,53,32,49,16,82,22,29,31,44,4,36,21,15,24,42,60,40,48,17,10,17,136,153,14,23,22,29,2,35,17,9,29,5,13,20,22,18,35,,30,39,8,13,29,36,18,8,5,27,16,24,51,18,29,9,11,22,45,19,35,24,30,,32,10,16,16,17,18,40,27,27,38,37,27,47,18,19,34,32,24,41,19,47,16,46,4,22,35,35,,,22,19,42,42,30,19,32,32,13,41,51,21,8,16,31
20210719,16,PM10_24h,19,25,24,20,22,24,22,26,27,22,24,25,,,48,,42,43,50,,44,,32,30,,31,34,,24,27,23,18,25,23,18,,52,49,,46,51,22,35,30,,39,,27,25,34,32,34,36,38,27,31,20,,26,25,24,40,37,37,,37,38,34,,45,39,37,40,22,18,,11,20,14,20,27,,18,22,25,27,28,22,,25,20,,,21,28,30,25,26,35,34,,38,27,32,30,28,,31,25,25,18,20,18,22,17,21,23,14,40,39,59,36,33,20,16,46,30,39,22,30,27,,34,32,38,34,32,24,38,34,24,24,21,26,24,,33,20,21,22,33,26,35,29,36,38,30,35,29,20,,19,19,27,39,19,22,20,20,21,25,22,19,,,,36,31,,38,38,31,,,,47,,24,34,27,20,24,27,,26,33,,,,30,32,,34,37,40,31,26,,26,26,25,20,22,24,25,19,,18,,31,26,,39,27,,42,33,36,,45,41,35,33,21,17,19,,,12,21,14,34,30,29,39,,22,,,29,,26,26,,25,22,21,14,15,17,,34,31,29,38,38,27,33,28,29,28,34,34,33,35,32,31,30,26,13,,23,19,21,19,26,28,26,32,40,29,,44,31,,,29,33,34,40,,39,35,34,34,12,,,9,10,11,12,11,19,31,26,28,26,32,33,,32,26,22,26,29,20,28,25,26,,31,17,32,26,31,32,27,30,24,27,31,23,32,29,,29,35,25,30,29,29,27,26,8,10,10,11,11,14,,8,8,11,17,6,8,6,8,31,24,31,24,,30,33,26,14,18,14,11,24,19,21,20,,,26,23,23,22,21,17,11,13,31,35,31,29,47,50,43,37,43,40,53,41,19,14,22,18,15,20,,28,28,20,34,27,20,26,,,28,23,31,36,31,,35,39,28,30,,,35,27,25,27,40,39,38,41,35,28,35,,19,8,12,14,13,12,8,13,11,10,16,15,32,32,36,37,32,29,30,24,,49,28,36,36,,37,34,47,48,,,,21,14,,,,26,33,62,68,56,55,54,,72,34,23,35,32,30,12,21,18,24,22,27,11,21,21,35,,50,35,40,34,47,43,25,38,45,,25,24,22,24,24,22,27,23,22,14,28,31,30,34,22,26,29,24,,23,,29,16,18,24,39,,41,34,,,32,31,27,43,,24,31,30,,33,40,28,27,26,21,21,18,21,29,,,,24,,23,34,,33,31,17,36,9,11,9,26,21,27,,23,,,27,,24,34,29,21,20,38,23,19,,26,24,26,22,35,25,28,26,23,37,23,24,27,11,14,15,29,29,28,16,,21,23,24,,32,31,,27,26,30,26,25,,38,14,,,43,41,,22,,16,20,28,27,13,18,,17,17,,26,20,,28,,33,23,23,,26,18,20,26,18,,20,24,20,32,32,16,18,45,34,21,33,17,36,25,28,47,37,20,30,40,54,32,40,40,24,26,21,37,28,18,30,20,27,,26,21,21,25,37,20,33,29,26,32,23,33,35,30,,37,34,44,,30,26,23,23,21,,25,23,11,,9,,23,12,11,23,29,28,26,,,,37,,37,,20,19,15,,33,27,32,19,22,,21,,21,18,24,29,28,28,,27,33,25,24,24,23,,24,,,19,16,18,13,,29,43,44,36,24,20,14,30,36,37,43,45,43,38,18,17,20,23,23,19,20,25,26,25,20,,36,26,34,36,20,17,18,17,,,,,26,24,,24,24,23,32,22,17,20,31,35,35,35,30,14,10,33,30,28,,21,26,34,,23,23,,28,35,34,34,33,33,33,33,30,34,26,26,35,,74,67,400,45,35,31,44,13,23,,19,42,31,19,18,24,28,32,32,,17,,,12,12,16,16,20,27,,17,,,19,19,21,,,11,,22,,,21,,29,25,22,25,27,25,29,29,23,,32,32,31,31,33,26,25,28,28,32,31,16,17,,54,37,,35,33,23,19,,,19,16,13,16,23,29,30,34,29,,,35,21,15,19,17,,21,21,24,25,28,27,19,,24,22,22,,,29,28,,26,22,28,,37,,50,47,,,34,23,,,51,40,36,,,23,26,17,13,26,29,17,32,34,28,36,30,17,21,21,30,36,31,36,31,38,30,43,39,,48,36,20,,19,28,36,30,27,23,25,24,21,28,22,36,,,51,25,29,39,22,31,26,30,16,15,25,31,41,24,43,36,34,,,10,49,48,56,23,25,,23,22,20,,25,31,29,,34,49,24,28,27,34,19,27,24,39,29,43,20,27,22,22,,18,24,11,17,40,31,,31,,28,,,,16,16,16,17,19,25,,23,,29,32,28,23,21,22,29,16,33,26,47,25,13,18,20,20,27,26,32,28,24,,23,27,27,28,31,32,5,30,21,20,23,21,34,29,29,,23,40,36,39,23,27,27,24,28,34,32,29,28,26,32,,34,35,32,29,32,32,32,29,42,47,41,,23,29,31,,29,41,33,31,,30,27,26,,27,28,32,30,32,19,19,22,19,20,32,30,34,,28,20,25,29,33,,33,28,16,26,18,22,19,17,21,22,38,27,,22,24,25,,19,20,,29,18,24,20,,5,11,17,18,23,36,35,30,25,30,31,39,38,40,44,41,,14,16,13,19,19,23,23,26,28,35,40,39,32,42,26,32,46,53,46,25,21,20,46,30,18,14,13,34,37,48,43,23,37,22,27,32,34,67,74,65,65,37,28,34,44,50,30,27,36,36,53,72,68,26,24,20,18,,21,19,15,15,24,19,22,26,24,18,19,19,18,12,15,,,23,25,30,,37,20,19,17,23,34,,23,16,21,,,,,26,17,15,16,16,18,22,17,,20,33,20,17,17,35,14,12,31,21,25,,,,,21,22,20,16,15,15,25,,25,14,15,20,24,13,23,12,18,12,16,17,14,18,,16,14,10,9,15,13,19,12,17,,11,16,,7,13,,10,9,6,,34,,15,,13,9,24,38,33,37,16,19,24,18,18,26,22,20,,33,31,9,23,24,54,,246,272,16,26,303,324,,19,25,28,34,16,,38,35,24,,15,18,20,19,16,19,34,,24,40,,42,25,20,30,65,61,38,48,11,,42,29,32,25,28,39,56,62,60,,,45,40,47,28,,14,47,37,76,37,29,13,31,37,32,35,17,20,,36,30,34,50,16,24,33,,16,,20,39,43,28,24,22,386,37,33,32,38,26,34,14,,,25,33,25,42,,34,23,37,29,,31,49,,,18,32,33,15,29,32,15,17,17,33,20,25,30,21,22,,52,27,,29,30,32,19,19,34,25,34,13,20,26,25,22,42,30,30,22,41,27,13,27,15,38,32,25,23,21,17,12,49,27,23,20,26,23,12,21,20,21,26,35,21,26,32,20,38,31,25,,32,22,23,18,14,16,14,,29,50,31,22,17,21,17,30,42,35,101,41,32,33,27,25,46,34,22,,22,48,60,72,34,,327,24,14,20,18,21,24,20,24,17,22,18,31,60,33,24,,36,,32,13,17,32,24,21,32,36,33,29,26,16,10,14,12,8,31,33,12,26,11,19,23,36,25,48,44,34,36,30,41,28,33,18,21,26,18,17,27,27,,7,23,13,13,20,11,17,22,28,22,21,18,17,20,16,18,29,30,21,21,31,19,19,35,32,29,25,23,29,15,43,41,41,18,12,12,30,27,8,12,20,39,26,18,42,41,45,30,69,45,23,23,28,19,25,34,42,,22,35,27,38,35,30,33,26,17,29,31,26,32,25,24,22,16,27,14,40,63,41,45,73,,25,19,16,19,13,10,18,30,24,10,21,9,24,22,41,34,21,46,49,53,32,33,30,23,30,30,32,25,35,27,,29,16,32,44,33,26,20,10,16,26,40,30,24,21,28,18,24,44,29,28,26,,38,32,25,33,14,13,54,42,35,31,33,27,26,,20,28,42,23,14,28,26,23,32,,31,35,34,53,41,14,24,20,16,25,22,,24,,22,20,,18,26,15,14,33,34,31,28,,21,27,28,10,,,18,45,27,32,32,46,63,55,55,17,31,20,44,39,74,72,47,47,52,49,33,24,44,16,26,22,30,21,34,31,27,15,30,26,33,27,29,16,58,867,939,14,23,24,29,18,68,29,11,21,14,24,27,32,28,38,,35,35,12,13,28,28,28,12,12,36,32,26,40,31,41,34,32,24,42,25,42,29,28,,25,25,14,49,22,28,29,29,31,29,29,26,21,15,16,40,33,35,47,44,26,17,64,49,21,29,22,28,29,24,26,29,33,32,44,28,44,14,45,39,15,6,26,35
20210719,16,SO2,1,3,1,3,3,2,3,3,1,2,1,3,,,6,,5,5,6,,3,,6,8,,5,4,,4,3,3,5,4,3,5,,3,4,,5,1,7,4,3,,5,,3,4,3,5,7,3,5,5,6,4,,8,10,8,8,10,8,,8,8,7,,7,5,6,1,10,4,,5,6,4,3,5,,6,3,2,5,2,1,,8,6,,,3,6,10,7,7,6,8,,6,7,4,6,4,,6,10,7,5,6,37,8,9,9,5,5,3,3,4,4,3,3,4,3,4,3,10,8,10,,9,11,17,11,11,9,10,13,3,5,6,10,7,,5,5,7,5,5,7,4,7,8,1,1,4,1,6,,1,4,3,1,1,3,5,4,10,7,6,6,,,,8,8,,6,8,6,,,,10,,3,3,2,5,3,2,,4,6,,,,3,4,,7,7,5,5,4,,4,1,3,3,4,3,7,4,,4,,4,4,,5,6,,4,4,4,,6,3,5,4,5,7,7,,,9,6,8,5,4,7,3,,5,,,4,,7,5,,3,2,3,5,3,4,,2,3,2,4,5,5,5,6,5,6,7,5,10,5,5,7,,7,2,,4,4,4,2,2,2,5,3,6,4,,7,3,,,2,7,10,8,,4,6,7,5,5,,,7,4,5,5,5,4,3,3,3,2,3,3,,3,3,3,2,4,4,5,5,5,,4,5,7,5,5,5,5,6,4,4,6,5,5,5,,5,8,5,5,6,5,4,5,4,4,5,5,8,3,,6,4,5,5,4,5,6,5,7,7,6,6,,5,4,5,4,2,2,1,5,5,2,5,,,8,8,7,4,5,6,5,8,6,7,7,7,6,8,7,6,5,5,6,4,2,2,4,3,5,4,,4,4,6,6,7,8,4,,,9,6,4,2,3,,4,2,7,3,,,12,7,7,,4,6,6,5,4,5,4,,10,6,5,6,7,8,7,7,10,6,7,8,6,4,3,4,4,5,2,4,,4,5,5,6,,6,3,4,5,,,,14,5,,,,8,8,9,8,4,11,10,,8,11,11,14,12,,4,9,4,5,3,4,6,5,9,2,,5,1,4,3,7,8,8,10,10,,2,2,4,4,,2,6,5,2,2,3,6,3,5,4,5,4,4,,9,,8,4,3,6,4,,2,5,,,5,3,2,6,,5,3,1,,6,11,5,9,5,5,8,8,8,11,,,,4,,5,9,,8,6,9,8,4,5,1,3,2,3,,8,,,6,,5,9,8,7,8,8,10,9,,5,6,6,6,4,7,5,6,8,12,8,,4,6,6,8,5,5,5,5,,4,5,3,,8,6,,6,3,5,5,10,,9,4,,,4,6,,4,,25,8,23,47,9,5,,10,9,,2,2,,,,5,6,9,,8,8,8,12,5,,5,4,3,6,4,5,3,9,11,10,11,10,8,7,11,10,6,6,5,10,5,6,18,6,7,6,8,6,4,5,6,7,5,,5,,4,5,2,3,3,5,2,8,5,9,4,6,,4,3,5,,8,7,,3,5,,4,26,5,,4,,1,4,6,3,2,3,1,,,,3,,4,,1,3,,,2,4,4,3,2,,2,,6,5,7,5,2,2,,5,5,9,6,8,8,,4,,,7,1,3,2,,7,5,,6,7,5,5,7,6,5,10,5,6,4,3,3,13,7,5,5,7,8,7,7,4,,16,23,9,10,,4,6,3,,,,,6,7,,5,11,8,5,2,3,4,5,6,6,6,5,4,5,6,8,5,,2,2,3,,3,2,,2,4,3,2,4,3,5,2,3,5,8,3,3,,6,4,4,6,14,7,,5,6,,11,5,5,5,4,4,8,6,6,,6,,,4,4,5,5,8,,,,,,5,4,4,,,5,,4,,,6,,5,6,8,8,10,11,11,12,13,,6,5,6,6,9,8,6,6,5,3,4,5,8,,5,6,,4,6,6,7,,,6,,5,7,6,3,4,5,4,,,3,8,5,3,5,,8,9,3,8,7,9,,,4,5,4,,,3,6,,13,10,12,,6,,7,9,,,5,5,,,5,6,20,,,1,3,12,12,5,9,5,5,5,2,4,4,5,7,8,11,6,4,7,5,5,7,3,6,,6,,5,,10,10,10,14,2,5,12,6,6,6,4,6,,,9,5,5,6,6,9,17,3,22,15,7,8,8,15,7,6,4,,,4,3,5,4,7,8,,,9,10,,15,14,7,,5,6,9,8,6,2,2,12,6,6,7,4,14,14,,18,,7,4,,6,8,10,,4,,4,,,,5,5,6,4,4,3,,4,,9,5,5,4,4,3,1,4,2,5,8,5,4,8,5,6,5,7,6,7,5,,4,7,15,14,,13,4,10,12,12,11,4,5,11,7,,6,11,11,12,14,2,2,4,3,13,6,4,10,2,5,,5,3,3,3,6,6,4,4,4,5,4,,6,1,1,,4,7,7,,,4,2,3,,5,3,3,5,4,6,5,6,6,7,6,5,2,,7,4,7,18,8,,13,5,,4,4,4,2,5,6,4,4,8,,3,4,3,,,3,,16,6,5,5,,4,,1,8,8,18,7,4,6,9,5,,8,9,10,8,,2,3,7,9,7,7,7,9,4,11,8,7,7,10,6,4,,3,2,2,5,4,3,3,4,5,6,6,6,6,7,17,13,12,7,6,17,5,5,5,5,4,3,2,13,14,9,9,,6,8,5,7,8,4,5,6,,1,8,5,6,7,9,14,16,16,5,3,2,1,,8,,,5,5,5,,6,7,10,4,7,,,8,6,7,,,,,6,8,5,6,7,13,,11,,8,9,12,7,6,6,1,3,9,4,6,,,,,8,,5,8,,5,2,,4,5,4,5,5,6,7,8,6,6,6,4,4,6,,10,6,5,4,5,8,4,8,18,,10,6,,6,11,,8,7,6,,5,,9,,8,11,,5,5,4,4,5,8,6,5,5,3,5,,29,17,6,5,7,6,,5,3,2,2,4,4,,6,7,6,3,9,,2,2,5,,7,5,9,19,11,15,7,,5,7,,6,1,3,2,5,7,3,4,17,,12,5,11,3,6,8,5,7,4,,,8,8,7,13,,2,7,8,17,9,4,9,6,5,5,6,14,6,,1,5,14,5,6,8,4,,4,,5,8,4,5,5,7,4,9,8,4,8,4,4,4,,,11,4,3,6,,11,13,7,13,,4,4,,,2,6,6,6,8,6,4,2,3,6,4,2,,5,2,,4,3,,8,6,6,9,5,16,5,5,5,4,4,3,2,8,8,4,2,11,7,2,5,9,4,8,6,5,4,4,6,7,8,7,8,4,6,7,6,5,7,,1,8,15,4,6,24,8,3,,2,12,5,5,7,,4,,2,6,6,8,4,6,10,3,9,8,7,2,8,6,19,5,2,2,2,,6,12,8,10,30,,7,4,8,4,2,5,4,5,18,6,3,8,3,6,19,8,,6,,6,5,5,10,3,7,8,8,5,9,8,7,6,7,4,8,,6,7,6,6,5,7,5,5,7,3,4,3,9,9,3,11,4,5,5,2,2,3,2,,3,2,4,3,10,2,7,8,6,6,6,9,8,6,5,10,10,3,2,,3,4,10,6,3,8,11,6,3,3,6,2,3,7,4,4,1,6,8,5,7,14,6,5,5,7,8,13,8,15,6,6,3,7,5,4,3,,5,1,3,7,14,4,6,4,6,4,6,6,6,7,3,5,2,6,2,7,13,11,8,14,,6,7,5,8,3,6,7,7,5,6,2,4,5,4,8,2,9,3,2,2,3,7,6,7,7,3,4,2,2,1,,1,1,2,4,7,14,10,6,12,15,8,2,7,5,6,6,9,14,7,3,8,,4,17,11,10,3,4,4,7,6,4,4,5,8,,4,6,5,8,3,1,4,4,5,,4,,,8,10,4,4,3,4,3,2,,4,,6,3,,7,6,1,7,4,8,6,4,,4,6,16,7,,,6,6,2,6,3,1,3,8,2,2,3,4,3,6,4,8,7,10,8,7,4,1,1,2,5,1,3,4,7,8,6,4,4,7,6,5,6,8,13,3,3,4,7,6,8,1,9,7,7,10,3,8,8,8,8,11,,7,6,1,6,5,8,6,8,7,6,,6,5,1,9,1,2,7,8,6,5,5,4,,4,2,4,2,3,2,2,2,3,4,1,3,3,33,18,8,6,3,18,2,8,3,3,1,1,3,1,2,8,8,8,6,3,5,5,5,8,6,7,5,8,7,5,8
20210719,16,SO2_24h,1,3,3,3,3,2,3,3,2,1,3,4,,,9,,5,5,9,,4,,5,9,,6,5,,5,3,3,5,4,3,5,,3,7,,5,3,6,4,4,,2,,3,4,3,6,8,5,6,5,5,4,,6,6,7,8,9,8,,9,5,6,,7,4,5,2,9,4,,5,6,4,3,4,,4,3,2,4,3,2,,8,7,,,4,7,8,9,11,7,24,,8,15,19,16,16,,8,10,7,5,6,10,6,8,6,6,5,3,3,4,4,3,4,4,3,4,3,13,9,5,,12,17,18,16,13,15,11,15,1,4,6,3,7,,3,5,6,5,5,8,5,8,9,1,2,4,1,7,,2,8,4,2,1,3,6,10,10,7,7,6,,,,8,8,,6,8,6,,,,9,,5,4,3,6,2,3,,4,7,,,,6,6,,7,10,6,5,3,,4,1,3,3,6,3,7,5,,3,,4,4,,5,7,,6,4,5,,6,3,5,5,9,7,10,,,7,6,8,5,4,6,3,,6,,,4,,7,5,,2,2,4,5,3,4,,3,4,3,4,4,6,6,6,5,6,8,5,9,6,5,6,6,8,2,,4,4,4,3,2,4,7,10,7,6,,11,6,,,3,7,8,8,,6,6,8,5,5,,,5,4,5,5,5,5,3,3,3,2,3,3,,3,3,3,2,4,4,6,5,5,,4,5,9,6,6,5,7,6,5,5,7,6,5,5,,5,7,7,5,7,5,5,5,4,4,5,5,8,3,,6,4,5,6,4,5,5,5,8,8,6,6,,6,5,4,4,2,5,2,6,6,3,6,,,8,8,7,5,6,7,5,9,8,13,9,9,9,10,9,8,9,11,7,7,6,3,4,4,5,4,,3,5,6,6,7,7,4,,,10,7,3,2,4,,5,2,8,3,,,7,13,7,2,7,6,5,5,6,4,5,,7,6,5,6,9,9,6,7,10,6,6,8,6,4,3,4,4,5,2,4,,4,5,5,5,,24,3,10,11,,,,9,5,,,,8,9,7,6,3,8,8,,9,12,10,12,10,8,7,9,6,7,6,3,5,6,5,7,,5,4,11,5,10,11,8,8,13,,4,2,4,3,4,2,5,5,2,2,2,7,3,3,3,4,4,4,,13,,9,5,4,8,5,,4,6,,,6,4,5,8,,6,7,1,,9,7,7,9,3,7,8,7,8,10,,,,2,,5,10,,8,10,7,9,4,5,1,4,2,3,,10,,,8,,8,9,10,7,8,8,11,9,,13,7,10,9,6,11,8,10,15,21,8,5,7,6,6,8,5,8,8,5,,5,6,4,,9,8,,6,4,7,7,11,,11,5,,,3,6,,4,,13,9,13,16,9,5,,9,9,,3,4,,6,,11,8,12,,17,8,8,12,6,,5,4,3,6,3,5,3,10,8,9,8,8,9,11,12,13,6,6,5,14,13,7,24,10,7,6,7,8,4,4,6,7,5,,4,5,4,4,2,3,3,6,3,8,4,9,6,6,,6,4,13,,9,7,6,5,5,,10,15,4,,4,,1,4,6,3,3,3,2,,,,2,,4,,1,2,2,,2,4,6,3,5,,7,,5,5,7,5,2,2,,7,6,8,6,8,8,,5,,,8,1,3,2,,10,11,8,13,10,6,5,8,10,9,10,9,8,7,3,3,10,7,4,5,8,8,9,4,4,,16,15,17,9,5,8,9,6,,,,,7,7,,5,4,7,6,5,3,4,7,7,7,6,7,5,4,6,7,5,,8,2,2,,3,2,,3,4,3,1,4,4,5,3,2,6,9,4,4,,11,8,8,6,11,7,6,5,6,,10,5,4,5,4,5,9,5,5,,7,,,4,4,4,4,8,9,,11,,,5,4,2,,,5,,4,,,7,,5,8,8,7,9,10,10,10,7,,7,4,8,7,9,9,7,7,5,2,4,5,9,,5,6,,8,7,6,7,,,7,5,5,7,6,3,4,6,4,,,3,8,5,2,5,,8,11,5,10,8,10,4,,4,5,5,,,3,6,,13,12,8,,6,,19,19,,,6,5,,,12,10,17,,,2,4,12,11,6,8,6,6,8,2,7,5,6,6,9,6,6,4,6,5,4,13,2,6,,8,8,6,,14,12,10,11,4,4,9,6,6,8,5,9,,,9,5,5,6,6,12,7,3,7,13,10,6,8,8,8,6,7,,,2,3,4,5,7,9,,4,12,11,,13,14,5,,4,6,11,9,7,2,2,6,4,12,4,11,12,8,4,11,,5,4,7,5,7,8,,4,,4,,,,7,6,7,5,4,2,,8,,8,7,6,4,4,4,2,6,7,7,8,5,4,6,6,5,6,10,7,4,5,,6,9,8,9,8,7,10,10,18,15,17,5,7,16,13,,5,21,25,14,14,4,5,7,6,18,10,6,16,5,8,,7,5,5,10,6,6,6,6,11,13,15,,5,1,2,,4,4,5,4,,4,3,1,,5,6,7,7,7,6,5,6,6,7,6,7,2,,10,4,9,16,9,,22,6,4,4,5,5,3,4,7,4,5,8,,3,3,1,,5,4,,17,6,5,5,,5,4,1,8,9,25,12,6,7,11,9,14,14,17,18,14,,2,3,6,9,9,8,8,10,7,12,10,8,5,13,7,4,5,8,2,3,4,5,4,3,4,5,5,10,10,8,12,9,9,9,12,10,9,6,7,5,6,7,15,12,11,16,10,9,8,7,8,22,22,8,4,5,6,,2,6,6,7,7,11,9,11,9,8,6,4,5,6,9,,,5,6,6,,6,8,11,8,8,7,,8,6,8,,,,,7,7,8,8,6,13,10,12,,7,8,11,8,6,7,2,3,10,5,6,,,,,6,7,5,6,7,6,2,,5,5,4,7,8,6,7,8,6,7,6,5,9,11,,11,8,5,4,6,8,4,8,10,,9,6,,7,8,,8,5,5,,6,,9,,8,9,6,20,16,11,5,6,8,5,4,11,2,5,,32,28,5,6,8,6,,5,5,3,2,5,4,,6,7,6,2,18,,4,4,6,,12,9,11,12,11,15,8,,6,11,,9,2,3,2,5,7,6,7,8,,10,4,11,3,6,8,5,7,4,,,10,7,8,12,,2,8,8,12,23,5,9,7,8,6,6,12,6,,2,5,13,8,6,7,4,,4,,4,8,4,5,7,10,18,12,7,5,10,7,4,4,,,10,4,3,6,,8,16,7,13,,4,4,,,2,8,7,5,8,5,4,4,4,7,4,4,9,6,3,,6,3,,8,7,7,9,5,13,5,11,7,5,5,3,2,8,8,17,4,12,6,2,7,9,5,9,12,11,9,8,6,11,6,7,8,5,6,8,6,6,8,2,1,10,14,8,6,20,9,2,,2,6,4,6,8,3,4,,2,11,6,8,5,6,9,2,9,7,8,3,37,6,13,6,2,4,4,,9,16,13,12,20,,17,4,8,4,4,5,6,5,3,6,3,7,5,18,15,6,,6,,6,4,5,9,2,8,8,8,6,9,8,7,6,8,4,8,7,18,7,7,6,6,8,8,5,6,3,4,2,11,9,3,10,4,5,5,2,2,3,2,,2,2,5,3,12,3,9,8,7,6,6,10,11,8,5,11,10,3,4,6,7,6,7,10,4,9,12,4,3,3,8,4,5,10,4,5,4,6,11,6,7,12,6,4,10,10,36,18,8,13,7,6,4,7,5,20,5,,3,3,3,10,12,4,6,5,5,4,4,7,7,8,3,3,2,6,2,7,10,9,8,11,,6,7,6,9,3,6,8,14,6,6,3,4,6,4,7,2,9,3,2,3,4,7,5,7,7,4,4,1,3,1,,1,1,4,7,36,14,9,5,13,14,8,3,7,5,7,6,10,11,7,5,10,,5,18,9,11,3,4,6,11,6,7,7,5,11,,4,22,5,8,3,3,2,3,6,,9,8,11,10,17,4,4,3,4,11,10,,4,,5,2,,6,6,2,6,4,8,6,4,,4,15,22,10,,,6,9,2,7,2,3,4,11,6,2,3,5,4,9,5,9,7,10,7,7,3,1,3,2,7,2,3,4,9,9,10,5,4,7,6,5,8,8,12,2,2,4,6,5,12,3,22,7,7,10,4,8,8,10,12,15,,10,6,1,6,4,8,7,7,7,7,3,6,5,2,11,3,3,6,9,6,7,6,4,,3,2,4,3,4,2,2,2,3,3,2,3,3,8,12,8,6,8,13,11,7,5,3,3,1,3,3,3,6,7,8,6,3,6,6,5,8,6,9,5,8,6,9,8
20210719,16,NO2,7,6,13,2,7,12,13,3,7,8,10,12,,,14,,9,9,12,,13,,26,4,,6,5,,10,12,3,6,9,10,13,,10,14,,21,16,3,1,8,,2,,5,8,5,8,6,13,8,20,17,7,,9,7,10,15,11,16,,9,14,11,,20,7,10,7,11,13,,10,13,8,7,10,,6,,21,13,,8,,4,14,,,5,6,7,6,6,8,10,,3,9,8,7,13,,12,12,18,5,6,7,10,8,4,13,2,15,11,24,6,7,5,4,8,4,8,10,5,5,,9,17,22,8,12,8,8,9,10,10,13,5,13,,14,10,11,16,17,5,10,6,4,10,16,10,5,7,,4,15,5,7,10,14,7,23,2,2,6,7,,,,9,8,,5,9,5,,,,42,,10,16,5,6,16,10,,6,8,,,,13,11,,16,10,12,4,4,,15,4,6,6,2,1,4,5,,9,,4,3,,11,13,,11,8,12,,13,14,8,11,19,8,11,,,,8,14,23,6,20,19,,9,,,11,,13,16,,4,3,6,6,12,12,,9,10,13,9,12,5,7,5,18,13,11,10,14,19,12,11,,13,1,,7,2,2,2,5,6,5,2,4,5,,7,9,,,1,5,15,7,,11,12,10,10,6,,,10,10,4,12,5,6,21,27,16,17,21,19,,24,13,9,33,26,39,33,33,31,,19,8,11,23,11,4,2,10,14,2,8,4,22,17,,19,20,15,13,16,12,22,10,,19,13,13,25,16,,4,14,9,20,23,31,15,15,15,14,15,18,,15,15,23,14,16,11,12,18,18,17,17,,,12,10,18,6,10,9,6,13,16,16,20,10,12,13,16,12,19,17,16,15,5,7,8,5,4,8,,22,4,11,26,29,20,11,,,13,35,21,13,21,,25,11,18,16,,,,9,5,,6,11,6,12,16,16,9,,5,9,6,11,8,15,6,11,7,5,16,12,,13,11,5,14,7,14,7,,8,11,18,,,14,5,17,26,,,,31,7,,,,11,12,15,23,6,18,9,,5,9,16,14,11,,5,6,5,5,5,2,5,12,,9,,5,5,12,7,16,9,10,5,5,,10,12,,2,5,6,4,8,5,8,7,5,4,5,6,5,5,7,,5,,6,6,8,7,4,,5,6,,,5,6,5,3,,2,1,8,,11,3,5,8,16,6,17,22,18,18,,,,8,,5,4,,5,10,14,16,5,5,2,6,9,11,,5,,,1,,2,5,10,9,7,5,6,5,,6,9,6,10,8,8,8,6,6,7,8,,11,,12,4,6,6,7,11,,16,5,7,,8,8,,4,8,7,6,7,,16,5,,,12,7,,5,,9,6,9,8,4,2,,11,2,,6,11,,5,,10,11,10,,15,11,19,14,8,,3,8,8,16,13,8,2,6,15,10,9,6,6,10,19,47,5,5,8,6,10,5,7,6,4,10,4,6,8,8,14,5,7,,6,,17,14,10,9,7,8,6,,5,2,6,14,,11,,5,,15,9,7,7,2,,5,20,1,,10,,9,12,6,7,,6,6,,,,7,,7,,5,3,,,12,12,6,4,6,,4,,9,8,13,14,17,12,,4,13,3,10,4,4,,9,,,5,4,3,8,,12,8,8,9,9,7,5,15,10,39,36,22,36,28,5,4,5,6,10,13,6,9,9,11,6,,7,,15,8,,16,14,18,,,,,1,8,,5,18,11,8,12,8,10,8,9,12,15,6,15,10,10,,16,,4,7,14,,9,4,,11,5,6,8,8,11,3,5,10,6,11,4,7,,7,2,6,13,10,13,,10,13,,9,7,8,11,12,3,11,10,10,,11,,,5,5,16,16,5,,,,,,6,7,9,,,9,,9,,,10,,10,8,16,13,14,7,12,28,20,,5,8,18,17,23,6,2,11,10,14,6,6,3,,30,4,,10,12,5,8,,,14,5,3,5,9,9,6,12,5,,,20,14,16,16,11,,6,,7,6,8,5,,,9,10,10,,,12,5,,10,6,8,,9,,5,12,,,9,16,,,10,6,8,,,10,11,4,5,5,7,6,4,5,3,5,4,4,6,9,8,2,8,12,8,5,2,8,4,,10,,7,,2,4,7,6,6,3,4,4,7,5,,13,,,18,6,4,5,12,14,14,34,17,6,5,4,10,11,17,20,4,,,9,12,6,4,4,8,,4,6,4,,14,3,11,,5,8,5,9,2,,2,8,9,13,6,22,11,12,14,15,,10,9,3,1,14,17,,6,,13,,,,10,10,4,7,3,5,,17,,21,12,26,6,8,6,6,5,4,4,9,4,1,6,4,4,11,10,12,9,6,,4,5,17,9,16,21,3,5,9,11,6,2,4,12,2,,5,11,4,8,6,7,6,7,4,7,3,5,4,4,4,,5,9,7,5,8,13,5,9,3,3,2,,9,4,7,,27,9,9,,,5,3,16,,5,11,14,10,12,8,6,7,7,7,4,5,7,,9,11,9,16,13,,7,14,,11,5,9,7,6,5,9,17,9,,11,10,8,,,7,,8,2,3,6,,3,2,3,2,4,4,4,12,6,4,4,,4,7,7,8,,7,7,9,5,5,9,7,6,11,3,6,5,3,18,4,5,1,3,1,,8,3,12,3,3,2,2,2,6,9,6,20,18,18,10,7,16,9,9,8,5,3,8,6,7,7,7,9,,,14,6,6,4,4,4,4,,,4,3,9,8,21,19,12,30,4,6,6,4,,4,,,4,8,6,,7,8,5,4,5,,,7,7,1,,,,,6,8,9,7,10,10,,8,,3,8,4,7,7,11,7,8,21,8,,,,,,4,6,12,15,17,17,7,,3,5,,4,8,4,4,3,7,7,,8,6,7,,3,6,6,8,8,13,6,5,13,,6,8,,6,2,,6,17,5,,5,,6,,5,2,5,3,4,6,2,5,8,8,3,4,11,4,,19,11,3,7,8,6,,10,12,8,10,11,8,,6,7,5,2,2,,13,5,5,,6,4,6,12,1,7,4,,6,9,,11,9,5,5,9,13,6,2,6,,8,7,4,6,4,1,6,7,4,,,10,7,9,8,,7,6,8,5,10,7,3,16,8,6,9,8,12,,8,9,11,12,8,12,8,,9,,5,11,18,,8,6,7,,9,4,5,2,8,5,,,13,13,5,4,,12,7,9,10,,2,4,,,8,18,22,6,11,3,13,9,9,15,9,20,,20,9,,21,6,,15,9,6,6,5,6,16,10,6,4,7,13,4,9,7,17,18,9,5,6,5,9,4,5,4,4,3,4,12,7,11,6,50,8,6,4,13,16,13,3,7,6,8,9,35,32,11,6,,4,11,12,16,7,,9,,16,9,5,10,8,2,3,20,17,6,5,7,10,12,4,4,5,11,8,,5,14,6,5,7,,7,17,13,13,12,8,12,8,15,4,5,4,4,7,12,9,,6,,7,3,2,8,3,5,14,14,15,17,23,12,19,18,11,6,,10,8,6,14,7,8,7,8,6,16,13,9,9,6,1,10,5,6,9,7,7,12,11,,10,5,4,3,7,8,9,8,22,8,15,5,8,14,3,13,14,26,13,,13,2,5,10,10,4,17,10,7,2,4,9,4,6,10,11,13,10,4,5,6,7,4,4,12,14,9,5,6,11,6,6,12,6,4,2,7,,11,2,2,,8,7,9,15,2,7,12,12,14,15,4,9,3,8,2,,17,9,11,7,,8,6,8,6,10,8,20,11,17,5,15,12,8,11,9,6,5,7,16,26,1,6,8,7,10,10,10,13,8,3,,9,1,10,10,6,11,13,4,12,23,6,7,7,7,24,2,5,11,3,2,2,,4,10,7,7,,6,4,9,11,4,3,4,6,,7,5,7,11,1,3,6,7,9,,7,10,10,8,13,5,9,6,8,12,7,,11,,,6,,4,11,7,15,11,7,10,12,,8,5,8,2,,,3,6,7,2,3,9,20,17,6,6,3,13,6,16,29,9,10,9,9,8,8,11,30,10,9,6,7,8,16,15,12,4,3,8,10,6,9,4,5,2,8,5,7,17,9,11,11,4,16,14,16,11,15,,7,13,,11,4,10,6,10,11,3,14,4,3,9,11,6,3,11,8,12,7,3,3,15,7,7,,3,5,6,5,8,6,2,6,10,2,3,6,4,8,7,9,19,11,10,3,10,6,6,16,4,4,7,4,2,6,4,7,9,8,14,10,16,12,16,4,3,4,5,9
20210719,16,NO2_24h,13,8,23,12,15,20,24,10,10,12,20,19,,,19,,20,18,26,,27,,34,7,,8,11,,34,24,16,20,18,21,9,,15,20,,21,16,3,13,13,,12,,9,11,7,15,16,16,16,21,22,12,,12,9,13,25,19,20,,11,25,22,,30,12,15,12,16,16,,6,13,11,9,27,,10,26,24,23,20,17,,14,18,,,16,18,18,15,16,23,20,,14,16,18,15,18,,15,14,18,6,8,7,10,10,6,20,3,26,23,33,16,19,13,16,20,16,31,19,17,9,,20,29,30,22,27,16,20,27,12,16,14,9,15,,16,19,11,16,20,30,30,33,23,25,19,35,16,9,,6,15,8,11,13,17,7,28,2,4,7,10,,,,14,11,,7,13,8,,,,22,,13,22,10,10,19,16,,12,21,,,,18,21,,19,23,22,6,13,,8,4,7,5,6,3,5,7,,8,,3,3,,16,18,,23,16,22,,20,18,11,19,28,8,20,,,9,10,12,21,10,16,16,,11,,,18,,17,17,,9,4,8,9,14,13,,13,16,18,16,20,13,15,10,24,22,18,16,22,24,23,27,15,20,2,,10,3,4,4,7,13,8,23,20,13,,25,22,,,13,13,18,22,,17,18,16,12,7,,,7,9,6,8,9,14,17,18,11,12,17,13,,18,7,12,29,25,25,29,21,40,,24,8,23,23,24,11,13,13,24,13,22,11,29,22,,25,33,23,22,26,20,30,17,9,16,12,12,23,15,,4,13,9,11,15,15,11,13,20,21,22,23,,23,32,29,15,20,14,15,24,21,19,19,,,14,17,18,10,9,14,6,13,29,35,16,17,22,17,23,18,17,21,23,18,10,7,12,11,8,9,,21,24,18,23,33,23,15,,,28,29,34,23,20,,25,31,35,32,,,26,10,16,29,26,21,19,32,28,26,21,,13,10,10,13,10,13,9,11,12,8,15,13,18,18,30,17,24,16,19,20,,13,13,26,19,,25,12,39,40,,,,28,8,,,,22,21,45,46,47,54,37,,35,21,14,24,14,20,13,18,12,12,13,3,7,25,8,32,,21,29,30,22,16,19,15,13,17,,12,11,13,6,7,10,10,12,11,9,7,6,5,11,7,6,8,5,,13,,8,8,11,13,10,,12,16,,,10,13,12,18,,8,11,13,,11,4,7,12,9,14,12,11,15,16,,,,8,,8,10,,10,11,11,17,5,4,2,18,16,22,,8,,,6,,8,11,16,11,10,7,10,6,,14,16,14,13,25,11,10,10,10,16,10,17,18,6,7,5,18,14,14,12,,13,13,13,,9,9,,7,10,11,10,11,,26,10,,,14,13,,20,,17,12,16,18,6,2,,11,3,,15,19,,14,,16,15,13,,15,15,14,18,9,,4,7,10,16,17,7,2,14,18,6,15,5,18,10,27,32,12,10,12,15,15,9,14,12,17,18,17,12,17,8,13,5,10,,8,12,13,14,13,10,8,8,8,7,6,15,20,28,,23,20,21,,13,12,18,12,4,,17,11,2,,9,,6,10,5,7,6,7,7,,,,11,,11,,4,3,3,,15,13,9,9,13,,9,,15,17,11,12,12,9,,13,26,12,8,9,10,,11,,,3,11,8,8,,13,21,18,15,10,8,5,14,13,16,14,16,15,18,10,9,8,9,17,14,20,24,24,24,19,,19,11,30,18,12,16,15,15,,,,,8,16,,17,12,14,11,11,12,18,19,19,23,18,17,15,13,20,15,16,,10,11,21,,22,14,,16,10,12,15,15,16,9,10,14,15,14,13,12,,12,13,13,20,19,14,21,16,19,,16,23,13,13,9,8,17,17,17,,8,,,5,5,15,16,8,5,,8,,,10,11,9,,,8,,10,,,10,,11,14,19,18,19,14,14,20,18,,12,18,21,20,23,6,3,14,13,12,11,10,4,,27,13,,16,16,12,18,,,13,8,6,7,12,6,4,10,3,,,20,15,16,17,14,,10,13,18,12,16,14,10,,13,13,11,,,14,14,,12,15,21,,20,,15,19,,,12,9,,,20,12,14,,,5,7,10,10,6,7,5,8,8,6,9,9,4,9,12,6,9,17,18,16,6,4,10,8,,18,9,15,,6,12,16,11,9,5,5,5,8,7,6,23,,,32,8,10,10,9,12,8,14,6,11,12,5,17,12,28,20,13,,,12,14,6,7,6,11,,8,20,17,,14,10,13,,6,9,8,9,5,11,2,7,23,27,32,41,21,14,18,15,,13,11,7,3,24,23,,9,,11,,,,10,14,6,17,3,4,,17,,18,20,18,7,7,8,8,8,17,11,21,8,1,7,7,5,18,23,18,17,8,,10,4,10,6,11,7,4,8,19,14,16,8,10,18,5,,9,15,12,15,14,8,11,12,12,12,6,7,8,10,12,,13,15,11,11,15,15,12,13,14,14,20,,10,7,7,,12,8,10,9,,11,7,14,,4,12,12,9,10,8,6,8,7,8,8,6,7,,9,9,8,27,15,,13,8,4,18,8,13,12,9,13,16,18,15,,11,7,8,,12,10,,13,2,6,5,,7,4,7,4,5,12,11,18,11,10,11,8,10,15,14,15,,14,10,18,11,14,15,13,13,22,7,9,9,11,16,5,8,3,6,7,7,12,6,22,10,4,3,3,17,26,19,19,14,12,14,16,15,17,19,20,16,12,9,10,12,11,16,12,15,10,16,22,18,18,6,8,6,14,,14,11,11,10,19,14,15,12,16,11,13,13,10,5,17,,,6,11,7,,10,10,7,6,15,15,,19,8,12,,,,,9,8,12,19,15,11,5,9,,28,11,8,9,11,17,8,12,20,18,16,,,,,12,10,14,15,18,19,21,,6,6,7,11,16,9,8,9,8,11,11,12,11,12,,6,7,10,11,6,13,16,8,14,,5,8,,10,9,,8,20,8,,6,,9,,6,5,8,14,18,18,7,11,14,10,4,8,8,9,,20,16,3,14,8,27,,13,13,22,22,18,15,,8,9,18,13,16,,23,15,14,,16,4,14,20,9,8,11,,11,22,,22,18,10,11,18,22,10,8,5,,34,13,16,13,10,5,12,11,8,,,30,25,26,9,,10,39,36,26,30,12,4,26,11,11,16,21,11,,22,24,13,20,11,14,13,,11,,6,19,26,11,22,17,14,20,11,13,18,6,13,7,,,21,17,7,13,,22,16,27,10,,2,5,,,11,25,26,7,16,6,8,23,4,24,9,28,14,16,20,,24,11,,20,9,14,11,6,13,12,11,8,10,13,23,7,22,9,24,20,8,14,6,13,15,9,10,12,12,10,10,12,32,15,7,34,8,10,9,8,9,8,4,11,12,11,15,17,20,14,5,,6,14,11,21,8,13,12,,31,29,6,14,11,2,5,18,17,18,25,11,16,20,9,6,8,18,15,,11,37,23,26,14,,12,18,15,16,14,12,16,17,16,7,6,10,25,16,12,11,,8,,9,5,4,11,5,10,24,30,26,26,27,15,13,17,11,9,26,25,7,8,12,14,11,11,5,13,20,19,13,23,7,2,20,5,11,15,4,6,12,10,,11,5,9,8,8,17,12,9,12,14,15,8,17,18,3,23,18,29,19,10,16,7,5,24,13,12,19,12,11,6,13,14,10,16,12,12,12,13,9,10,14,11,10,6,15,14,20,14,12,16,12,10,15,8,9,9,17,,9,7,10,30,16,29,17,16,5,4,19,16,20,15,6,12,6,10,3,16,54,16,31,29,,18,8,9,12,11,13,27,12,14,5,18,15,14,10,15,9,11,18,21,24,5,10,22,12,9,11,20,6,12,6,,11,2,8,10,17,9,18,8,18,26,15,12,16,13,16,11,11,13,12,9,8,,10,13,5,12,10,4,14,20,19,10,12,9,16,,12,10,21,21,3,6,9,6,17,,13,13,13,15,21,9,8,12,10,13,9,,13,,13,6,,5,19,11,16,22,17,14,15,,12,11,12,3,,,5,12,29,14,22,13,21,13,17,9,6,17,19,22,36,32,17,14,22,24,3,8,26,7,16,6,7,14,23,6,17,7,11,17,20,14,15,11,36,9,11,12,15,20,17,11,20,7,12,12,16,16,16,22,20,30,,21,6,9,6,17,15,14,10,7,14,24,11,14,7,20,23,18,14,15,10,25,13,12,,4,3,6,7,13,15,3,10,18,10,16,6,14,16,9,19,15,29,19,17,10,13,12,19,8,6,11,14,15,23,5,9,9,11,25,11,26,13,16,8,6,18,24,12
20210719,16,O3,127,127,138,141,132,131,140,133,126,143,130,151,,,126,,126,140,146,,118,,84,113,,118,140,,135,143,87,130,134,146,98,,112,106,,102,96,92,119,122,,119,,130,126,119,135,132,133,130,131,133,126,,132,133,126,81,96,86,,95,103,98,,98,153,158,148,84,77,,103,115,110,105,108,,108,100,90,110,97,98,,147,134,,,152,149,141,141,106,109,116,,108,130,143,118,127,,142,88,71,84,81,89,97,84,76,76,69,98,96,92,102,95,103,93,93,98,98,144,146,126,,137,138,126,136,128,135,134,141,62,60,51,60,57,,66,48,53,51,144,131,140,128,129,129,110,130,178,102,,122,113,111,112,103,110,110,111,113,88,124,76,,,,99,105,,107,111,108,,,,173,,128,142,136,131,118,134,,146,180,,,,170,170,,187,189,209,124,132,,135,110,117,112,112,104,96,89,,121,,104,95,,122,153,,127,143,130,,148,152,126,112,36,58,54,,,52,50,49,,89,50,86,,100,,,127,,127,130,,61,54,48,35,24,29,,105,95,143,151,142,93,97,95,146,125,136,148,155,121,124,144,,146,69,,50,70,64,49,114,69,64,89,96,96,,89,78,,,86,149,192,152,,149,178,132,218,73,,,71,74,83,82,74,82,47,43,44,51,52,43,,36,60,79,73,79,63,62,77,64,,101,126,183,168,178,193,136,197,157,151,151,154,56,67,,70,70,59,76,67,54,47,64,35,34,32,26,28,41,,51,53,50,29,27,33,28,35,62,66,70,38,,64,65,45,31,34,32,37,65,66,66,62,,,67,62,46,48,40,41,52,49,54,62,71,61,166,149,168,139,123,168,125,139,88,72,67,70,81,114,,129,128,165,152,177,166,165,,,133,149,147,148,147,,228,203,246,174,,,239,151,99,,93,100,88,89,93,87,92,,78,69,86,87,90,78,92,93,85,97,88,87,105,80,66,90,94,110,105,128,,92,85,80,88,,228,159,160,145,,,,192,187,,,,195,208,167,160,140,159,174,,129,192,174,220,162,,137,169,113,133,142,89,99,196,138,163,,157,160,171,152,173,179,186,172,176,,80,86,91,79,72,72,89,104,93,96,91,98,95,95,78,76,68,70,,104,,91,105,108,104,148,,146,138,,,132,136,126,128,,98,122,117,,125,129,121,116,140,105,88,86,92,111,,,,139,,127,133,,139,172,174,158,83,79,88,82,87,87,,106,,,93,,90,78,68,71,78,85,71,83,,109,85,100,88,110,84,88,75,102,97,68,,56,55,51,60,64,61,60,50,,47,83,73,,108,106,,114,116,114,101,93,,82,58,,,134,159,,122,,130,123,131,132,72,73,,68,76,,102,97,,109,,102,100,98,,100,96,90,94,97,,73,75,81,81,77,77,62,106,135,135,121,131,97,74,61,28,78,74,67,102,98,102,100,99,108,107,116,120,108,84,88,80,95,,99,,45,46,40,56,103,102,100,92,99,158,172,151,,139,144,146,,135,90,99,86,98,,119,76,93,,49,,55,52,59,55,106,125,115,,,,85,,104,,98,90,,,89,75,85,69,71,,75,,127,129,133,143,157,127,,114,104,125,150,116,127,,75,,,84,102,102,77,,91,105,112,107,56,99,79,82,84,64,88,84,66,76,67,61,113,108,122,106,116,132,128,150,129,,174,185,172,163,,96,88,77,,,,,128,137,,144,104,122,151,120,92,115,75,83,70,80,80,65,77,104,119,122,,89,96,111,,96,101,,80,105,132,133,123,131,117,129,125,96,100,112,106,,133,135,127,203,186,165,,117,124,,126,108,110,101,114,130,127,157,157,,66,,,83,83,87,100,79,,,,,,88,77,124,,,69,,67,,,142,,119,105,106,125,131,126,142,141,56,,189,164,184,191,183,147,161,162,161,115,146,64,56,,100,125,,112,131,101,94,,,131,72,75,71,69,76,66,73,89,,,180,70,68,70,76,,74,88,111,108,115,106,,,75,71,87,,,83,86,,110,105,94,,94,,169,163,,,98,52,,,196,202,149,,,75,74,107,108,186,180,175,98,93,94,94,87,76,81,66,91,151,130,112,112,75,79,70,72,,147,,96,,93,92,90,112,112,116,109,84,56,58,56,83,,,82,108,105,115,118,65,66,38,84,71,73,88,93,85,72,73,80,,,120,81,74,89,142,148,,81,131,145,,136,137,150,,145,164,150,146,149,88,102,90,69,89,85,84,62,98,100,94,,146,81,82,63,168,188,,154,,151,,,,107,106,110,106,119,111,,79,,88,98,77,71,75,66,59,73,91,99,92,88,93,91,88,88,96,99,102,99,69,,66,81,62,72,60,64,84,126,120,116,115,100,90,89,89,,84,104,117,108,118,103,101,103,108,114,94,97,99,93,101,,100,104,100,60,75,73,76,78,80,75,92,,78,84,79,,47,86,88,107,,120,116,71,,82,86,87,81,87,74,72,79,78,83,133,126,128,,55,51,63,100,108,,118,115,,106,106,128,100,100,92,93,116,117,,104,121,102,,103,110,,127,73,88,80,,84,88,88,80,82,143,122,113,109,129,124,126,120,133,147,124,,106,114,118,112,78,96,93,88,88,92,103,93,122,105,69,79,89,82,82,89,89,102,133,95,80,81,78,71,61,70,70,77,79,81,104,114,85,142,150,158,160,94,86,96,123,118,91,104,,108,106,118,119,83,100,99,117,,112,116,117,121,109,198,198,201,166,104,129,137,134,,143,,,102,107,106,,107,102,102,102,114,,,140,130,130,,,,,154,146,139,147,150,114,88,106,,112,160,170,156,152,144,74,68,59,70,71,,,,,79,84,99,91,64,67,90,,88,132,127,118,123,120,117,129,61,64,85,101,90,92,,47,51,53,53,25,27,139,136,99,,95,84,,125,115,,70,72,93,,111,,116,,70,70,120,123,125,120,122,126,126,129,100,105,90,77,,113,127,91,156,128,156,,106,115,129,127,116,116,,108,99,144,143,146,,147,159,141,,140,210,144,134,120,126,147,,150,172,,172,132,140,139,132,120,124,118,142,,143,129,121,106,107,109,122,130,124,,,126,119,133,93,,104,124,124,150,174,75,75,63,128,114,137,147,76,,100,125,191,204,51,127,147,,159,,132,142,251,104,58,58,120,123,175,141,119,104,155,84,,,103,186,111,144,,172,194,188,123,,102,158,,,78,171,161,77,100,120,71,74,77,152,91,161,,159,103,,128,111,,72,104,159,153,121,136,72,103,49,75,82,77,54,119,95,189,90,101,109,65,102,118,139,86,75,77,79,81,106,156,136,115,125,84,144,148,88,75,84,113,100,129,124,101,58,170,134,93,,133,111,133,78,136,,81,,94,195,112,102,94,98,113,168,200,137,159,91,85,182,110,71,100,174,78,,95,184,143,181,177,,116,51,51,68,73,58,74,71,56,47,123,130,164,168,148,96,,122,,131,95,90,169,110,69,75,63,65,65,45,48,31,36,42,49,,68,44,67,45,74,66,110,99,152,103,155,167,183,156,108,166,115,78,73,84,94,71,77,,58,56,81,102,83,90,108,108,63,111,72,108,108,109,70,71,101,228,211,,184,146,74,128,136,89,92,135,96,100,138,141,137,73,82,68,65,84,141,108,93,116,110,88,119,92,,114,154,114,123,104,108,89,90,85,84,,147,123,110,162,146,121,181,174,123,102,219,134,172,162,112,94,84,119,82,136,179,177,135,155,,54,74,44,55,38,44,49,81,63,56,58,32,78,106,103,128,131,139,98,120,114,123,165,120,159,146,79,53,99,85,,96,108,75,87,80,102,63,63,183,71,136,152,141,143,90,135,147,225,113,108,71,,136,160,174,152,80,83,,142,139,120,144,121,179,,139,198,134,111,48,77,108,77,175,,92,100,112,125,76,91,88,77,94,61,54,,53,,140,111,,97,75,75,68,162,142,111,66,,61,128,131,124,,,77,116,150,137,101,119,89,91,114,118,111,130,137,99,98,106,114,120,130,112,51,58,81,73,80,96,67,63,134,122,110,73,102,77,117,81,155,134,151,,113,88,112,101,91,69,156,92,31,71,57,63,64,95,170,177,,140,102,57,58,99,164,138,70,77,134,119,122,154,151,170,129,89,147,111,87,138,95,99,,90,73,71,124,76,106,106,75,118,130,128,117,112,138,108,139,159,167,135,82,98,91,110,108,118,125,117,103,146,152,133,117,118,99,88,102,80,59,126,150,117,96,137,116
20210719,16,O3_24h,127,127,138,141,132,131,140,133,126,143,130,151,,,139,,163,158,146,,153,,116,177,,148,166,,135,143,111,130,134,146,111,,149,128,,126,127,96,119,122,,119,,130,126,119,135,132,143,132,132,133,126,,132,133,126,81,96,88,,95,134,134,,138,153,158,148,157,123,,103,115,112,105,108,,115,100,99,112,102,104,,162,143,,,167,166,150,158,152,161,134,,150,134,146,148,131,,145,109,99,108,105,106,108,111,93,100,92,103,102,99,103,109,110,100,99,98,102,146,146,126,,146,154,137,143,131,135,134,141,101,97,93,100,96,,106,93,97,91,144,131,140,128,129,129,117,130,178,111,,122,113,111,112,105,114,136,131,132,115,140,96,,,,103,144,,114,114,110,,,,190,,147,142,146,148,120,135,,150,185,,,,174,178,,199,189,209,124,132,,135,110,117,112,112,105,103,96,,121,,106,95,,171,160,,162,154,177,,181,164,148,133,73,89,82,,,91,80,80,86,89,77,90,,101,,,134,,143,142,,84,83,76,87,83,89,,114,122,143,151,142,119,112,103,146,170,156,170,164,142,145,144,64,148,80,,80,75,77,57,121,126,130,106,107,120,,104,102,,,104,179,201,161,,160,212,186,233,94,,,81,82,87,91,90,90,81,84,80,83,82,81,,67,85,147,140,122,132,104,125,99,,127,126,197,170,178,193,150,197,157,164,162,154,141,182,,115,71,103,109,147,76,124,104,44,44,45,46,44,56,,53,57,59,49,58,54,63,81,180,160,177,135,,156,150,145,95,103,105,97,132,141,161,112,,,84,83,67,74,67,62,61,60,191,189,195,202,184,186,193,179,159,168,168,139,99,88,78,85,89,121,,129,140,165,170,177,205,165,,,150,170,150,155,156,,228,203,246,183,,,239,151,100,32,93,105,88,89,95,95,92,,102,94,86,91,90,80,118,114,116,115,115,128,105,93,95,93,94,110,105,128,,96,86,95,89,,228,164,202,191,,,,192,187,,,,195,208,167,160,140,159,209,,144,192,184,220,164,43,139,172,119,133,143,90,114,196,138,168,,161,160,182,159,173,179,186,174,176,,108,114,118,113,109,107,124,119,104,106,96,99,99,102,107,110,101,95,,107,,98,110,113,108,161,,162,138,,,132,136,126,186,,114,124,122,,125,129,121,116,144,105,96,98,94,117,,,,139,,127,133,,139,172,174,158,83,84,96,83,121,87,,128,,,154,,143,125,120,81,85,90,93,83,,116,104,114,108,113,111,103,87,106,102,77,41,78,88,78,80,71,70,67,59,,58,113,105,,108,106,,114,116,114,101,110,,134,88,,,134,159,,122,,130,135,131,132,79,80,,79,82,,113,110,,122,,104,108,103,,108,97,103,102,105,,86,108,90,89,86,86,68,145,153,143,132,131,136,99,81,68,96,97,83,110,101,107,109,105,113,116,116,120,120,95,88,82,95,,99,46,90,95,92,80,116,102,107,100,107,158,172,151,,150,146,147,,135,106,116,94,98,,119,92,95,,78,,82,81,95,82,106,125,115,,,,87,,104,,98,90,83,,89,82,89,74,84,,86,,127,129,133,152,157,130,,114,106,125,150,118,127,,108,,,104,103,102,77,,112,111,123,110,90,99,83,102,141,142,126,141,123,143,76,70,147,160,166,145,116,132,128,150,129,,175,185,172,163,43,131,148,101,,,,,247,197,,183,113,140,151,139,120,117,126,110,108,111,125,81,93,106,119,122,,96,102,120,,137,138,,126,146,157,146,138,150,150,156,158,117,121,128,114,,143,155,148,206,186,165,108,118,130,,126,108,133,121,128,130,127,157,157,,81,,,98,98,95,102,91,76,,82,,,100,92,126,,,93,,84,,,142,,124,134,129,142,152,150,153,160,119,,189,164,196,204,195,165,168,162,161,115,146,93,79,,100,125,,142,131,113,100,,,151,85,83,81,79,92,90,93,107,,,182,77,72,76,76,,74,122,123,118,126,112,70,,87,89,115,,,115,102,,110,105,117,,116,,192,185,,,98,66,,,196,202,153,,,86,91,119,116,189,184,177,99,98,101,100,91,91,98,79,107,168,191,153,116,76,80,70,75,,192,107,96,,93,92,90,112,115,127,110,90,91,79,98,95,,,103,130,126,133,190,118,113,109,103,106,115,91,151,122,118,132,122,,,120,82,82,96,151,151,,98,133,151,,140,141,150,,154,164,150,146,149,97,105,94,136,159,146,172,95,136,134,113,,146,115,104,82,176,188,,154,,151,,,,111,106,115,108,122,114,,129,,132,135,136,86,90,84,80,85,99,108,104,101,102,99,98,100,112,118,136,141,94,,86,81,85,94,86,84,84,131,124,116,120,100,90,89,89,,88,105,117,108,118,116,114,117,120,129,106,110,109,108,101,,100,104,100,104,107,107,107,107,85,83,109,,78,88,88,,95,94,96,112,,133,128,89,,93,102,109,97,110,96,91,101,98,104,133,126,130,,84,89,98,110,122,,129,140,77,106,106,128,108,112,99,102,141,132,,121,131,120,,108,113,,127,118,118,121,,96,98,93,94,91,156,122,117,114,129,129,138,120,133,147,124,,139,147,157,136,110,118,116,119,124,140,118,131,122,123,69,94,128,104,110,100,89,102,133,98,80,82,80,119,102,143,131,77,79,81,108,122,113,142,150,158,160,130,130,127,137,145,157,164,66,130,120,127,127,100,100,151,154,,160,116,117,123,119,198,198,201,173,114,130,143,139,81,149,,,125,120,120,,115,129,120,114,125,102,,142,130,130,,,,,154,146,139,147,150,153,122,125,,120,160,170,156,155,146,87,71,77,74,82,,,,,106,89,99,91,70,70,94,,88,132,127,121,123,123,121,134,75,77,95,101,92,93,,84,84,62,58,41,49,140,141,99,,95,84,,125,119,,82,76,93,,111,,132,,87,77,124,128,141,129,157,151,153,155,103,105,97,107,,150,147,116,176,150,157,,136,147,151,148,138,140,,131,120,158,155,146,,155,167,147,,148,219,146,150,121,134,189,,185,172,,173,136,143,140,132,120,151,148,142,,143,129,121,146,138,111,124,136,129,,,126,127,133,95,,104,131,127,165,177,144,82,126,144,176,146,147,90,,119,125,191,204,79,147,150,,159,,139,142,251,122,81,79,136,144,175,147,150,122,155,99,,,142,186,111,161,,174,194,188,133,,102,159,,,89,186,170,85,107,126,79,81,157,158,106,162,105,217,113,,140,126,,109,110,173,159,126,148,82,130,78,78,120,99,72,148,102,207,95,105,109,70,104,122,148,86,80,80,82,81,107,156,136,115,125,93,162,150,110,112,115,113,100,141,136,101,144,176,134,93,,135,128,133,85,136,100,105,,96,210,112,138,94,99,130,168,204,137,160,91,85,190,112,93,100,174,127,,95,218,171,181,177,,134,91,106,95,103,104,108,115,99,95,123,130,172,208,148,105,,125,,131,108,93,169,110,83,104,113,108,92,94,89,45,53,52,80,45,171,67,79,63,98,81,110,110,152,127,169,167,183,156,114,176,118,138,146,86,94,87,94,,72,83,103,102,116,94,115,131,91,113,126,114,125,169,93,105,128,228,211,197,184,146,88,175,136,118,97,135,96,100,161,156,137,94,93,87,99,117,146,113,103,122,116,96,156,138,148,124,154,130,128,112,116,98,100,100,110,,147,127,110,171,146,125,181,174,123,102,219,154,172,162,127,127,107,122,94,139,188,205,135,155,,79,78,77,68,54,60,147,102,167,73,73,101,94,106,149,128,132,139,136,136,124,132,165,153,159,146,132,86,99,94,,99,108,92,108,116,110,102,85,183,87,177,187,195,143,151,160,147,225,161,113,109,,136,177,174,152,92,90,162,142,139,126,144,140,183,,139,198,134,123,66,143,108,113,175,,153,138,175,134,117,97,96,90,98,70,67,,101,,142,113,,107,89,127,84,162,142,111,78,,86,135,131,124,,,78,131,150,137,101,142,136,126,141,118,111,150,162,121,109,109,123,133,138,135,80,81,93,84,81,96,89,82,134,128,110,87,113,97,117,88,155,140,151,116,126,103,151,106,93,76,195,165,49,77,143,79,88,122,174,184,,151,109,84,83,99,164,234,78,81,224,158,134,156,198,177,134,124,147,128,118,186,95,125,,90,98,91,135,108,122,106,114,118,130,128,117,112,138,108,139,190,181,135,93,106,110,136,145,118,125,117,103,157,155,140,120,118,99,115,102,102,88,164,164,120,96,137,128
20210719,16,O3_8h,86,83,93,92,84,81,72,85,73,84,76,83,,,88,,106,118,88,,107,,92,131,,111,142,,81,89,77,76,77,88,84,,106,98,,97,96,80,99,102,,102,,90,90,78,110,108,118,108,105,105,106,,111,112,108,58,72,62,,69,89,83,,84,118,116,110,104,89,,84,88,78,82,76,,84,79,69,75,79,79,,124,115,,,126,122,116,118,94,95,97,,93,107,111,102,106,,113,92,76,86,86,90,99,85,83,89,81,92,92,89,95,83,101,89,90,93,93,128,123,115,,131,130,121,126,114,116,120,123,71,68,68,66,68,,75,48,67,59,108,106,108,109,105,129,96,113,124,81,,103,96,97,90,92,98,102,97,98,84,100,85,,,,76,87,,88,91,87,,,,135,,117,119,120,119,98,124,,119,140,,,,136,142,,142,140,151,96,101,,106,93,97,92,91,90,98,91,,92,,92,82,,114,113,,113,110,119,,122,124,111,100,47,70,59,,,61,59,65,60,64,58,67,,84,,,108,,123,121,,64,58,56,40,30,33,,95,91,104,107,101,74,76,72,110,114,122,130,129,104,106,110,,126,67,,57,67,66,49,95,93,87,80,82,88,,73,78,,,78,134,148,129,,120,150,128,161,80,,,74,76,78,84,78,82,40,43,42,44,39,39,,32,46,78,84,84,79,75,84,64,,96,99,134,124,122,135,110,128,113,120,116,115,46,50,,51,46,56,61,53,50,43,62,32,28,25,23,22,38,,45,44,40,38,30,33,32,32,41,40,47,46,,38,53,39,38,40,35,38,53,53,51,49,,,55,54,46,47,42,40,46,45,56,65,64,62,118,113,123,107,102,114,101,101,68,64,64,66,72,94,,97,87,113,100,100,98,100,,,97,88,83,98,89,,151,135,130,111,,,156,115,71,,69,74,64,62,69,68,66,,63,59,67,70,74,66,70,73,63,73,63,60,70,59,51,60,66,68,81,78,,70,66,53,62,,175,144,141,130,,,,133,156,,,,155,165,87,77,77,86,109,,94,132,118,140,124,,109,125,98,107,113,79,87,137,95,134,,127,128,138,123,144,145,155,153,143,,95,102,94,71,70,65,80,96,88,90,84,90,87,91,89,89,82,81,,97,,88,100,100,89,120,,121,111,,,112,117,109,138,,98,110,109,,99,104,98,94,122,78,78,78,84,86,,,,110,,96,107,,113,137,135,125,80,78,88,70,84,72,,106,,,80,,78,76,76,62,66,66,70,69,,90,82,89,86,83,83,79,75,85,78,73,,68,46,40,45,59,57,54,42,,45,71,63,,80,78,,73,74,76,66,77,,69,52,,,87,106,,104,,106,117,106,106,65,66,,65,68,,76,74,,80,,84,87,82,,89,81,91,90,92,,79,78,86,78,81,80,62,114,116,112,106,104,99,86,68,54,86,86,72,99,90,96,97,96,107,102,103,108,110,85,75,72,83,,87,,65,78,71,66,95,93,91,83,96,125,132,126,,120,129,125,,111,82,91,78,84,,99,75,82,,42,,49,46,53,50,87,84,81,,,,58,,68,,66,62,,,62,53,55,68,68,,73,,92,89,89,98,113,97,,97,82,104,112,104,105,,92,,,96,75,75,63,,72,75,87,81,67,91,77,88,106,99,98,102,98,103,65,56,92,93,107,89,87,85,90,94,97,,93,112,91,99,,89,88,66,,,,,114,120,,119,96,112,126,111,97,101,72,67,60,74,68,64,70,84,86,90,,70,75,77,,85,90,,76,84,102,106,97,105,98,107,108,81,89,95,87,,113,117,117,174,156,139,,92,97,,96,80,86,73,93,105,103,122,122,,75,,,82,82,83,94,87,,,,,,85,74,98,,,70,,71,,,116,,104,100,96,112,117,115,108,110,82,,134,109,138,141,133,130,127,123,121,96,117,77,66,,78,97,,93,92,79,75,,,111,71,72,70,66,73,72,75,87,,,125,66,65,67,66,,68,81,104,100,107,96,,,73,70,74,,,70,63,,89,83,79,,77,,151,159,,,89,61,,,148,156,120,,,72,82,96,94,171,171,170,96,93,95,94,86,85,89,72,93,110,117,96,92,65,67,60,64,,119,,92,,84,83,72,86,106,107,93,80,62,60,68,70,,,82,115,110,118,142,91,81,75,82,84,87,84,115,100,86,99,89,,,98,62,64,73,113,116,,49,116,119,,117,114,122,,123,122,122,118,124,82,93,84,85,102,93,83,68,98,84,87,,112,74,78,58,132,142,,115,,113,,,,96,94,97,96,99,109,,84,,107,107,107,75,81,71,65,74,86,94,90,87,86,78,78,80,88,93,101,94,75,,71,65,64,73,64,65,57,93,86,88,80,84,79,78,76,,71,91,90,80,76,90,84,89,90,98,82,86,82,85,81,,78,82,79,79,74,75,74,74,62,64,83,,52,71,69,,48,56,54,76,,113,109,65,,73,79,82,76,82,60,58,65,62,67,100,96,99,,45,50,54,82,93,,91,101,,74,68,91,81,82,79,81,89,86,,87,98,85,,90,96,,97,75,80,77,,84,82,83,72,67,114,88,85,92,97,94,108,98,101,118,97,,104,110,116,108,78,82,77,71,72,92,94,88,96,96,53,66,81,68,68,81,63,79,92,75,50,61,60,81,74,75,78,48,53,49,78,85,72,104,114,115,121,94,86,87,95,100,89,100,,85,77,102,99,62,74,88,98,,97,91,84,89,89,130,128,130,112,75,88,97,96,,103,,,95,94,101,,90,80,73,70,84,62,,87,84,80,,,,,108,105,95,99,103,90,79,87,,85,118,126,134,122,104,61,57,55,60,58,,,,,69,68,65,62,51,50,65,,56,101,97,99,93,112,108,116,54,56,78,83,78,82,,43,46,48,48,22,24,110,112,69,,56,48,,95,94,,58,56,75,,89,,100,,45,41,96,93,99,97,112,112,114,117,77,80,68,74,,116,119,98,139,125,119,,98,107,117,115,109,110,,101,93,119,118,116,,125,138,112,,118,176,134,119,94,121,133,,140,147,,150,122,126,120,103,93,112,112,105,,91,97,88,90,97,101,95,104,98,,,89,87,97,73,,82,90,94,88,102,102,70,47,102,132,118,89,76,,77,118,140,146,62,127,119,,114,,111,113,159,68,47,47,110,100,142,120,99,95,124,81,,,90,120,90,116,,148,156,149,94,,89,119,,,83,146,137,75,81,97,74,71,94,120,77,92,,101,74,,89,107,,64,80,108,110,107,126,68,109,43,73,73,80,58,93,57,140,83,89,97,67,94,99,108,68,66,68,71,68,86,116,115,99,77,77,129,108,95,95,96,78,66,95,104,79,77,133,96,64,,101,90,105,61,108,76,77,,66,156,94,102,82,86,100,124,145,108,119,64,75,146,87,78,66,107,85,,92,154,122,139,146,,107,72,53,76,68,63,76,76,66,50,93,107,134,153,114,94,,102,,106,92,89,127,89,53,60,49,47,48,43,42,31,33,36,40,,58,40,73,47,66,54,74,94,114,96,139,134,140,119,95,133,93,85,82,64,64,62,68,,48,48,82,89,92,77,81,99,56,84,70,90,85,80,59,68,82,142,143,134,121,102,79,132,109,98,82,104,88,91,131,114,87,62,76,68,84,80,113,78,74,90,86,88,107,110,56,84,116,93,110,87,97,85,87,72,83,,111,79,69,133,115,108,138,131,101,93,156,124,134,126,105,97,95,96,83,105,108,125,84,91,,51,63,49,42,36,36,38,75,54,50,48,32,65,67,107,101,106,74,73,99,102,102,125,127,117,112,102,48,61,66,,56,74,73,83,93,90,77,47,118,67,110,139,118,109,88,108,115,151,121,92,84,,113,133,128,120,80,82,119,110,108,113,128,118,155,,124,165,86,94,48,102,86,91,107,,90,94,96,98,71,68,66,66,86,61,59,,50,,103,90,,75,54,64,60,114,111,90,58,,69,118,109,108,,,70,110,86,104,60,111,99,101,109,78,82,117,115,93,91,83,99,107,110,103,41,46,78,55,64,68,62,67,80,97,75,74,76,72,76,65,115,112,94,109,113,77,98,84,74,67,143,80,30,59,52,54,54,77,126,131,,122,90,51,51,85,108,121,71,78,134,123,109,104,138,144,89,80,96,76,75,124,83,95,,77,58,68,110,64,87,80,63,68,78,84,71,82,112,74,113,137,134,99,74,68,89,108,107,90,73,76,64,110,133,95,115,90,89,90,93,79,71,111,132,95,75,85,105
20210719,16,O3_8h_24h,86,83,93,92,84,81,72,85,73,84,76,83,,,88,,106,118,88,,107,,92,131,,111,142,,81,89,77,76,77,88,111,,106,98,,97,96,92,99,102,,102,,90,90,78,110,108,118,108,105,105,106,,111,112,108,58,72,62,,69,89,83,,84,118,116,110,104,89,,84,88,78,82,76,,84,79,69,75,79,79,,124,115,,,126,122,116,118,94,95,97,,93,107,111,102,106,,113,92,86,87,86,90,99,85,83,89,81,92,92,89,95,83,101,89,90,93,93,128,123,115,,131,130,121,126,114,116,120,123,71,68,68,66,68,,75,48,67,63,108,106,108,109,105,129,96,113,124,81,,103,96,97,90,92,98,102,97,98,84,100,85,,,,76,87,,88,91,87,,,,135,,117,119,120,119,98,124,,119,140,,,,136,142,,142,140,151,96,101,,106,93,97,92,91,90,98,91,,92,,92,82,,114,113,,113,110,119,,122,124,111,100,54,74,63,,,61,66,72,60,70,61,67,,84,,,108,,123,121,,64,83,71,44,39,39,,95,91,104,107,101,74,76,72,110,114,122,130,129,104,106,110,52,126,72,,57,67,66,49,95,93,87,80,82,88,,73,78,,,78,134,148,129,,120,150,128,161,82,,,74,78,87,84,79,82,54,56,49,60,50,55,,50,64,78,84,84,79,82,84,64,,96,99,134,124,122,135,110,128,113,120,116,115,46,50,,51,46,56,61,53,50,43,62,34,32,30,29,27,38,,45,44,42,38,35,41,32,32,41,40,47,46,,38,53,39,38,40,35,38,53,53,51,49,,,55,54,46,47,42,40,46,45,56,65,67,62,118,113,123,107,102,114,101,101,68,64,64,66,72,102,,97,87,113,100,100,98,100,,,97,88,83,98,89,,151,135,130,111,,,156,115,71,32,69,74,64,62,69,68,66,,63,62,67,70,74,66,70,74,74,73,71,82,76,61,51,77,68,91,81,78,,86,66,53,62,,175,148,141,130,,,,133,156,,,,155,165,87,77,77,86,109,,94,132,118,140,124,37,109,125,98,107,113,79,87,137,95,134,,127,128,138,123,144,145,155,153,143,,95,102,94,71,70,65,80,114,103,96,84,90,87,91,89,89,82,81,,97,,88,100,100,89,120,,121,111,,,112,117,109,138,,98,110,109,,99,104,98,94,122,78,78,78,84,86,,,,110,,96,107,,113,137,135,125,82,78,88,70,84,72,,106,,,80,,78,76,76,72,78,74,75,76,,90,82,89,86,83,83,79,75,85,78,74,39,68,51,47,47,59,57,54,56,,58,71,63,,80,78,,73,74,76,66,77,,69,52,,,87,106,,104,,106,117,106,106,65,66,,65,68,,76,74,,80,,84,87,82,,89,81,91,90,92,,79,78,86,78,81,80,62,114,116,112,106,104,99,86,68,54,86,86,72,99,90,96,97,96,107,102,103,108,110,85,75,72,83,,87,42,65,78,71,66,107,93,92,92,98,125,132,126,,120,129,125,,111,82,91,78,84,,99,75,85,,64,,69,66,72,65,87,84,81,,,,58,,68,,86,82,80,,67,61,62,68,68,,73,,92,89,89,98,113,97,,97,82,104,112,104,105,,92,,,97,75,75,63,,72,75,87,81,67,91,77,88,106,99,98,102,98,103,65,56,106,104,107,100,87,85,90,94,97,,93,112,91,99,38,89,88,66,,,,,117,120,,119,96,112,126,111,97,101,72,67,60,74,68,64,70,84,86,90,,76,75,77,,85,90,,86,84,102,106,97,105,98,107,108,81,89,95,87,,113,117,117,174,156,139,126,96,97,,96,80,123,101,108,105,103,122,122,,75,,,82,82,83,94,87,80,,94,,,85,74,98,,,83,,82,,,116,,104,100,96,112,117,115,108,110,82,,134,109,138,141,133,130,127,123,121,96,117,77,66,,78,97,,93,92,79,75,,,111,71,72,70,66,75,72,75,87,,,125,68,65,69,67,,68,81,104,100,107,96,67,,73,70,75,,,76,74,,89,83,79,,77,,161,159,,,89,61,,,148,156,120,,,72,82,96,94,171,171,170,96,93,95,94,86,88,89,72,93,110,117,96,92,65,67,60,64,,119,101,92,,84,83,72,86,108,123,93,80,62,60,68,70,,,82,115,110,118,142,91,81,75,82,84,87,84,115,100,86,99,89,,,98,62,64,73,113,116,,49,116,119,,117,114,122,,123,122,122,118,124,82,93,84,85,102,93,83,68,98,84,87,,112,74,78,58,132,142,,115,,113,,,,96,94,97,96,99,109,,84,,107,107,107,75,81,71,66,74,86,94,90,87,86,78,78,80,88,93,101,94,75,,71,65,64,73,64,65,57,93,86,88,80,84,79,78,76,,71,91,90,80,76,90,84,89,90,98,82,86,82,85,81,,78,82,79,79,74,75,74,74,62,64,83,,55,71,69,,81,83,76,89,,113,109,89,,93,79,82,76,82,78,74,82,78,85,100,96,99,,76,68,84,82,93,,91,101,82,74,68,91,81,82,79,81,89,86,,87,98,85,,90,96,,97,75,80,77,,84,82,83,72,67,114,88,85,92,97,94,108,98,101,118,97,,104,110,116,108,78,82,77,71,72,92,94,88,96,96,53,66,81,68,68,81,63,79,92,75,50,61,60,81,74,75,78,48,53,49,78,85,72,104,114,115,121,94,87,87,95,100,89,100,85,85,77,102,99,62,74,88,98,,97,91,84,89,89,130,128,130,112,75,88,97,96,77,103,,,95,94,101,,90,80,75,70,84,66,,87,84,80,,,,,108,105,95,99,103,90,79,87,,85,118,126,134,122,104,61,57,55,60,58,,,,,69,68,67,62,54,51,65,,56,101,97,99,93,112,108,116,54,56,78,83,78,82,,54,46,48,48,22,24,110,112,69,,56,48,,95,94,,58,56,75,,89,,116,,45,41,96,93,99,97,112,112,114,117,77,80,68,74,,116,119,98,139,125,119,,98,109,117,115,109,110,,101,93,119,118,116,,125,138,112,,118,176,134,134,94,121,133,,140,147,,150,122,126,120,103,93,112,112,105,,91,97,88,105,104,101,95,104,98,,,89,87,97,73,,82,90,94,88,102,102,70,47,102,132,118,89,76,,77,118,140,146,68,127,119,,114,,111,113,159,68,47,47,110,100,142,120,99,95,124,81,,,90,120,90,116,,148,156,149,94,,89,119,,,83,146,137,75,81,97,74,71,94,120,77,92,104,101,74,,89,107,,64,80,108,110,107,126,68,109,47,73,73,80,59,93,84,140,83,89,97,67,94,99,108,68,66,68,71,68,86,116,115,102,77,93,129,108,95,96,97,82,66,95,104,79,84,133,96,83,,101,90,105,61,108,76,77,,66,156,94,102,82,86,114,124,145,108,119,68,75,146,87,78,66,107,85,,92,154,122,139,146,,107,72,64,76,76,63,76,76,66,51,93,107,134,153,114,94,,102,,106,92,89,127,89,53,60,49,47,48,43,42,32,34,38,47,53,58,40,73,47,66,54,74,94,114,96,139,134,140,119,95,133,93,85,82,82,79,84,94,,60,62,82,89,92,77,81,99,56,84,70,90,93,80,67,68,86,142,143,134,121,102,79,132,109,98,82,104,88,91,131,114,87,62,76,68,84,80,113,78,74,90,86,88,107,110,56,84,116,93,110,87,97,85,87,72,83,,111,79,69,133,115,108,138,131,101,93,156,124,134,126,105,97,95,96,90,111,108,125,84,91,,51,69,49,42,36,46,38,75,54,50,48,32,65,67,107,101,106,74,73,99,102,102,125,127,117,112,102,67,61,68,,80,86,76,83,93,106,77,58,118,67,110,139,118,109,88,116,115,151,121,92,84,,113,133,128,120,80,86,119,110,108,113,128,118,155,,124,165,86,94,48,102,86,91,107,,90,94,96,98,71,68,66,66,86,61,59,,63,,103,90,,75,54,64,60,114,111,90,58,,69,118,109,108,,,70,110,86,104,60,111,99,101,109,78,82,117,115,93,91,83,99,107,110,103,49,66,78,74,65,68,82,67,80,97,75,74,76,72,76,65,115,112,94,109,113,77,98,84,74,68,155,80,30,71,52,54,54,77,126,131,,122,90,71,70,85,108,121,74,78,134,123,109,104,138,144,89,80,96,76,75,124,83,95,,77,70,76,110,68,87,80,73,68,78,84,71,82,112,74,113,137,134,99,74,89,89,108,107,90,73,76,64,110,133,95,115,90,89,90,93,79,77,111,132,95,75,85,105
20210719,16,CO,0.6,0.5,0.8,0.8,0.8,0.8,0.5,0.8,0.6,0.5,0.7,0.6,,,0.7,,0.6,0.7,0.5,,0.6,,0.5,0.5,,0.5,0.6,,0.4,0.5,0.5,0.6,0.6,0.3,0.6,,0.6,0.4,,0.9,0.4,0.4,0.1,0.5,,0.3,,0.5,0.7,0.4,0.1,0.4,0.2,0.1,0.1,0.1,0.4,,0.5,0.6,0.1,0.7,0.7,0.8,,0.8,0.5,0.5,,0.4,0.4,0.2,0.2,0.3,0.4,,0.1,0.4,0.4,0.3,0.6,,0.7,0.5,,0.7,,0.6,,0.5,0.5,,,0.4,0.5,0.5,0.4,0.5,0.3,0.6,,0.4,0.5,0.5,0.3,0.5,,0.6,0.8,0.6,0.5,0.5,0.4,0.5,0.5,0.4,0.4,0.7,0.4,0.4,0.5,0.4,0.4,0.2,0.4,0.4,0.3,0.3,0.5,0.7,0.6,,0.6,0.6,0.5,0.5,0.3,0.6,0.5,0.3,0.4,0.4,0.3,0.4,0.3,,0.3,0.3,0.3,0.3,0.2,0.4,0.1,0.3,0.5,0.4,0.3,0.5,0.4,0.2,,0.3,0.4,0.3,0.1,0.2,0.5,0.4,0.3,0.4,0.5,0.5,0.2,,,,0.4,0.3,,0.5,0.3,0.2,,,,0.8,,0.3,0.1,0.3,0.3,0.3,0.2,,0.2,0.4,,,,0.6,0.5,,0.6,0.7,0.5,0.3,0.5,,0.1,0.3,0.3,0.2,0.2,,0.5,0.4,,0.4,,0.3,0.4,,0.3,0.6,,0.5,0.3,0.7,,0.4,0.3,0.4,0.2,0.4,0.4,0.4,,,0.2,0.3,0.4,0.5,0.4,0.4,0.5,,0.3,,,0.4,,0.5,0.5,,0.2,0.3,0.2,0.3,0.3,0.4,,0.3,0.4,0.3,0.1,0.4,0.3,0.2,0.4,0.5,0.4,0.4,0.6,0.4,0.5,0.5,0.4,,0.5,0.3,,0.4,0.5,0.4,0.4,0.3,0.4,0.2,0.7,0.5,0.5,,0.7,0.5,,,0.6,0.6,0.4,0.5,,0.3,0.6,0.5,0.6,0.3,,,0.1,0.3,0.4,0.1,0.1,0.3,0.6,0.5,0.6,0.5,0.6,0.6,,0.6,0.6,0.8,0.8,0.5,0.9,0.7,0.4,0.8,,0.8,0.4,0.6,0.6,0.6,0.6,0.5,0.6,0.4,0.4,0.4,0.4,0.5,0.7,,0.5,0.4,0.5,0.6,0.6,0.5,0.6,0.4,0.4,0.6,0.6,0.5,0.4,0.4,,0.8,0.4,0.4,0.5,0.5,0.6,0.4,0.6,0.3,0.5,0.4,0.3,,0.5,0.4,0.4,0.6,0.5,,0.5,,0.6,0.5,0.5,,,0.6,0.5,0.7,0.4,0.5,0.4,0.7,0.5,0.4,0.4,0.3,0.3,0.6,0.6,0.5,0.6,0.4,0.7,0.6,0.5,0.3,0.4,0.5,0.4,0.4,0.5,,0.3,0.4,0.6,0.8,1.1,0.3,0.3,,,0.5,0.6,0.7,0.1,0.7,,0.5,0.3,0.6,0.5,,,0.7,0.4,0.2,,0.4,0.5,0.5,0.3,0.4,,0.6,,0.3,0.2,0.3,0.3,0.2,0.4,0.2,0.3,0.2,0.4,0.4,0.2,0.4,0.7,0.6,0.6,0.6,0.4,0.7,0.4,,0.7,0.9,0.6,,,0.7,0.3,0.4,0.3,,,,1.3,0.3,,,,0.4,0.6,0.6,0.5,0.5,0.2,0.8,,0.5,0.7,0.9,0.9,0.5,,0.8,0.7,0.5,0.7,0.6,0.3,,0.6,0.7,0.4,,0.5,0.8,0.6,0.7,0.7,0.6,0.7,0.6,0.6,,0.3,1,0.3,0.3,,0.4,0.5,0.6,0.5,0.6,0.5,0.6,0.3,0.4,0.2,0.3,0.2,0.3,,0.4,,,0.5,0.3,0.7,0.5,,0.5,0.5,,,0.3,0.5,0.5,0.1,,0.2,0.4,0.2,,0.2,0.1,0.1,0.4,0.3,0.2,0.1,0.3,0.2,0.3,,,,0.4,,0.2,0.6,,0.4,0.5,0.8,0.6,0.4,0.2,0.2,0.3,0.4,0.3,,0.3,,,0.7,,0.7,0.5,0.7,0.4,0.6,0.5,0.2,0.4,,0.6,0.3,0.6,0.5,0.5,0.4,0.4,,0.6,0.6,0.4,,0.5,0.4,0.6,0.5,0.6,0.6,,0.4,,0.6,,0.4,,0.6,0.6,,0.4,0.7,0.7,0.5,0.6,,0.5,0.4,,,0.5,0.6,,0.5,,,0.5,0.5,0.4,0.7,0.5,,0.7,0.8,,0.5,0.5,,0.5,,0.7,0.6,0.8,,0.5,0.6,0.4,0.2,0.1,,0.4,0.6,0.4,1,1.1,0.3,0.2,0.3,0.6,0.6,0.6,0.7,0.4,0.3,0.8,2.8,0.6,0.6,0.4,0.7,0.5,0.4,0.5,0.5,0.6,0.5,0.5,0.7,0.6,0.5,0.5,0.5,0.2,,0.1,,0.4,0.3,0.3,0.3,0.4,0.5,0.5,0.3,0.5,0.5,0.7,0.5,,0.7,0.5,0.6,,0.4,0.6,0.5,0.5,0.8,,0.6,1.9,0.3,,0.7,,0.7,0.4,0.4,0.4,,0.7,0.4,,,,0.6,,0.5,,0.4,0.4,,,0.6,0.7,0.6,0.5,0.5,,0.5,,0.3,0.5,0.4,0.5,0.5,0.7,,0.6,0.5,0.4,0.7,0.5,0.5,,0.7,,,0.7,0.4,0.3,0.6,,0.7,0.7,0.5,0.6,0.7,0.5,0.5,0.7,0.6,0.9,1.2,0.6,1.3,0.8,0.3,0.3,0.6,0.4,0.7,,0.5,0.6,0.5,0.4,0.6,,0.6,3,1.7,0.5,,0.6,0.8,0.7,,,,,0.4,0.4,,0.5,0.6,0.4,0.3,0.3,0.3,0.3,0.5,0.3,0.5,0.4,0.3,0.3,0.4,0.8,0.6,0.8,,0.7,0.6,0.9,,0.6,0.5,,0.5,0.6,0.8,0.5,0.8,0.7,0.4,0.4,0.5,0.7,0.6,0.7,0.7,,0.4,0.5,0.2,0.3,0.2,0.2,,0.6,0.4,,0.6,0.2,0.3,0.5,0.3,0.2,0.5,0.2,0.2,,0.3,,,0.3,0.3,0.2,0.2,0.3,,,,,,0.3,0.3,0.4,,,0.3,,0.4,,,0.7,,0.6,0.2,0.6,0.5,0.6,0.8,0.3,0.7,0.7,,0.6,0.6,0.6,0.5,0.6,0.3,0.3,0.3,0.3,0.6,0.6,0.2,0.4,,0.5,0.3,,0.4,0.4,0.6,0.6,,,0.6,0.5,0.5,0.5,,0.5,0.7,0.7,,,,,0.5,0.6,0.7,0.5,,0.4,0.5,0.3,0.6,0.6,0.4,,,0.4,0.7,0.7,,,0.7,0.6,,0.6,0.6,,,0.4,,0.7,0.7,,,,0.5,,,0.6,0.5,0.3,,,0.3,0.4,0.3,0.2,0.3,0.2,0.3,0.4,0.2,0.4,0.4,0.6,0.4,0.3,0.4,0.8,0.5,0.4,0.4,0.6,0.4,0.5,0.5,0.3,,0.5,,0.3,,0.2,0.4,0.5,0.5,0.5,0.4,0.5,0.5,0.4,0.5,0.4,0.4,,,0.4,0.6,0.6,0.6,0.5,1,1.4,1.3,1.3,0.4,0.6,0.5,0.6,0.5,0.6,0.6,0.5,,,0.4,0.4,0.4,0.4,0.5,0.4,,0.6,0.4,0.5,,0.6,0.6,0.5,,0.5,0.5,0.5,0.5,0.5,0.4,0.5,0.4,0.6,0.3,0.5,0.5,0.5,0.4,0.8,0.8,,0.7,0.3,0.2,,0.6,0.4,,0.6,,0.5,,,,0.4,,0.6,0.6,0.6,,,0.3,,0.4,0.4,0.4,0.4,0.3,0.5,0.5,0.4,0.4,0.4,0.5,0.4,0.2,0.4,0.4,0.4,0.3,0.5,0.4,0.5,0.3,,0.5,0.4,0.7,0.2,0.6,0.9,0.4,1.3,1.2,1.3,0.7,0.3,0.4,0.5,0.8,,0.4,0.4,0.5,0.3,0.4,1.1,0.8,0.6,1.1,1.3,0.5,0.6,0.5,0.4,0.4,,0.3,0.5,0.4,0.4,0.6,0.6,0.5,0.6,0.3,,0.6,,0.4,0.5,0.3,,0.6,0.6,0.6,0.4,,0.4,0.4,0.7,,0.7,0.6,0.5,0.7,0.7,,1,0.8,0.7,0.7,0.8,0.5,0.6,,0.5,0.3,0.7,1,0.8,,0.8,1.3,,0.6,0.6,0.6,0.5,0.8,0.7,0.7,0.6,0.6,,0.5,0.7,0.3,,0.9,1,,0.6,0.4,0.4,0.4,,0.6,0.5,0.7,1.3,1.1,0.8,0.6,0.5,0.4,0.4,0.5,0.4,0.6,0.6,0.5,0.5,,0.5,0.9,1.1,1.5,0.4,0.5,0.5,0.4,0.6,0.6,0.6,0.6,0.5,0.6,1.4,0.9,0.5,0.7,1.2,0.3,0.5,0.4,0.7,0.7,0.4,0.2,0.3,0.8,0.7,0.7,0.6,0.6,1.2,0.6,0.6,0.7,0.8,0.5,0.5,0.6,0.7,0.4,0.4,0.4,0.7,0.6,0.5,0.5,,0.6,0.6,0.7,0.8,0.4,0.4,0.6,0.4,,0.3,0.2,0.3,0.2,0.4,0.5,0.5,0.3,0.4,0.4,0.2,0.5,0.4,,0.4,,,0.3,0.4,0.6,,0.6,0.4,0.4,0.3,0.3,0.9,,0.3,0.5,0.3,,,,,0.4,0.5,0.4,0.5,0.5,0.2,0.2,0.3,,0.2,0.6,0.6,,0.5,0.4,0.4,0.6,2.5,0.5,0.5,,,,,0.2,0.3,0.4,0.4,0.5,0.5,0.3,,0.3,0.3,0.6,0.2,0.2,0.7,0.6,0.5,0.4,0.4,0.6,0.6,0.5,0.5,,0.4,0.4,0.2,0.2,0.3,0.3,0.5,0.5,0.5,,0.3,0.6,,0.5,0.5,,0.4,0.2,0.4,,0.2,,0.3,,0.6,0.5,0.4,0.6,0.5,0.6,0.3,0.4,0.3,0.5,0.7,0.4,0.6,0.4,,0.4,0.4,0.4,0.5,0.6,0.2,,0.3,0.3,0.3,0.3,0.3,0.3,,0.6,0.8,0.3,0.1,0.6,,0.1,0.1,0.2,,0.3,0.5,0.5,0.3,0.4,0.3,0.3,,0.2,0.1,,0.3,0.3,0.5,0.3,0.7,0.6,0.1,0.2,0.4,,0.4,0.2,0.3,0.2,0.4,0.1,0.4,0.5,0.3,,,0.4,0.6,0.5,0.7,,0.3,0.3,0.5,0.3,0.7,0.3,0.5,0.6,0.6,0.4,0.8,0.4,0.6,,0.4,0.6,0.6,0.5,0.4,0.4,0.4,,0.5,,0.2,0.7,0.7,0.5,0.4,0.3,0.3,0.6,,0.6,0.4,0.4,0.4,0.4,,,0.3,0.4,0.3,0.5,,0.7,0.5,0.5,0.6,,0.4,0.5,,,0.2,0.3,0.3,0.3,0.3,0.5,0.3,0.1,0.2,0.3,0.5,0.8,,0.5,0.7,,0.8,0.4,,0.4,0.6,0.2,0.4,0.2,0.3,0.5,0.4,0.5,0.6,0.4,0.4,0.4,0.9,0.4,0.5,0.2,0.4,0.3,0.4,0.4,0.2,0.5,0.8,0.3,0.4,0.4,0.3,0.4,0.3,0.6,0.3,0.9,0.7,0.4,0.5,0.6,0.6,0.7,0.5,0.6,0.4,0.9,0.5,0.7,0.6,0.7,0.7,,0.5,0.9,0.3,0.4,0.4,,0.6,,0.8,0.5,,0.5,0.3,0.3,0.4,0.5,0.5,0.7,0.2,0.6,0.3,0.5,0.6,0.2,0.7,0.4,0.4,,0.5,0.3,0.2,0.5,0.4,,0.3,0.3,0.3,0.3,0.4,0.2,0.4,0.3,0.3,0.5,1,0.4,0.7,0.5,0.2,0.2,,0.5,,0.4,0.6,,0.7,0.4,0.6,0.6,0.7,0.8,0.6,0.6,0.6,0.4,0.5,0.5,0.6,,0.5,0.5,0.5,0.5,0.6,0.7,0.6,0.2,0.4,0.5,1,0.3,0.6,0.4,0.5,0.7,0.6,0.3,0.4,0.4,0.5,0.7,0.5,,0.3,0.5,0.3,0.4,0.5,0.5,0.4,0.5,0.6,0.5,0.7,0.6,0.3,0.7,0.3,0.5,0.3,0.7,0.3,,0.5,0.5,0.2,0.2,0.1,0.2,0.1,0.3,0.3,0.2,0.6,0.5,0.5,0.2,0.4,0.4,1.3,0.6,0.2,0.5,0.6,0.6,0.5,0.5,0.4,0.6,0.6,0.7,0.6,0.7,0.5,0.3,0.4,0.4,0.3,0.1,0.3,,0.5,0.8,0.4,0.4,0.3,0.3,0.5,0.4,0.5,0.1,0.4,0.2,0.3,0.3,0.1,0.5,0.3,0.2,0.4,0.2,0.3,0.6,0.2,0.3,,0.5,0.4,0.7,0.5,0.4,0.5,0.5,0.7,0.6,0.3,0.4,0.4,0.6,0.5,0.5,0.3,0.2,0.6,0.6,0.6,0.5,0.4,0.6,0.5,0.6,0.7,0.3,0.5,0.5,0.4,,0.2,0.4,0.6,0.7,0.5,0.6,0.5,0.3,0.6,0.5,0.4,0.6,0.4,0.3,0.7,0.6,0.4,0.6,0.3,0.4,0.5,,0.5,0.6,0.7,0.6,,0.2,0.5,0.6,0.8,0.5,0.5,0.3,0.1,,0.4,0.6,0.6,0.6,0.5,0.3,0.4,0.3,0.4,,0.4,0.6,0.8,0.8,0.5,0.4,0.4,0.3,0.5,0.3,0.4,,0.3,,,0.6,,1.1,0.5,0.2,0.4,0.4,0.5,0.5,0.3,,0.3,0.4,0.5,0.4,,,0.8,0.5,0.4,0.3,0.4,0.4,0.6,0.7,0.4,0.5,1.1,0.1,0.3,,0.4,0.2,0.3,0.2,0.1,0.3,0.6,0.7,1.3,0.7,0.7,0.5,0.9,0.6,0.7,1.1,0.5,0.3,0.7,0.6,0.4,0.7,0.6,0.3,0.5,0.1,0.5,0.5,0.5,0.5,0.7,0.4,0.5,0.4,0.5,0.4,0.5,0.5,0.4,0.6,0.8,0.6,,0.5,0.2,0.5,0.6,0.4,0.4,0.5,0.5,,0.4,0.1,0.3,0.5,0.4,0.4,0.9,0.5,0.6,0.8,0.4,0.4,0.2,0.4,,0.6,0.5,0.2,0.3,0.6,0.4,0.4,0.7,0.6,0.5,0.8,0.5,0.6,0.4,0.4,0.6,0.4,0.7,0.5,0.1,0.4,0.5,0.4,0.4,0.5,0.7,0.7,0.5,0.8,0.5,0.2,0.3,0.9,0.1,0.4,0.2,0.3,0.3,0.4,0.5,0.5,0.4,0.6,0.4
20210719,16,CO_24h,0.5,0.5,0.7,0.6,0.6,0.6,0.5,0.5,0.5,0.5,0.5,0.5,,,0.9,,0.9,0.9,0.5,,0.9,,0.5,0.5,,0.6,0.5,,0.6,0.6,0.5,0.8,0.7,0.4,0.6,,0.8,0.7,,0.9,0.6,0.3,0.2,0.4,,0.3,,0.4,0.5,0.4,0.1,0.4,0.3,0.1,0.1,0.1,0.3,,0.5,0.4,0.1,0.6,0.7,0.8,,0.7,0.6,0.3,,0.5,0.4,0.2,0.3,0.2,0.5,,,0.4,0.3,0.3,0.7,,0.5,0.6,0.5,0.7,0.5,0.6,,0.5,0.5,,,0.4,0.5,0.4,0.4,0.8,0.6,0.6,,0.6,0.6,0.5,0.5,0.6,,0.5,0.7,0.6,0.5,0.6,0.4,0.5,0.5,0.5,0.6,0.6,0.6,0.5,0.7,0.5,0.6,0.4,0.4,0.4,0.4,0.5,0.3,0.7,0.5,,0.5,0.6,0.5,0.6,0.3,0.5,0.3,0.4,0.5,0.5,0.3,0.4,0.4,,0.4,0.3,0.4,0.2,0.4,0.6,0.2,0.4,0.8,0.5,0.5,0.7,0.4,0.2,,0.3,0.5,0.3,0.1,0.3,0.5,0.4,0.3,0.4,0.5,0.5,0.3,,,,0.5,0.4,,0.5,0.4,0.3,,,,0.6,,0.4,0.2,0.4,0.3,0.4,0.3,,0.3,0.7,,,,0.6,0.6,,0.6,0.7,0.7,0.4,0.6,,0.2,0.2,0.3,0.1,0.2,,0.5,0.3,,0.3,,0.4,0.5,,0.4,0.5,,0.6,0.3,0.7,,0.5,0.4,0.4,0.3,0.4,0.6,0.4,,,0.3,0.4,0.4,0.4,0.4,0.4,0.4,,0.7,,,0.5,,0.6,0.5,,0.3,0.3,0.2,0.3,0.4,0.5,,0.3,0.4,0.3,0.2,0.4,0.4,0.3,0.5,0.5,0.5,0.4,0.6,0.5,0.5,0.5,0.5,0.3,0.5,0.4,,0.5,0.6,0.4,0.4,0.3,0.5,0.3,1.2,0.8,0.7,,0.9,0.7,,,0.8,0.5,0.3,0.8,,0.5,0.5,0.6,0.4,0.3,,,0.1,0.3,0.4,0.1,0.2,0.4,0.6,0.4,0.5,0.5,0.5,0.5,,0.6,0.5,0.8,0.8,0.6,0.9,0.8,0.6,0.8,,0.9,0.4,0.8,0.7,0.6,0.7,0.6,0.6,0.5,0.5,0.6,0.4,0.5,0.6,,0.5,0.4,0.6,0.6,0.6,0.5,0.6,0.4,0.4,0.6,0.6,0.5,0.5,0.4,,0.7,0.4,0.4,0.5,0.5,0.5,0.4,0.5,0.4,0.4,0.4,0.4,,0.5,0.4,0.5,0.6,0.6,0.5,0.5,0.5,0.6,0.5,0.5,,,0.6,0.5,0.7,0.4,0.6,0.5,0.7,0.5,0.5,0.5,0.3,0.4,0.6,0.6,0.6,0.6,0.4,0.7,0.7,0.5,0.3,0.4,0.5,0.4,0.4,0.5,,0.5,0.6,0.6,0.7,0.9,0.3,0.5,,,0.7,0.5,0.9,0.3,0.6,,0.4,0.4,0.6,0.6,,,0.6,0.3,0.3,0.4,0.5,0.7,0.6,0.5,0.6,0.5,0.7,,0.4,0.3,0.3,0.3,0.3,0.4,0.2,0.3,0.2,0.4,0.4,0.3,0.4,0.8,0.7,0.7,0.7,0.5,0.7,0.4,,0.7,0.9,0.7,0.8,,0.6,0.5,0.5,0.4,,,,0.9,0.3,,,,0.4,0.6,0.7,0.5,0.7,0.3,0.8,,0.8,0.7,0.9,0.8,0.7,0.8,0.9,0.7,0.6,0.9,0.7,0.4,0.5,0.7,0.7,0.6,,0.5,0.8,0.7,0.7,0.7,0.6,0.7,0.7,0.6,,0.4,1,0.5,0.4,0.5,0.4,0.6,0.7,0.5,0.6,0.5,0.6,0.3,0.5,0.2,0.3,0.3,0.3,,0.7,,0.3,0.6,0.3,0.8,0.5,,0.6,0.7,,,0.5,0.6,0.6,0.3,,0.2,0.5,0.2,,0.2,0.1,0.2,0.4,0.3,0.2,0.1,0.2,0.2,0.3,,,,0.3,,0.4,0.7,,0.4,0.4,0.5,0.6,0.4,0.2,0.3,0.4,0.4,0.4,,0.3,,,0.8,,0.8,0.6,0.7,0.4,0.6,0.5,0.3,0.4,,0.5,0.3,0.6,0.5,0.4,0.4,0.5,0.6,0.7,0.8,0.4,0.6,0.6,0.3,0.5,0.5,0.7,0.7,0.7,0.4,,0.5,0.5,0.4,,0.6,0.6,,0.4,0.7,0.7,0.6,0.6,,0.6,0.5,,,0.5,0.5,,0.6,,0.7,0.5,0.6,0.5,0.7,0.5,,0.7,0.7,,0.6,0.6,,0.6,,0.9,0.8,0.8,,0.7,0.8,0.3,0.2,0.1,,0.4,0.6,0.5,1,0.9,0.3,0.2,0.6,0.7,0.5,0.7,0.5,0.7,0.3,1,2,0.6,0.5,0.5,0.7,0.6,0.4,0.6,0.5,0.7,0.6,0.6,0.8,0.6,0.5,0.4,0.5,0.2,,0.1,0.4,0.4,0.3,0.4,0.3,0.5,0.4,0.6,0.3,0.5,0.7,0.7,0.6,,0.9,0.8,0.8,,0.5,0.6,0.5,0.4,0.8,,0.6,0.4,0.3,,0.7,,0.7,0.3,0.4,0.4,0.4,0.7,0.4,,,,0.5,,0.5,,0.4,0.5,0.2,,0.6,0.6,0.6,0.6,0.6,,0.6,,0.4,0.6,0.5,0.5,0.5,0.7,,0.7,0.6,0.5,0.7,0.6,0.6,,0.7,,,0.8,0.4,0.3,0.5,,0.7,0.8,0.7,0.7,0.7,0.4,0.5,0.7,0.6,0.7,0.9,1,0.9,0.8,0.4,0.3,0.3,0.5,0.8,0.4,0.6,0.7,0.7,0.5,0.8,,1.3,2.5,2.3,1,0.6,0.7,0.9,0.8,,,,,0.5,0.5,,0.6,0.9,0.5,0.3,0.3,0.4,0.3,0.7,0.5,0.7,0.6,0.4,0.4,0.5,0.8,0.7,0.8,,0.7,0.6,0.8,,0.7,0.6,,0.6,0.7,0.8,0.6,0.9,0.7,0.5,0.5,0.6,0.6,0.7,0.7,0.7,,0.5,0.6,0.3,0.4,0.3,0.3,0.6,0.6,0.5,,0.6,0.4,0.3,0.4,0.3,0.2,0.5,0.1,0.1,,0.5,,,0.3,0.3,0.2,0.2,0.4,0.1,,0.3,,,0.3,0.4,0.4,,,0.3,,0.5,,,0.6,,0.7,0.3,0.7,0.5,0.5,0.7,0.3,0.5,0.4,,0.6,0.7,0.7,0.5,0.6,0.4,0.3,0.3,0.3,0.6,0.6,0.1,0.4,,0.5,0.3,,0.5,0.4,0.5,0.6,,,0.7,0.5,0.5,0.5,0.4,0.5,0.8,0.8,0.5,,,0.4,0.6,0.7,0.8,0.6,,0.5,0.6,0.4,0.7,0.7,0.5,0.4,,0.4,0.7,0.8,,,0.7,0.9,,0.6,0.6,0.5,,0.5,,0.8,0.7,,,,0.4,,,0.6,0.5,0.4,,,0.3,0.4,0.3,0.2,0.4,0.3,0.3,0.4,0.4,0.4,0.4,0.6,0.4,0.3,0.4,0.6,0.7,0.5,0.5,0.6,0.4,0.3,0.6,0.4,,0.6,0.5,0.4,,0.3,0.4,0.5,0.5,0.6,0.4,0.5,0.4,0.4,0.5,0.4,0.4,,,0.5,0.6,0.7,0.7,0.5,1.3,0.4,0.9,0.5,1,1.1,0.6,0.6,0.5,0.6,0.7,0.6,,,0.4,0.8,0.6,0.6,0.4,0.3,,0.7,0.4,0.5,,0.5,0.6,0.5,,0.4,0.5,0.5,0.5,0.6,0.5,0.5,0.5,0.7,0.4,0.5,0.7,0.5,0.4,0.6,0.7,,0.3,0.4,0.3,,0.7,0.5,,0.6,,0.5,,,,0.4,0.6,0.6,0.5,0.6,0.7,,0.7,,0.4,0.4,0.4,0.4,0.6,0.5,0.5,0.4,0.5,0.5,0.7,0.4,0.2,0.5,0.5,0.3,0.5,0.6,0.5,0.5,0.3,,0.5,0.3,0.7,0.3,0.6,0.7,0.3,1,1.6,0.6,1.1,0.3,0.4,0.6,0.9,,0.5,0.6,0.6,0.4,0.5,1.1,0.9,0.6,1,1.3,0.5,0.6,0.6,0.4,0.5,,0.5,0.6,0.5,0.5,0.7,0.5,0.5,0.6,0.5,0.8,0.7,,0.5,0.6,0.4,,0.4,0.5,0.5,0.5,,0.5,0.4,0.6,,0.6,0.6,0.5,0.7,0.7,0.9,0.9,0.7,0.7,0.6,0.7,0.5,0.5,,0.6,0.4,0.7,1.2,0.7,,0.8,0.9,0.4,0.7,0.9,0.7,0.6,0.8,0.8,0.7,0.7,0.8,,0.6,0.7,0.4,,1,1,,0.6,0.4,0.4,0.4,,0.7,0.6,0.7,1,1,0.9,0.6,0.6,0.7,0.5,0.6,0.4,0.6,0.6,0.6,0.5,,0.5,0.9,1.1,1.4,0.5,0.5,0.6,0.5,0.6,0.6,0.6,0.6,0.5,0.7,1.4,0.9,0.8,0.8,1.3,0.6,0.5,0.5,1.1,0.7,0.4,0.4,0.4,0.9,0.8,0.9,0.7,0.4,0.9,0.5,0.7,0.7,0.6,0.7,0.7,0.7,0.8,0.5,0.5,0.5,0.7,0.7,0.5,0.6,0.6,0.7,0.7,0.8,0.8,0.5,0.5,0.5,0.3,,0.4,0.3,0.3,0.3,0.3,0.5,0.4,0.4,0.5,0.6,0.4,0.6,0.5,0.3,0.4,,,0.4,0.4,0.7,,0.6,0.4,0.4,0.4,0.4,0.6,,0.3,0.5,0.3,,,,,0.5,0.5,0.5,0.6,0.6,0.3,0.2,0.4,,0.3,0.5,0.5,0.4,0.6,0.6,0.4,0.7,1.1,0.7,0.7,,,,,0.2,0.3,0.5,0.5,0.5,0.5,0.4,,0.4,0.5,0.4,0.3,0.4,0.8,0.7,0.6,0.5,0.4,0.7,0.6,0.6,0.6,,0.5,0.4,0.3,0.3,0.3,0.3,0.6,0.5,0.5,,0.3,0.6,,0.7,0.6,,0.4,0.2,0.5,,0.3,,0.3,,0.6,0.6,0.4,0.8,0.7,0.7,0.4,0.5,0.4,0.5,0.5,0.4,0.6,0.5,,0.6,0.6,0.2,0.5,0.7,0.3,,0.3,0.3,0.3,0.4,0.4,0.3,,0.7,0.8,0.3,0.1,0.5,,0.2,0.2,0.2,,0.4,0.7,0.6,0.4,0.5,0.3,0.4,,0.3,0.3,,0.4,0.4,0.5,0.3,0.8,0.6,0.2,0.3,0.3,,0.7,0.1,0.4,0.3,0.3,0.2,0.5,0.5,0.3,,,0.6,0.9,0.7,0.7,,0.3,0.5,0.6,0.5,1.8,0.3,0.5,0.7,0.7,0.4,0.7,0.6,0.6,,0.5,0.6,0.4,0.6,0.4,0.4,0.5,,0.4,,0.3,0.9,0.6,0.5,0.8,0.9,0.5,0.6,0.4,0.5,0.6,0.4,0.4,0.4,,,0.5,0.4,0.3,0.7,,0.7,0.5,0.5,0.7,,0.4,0.4,,,0.2,0.4,0.3,0.5,0.4,0.5,0.3,0.2,0.4,0.5,0.6,0.7,0.3,0.4,0.7,,0.9,0.5,,0.4,0.6,0.3,0.4,0.2,0.5,0.4,0.5,0.6,0.6,0.5,0.4,0.4,0.7,0.4,0.7,0.3,0.4,0.5,0.4,0.6,0.3,0.6,0.8,0.4,0.5,0.5,0.4,0.5,0.4,0.4,0.3,0.7,0.6,0.4,0.5,0.6,0.6,0.7,0.5,0.6,0.4,0.8,0.5,0.7,0.5,0.7,0.6,,0.5,0.5,0.3,0.4,0.7,0.5,0.6,,0.6,0.5,0.3,0.4,0.3,0.3,0.4,0.5,0.5,0.9,0.3,0.6,0.5,0.5,0.5,0.3,0.6,0.5,0.8,,0.6,0.4,0.4,0.5,0.4,,0.3,0.4,0.4,0.3,0.4,0.2,0.4,0.3,0.4,0.6,0.4,0.5,0.7,0.6,0.3,0.2,,0.6,,0.5,0.6,0.6,0.6,0.4,0.6,0.6,0.8,0.8,0.6,0.7,0.6,0.4,0.5,0.5,0.6,0.6,0.5,0.4,0.6,0.6,0.6,0.8,0.7,0.2,0.4,0.5,0.9,0.3,0.7,0.4,0.5,0.7,0.5,0.8,0.8,0.3,0.5,0.6,0.5,,0.3,0.6,0.5,0.5,0.7,0.6,0.4,0.5,0.6,0.5,0.7,0.6,0.4,0.6,0.3,0.5,0.4,0.6,0.3,0.5,0.5,0.6,0.2,0.6,0.1,0.3,0.2,0.3,0.3,0.3,0.6,0.5,0.5,0.3,0.5,0.5,0.9,0.7,0.2,0.6,0.7,0.7,0.6,0.5,0.5,0.6,0.6,0.7,0.9,0.7,0.3,0.3,0.4,0.4,0.3,0.2,0.4,,0.4,0.6,0.5,0.6,0.3,0.5,0.6,0.4,0.5,0.2,0.4,0.3,0.4,0.4,0.2,0.5,0.4,0.3,0.5,0.3,0.4,0.6,0.3,0.4,,0.5,0.5,0.7,0.5,0.3,0.5,0.5,0.7,0.6,0.3,0.4,0.4,0.7,0.7,0.6,0.3,0.3,0.5,0.8,0.7,0.5,0.4,0.6,0.6,0.5,0.7,0.4,0.4,0.5,0.5,,0.2,0.4,0.5,0.7,2,0.6,0.5,0.4,0.5,0.5,0.5,0.6,0.4,0.4,0.7,0.6,0.4,0.7,0.4,0.5,0.5,,0.6,0.6,0.4,0.5,0.4,0.2,0.7,0.7,0.8,0.5,0.5,0.4,0.3,,0.4,0.6,0.7,0.7,0.6,0.4,0.4,0.3,0.4,,0.6,0.5,0.7,0.8,0.6,0.4,0.6,0.4,0.4,0.4,0.4,,0.4,,0.5,0.6,,1.2,0.5,0.2,0.4,0.5,0.5,0.5,0.3,,0.4,0.6,0.6,0.5,,,0.9,0.6,0.4,0.3,0.6,0.5,0.8,0.6,0.9,0.5,0.9,0.2,0.3,0.1,0.4,0.2,0.3,0.3,0.2,0.4,0.5,0.6,0.8,0.6,0.7,0.6,0.8,0.6,0.7,1,0.6,0.3,0.6,0.6,0.5,0.6,0.5,0.3,0.7,0.1,0.5,0.5,0.5,0.5,0.9,0.6,0.6,0.6,0.5,0.5,0.4,0.5,0.5,0.7,1,1,,0.8,0.3,0.5,0.6,0.6,0.4,0.5,0.5,,0.5,0.4,0.4,0.4,0.5,0.5,0.9,0.6,0.7,1,0.5,0.4,0.3,0.4,,0.6,0.6,0.2,0.3,0.8,0.7,0.4,0.8,0.6,0.5,0.6,0.4,0.5,0.6,0.5,0.6,0.5,0.8,0.8,0.3,0.4,0.6,0.8,0.6,0.5,0.5,0.6,0.5,0.5,0.4,0.2,0.4,0.8,0.1,0.4,0.1,0.4,0.3,0.5,0.4,0.5,0.4,0.7,0.5
20210719,17,AQI,37,41,45,41,40,43,42,43,42,47,43,47,,,43,,35,38,40,,34,,27,37,,34,,,44,44,29,44,43,50,34,,29,28,,30,27,30,40,38,,38,,62,48,60,41,43,47,40,40,43,,,39,39,39,34,29,33,,50,69,36,,35,44,45,42,24,23,,32,38,35,32,31,,29,28,33,31,,22,,47,42,,,49,47,45,45,31,23,22,,32,37,33,29,33,,40,25,20,25,24,25,29,26,23,24,20,28,30,40,32,29,35,27,30,30,31,45,41,39,,43,43,41,,53,43,41,44,40,27,26,36,31,,33,19,20,21,52,49,55,47,49,,39,46,88,32,,37,34,41,74,34,35,24,25,28,25,49,22,,,,31,33,,34,35,34,,,,63,,41,42,44,42,34,42,,40,54,,,,49,62,,87,73,101,39,41,,43,33,35,33,33,33,29,27,,,,,30,,39,45,,46,40,38,,40,46,38,33,20,42,16,,,,22,15,,32,24,31,,27,,,44,,32,31,,34,18,19,10,18,15,,31,34,43,48,47,45,30,33,48,40,41,49,46,54,48,49,,,20,,24,22,24,27,35,20,21,19,33,25,,24,21,,,23,42,55,50,,50,55,42,92,25,,,26,24,22,25,23,23,44,51,46,48,50,51,,55,39,29,27,26,29,32,32,24,,28,42,83,68,95,87,45,90,65,45,48,49,27,22,,24,24,18,27,29,22,20,21,,12,11,10,17,14,,17,17,17,14,12,17,11,10,20,16,16,,,20,15,12,26,37,13,11,,15,16,14,,,16,17,20,14,13,14,17,16,17,18,20,16,49,51,49,51,51,70,56,54,26,28,22,32,24,39,,,39,74,59,67,49,,,,42,54,55,50,47,,120,88,104,68,,,118,48,32,30,30,34,27,27,32,31,30,,24,33,29,31,30,27,33,32,26,31,28,23,,28,24,29,29,33,36,35,,30,40,25,,,94,50,50,48,,,,68,100,,,,97,104,54,45,48,46,70,,41,95,89,113,51,,41,42,33,40,42,29,,94,47,,,49,55,63,48,75,77,72,63,69,,25,27,,27,25,22,26,34,30,31,35,29,32,32,21,27,24,27,,33,,,35,34,33,45,,46,46,,,41,41,41,40,,33,38,38,,39,42,37,38,43,32,29,29,32,34,,,,44,,42,43,,45,64,60,53,24,24,27,27,29,27,,31,,,44,,37,34,28,23,25,,21,26,,32,49,49,34,57,46,29,,29,32,50,14,14,,28,31,21,21,23,18,,25,25,28,,40,32,,30,30,39,26,35,,26,,,,66,50,,40,,40,40,41,41,23,38,,28,33,,,39,,,,31,30,30,,32,27,30,30,29,,21,17,21,32,27,21,15,38,37,43,39,38,32,26,23,36,47,24,32,41,52,,38,32,36,29,34,48,33,23,37,30,31,,31,23,38,36,48,17,34,33,32,,33,44,44,40,,,,47,,44,33,,32,33,,30,35,31,,19,,26,21,22,21,,51,58,,,,52,,59,,32,29,,,29,28,33,23,23,,25,,45,46,42,44,45,45,,36,,40,48,38,43,,22,,,30,31,31,23,,32,33,,46,25,31,26,32,27,46,44,43,59,27,21,21,37,37,40,,40,46,41,46,49,,70,,64,64,,25,26,19,,,,,39,43,,46,27,30,37,30,25,37,27,25,30,31,42,22,25,41,,47,,29,30,47,,28,28,,25,35,44,40,38,42,38,40,40,32,33,35,32,,122,113,324,93,90,52,,39,41,,42,45,51,30,36,43,39,55,55,,21,,,24,24,23,27,25,,,,,,29,26,39,,,21,,21,,,40,,35,35,34,31,33,31,42,43,26,,68,48,72,83,68,44,47,50,49,36,46,18,17,,53,40,,35,42,30,,,,37,,24,23,,27,24,33,46,,,,25,24,24,,,25,30,36,35,37,35,,,27,25,27,,,29,26,,33,31,,,30,,57,55,,,30,32,,,99,98,49,,,27,29,34,34,79,78,74,31,30,31,33,37,23,23,20,24,48,48,43,40,28,25,41,23,,45,,31,,27,25,26,30,36,39,32,33,32,27,,24,,,24,32,32,,33,17,46,42,26,25,22,27,51,34,42,36,69,,,36,21,21,24,35,37,,13,42,45,,41,48,48,,44,62,49,47,46,,35,30,,23,20,17,14,25,32,32,,38,27,,17,78,104,,47,,55,,,,35,,35,37,36,34,,25,,35,24,24,23,28,24,,21,27,33,32,27,30,30,27,32,31,29,43,34,25,,19,30,39,32,39,39,20,27,27,28,27,32,25,26,30,,33,37,37,39,37,32,26,28,29,31,38,28,29,25,33,,33,34,33,25,32,26,21,23,25,,29,,51,44,50,,40,65,50,,,36,35,45,,42,37,31,,39,23,22,28,26,28,43,41,43,,23,33,21,37,48,,44,38,26,30,34,30,30,30,29,29,51,43,,31,34,33,,27,28,,41,25,28,25,,25,27,24,20,22,44,60,,,47,,,,49,50,49,,28,26,30,30,24,26,25,24,28,26,31,30,37,52,20,26,,44,40,,29,34,35,32,24,24,25,24,35,54,41,44,,37,29,45,32,53,52,48,47,30,29,29,42,46,32,32,,,42,49,49,,35,29,31,,,40,38,40,32,43,46,70,,35,39,42,42,,45,,,29,31,30,,32,29,26,26,27,40,,45,41,41,,,,,47,44,43,44,47,38,,34,,34,38,46,45,45,43,26,22,23,23,,,,,,23,,30,30,,20,27,,29,44,,39,39,40,38,42,30,22,,31,29,30,,17,18,17,17,14,8,44,43,31,,33,29,,36,34,,22,22,26,,33,,37,,22,22,,40,40,37,41,43,44,47,,34,32,25,,57,53,33,45,38,50,,174,244,41,39,422,500,,34,31,45,43,45,,48,53,45,,44,108,44,45,39,40,46,,48,63,,53,40,,,42,39,40,38,45,,48,40,38,35,35,35,39,42,39,,,36,36,40,31,,34,39,39,48,57,22,23,23,35,32,36,47,28,,29,40,78,95,25,31,44,,47,,44,47,124,34,19,18,383,39,,39,49,29,47,27,,,37,43,30,37,,102,103,92,45,,,63,,,24,58,47,24,31,37,21,21,23,43,30,60,,70,32,,43,32,,25,32,50,48,46,37,25,38,25,24,26,20,18,35,51,73,25,46,35,32,33,36,43,48,23,24,25,23,31,50,40,35,46,40,49,45,25,25,24,,53,40,38,33,,60,40,30,,63,35,40,27,38,24,24,,28,69,,,30,32,57,50,100,45,52,40,28,95,34,,57,49,25,,32,64,46,65,59,,343,31,14,23,17,21,30,18,32,14,43,40,57,54,49,29,,38,,40,24,,50,31,20,27,20,23,24,22,14,13,14,14,16,,18,13,16,15,24,17,33,29,48,40,46,45,39,60,36,82,34,23,23,32,31,42,46,,18,21,28,32,36,25,32,39,28,33,25,33,35,33,25,24,34,124,111,,54,44,23,39,43,29,29,41,31,32,44,46,46,24,27,25,21,34,45,32,28,41,59,33,37,29,38,35,42,57,31,28,31,29,30,27,27,,45,35,37,53,47,39,83,50,36,34,109,45,47,52,,44,25,47,25,,60,82,40,47,,18,25,16,18,13,20,13,34,22,25,28,10,25,35,31,45,39,35,32,32,50,45,31,30,,46,22,43,51,60,,53,38,25,37,22,34,15,18,64,27,43,70,47,44,35,42,43,67,40,34,26,,44,,,,25,25,,46,45,39,46,38,75,,42,67,44,33,15,20,27,20,72,,31,,,49,23,31,34,22,26,20,19,,44,,,38,,24,41,24,24,50,44,33,35,,17,42,40,40,,,35,38,45,36,35,35,27,38,30,43,52,41,40,54,59,60,42,44,49,51,33,28,,26,38,64,51,20,46,42,37,25,46,30,32,51,46,42,57,,78,26,32,33,29,25,49,32,10,33,13,17,16,,59,54,,45,47,21,23,33,47,41,24,23,51,,36,46,48,58,45,28,49,45,28,40,30,30,,29,,23,40,25,31,46,25,39,44,34,36,32,44,34,46,48,62,51,26,48,26,38,30,39,41,46,,,47,45,37,44,33,27,38,27,16,37,52,35,26,42,34
20210719,17,PM2.5,21,21,25,24,19,29,28,24,19,21,27,22,,,26,,13,10,27,,10,,9,14,,16,12,,17,14,4,18,15,16,9,,14,14,,3,13,15,22,22,,16,,29,32,22,27,15,11,25,11,14,6,,7,9,8,21,10,23,,35,50,15,,12,16,16,16,16,14,,20,23,14,7,16,,10,14,17,10,13,14,,10,12,,,12,10,13,12,9,9,11,,12,12,9,12,10,,22,9,5,7,,4,12,4,4,10,6,9,7,13,8,7,7,5,6,8,8,14,17,21,,17,19,18,,33,15,14,15,5,16,4,8,11,,8,7,9,5,7,5,12,5,17,,9,14,14,16,,8,7,8,54,8,10,5,4,11,9,5,5,,,,17,12,,23,11,8,,,,22,,5,14,5,7,7,9,,7,7,,,,13,7,,20,27,22,9,8,,12,14,13,10,16,15,10,8,,5,,16,14,,14,17,,16,16,13,,17,18,12,15,7,29,6,,,23,2,10,25,14,8,15,,10,,,14,,4,9,,11,12,12,6,6,5,,17,10,20,23,23,31,20,10,31,22,27,29,27,29,24,34,,31,7,,6,7,4,1,9,5,4,11,11,9,,2,5,,,9,20,15,9,,12,12,10,22,9,,,9,7,2,5,7,2,22,22,24,33,22,17,,22,27,10,17,15,15,22,22,14,,12,13,26,28,20,34,16,21,23,18,18,23,14,10,,8,7,7,14,13,10,11,8,,,,,2,2,,2,1,1,8,2,2,2,7,6,7,11,2,,7,10,5,3,5,5,1,6,4,2,5,,,6,4,10,4,4,4,7,5,9,8,9,6,27,28,21,24,25,29,30,27,18,11,6,9,9,14,,9,5,15,13,20,13,4,,,6,6,13,10,7,,32,24,21,19,,,24,29,2,9,7,14,5,9,22,17,5,,9,23,9,8,18,15,9,5,6,7,12,1,17,11,10,11,16,17,17,17,,17,20,8,11,,19,19,10,20,,,,11,15,,,,10,19,10,15,15,14,11,,21,27,36,39,23,,21,18,23,19,18,19,21,20,20,,,4,20,18,7,14,19,22,22,17,,4,6,19,9,5,8,10,10,10,11,22,18,22,14,6,6,8,5,,10,,14,8,11,14,12,,1,11,,,14,20,17,9,,9,11,10,,14,17,9,9,17,12,12,14,13,7,,,,12,,12,9,,17,21,15,16,1,5,2,12,7,12,,12,,,18,,4,16,15,7,10,8,10,9,,11,7,18,13,7,14,14,,13,9,15,3,2,12,15,19,10,9,16,12,,17,15,12,,16,16,,14,11,12,9,13,,9,3,,,35,28,,7,,15,14,18,16,14,26,,19,23,,,20,,15,,12,21,17,,19,13,14,13,14,,10,7,9,12,10,8,10,11,17,15,20,10,11,14,12,25,9,8,12,27,22,29,22,17,10,8,18,10,10,7,18,15,20,,13,9,6,12,21,5,18,4,8,14,8,16,21,13,,,25,18,,19,20,22,14,18,,12,20,20,,6,,18,5,5,10,32,32,31,,,,36,,42,,13,11,,,20,19,21,4,4,,2,,9,17,14,30,13,8,,17,14,13,19,10,18,,6,,,14,8,4,4,,22,18,23,16,17,5,10,22,15,32,30,30,37,14,8,6,6,9,11,6,11,12,11,11,11,,19,12,20,10,,8,8,7,,,,,10,4,,6,15,21,15,8,12,16,13,16,18,4,29,7,12,20,21,18,,15,13,20,,6,4,,6,9,14,15,10,10,16,10,11,22,17,15,9,,39,42,114,14,13,9,,7,4,,8,8,20,3,7,14,14,10,10,,6,,,2,2,5,6,6,,,,,,10,8,20,,,5,,3,,,9,,8,6,2,8,8,7,10,12,8,,13,12,19,14,16,13,14,17,15,19,15,5,7,,27,17,,13,18,13,13,,,13,,10,7,7,18,16,23,32,,,22,,2,,5,,,3,17,12,9,15,,,14,11,14,,,14,5,,17,12,8,,9,,20,12,,,13,19,,,21,14,17,,,12,10,2,2,14,18,8,9,14,11,13,14,11,13,9,16,17,15,18,18,13,12,17,11,,15,,9,,5,5,13,5,14,15,17,23,11,13,,11,,,4,16,15,33,16,11,17,29,15,13,11,7,23,15,19,16,22,,,10,12,7,15,15,20,,8,22,15,,27,29,27,,22,29,27,23,18,17,15,17,,2,8,4,2,1,12,11,,14,8,10,9,31,20,,26,,26,,,,2,,15,14,14,15,,8,,18,13,14,9,4,10,17,11,15,13,14,11,19,21,16,13,13,5,14,8,9,,4,15,15,13,15,18,5,16,5,9,3,16,9,18,12,,9,9,14,9,19,12,17,19,12,10,14,17,14,13,18,,15,3,17,17,12,11,7,10,6,11,4,,27,27,35,,19,36,35,18,,17,17,31,,29,18,18,,26,8,9,10,12,7,29,20,24,,16,23,14,20,20,,22,21,7,14,10,6,6,9,2,2,30,30,,15,20,16,,2,6,,25,7,9,11,,2,4,7,4,5,10,18,,,11,,,,29,35,34,,8,7,10,9,8,10,10,11,15,10,15,21,22,36,9,14,,18,28,,20,7,20,7,8,4,3,11,6,12,13,15,,14,9,21,17,37,36,30,27,14,13,18,28,25,10,17,,18,19,34,34,,6,7,5,,9,6,9,9,12,7,7,12,11,11,10,8,9,,4,,,19,14,20,,18,5,12,11,11,18,,13,19,11,,,,,5,4,5,7,6,5,8,15,,2,12,9,12,7,12,12,13,14,8,6,,,,,6,15,9,8,11,9,15,,14,2,,6,11,5,3,1,21,15,7,5,7,8,,4,7,,2,6,4,10,4,9,,4,2,,7,5,,,5,3,,7,,15,,5,2,15,12,13,10,6,6,7,8,8,10,8,6,,14,7,6,6,6,19,,94,194,6,6,103,130,,6,4,6,5,4,,5,4,5,,8,4,5,9,2,10,9,,6,13,,11,6,,,15,12,4,7,9,,12,12,7,6,8,4,10,7,14,,,6,16,9,5,,3,5,10,12,21,6,5,11,10,11,11,13,11,,10,11,17,19,12,10,12,,28,,10,13,23,17,5,3,146,4,31,12,13,7,15,7,,,15,18,12,11,,9,20,14,22,,,31,,,2,16,11,7,10,16,9,2,5,9,11,8,,5,22,,19,13,,12,15,14,19,,25,17,17,17,6,4,9,5,10,29,2,7,24,3,22,8,7,14,8,8,8,12,7,8,11,6,14,12,28,14,4,13,8,9,30,36,7,18,11,22,3,19,7,,21,12,12,10,6,9,9,,14,7,9,21,21,22,15,20,19,7,12,28,14,28,20,11,36,16,9,,11,6,8,14,7,,119,5,7,7,4,7,3,8,8,8,15,16,8,4,22,8,,12,,14,7,6,13,10,8,11,10,9,7,10,8,5,1,3,11,,7,,7,5,13,4,18,7,28,17,17,18,20,31,19,22,14,7,7,10,17,27,32,,7,8,8,11,8,7,7,3,15,11,17,16,5,2,6,13,15,22,22,19,20,12,5,8,19,7,9,17,5,7,11,17,22,10,6,4,4,19,4,8,15,12,42,15,21,16,22,22,4,31,8,10,12,14,11,4,9,,10,16,20,12,25,9,22,23,10,8,21,11,15,14,,5,8,27,,7,13,20,8,13,,9,14,9,5,4,14,3,12,8,6,10,,11,12,16,31,18,20,15,5,14,19,14,11,25,25,12,28,33,36,,37,13,13,21,6,12,5,7,6,17,21,15,17,17,23,9,3,15,5,7,7,,21,,,,6,2,26,9,11,14,17,8,9,,9,8,21,14,4,5,7,9,28,,15,,17,20,8,6,9,11,6,7,7,,4,,,5,,11,23,2,11,23,19,10,12,,9,13,18,14,,,24,13,29,14,19,4,16,21,5,30,16,18,28,25,15,26,23,22,14,22,12,19,42,10,26,46,34,9,23,21,20,5,16,21,17,27,9,9,10,29,18,8,14,20,20,5,12,20,2,20,7,4,6,8,10,11,,17,19,14,14,13,17,5,5,5,15,3,17,24,6,14,15,9,16,30,11,15,14,13,,12,15,8,6,8,12,28,8,19,22,10,18,10,5,7,14,20,16,12,12,28,3,26,21,12,21,26,20,,9,11,23,23,23,10,9,7,7,16,26,4,12,9,21
20210719,17,PM2.5_24h,14,13,14,13,13,15,14,17,14,15,16,15,,,30,,23,17,30,,26,,22,19,,26,17,,18,20,12,17,15,23,20,,28,31,,35,28,14,24,19,,21,,18,19,15,23,20,16,24,16,15,10,,12,7,15,28,26,21,,36,24,13,,13,27,20,25,14,13,,15,14,8,4,16,,10,14,17,14,15,13,,11,11,,,9,10,12,12,15,15,15,,16,14,17,16,16,,18,14,15,15,13,12,13,14,14,16,10,18,14,23,15,13,11,8,14,14,16,11,12,15,,13,14,14,,18,11,14,10,11,17,11,13,10,,12,12,11,13,15,14,18,11,22,21,11,17,15,17,,11,10,10,24,12,13,12,13,11,19,14,7,,,,23,18,,23,17,17,,,,21,,8,14,11,10,14,12,,12,11,,,,15,14,,21,22,25,17,16,,17,14,13,17,17,15,11,10,,11,,15,14,,16,19,,19,19,18,,18,20,19,16,14,11,10,,,8,7,8,18,15,12,16,,12,,,15,,12,14,,10,11,13,9,8,8,,19,15,17,17,15,16,12,18,17,12,19,15,16,17,19,18,11,16,5,,10,8,7,7,13,12,10,13,17,15,,17,6,,,14,20,14,18,,23,18,17,20,10,,,6,6,6,4,9,10,19,16,19,19,23,16,,16,18,14,13,14,13,24,18,14,,12,10,22,21,18,23,13,16,18,17,18,15,13,14,,12,13,12,15,13,13,14,14,2,,2,2,2,4,,1,2,2,6,2,3,3,12,9,11,13,6,,12,16,10,6,6,6,2,8,8,3,9,,,12,10,10,9,9,10,4,5,17,20,18,17,22,26,22,22,22,20,23,21,9,7,9,7,6,15,,15,19,16,14,14,12,14,,,16,11,18,17,14,,22,23,17,15,,,19,18,10,13,14,23,13,17,22,17,10,,8,7,6,6,7,11,4,6,4,4,8,5,20,19,17,17,20,21,16,16,,20,16,19,21,,23,15,20,17,,,,9,11,,,,15,14,11,20,42,22,17,,15,23,21,24,17,18,15,14,23,14,16,21,10,15,14,18,,20,17,19,18,10,18,14,18,17,,14,13,16,15,13,14,14,15,15,12,18,16,23,24,9,9,11,6,,16,,16,12,12,14,20,,19,20,,,18,17,18,21,,16,16,16,,13,18,11,16,18,12,15,9,15,10,,,,16,,14,13,,15,19,16,18,7,7,5,18,15,21,,16,,,17,,14,24,16,10,9,12,12,9,,14,12,15,11,16,11,16,14,14,11,16,13,19,6,7,8,12,12,13,8,,11,14,13,,15,16,,16,15,14,16,15,,17,7,,,25,24,,10,,10,11,10,13,6,12,,11,11,,21,22,,28,,16,22,22,,15,14,10,13,8,,9,10,10,13,17,9,9,22,18,12,17,10,17,10,14,25,10,8,8,30,23,20,27,26,15,12,11,13,16,15,12,13,12,,15,9,6,8,13,7,20,14,16,18,17,19,19,16,,21,17,21,,20,17,18,10,11,,13,12,12,,10,,13,8,8,13,19,19,16,,,,23,,27,,13,15,18,,19,24,20,10,9,,8,,7,8,10,16,13,10,,22,21,14,20,18,19,,15,,,14,8,6,8,,19,33,27,25,17,5,6,14,21,27,28,26,29,25,9,9,12,10,14,14,11,14,14,13,10,,26,12,24,22,18,18,16,11,,,,,9,7,,10,15,16,10,12,14,19,18,15,20,17,12,8,10,21,18,15,,14,15,18,,12,11,,13,19,18,20,19,18,17,15,22,19,19,15,15,,16,17,82,31,16,18,16,7,5,,9,9,12,8,9,14,18,10,10,,7,,,5,5,7,10,12,,,7,,,11,11,15,,,7,,10,,,13,,12,13,9,14,15,16,15,16,13,,22,17,17,18,19,16,16,18,18,19,21,11,11,,21,16,,14,15,11,12,,,18,10,11,7,16,15,17,16,19,,,14,2,6,10,6,,,12,14,10,7,13,18,,18,15,15,,,14,13,,13,11,10,,9,,24,18,,,10,16,,,19,21,25,,,11,14,4,3,15,17,14,18,16,20,20,14,8,10,11,13,15,16,16,15,18,19,21,21,,22,17,13,,7,9,13,13,16,15,17,14,8,15,5,18,,,16,15,13,21,8,22,9,24,14,16,11,26,17,14,19,17,20,,,6,40,39,45,12,13,,25,17,10,,17,16,17,,18,21,19,16,12,20,16,19,11,18,14,23,13,12,11,17,,10,9,9,7,21,16,,18,,18,,,,4,9,7,8,12,12,,9,,18,17,16,8,10,12,11,7,18,17,26,13,12,12,11,10,17,15,13,12,10,,8,13,17,15,17,18,3,18,14,10,15,15,14,19,16,,8,25,21,24,19,13,16,16,15,13,18,16,17,16,17,,18,8,17,17,16,15,16,13,22,23,19,,17,20,21,,18,18,21,18,,16,17,19,,17,20,19,19,20,14,14,16,13,13,20,18,21,,22,21,19,17,15,,17,14,7,14,19,6,12,16,19,17,20,23,,16,15,18,,11,16,,18,7,11,10,,9,9,8,2,7,18,16,,,19,,24,,26,29,29,,8,7,7,6,8,13,12,17,14,15,18,16,23,24,13,18,22,18,29,18,16,12,25,15,8,8,10,20,18,24,22,9,15,13,12,16,14,47,50,47,47,24,27,23,19,33,15,17,26,22,24,42,41,15,9,10,10,,8,6,14,9,12,7,14,14,13,10,10,9,10,8,7,,,15,17,20,,21,10,8,7,7,20,,11,14,10,,,,,14,6,6,6,7,10,11,18,,7,34,7,8,6,12,9,13,20,11,14,,,,,9,10,12,9,8,8,17,,14,7,9,16,16,8,6,5,13,8,15,12,13,10,,12,15,6,6,8,5,10,7,12,,10,6,,10,6,,3,5,3,,12,,11,,5,5,12,18,15,17,10,9,10,10,9,12,9,10,,15,8,5,9,9,21,,71,98,13,8,52,59,,13,13,10,11,5,,16,16,10,,13,14,13,16,6,10,14,,11,15,,16,12,,10,23,21,8,11,5,,14,6,10,11,12,10,18,10,27,,,12,19,15,11,,6,14,12,15,20,11,3,14,28,21,20,13,14,,9,15,18,22,9,15,15,,18,,12,21,25,20,9,9,89,8,21,17,14,11,16,8,,,20,13,14,19,,15,15,17,14,,10,24,,,3,19,14,10,23,18,6,4,8,16,14,15,16,14,25,,24,16,,14,15,11,13,5,30,18,19,16,10,10,14,8,21,15,14,11,23,11,16,15,5,24,10,14,23,15,13,8,23,14,15,12,17,13,7,15,16,17,16,26,12,13,16,16,17,16,9,,18,11,10,5,7,9,8,,16,13,13,17,17,15,7,18,19,14,22,27,19,16,11,9,24,16,11,,12,18,18,20,7,,77,10,9,11,10,12,12,13,9,13,14,11,14,16,10,7,,21,,13,10,6,20,14,12,16,14,13,12,10,7,4,4,5,9,14,16,1,15,6,12,10,16,6,25,27,22,22,18,23,20,17,10,11,10,13,11,17,15,,9,12,6,8,7,8,7,13,17,15,14,18,11,5,12,17,14,14,12,16,15,12,7,14,25,15,11,15,9,9,23,23,21,10,8,11,20,16,4,20,19,13,18,12,23,26,27,16,47,26,13,14,13,12,14,19,19,,12,22,18,16,20,17,19,19,14,18,20,14,16,16,12,18,12,19,3,10,12,15,13,20,,12,11,8,9,6,11,6,11,12,4,9,4,12,11,28,20,19,24,28,26,13,14,18,13,19,21,17,15,22,17,,24,11,23,29,21,16,8,13,5,7,20,14,16,14,17,9,17,20,15,13,15,,22,17,14,16,12,6,31,19,19,14,18,17,12,,12,13,23,16,7,12,14,12,18,,22,28,20,34,28,9,14,10,8,11,12,,10,,12,13,,8,11,9,8,22,21,15,15,,11,12,13,11,,,15,15,13,14,14,22,39,33,35,23,16,16,27,27,19,31,23,18,23,21,16,15,19,12,18,25,19,10,27,26,22,8,18,15,24,19,11,9,16,184,164,8,13,14,18,7,21,16,3,19,6,10,11,10,15,17,,18,15,13,17,9,12,12,5,10,23,15,17,24,10,17,16,15,11,18,14,22,14,11,,10,23,7,12,17,22,20,11,15,15,17,16,12,14,14,18,21,20,13,23,18,7,38,42,13,16,14,19,14,11,14,15,19,17,19,8,14,7,25,22,8,4,14,25
20210719,17,PM10,37,33,40,38,40,43,42,41,32,35,43,36,,,43,,18,18,40,,20,,15,22,,17,20,,19,30,6,16,23,26,15,,14,11,,,5,24,27,24,,27,,73,48,70,34,32,47,38,38,29,,,34,24,36,34,27,33,,31,22,36,,32,35,22,29,19,12,,19,38,6,31,24,,18,23,33,20,20,22,,19,19,,,19,19,26,18,20,20,22,,32,20,22,23,17,,35,14,17,7,6,11,18,13,12,16,8,20,20,40,21,16,14,16,27,17,14,32,40,37,,43,24,41,37,55,34,41,28,40,27,26,36,31,,33,19,20,21,26,17,29,22,26,4,29,24,46,22,,12,19,41,46,19,11,21,19,22,25,49,19,,,,31,22,,34,24,19,,,,58,,29,34,16,19,19,19,,17,26,,,,23,23,,33,35,29,27,27,,17,26,25,24,17,33,21,13,,20,,38,24,,34,31,,29,27,27,,38,46,29,29,20,38,16,,,11,22,11,48,32,24,31,,13,,,24,,20,25,,34,18,19,10,18,15,,27,34,38,42,37,29,16,33,44,36,36,49,46,58,48,46,,53,15,,24,22,24,27,30,14,19,14,33,20,,20,21,,,20,29,49,34,,39,39,27,42,9,,,5,5,7,9,12,12,44,52,46,42,50,52,,59,34,14,25,25,13,18,20,19,,25,21,23,39,37,42,26,40,42,22,29,26,27,22,,18,24,14,27,29,22,20,13,9,11,5,8,16,10,,6,5,10,14,6,7,4,7,20,12,14,,,18,9,12,26,37,13,3,17,12,15,10,,,14,9,20,13,12,4,10,9,17,14,15,16,49,52,38,52,52,58,61,58,25,23,22,32,22,12,,11,7,8,32,30,20,23,,,17,16,34,28,28,,52,44,38,40,,,38,40,12,17,19,22,22,27,22,24,27,,15,21,13,21,17,18,11,12,14,10,28,16,29,18,10,16,29,22,28,22,,8,40,20,23,,31,32,28,34,,,,25,12,,,,30,29,40,20,25,22,33,,12,44,34,50,51,,31,31,21,27,27,22,19,31,26,,,13,18,21,23,46,41,34,39,41,,7,16,22,15,20,21,22,26,22,21,35,28,29,32,21,27,24,27,,14,,22,2,14,5,18,,18,22,,,28,16,25,23,,12,20,23,,29,39,31,17,29,12,17,29,12,34,,,,22,,19,30,,34,31,31,46,2,12,7,27,17,22,,17,,,44,,37,34,28,23,22,,18,24,,32,49,49,34,64,46,29,,29,27,50,8,6,26,28,31,17,16,23,10,,24,20,28,,40,32,,30,30,39,26,35,,26,,,,82,47,,24,,28,21,32,31,19,15,,22,14,,7,39,,12,,25,19,22,,21,14,21,23,15,,13,17,16,32,27,15,14,38,37,43,39,21,32,12,23,5,47,16,32,41,54,34,38,32,21,18,21,48,20,10,37,30,31,,28,23,38,36,48,17,22,19,27,19,24,44,42,40,,55,40,31,,23,27,39,20,17,,19,35,17,,6,,14,6,6,16,45,52,65,,,,52,,56,,20,15,,,24,25,33,6,15,,9,,29,13,24,24,35,30,,22,12,21,21,19,14,,7,,,28,1,10,2,,31,26,44,46,22,31,20,28,20,39,44,41,67,23,16,10,18,11,17,15,15,24,18,21,19,,15,29,26,17,,7,9,15,,,,,14,26,,18,19,28,37,30,21,19,27,21,30,31,22,9,5,41,49,47,,25,27,47,,22,16,,18,9,27,14,18,24,19,24,18,27,17,24,21,,194,176,439,27,34,27,,13,12,,6,45,51,28,31,28,28,39,39,,21,,,5,5,23,23,16,,,,,,21,11,30,,,11,,9,,,22,,32,18,11,21,21,18,42,31,26,,23,21,37,31,32,21,19,24,25,30,29,16,17,,56,35,,32,40,19,,,,19,,11,7,13,27,13,16,36,,,47,10,9,12,7,,8,24,12,16,19,24,,,19,18,11,,,29,18,,21,16,14,,16,,25,38,,,30,32,,,47,43,37,,,14,20,6,13,19,26,14,22,30,18,33,37,14,22,20,21,41,18,41,40,28,20,41,23,,40,,10,,5,5,25,21,26,28,26,29,32,27,,23,,,24,26,29,,29,16,46,41,9,8,14,9,51,34,42,36,88,,,15,17,17,23,26,28,,10,30,30,,41,48,48,,33,62,37,33,38,40,20,28,6,14,16,7,4,13,32,18,,31,27,14,11,54,43,,46,,59,,,,25,,31,37,26,32,,21,,35,22,21,23,28,24,,17,23,33,32,21,22,25,24,32,31,29,43,34,25,,17,30,39,32,39,39,4,27,10,15,7,21,25,23,30,,22,28,25,31,26,17,21,24,23,31,38,28,29,25,30,,30,26,23,20,32,26,18,23,15,25,25,,51,44,43,,40,79,48,34,,36,35,34,,34,37,31,,39,23,20,28,11,18,31,37,42,,22,18,15,37,48,,44,32,14,13,3,18,11,8,10,8,52,42,,19,30,26,,5,10,,41,11,21,19,,5,3,13,15,21,44,69,38,63,47,40,,45,49,40,45,,13,13,18,9,24,19,21,18,24,17,25,22,24,28,13,24,,44,36,,14,18,35,31,11,2,7,24,35,58,41,44,,37,29,45,32,51,47,48,46,14,19,17,41,46,18,18,,50,42,32,30,,18,17,14,,140,9,12,14,21,21,23,21,16,19,17,18,16,,7,,,19,22,29,,32,17,21,11,14,40,,26,15,22,,,,,10,15,10,15,11,17,21,20,,3,14,22,27,20,38,4,10,23,16,8,,,,,9,10,14,14,17,14,22,,22,9,14,9,19,14,23,30,2,13,10,11,8,5,,8,5,14,2,14,5,13,13,14,,3,24,,7,15,,6,8,9,,22,,18,,16,6,20,17,6,14,14,15,27,17,18,12,20,12,,63,56,4,16,14,35,,297,336,8,13,522,627,,12,10,16,10,4,,19,8,11,,12,7,24,15,6,17,30,,10,41,,30,24,14,16,28,25,31,22,11,,14,35,21,19,26,16,11,25,19,,,17,25,17,31,,15,18,16,27,35,22,21,23,14,19,19,20,10,,20,23,58,53,25,20,38,,38,,17,18,43,23,4,5,486,16,44,28,49,24,31,8,,,25,43,19,16,,29,26,20,45,,23,76,,,16,25,23,14,19,27,14,7,14,27,19,17,,10,9,,43,32,,25,32,29,22,12,29,21,38,7,11,11,18,13,15,52,21,14,46,16,18,19,25,18,48,17,12,12,19,4,26,22,24,24,40,26,5,21,25,21,72,56,26,29,27,18,40,40,14,,75,31,27,21,12,16,15,,24,34,37,30,22,24,63,30,48,25,53,21,28,45,34,18,64,45,14,,13,24,25,30,27,,454,31,10,23,17,21,30,15,32,14,20,18,21,30,31,28,,34,,25,12,16,26,20,14,27,20,21,24,22,13,9,6,7,14,,10,9,5,7,19,10,33,17,40,25,30,27,34,47,32,41,25,12,16,19,26,42,42,,7,16,9,7,36,10,8,16,25,14,21,9,3,17,12,8,27,46,46,31,28,17,20,8,24,22,17,24,31,7,25,25,46,16,6,,17,33,3,7,14,41,16,33,27,28,36,27,38,64,15,19,25,17,17,8,27,,24,25,29,26,37,21,31,43,20,34,44,24,34,28,,44,14,47,7,21,45,50,20,27,,18,22,14,10,8,14,6,34,22,25,28,2,25,24,31,44,19,34,19,24,50,45,31,17,52,44,22,43,51,70,,48,22,23,37,10,27,12,9,26,27,35,28,26,27,17,15,19,44,20,22,12,,32,,,,7,12,32,38,25,27,28,11,19,,11,21,36,27,10,16,23,20,47,,22,,24,36,15,9,19,18,21,20,12,,44,,,9,,20,41,12,22,35,32,21,35,,17,20,26,8,,,24,31,41,36,35,16,25,38,9,40,53,22,37,57,68,70,36,39,49,52,33,17,71,16,30,38,51,13,31,21,18,17,46,21,32,51,11,12,22,146,106,14,20,27,20,6,45,32,8,33,9,10,16,17,20,27,,33,47,8,10,33,35,18,9,9,51,16,28,45,13,21,45,26,11,45,19,36,27,27,,20,2,16,22,23,18,46,20,34,44,21,33,14,18,15,46,37,23,51,23,48,8,28,4,23,40,46,,39,27,24,34,44,28,27,38,27,14,37,53,8,14,14,34
20210719,17,PM10_24h,20,25,24,21,22,24,22,27,27,22,24,25,,,49,,41,42,50,,43,,32,30,,31,34,,24,28,23,18,25,23,18,,51,48,,45,50,21,35,31,,39,,29,26,35,33,35,38,38,28,32,21,,27,26,26,40,37,37,,38,38,34,,45,39,37,39,22,17,,11,21,14,20,28,,18,22,26,27,28,23,,25,20,,,21,26,31,25,26,33,32,,38,26,32,28,27,,30,24,25,18,19,18,21,17,20,23,14,39,38,58,35,32,20,16,46,29,39,23,31,26,,35,31,38,34,33,24,38,34,24,24,21,26,23,,32,20,21,22,33,27,36,30,36,37,30,35,30,20,,19,19,28,39,19,21,20,19,21,25,23,19,,,,36,31,,37,37,31,,,,47,,24,33,26,20,24,26,,26,33,,,,29,32,,33,37,40,31,26,,26,26,25,21,22,24,25,19,,18,,31,26,,39,27,,41,33,36,,44,41,34,33,21,17,19,,,12,21,14,35,30,29,38,,21,,,28,,26,26,,25,22,21,14,15,17,,34,32,29,39,38,28,32,28,30,28,35,36,34,36,34,32,31,28,14,,23,19,21,19,25,28,26,32,40,29,,43,31,,,30,33,35,39,,39,35,34,34,12,,,9,10,11,12,11,19,32,26,29,27,33,34,,33,26,21,25,29,20,26,25,25,,30,17,32,27,32,33,28,31,26,27,32,24,31,28,,28,34,25,30,29,28,27,26,8,10,10,11,11,13,,8,8,11,16,5,8,6,8,30,23,29,24,,29,32,25,14,18,14,11,23,18,20,19,,,26,22,23,21,20,16,10,12,31,34,31,29,48,51,43,38,42,42,54,41,19,14,23,18,16,19,,27,27,19,33,27,19,25,,,27,22,31,36,30,,36,39,28,31,,,35,28,24,28,39,37,38,41,34,28,35,,19,9,11,14,14,12,8,12,11,10,16,15,32,31,35,37,33,29,30,24,,49,29,36,36,,38,34,48,48,,,,21,14,,,,27,33,62,67,56,54,54,,71,36,24,36,33,31,13,22,19,24,22,27,11,22,22,36,,49,35,40,34,47,43,26,39,45,,24,24,22,24,24,22,27,23,22,15,29,31,30,34,22,26,28,24,,23,,29,16,18,23,38,,40,34,,,32,31,28,43,,23,31,30,,33,41,28,27,26,20,20,18,21,29,,,,24,,23,33,,34,30,18,36,8,11,9,25,21,27,,23,,,28,,25,34,30,21,20,39,22,19,,27,24,26,23,37,26,28,27,24,37,24,24,26,11,14,14,30,29,27,16,,21,24,25,,32,30,,27,26,30,26,25,,38,15,,,46,42,,23,,17,21,29,28,14,19,,18,17,,25,20,,27,,33,23,23,,27,18,20,26,18,,20,24,20,32,32,16,17,46,34,22,33,18,36,24,28,45,38,20,30,40,54,33,40,39,24,25,21,38,28,18,30,20,27,,26,21,22,26,38,20,33,29,26,32,23,33,35,31,,38,34,43,,31,26,23,23,22,,26,24,11,,9,,23,12,11,23,29,29,28,,,,38,,38,,20,19,15,,33,27,33,18,22,,21,,21,18,23,28,28,28,,26,32,24,24,23,22,,23,,,19,15,17,12,,29,42,44,36,24,20,14,30,36,37,43,45,44,37,18,17,20,23,23,19,20,25,26,25,21,,36,25,34,36,20,16,18,17,,,,,25,24,,24,24,23,32,23,17,20,31,35,35,36,31,14,9,34,31,30,,21,26,35,,24,23,,27,34,33,33,32,32,32,33,29,34,26,26,36,,81,74,417,45,35,32,46,14,23,,19,43,32,19,19,24,28,32,32,,17,,,11,11,17,16,21,27,,17,,,19,19,21,,,11,,21,,,21,,27,24,21,24,26,24,29,29,23,,32,32,31,31,33,26,25,28,28,32,30,15,17,,55,37,,34,33,22,19,,,20,16,13,16,23,28,30,33,29,,,36,21,15,18,17,,20,21,25,25,28,27,20,,24,22,21,,,29,28,,27,22,28,,37,,49,46,,,34,23,,,52,41,36,,,23,26,17,13,26,29,17,32,33,28,36,31,17,20,20,29,34,31,35,30,38,30,43,39,,48,36,20,,18,28,35,30,27,24,25,25,22,28,21,36,,,51,25,29,39,22,29,26,30,15,15,25,31,40,24,43,36,36,,,10,47,46,54,23,25,,21,22,20,,26,31,28,,34,50,25,29,27,34,19,27,23,38,28,42,20,26,23,22,,19,25,11,17,41,32,,33,,31,,,,16,16,17,18,19,26,,23,,30,32,29,22,21,22,29,15,32,26,47,26,13,18,21,20,28,27,33,28,24,,23,28,27,29,32,33,5,30,21,20,23,21,34,28,29,,23,39,36,39,23,27,26,24,28,34,32,28,28,25,32,,34,35,32,29,33,33,32,29,41,47,41,,24,29,31,,30,43,34,30,,30,27,26,,27,29,32,30,32,20,20,22,19,20,33,32,35,,28,20,25,30,33,,33,28,16,26,17,23,19,16,21,21,39,28,,22,24,25,,19,20,,30,17,24,20,,5,11,16,19,23,37,38,30,27,31,32,38,39,41,45,42,,14,16,14,19,19,22,23,26,28,34,40,39,32,43,25,32,46,53,46,25,21,20,45,28,17,14,13,34,37,48,43,23,37,22,27,32,34,67,75,66,66,36,28,34,44,50,30,27,36,36,53,72,68,26,24,20,18,,27,19,16,16,24,20,23,27,24,19,19,19,19,13,15,,,22,25,30,,36,21,19,17,22,35,,23,16,21,,,,,26,17,14,16,15,19,22,18,,19,31,19,18,18,35,14,12,31,21,25,,,,,20,21,19,16,15,15,25,,25,14,15,20,24,12,22,13,18,13,16,16,14,18,,15,14,10,9,14,12,19,12,17,,11,16,,7,14,,10,9,6,,34,,15,,13,10,24,38,33,37,17,19,24,18,18,24,21,20,,35,32,9,23,24,50,,257,285,16,26,323,348,,18,24,29,34,16,,37,35,25,,15,18,20,19,15,18,34,,23,41,,42,25,20,31,58,56,38,46,10,,41,29,32,24,28,37,53,59,57,,,46,40,47,29,,14,46,36,76,37,29,13,30,36,32,34,18,20,,36,30,34,50,16,24,32,,18,,20,38,44,28,23,22,405,37,34,32,38,26,34,14,,,26,34,25,41,,34,23,37,30,,31,49,,,18,31,33,15,29,32,15,16,17,32,20,24,29,21,21,,52,27,,30,30,32,19,18,34,25,35,13,19,25,26,21,41,32,31,22,42,27,14,27,15,37,33,25,23,22,17,12,49,27,23,20,26,23,12,21,21,21,28,37,22,26,32,19,38,32,25,,34,23,23,19,14,16,14,,30,50,31,23,18,21,19,30,42,35,95,40,32,34,27,25,47,34,21,,21,48,59,69,33,,346,23,14,19,18,21,24,20,24,17,22,18,31,59,33,24,,36,,30,13,17,32,24,21,33,36,32,29,25,16,10,13,11,7,31,32,12,25,11,20,22,36,25,49,44,33,36,30,41,28,34,18,21,26,18,18,27,27,,7,23,13,13,21,11,18,22,29,22,21,18,16,20,15,18,29,31,23,21,32,19,18,34,32,28,25,23,28,15,43,41,42,18,11,12,30,27,8,12,20,39,26,19,41,40,45,30,70,46,22,22,28,18,24,34,42,,23,35,27,38,36,30,33,26,17,30,32,26,32,25,24,23,16,28,13,35,63,41,44,72,,25,19,16,19,13,10,17,30,24,11,21,9,25,22,41,35,20,47,49,53,32,34,31,23,31,32,32,26,35,28,,30,16,33,43,33,26,20,10,17,26,40,30,24,22,28,18,24,44,29,28,25,,38,32,24,32,13,13,54,43,34,31,33,27,26,,20,28,43,24,13,27,26,22,32,,31,36,34,54,40,14,24,20,17,25,21,,24,,22,20,,18,27,15,15,33,35,30,29,,21,26,28,11,,,19,44,29,31,33,46,63,55,55,19,32,20,44,41,74,73,46,46,51,49,33,24,48,16,27,23,31,20,35,30,27,15,31,27,34,29,29,17,57,856,926,14,23,25,29,18,68,29,11,21,13,24,27,32,26,38,,34,36,12,13,29,28,28,12,12,36,32,27,41,31,41,36,31,22,42,25,41,29,29,,24,24,14,46,22,27,28,29,31,30,28,26,22,15,16,41,34,35,47,44,27,17,64,48,21,30,23,28,30,25,26,29,33,32,44,28,44,14,44,39,14,6,25,35
20210719,17,SO2,1,3,1,3,3,2,1,3,1,1,1,3,,,6,,5,4,8,,3,,6,8,,5,4,,4,3,3,5,4,3,5,,3,4,,5,1,7,5,3,,5,,3,4,3,5,7,4,5,5,5,4,,8,8,8,8,9,8,,8,8,7,,7,4,5,3,10,3,,5,6,4,2,4,,5,3,1,4,2,3,,8,7,,,4,6,10,7,8,4,6,,5,7,4,5,4,,6,10,6,5,6,10,7,8,9,6,5,2,3,4,4,2,3,4,3,4,3,11,8,9,,8,11,17,11,12,10,10,13,2,4,6,4,7,,3,5,6,5,5,7,2,7,8,2,2,4,1,6,,2,5,3,1,1,3,5,5,10,7,6,6,,,,8,8,,6,8,6,,,,10,,4,2,3,5,3,3,,4,6,,,,3,4,,8,7,5,5,3,,4,1,3,3,4,3,7,5,,2,,,4,,5,6,,4,4,4,,6,2,5,4,5,7,7,,,8,7,7,5,4,5,3,,5,,,5,,6,4,,2,2,3,4,4,4,,3,3,3,4,5,5,5,6,5,6,6,4,8,6,5,7,,7,2,,4,4,4,3,5,2,4,8,18,5,,8,1,,,3,8,8,8,,5,6,7,6,5,,,5,4,5,5,4,4,3,3,3,2,3,1,,3,3,3,2,7,4,6,5,5,,4,5,6,5,5,5,5,6,4,4,5,5,5,5,,6,7,5,5,6,5,5,5,4,4,5,5,8,2,,7,4,5,5,4,5,5,5,8,8,5,6,,4,3,3,3,2,2,1,5,5,2,5,,,8,8,7,4,5,6,5,8,6,8,7,6,7,7,6,6,5,5,6,5,1,3,4,4,5,4,,,4,6,6,7,8,5,,,9,5,3,2,3,,4,2,6,3,,,5,14,6,2,4,6,6,5,5,5,3,,11,6,5,6,7,8,6,7,11,6,7,8,6,4,3,4,5,5,2,4,,4,5,5,6,,4,3,5,5,,,,10,6,,,,8,8,10,7,7,11,13,,6,10,19,14,10,,4,6,5,5,2,3,5,5,6,2,,5,1,4,3,6,8,8,10,10,,2,2,4,5,6,3,6,5,2,2,2,6,3,5,3,4,3,5,,9,,8,5,3,7,4,,2,4,,,5,4,2,7,,5,3,1,,6,11,5,9,4,5,8,7,7,9,,,,3,,5,9,,8,7,6,9,4,5,1,3,2,3,,8,,,10,,8,22,6,7,8,7,8,8,,4,5,4,5,4,5,5,5,5,11,8,5,3,,6,8,5,5,5,5,,4,5,3,,7,6,,5,3,4,4,9,,8,4,,,4,5,,4,,18,8,31,34,9,5,,9,10,,2,2,,,,6,9,10,,11,11,8,10,5,,13,11,3,5,4,5,3,7,12,9,10,7,7,7,12,16,6,6,5,24,5,,28,12,12,5,8,6,4,4,6,7,5,,5,4,4,4,1,3,3,6,2,8,5,8,4,5,,4,4,6,,7,6,,8,5,,6,21,6,,4,,3,4,6,3,2,1,1,,,,2,,4,,1,3,,,2,4,5,3,2,,2,,8,10,7,5,2,2,,5,,8,6,7,9,,4,,,7,1,3,2,,6,4,6,6,8,6,6,8,13,6,27,7,13,4,3,3,14,6,5,5,8,11,7,5,6,,14,26,6,9,,8,6,4,,,,,6,7,,5,3,8,6,1,2,4,5,6,5,5,5,4,5,6,6,4,,2,2,3,,2,2,,2,3,3,1,4,3,5,2,1,5,8,3,3,,6,4,2,5,19,6,,6,7,,8,5,4,5,4,4,9,6,6,,5,,,3,3,5,4,8,,,,,,5,4,4,,,5,,4,,,6,,5,6,9,7,10,11,11,10,12,,8,5,6,8,10,7,6,5,5,3,4,5,8,,5,6,,3,6,6,7,,,7,,5,7,5,3,4,5,4,,,3,8,5,3,,,8,8,4,8,6,10,,,4,5,4,,,3,7,,16,15,13,,6,,7,8,,,5,5,,,6,6,17,,,1,3,13,12,5,11,5,4,5,2,4,4,6,7,8,9,7,4,7,4,5,7,3,6,,6,,5,,10,10,10,12,3,5,13,6,6,8,,6,,,8,5,5,14,5,15,14,2,12,12,6,6,9,6,6,6,3,,,3,3,5,4,7,15,,6,9,9,,15,14,6,,5,5,9,8,6,2,2,7,3,9,3,6,14,7,4,6,,5,4,,6,8,10,,4,,3,,,,4,5,6,5,3,3,,6,,10,5,5,4,4,3,2,4,2,5,8,5,5,4,3,5,5,6,5,5,5,,4,7,16,19,41,14,4,6,6,6,8,5,5,9,6,,6,16,14,11,12,3,2,2,3,11,5,2,10,2,5,,6,2,3,4,5,7,5,5,4,5,4,,5,1,1,,3,7,7,,,4,2,3,,5,4,4,,5,6,5,6,6,7,6,6,2,,9,4,15,18,8,,12,4,4,4,4,4,2,5,6,4,6,6,,7,4,1,,4,3,,12,6,5,5,,4,3,1,8,8,13,7,3,5,8,8,,9,11,11,9,,1,3,5,9,7,5,5,7,5,12,8,6,4,9,6,4,,3,3,,5,4,3,3,4,6,6,6,6,6,6,16,17,15,7,6,15,6,4,4,5,5,4,2,14,14,9,9,,6,8,7,10,8,4,6,5,,1,8,5,7,8,10,14,19,19,5,3,2,3,,8,,,5,5,5,,6,8,10,4,8,4,,9,6,7,,,,,5,8,5,6,6,13,,11,,7,7,10,7,5,6,2,4,13,3,10,,,,,8,9,8,12,,6,2,,4,5,4,5,5,6,8,8,6,6,5,4,3,6,,10,6,5,4,5,8,4,8,10,,12,6,,8,8,,8,5,6,,6,,9,,9,10,42,5,5,4,4,5,8,6,,5,4,4,,8,10,5,7,12,5,,5,4,2,2,4,4,,6,7,6,3,5,,3,3,5,,8,5,11,15,11,14,7,,5,6,,6,1,3,2,5,7,3,4,14,,13,5,10,4,6,8,5,7,4,,,6,6,7,14,,3,6,6,20,8,4,10,6,5,5,5,14,6,,3,6,13,5,6,6,4,,4,,5,9,4,5,5,7,4,10,8,4,7,4,4,3,,,10,5,3,6,,8,12,7,15,,4,4,,,2,7,5,6,8,6,4,3,3,6,4,2,,5,2,,4,2,,8,5,6,8,8,14,40,5,5,4,4,1,2,9,8,1,3,11,6,2,5,9,4,8,6,5,4,4,6,8,11,7,8,5,6,8,6,5,7,1,1,8,14,5,,25,8,3,,2,9,5,6,7,3,4,,1,5,6,7,8,6,10,2,9,8,7,2,5,7,12,,2,3,2,,8,11,8,10,27,,7,4,8,9,3,5,5,5,5,6,3,8,3,6,20,5,,5,,6,5,5,9,1,7,8,8,5,8,8,7,6,8,4,8,,6,7,6,6,5,8,5,5,7,3,4,1,9,9,3,11,4,5,5,1,2,3,2,,3,2,4,3,10,2,10,8,7,6,6,8,8,6,5,10,9,3,2,6,2,4,9,6,4,8,10,4,3,3,7,2,3,7,4,4,2,6,8,5,7,14,6,6,5,6,12,10,9,15,4,6,3,7,4,4,4,,5,3,3,7,12,3,6,2,6,4,7,7,6,6,3,3,2,5,2,7,14,14,8,17,,6,6,6,8,3,6,7,6,5,6,2,4,5,4,7,1,9,3,1,2,4,7,4,6,7,3,3,1,2,1,,3,1,2,4,7,13,10,6,13,12,8,2,7,5,8,6,10,11,7,3,8,,4,,,,3,4,4,7,6,5,4,5,12,,5,5,5,8,3,3,3,3,5,,4,1,8,11,10,5,3,2,4,3,2,,4,,4,1,,6,5,2,6,5,8,6,4,,4,6,14,7,,,6,6,2,6,3,1,3,7,2,2,3,4,2,7,5,10,7,11,8,6,4,1,1,3,6,1,3,3,7,8,6,4,4,7,5,5,5,8,15,2,1,4,4,5,12,3,8,8,7,9,3,7,8,8,7,8,,7,6,1,6,4,8,6,8,7,6,2,6,5,3,9,2,2,6,8,7,5,6,4,,4,2,4,2,4,2,2,2,3,4,1,3,3,25,13,8,5,3,15,1,4,3,3,1,1,3,1,2,7,10,8,6,3,5,5,5,7,6,8,5,7,6,10,8
20210719,17,SO2_24h,1,3,3,3,3,2,3,3,2,1,2,4,,,9,,5,5,9,,4,,5,9,,6,5,,5,3,3,5,4,3,5,,3,7,,5,3,6,4,4,,2,,3,4,3,6,8,5,6,5,5,4,,6,6,7,8,9,8,,9,5,7,,7,4,5,2,9,4,,5,6,4,3,4,,4,3,2,4,2,2,,8,7,,,4,7,8,9,12,7,24,,8,15,19,16,16,,8,10,6,5,6,10,6,8,6,6,5,3,3,4,4,3,4,4,3,4,3,13,9,6,,12,17,18,16,13,15,11,15,1,4,6,3,7,,3,5,6,5,5,8,5,8,9,2,2,4,1,7,,2,8,4,2,1,3,6,10,10,7,7,6,,,,8,8,,6,8,6,,,,9,,5,4,3,6,2,3,,4,7,,,,6,6,,7,10,6,5,3,,4,1,3,3,6,3,7,5,,3,,4,4,,5,7,,6,4,5,,6,3,5,5,9,7,10,,,7,6,8,5,4,6,3,,6,,,4,,7,5,,2,2,4,5,3,4,,3,4,3,4,4,6,6,6,5,6,8,5,9,6,6,6,6,8,2,,4,4,4,3,2,4,7,10,8,6,,11,6,,,3,7,8,8,,6,6,8,5,5,,,5,4,5,5,5,5,3,3,3,2,3,3,,3,3,3,2,4,4,6,5,5,,4,5,8,6,6,5,7,6,5,5,7,5,5,5,,6,7,7,5,7,5,5,5,4,4,5,5,8,3,,6,4,5,6,4,5,5,5,8,8,6,6,,6,5,4,4,2,4,1,6,6,3,6,,,8,8,7,5,6,7,5,9,8,13,9,9,9,10,9,8,8,11,7,7,5,3,4,4,5,4,,3,5,6,6,7,7,4,,,10,7,3,2,4,,5,2,8,3,,,7,13,7,2,7,6,5,5,6,4,5,,7,6,5,6,8,9,6,7,10,6,6,8,6,4,3,4,4,5,2,4,,4,5,5,5,,24,3,10,11,,,,9,5,,,,8,9,7,6,4,8,8,,9,12,10,13,10,9,7,9,6,7,6,3,5,6,5,7,,5,4,11,5,10,11,8,8,13,,4,2,4,4,4,2,5,5,2,2,2,7,3,3,3,4,4,4,,13,,9,5,4,8,5,,4,6,,,6,4,5,8,,6,7,1,,9,8,7,9,3,7,9,7,8,10,,,,2,,5,10,,8,10,7,9,4,5,1,4,2,3,,10,,,8,,8,10,10,7,8,8,11,9,,13,7,9,9,6,11,8,10,15,21,8,5,7,6,6,8,5,8,8,5,,5,6,4,,9,8,,6,4,7,7,11,,11,5,,,3,6,,4,,14,9,14,17,9,5,,9,9,,3,4,,6,,11,8,12,,16,8,8,12,6,,5,4,3,6,3,5,3,10,9,9,8,8,9,11,12,14,6,6,5,14,13,7,25,11,7,6,7,8,4,4,6,7,5,,4,5,4,4,2,3,3,6,3,8,4,9,6,6,,6,4,13,,9,7,6,5,5,,10,16,4,,4,,2,4,6,3,3,3,2,,,,2,,4,,1,3,2,,2,4,6,3,5,,7,,6,5,7,5,2,2,,7,6,8,6,8,8,,5,,,8,1,3,2,,10,11,8,13,10,6,5,8,10,9,11,9,8,7,3,3,10,7,4,5,8,8,9,4,4,,16,14,17,9,5,8,9,6,,,,,7,7,,5,4,7,6,5,3,4,7,7,7,6,7,5,4,6,7,5,,7,2,2,,3,2,,3,4,3,1,4,4,5,3,2,6,9,4,4,,11,8,8,6,11,7,7,5,6,,10,5,4,5,4,5,9,5,5,,7,,,4,4,4,4,8,9,,11,,,5,4,2,,,5,,4,,,7,,5,8,8,7,9,10,10,10,7,,7,4,8,7,9,9,7,7,5,2,4,5,9,,5,6,,8,7,6,7,,,7,5,5,7,6,3,4,6,4,,,3,8,5,2,5,,8,11,5,10,8,10,4,,4,5,5,,,3,6,,14,12,8,,6,,18,19,,,6,5,,,12,10,17,,,2,4,12,11,6,8,6,6,8,2,7,5,6,6,9,6,6,4,6,5,4,13,2,6,,8,8,5,,14,12,10,11,4,4,9,6,6,8,5,9,,,9,5,5,6,6,12,7,3,7,13,10,6,8,8,8,6,7,,,2,3,4,5,7,10,,4,12,11,,14,14,6,,4,6,11,9,7,2,2,6,4,12,4,10,12,8,4,11,,5,4,7,5,7,8,,4,,4,,,,6,6,7,5,3,2,,8,,8,7,6,4,4,4,2,6,7,7,8,5,4,6,6,5,6,10,7,4,5,,6,9,9,9,9,7,10,10,18,15,17,5,7,16,12,,5,21,25,14,14,4,5,7,6,18,10,6,16,5,8,,7,5,5,9,6,6,6,6,10,13,15,,5,1,2,,4,4,5,4,,5,3,1,,5,6,7,7,7,6,5,6,6,7,6,7,2,,10,4,9,17,9,,20,6,4,4,5,5,3,4,7,4,5,8,,3,3,1,,5,4,,17,6,5,5,,5,4,1,8,9,26,12,6,7,11,9,15,14,17,18,14,,2,3,6,9,9,8,8,10,7,12,10,8,5,13,7,4,5,8,2,3,4,5,3,3,4,5,5,10,10,8,12,9,9,9,12,10,10,6,7,5,6,7,14,12,11,16,10,9,8,6,8,22,22,8,4,5,6,,2,6,6,7,7,11,9,11,9,8,6,4,5,6,9,,,5,6,6,,6,8,11,7,8,7,,9,6,8,,,,,7,7,8,8,6,13,10,12,,7,7,11,7,6,7,2,3,10,5,6,,,,,6,7,5,6,7,6,2,,4,5,4,7,8,6,7,8,6,7,6,5,9,10,,11,8,5,4,5,8,4,8,10,,9,6,,7,8,,8,5,5,,6,,9,,8,9,8,20,16,11,5,6,8,5,5,11,2,5,,32,28,5,6,8,6,,5,5,3,2,5,4,,6,7,6,2,17,,4,4,6,,11,9,11,12,11,15,8,,6,11,,9,2,3,2,5,7,6,7,8,,10,4,11,3,6,8,5,7,4,,,10,7,8,12,,2,7,8,12,23,5,9,7,8,6,6,12,6,,2,5,13,8,6,7,4,,4,,4,8,4,5,7,10,18,12,7,5,10,7,4,4,,,10,4,3,6,,8,16,7,14,,4,4,,,2,8,7,5,8,5,4,4,4,6,4,3,9,6,3,,6,3,,8,7,7,9,5,13,6,11,7,5,5,3,2,8,8,17,4,12,6,2,7,9,5,9,12,11,9,8,6,11,6,7,8,5,6,8,6,6,8,2,1,10,14,8,6,25,9,2,,2,6,4,6,8,3,4,,2,11,6,7,5,6,9,2,9,7,8,3,36,6,13,7,2,4,4,,8,16,13,12,20,,17,4,8,4,4,5,6,5,3,6,3,7,4,17,15,6,,6,,6,4,5,9,2,8,8,8,5,9,8,7,6,8,4,8,7,17,7,7,6,6,8,8,5,6,3,4,2,11,9,3,10,4,5,5,2,2,3,2,,2,2,5,3,12,3,10,8,7,6,6,10,11,8,5,11,10,3,4,6,7,6,7,10,4,9,12,4,3,3,8,5,5,10,4,5,4,6,10,6,7,13,6,4,10,10,36,18,8,13,7,6,4,7,5,19,5,,3,3,3,10,12,4,6,5,5,4,5,7,7,8,3,3,2,5,2,7,10,9,8,11,,6,7,6,9,3,6,7,14,6,6,3,4,6,4,7,2,9,3,2,3,4,7,5,7,7,4,4,1,3,1,,1,1,4,7,36,14,9,5,13,14,8,3,7,5,7,6,10,11,7,5,10,,5,18,9,11,3,4,6,11,6,7,7,5,11,,5,22,5,8,3,3,2,3,6,,9,8,11,10,16,4,4,3,4,11,10,,4,,5,2,,6,6,2,6,4,8,6,4,,4,14,22,10,,,6,9,2,7,2,3,4,11,6,2,3,5,4,9,5,9,7,11,7,7,3,1,3,2,7,2,3,4,9,9,10,4,4,7,6,5,8,8,12,2,2,4,6,5,12,3,22,7,7,10,4,8,8,10,12,15,,9,6,1,6,4,8,7,7,7,7,3,6,5,2,11,3,3,6,9,6,7,6,4,,3,2,4,3,4,2,2,2,3,3,2,3,3,9,12,8,6,8,13,11,7,5,3,3,1,3,3,3,6,7,8,6,3,6,6,5,7,6,9,5,8,6,10,8
20210719,17,NO2,7,6,12,4,10,12,15,3,6,8,10,13,,,21,,12,7,27,,22,,28,5,,6,,,12,13,4,7,10,9,14,,22,27,,28,29,2,3,13,,1,,4,8,4,9,7,12,10,22,19,9,,9,6,8,15,12,17,,10,16,16,,21,10,9,6,12,12,,6,13,8,7,15,,11,18,19,12,12,15,,4,12,,,5,6,6,6,7,14,15,,5,10,11,13,13,,17,13,20,6,7,7,10,9,5,11,2,22,13,19,6,11,5,4,6,5,9,9,7,5,,10,17,23,10,15,10,11,9,10,11,14,6,12,,16,8,7,15,17,6,9,9,4,12,16,10,6,6,,5,17,6,7,10,15,6,19,2,2,5,8,,,,10,7,,5,9,5,,,,41,,12,18,6,7,17,12,,6,9,,,,20,11,,16,13,13,5,5,,11,4,6,6,4,2,3,5,,9,,,5,,13,12,,15,9,15,,12,13,10,12,24,10,13,,,13,10,14,23,14,8,17,,10,,,13,,11,14,,6,4,7,6,14,12,,8,12,15,10,13,6,16,4,17,12,13,9,16,29,16,13,,,1,,6,2,1,2,8,7,3,16,19,19,,15,21,,,8,5,16,13,,13,16,17,10,6,,,6,9,11,15,6,9,20,28,15,17,19,17,,26,10,8,28,34,29,54,27,26,,25,6,10,25,13,4,2,10,15,2,8,5,39,19,,17,18,18,17,26,23,26,14,14,18,11,10,33,13,,4,13,10,17,24,34,12,19,19,18,19,28,,13,18,24,15,12,14,16,,13,17,14,,,13,9,21,7,9,10,7,15,26,35,19,14,11,12,14,15,16,22,16,17,4,3,8,8,6,13,,13,25,12,17,35,26,,,,20,35,32,13,28,,24,11,18,16,,,,12,4,16,7,12,7,16,17,16,7,,6,12,7,11,11,14,6,11,8,5,19,19,16,7,9,4,12,6,13,6,,8,16,14,9,,14,5,18,27,,,,28,8,,,,12,11,13,18,7,18,10,,6,9,16,15,12,,8,6,6,5,7,2,4,11,7,8,,7,5,14,7,13,10,10,4,10,,10,8,,6,8,8,6,8,6,9,7,6,4,5,7,6,6,6,,6,,6,6,9,10,5,,6,7,,,5,7,4,4,,2,3,9,,11,2,6,10,16,6,15,15,13,18,,,,8,,7,5,,6,10,13,16,6,4,2,6,14,7,,5,,,6,,5,25,14,8,6,5,8,5,,11,17,11,18,15,18,12,7,8,5,16,15,14,7,12,6,7,6,11,12,,15,7,7,,7,6,,5,6,6,5,9,,14,6,,,12,7,,6,,12,6,9,9,4,2,,11,2,,7,12,,6,,11,10,11,,16,13,15,13,14,,18,23,20,19,18,10,4,9,19,15,15,5,9,7,26,49,4,4,9,7,14,6,8,8,11,11,10,7,10,7,18,8,8,,6,13,16,26,22,10,9,8,7,,8,2,13,18,,11,8,7,,10,8,5,4,2,,10,15,2,,10,,8,12,6,7,6,6,7,,,,9,,9,,7,5,,,23,18,12,4,6,,5,,10,12,22,15,27,9,,5,,3,8,5,6,,7,,,5,6,2,9,,11,8,8,10,10,16,5,19,11,40,59,34,61,14,8,4,6,6,10,15,7,11,8,10,8,,8,,15,7,,27,22,37,,,,,1,9,,5,20,13,11,13,10,17,12,8,11,20,18,18,12,15,,10,,4,8,14,,9,8,,11,6,8,7,8,10,5,5,10,14,6,3,6,,8,2,5,12,11,12,,12,17,,9,7,5,15,8,5,12,11,11,,12,,,6,6,17,17,4,,,,,,7,7,9,,,8,,9,,,7,,10,10,18,14,15,9,13,20,24,,4,10,19,20,23,7,3,12,11,15,6,6,3,,28,7,,11,16,5,9,,,9,7,5,7,,8,4,12,4,,,16,12,14,16,12,,7,6,8,7,9,6,,,8,7,11,,,8,5,,11,10,11,,10,,5,10,,,10,11,,,9,5,12,,,5,6,3,6,5,8,6,6,6,4,7,4,4,8,10,8,2,8,11,9,5,3,10,4,,12,,8,,3,6,9,13,6,4,6,4,10,8,,16,,,19,6,5,7,12,22,13,25,15,6,7,5,18,11,23,22,5,,,7,14,7,5,5,11,,11,6,4,,16,4,12,,5,10,7,11,3,7,2,8,16,7,25,34,14,13,27,9,,13,10,4,2,16,18,,8,,10,,,,8,14,5,11,2,6,,14,,31,10,26,5,9,7,,5,4,5,10,5,2,6,5,4,28,27,36,13,6,,6,9,16,5,23,21,4,5,8,9,4,1,4,13,2,,6,10,5,5,10,7,9,8,6,8,6,6,6,6,3,,5,10,5,4,12,14,10,13,3,3,4,,9,5,6,,25,11,10,13,,9,6,17,,6,14,15,,14,8,8,7,6,6,5,5,6,,12,9,13,24,15,,9,9,4,14,6,9,8,5,5,11,21,12,,14,10,14,,13,11,,7,2,3,8,,8,5,12,7,5,5,7,12,8,5,7,4,8,9,6,8,,7,12,7,5,6,7,8,4,9,4,7,5,2,25,5,5,,3,1,,9,3,6,5,5,3,2,6,14,11,18,17,22,24,13,7,23,20,9,8,9,4,10,7,10,10,9,13,,,14,10,8,6,5,5,8,,,6,6,7,15,19,15,10,19,4,7,6,4,,4,,,4,12,12,,11,17,6,7,13,9,,7,6,2,,,,,6,10,9,8,11,9,4,11,,4,7,5,9,8,13,7,12,21,12,35,,,,,6,7,20,11,16,16,12,,3,6,5,3,4,4,4,3,7,7,8,6,6,6,,3,5,8,8,13,16,7,6,12,,6,9,,7,2,,6,18,4,,4,,4,,6,2,5,3,4,5,3,5,9,6,3,4,4,4,,15,14,3,8,10,6,,10,10,8,9,11,8,,6,6,6,4,3,,14,6,5,,7,5,6,9,1,7,4,,5,8,,16,10,6,6,12,14,7,4,7,,10,7,5,8,2,2,6,8,6,,,10,5,9,9,,10,9,9,5,11,7,4,21,4,5,7,10,4,,11,10,11,14,10,11,10,,8,,4,14,17,5,9,6,7,10,,5,9,6,9,4,,,11,14,5,4,,14,7,7,10,,2,2,,,8,18,25,6,11,4,12,16,9,15,12,30,,16,9,,29,8,,18,8,5,5,7,14,17,8,6,5,8,18,3,10,8,16,21,7,6,6,5,10,4,9,6,5,3,5,11,7,11,11,46,9,3,4,13,16,10,,9,5,6,8,27,21,15,6,,5,9,10,16,6,10,14,,14,10,5,,11,2,2,16,16,7,4,12,5,13,2,4,5,13,7,,4,14,7,6,6,,6,18,15,14,12,10,13,9,13,4,5,6,4,8,16,12,,6,,8,4,2,9,5,6,22,20,14,19,26,17,16,15,12,5,,18,11,10,10,9,8,4,6,7,15,13,9,16,7,2,12,5,6,7,5,11,12,12,,14,5,5,4,7,10,6,6,9,8,11,8,11,27,2,13,18,23,11,8,13,1,5,11,11,4,16,10,7,2,4,6,5,8,11,8,11,15,4,7,8,8,5,9,12,10,13,6,10,11,8,8,15,6,7,1,11,,12,2,2,9,12,8,9,14,2,8,13,12,17,15,3,8,4,8,2,,13,10,11,7,,9,5,5,7,8,10,19,12,17,6,16,13,8,13,10,6,6,11,17,19,1,8,8,8,,11,13,13,8,9,,10,1,12,11,6,11,17,7,13,29,7,5,4,6,21,3,5,9,6,4,2,,7,,,,5,6,4,10,11,4,3,4,7,,9,4,8,12,2,2,9,9,11,,9,8,,11,15,5,6,6,9,14,8,,12,,11,10,,2,12,7,18,18,9,12,13,,13,5,8,2,,,5,6,5,1,2,12,24,29,14,6,8,13,5,15,19,19,7,5,11,13,1,9,25,13,8,6,8,12,18,3,16,3,4,15,10,16,7,5,6,2,9,9,6,14,11,9,11,9,17,12,17,9,14,10,8,10,,14,5,9,6,13,8,3,10,6,4,,8,7,4,13,8,10,6,4,6,16,11,9,,4,6,4,6,7,6,5,6,10,3,4,6,6,11,6,8,22,12,9,6,11,7,4,34,5,5,10,4,3,6,4,11,8,8,15,13,19,12,22,4,3,7,9,8
20210719,17,NO2_24h,13,8,23,11,15,20,24,10,10,12,20,19,,,20,,20,18,27,,27,,34,7,,8,11,,35,24,16,20,18,21,9,,16,21,,22,17,3,13,13,,12,,9,11,7,16,16,16,16,21,22,12,,12,9,13,25,19,20,,11,26,22,,30,13,15,12,16,16,,5,13,11,9,26,,10,26,25,23,20,17,,14,18,,,16,18,18,15,16,24,20,,14,16,18,15,18,,15,14,18,6,8,7,10,10,6,19,3,26,23,32,16,19,13,16,20,16,31,19,17,9,,18,27,29,21,26,16,20,26,12,15,14,9,15,,16,18,11,16,20,28,29,31,22,24,19,34,15,9,,6,15,8,11,12,17,7,28,2,4,7,10,,,,14,11,,7,13,8,,,,23,,13,22,10,10,19,16,,12,21,,,,19,21,,19,22,22,6,11,,8,4,7,6,6,3,5,7,,8,,3,3,,16,18,,23,16,22,,20,18,11,18,28,8,21,,,9,10,12,21,10,16,17,,11,,,18,,17,17,,9,4,7,9,13,13,,13,16,18,16,20,13,15,10,25,22,19,17,22,25,23,27,15,20,2,,10,3,4,4,7,13,8,24,21,14,,26,23,,,12,13,18,22,,17,18,16,12,7,,,7,9,6,9,9,13,17,18,11,12,17,13,,18,7,11,29,25,25,29,22,39,,23,8,22,23,24,11,13,13,23,13,21,11,30,22,,25,32,24,22,26,20,30,18,9,16,12,12,24,15,,4,13,9,11,15,16,11,14,21,21,22,23,,23,32,30,15,20,15,15,24,20,19,19,,,14,17,19,10,9,14,6,14,29,35,17,17,22,17,23,18,17,22,23,19,10,7,12,11,8,9,,21,24,18,23,33,23,15,,,28,29,34,23,20,,26,31,34,32,,,27,10,15,28,26,21,19,31,27,26,20,,13,10,10,13,10,13,9,11,12,8,15,14,18,17,29,16,24,15,18,19,,12,13,26,18,,25,12,39,40,,,,28,8,,,,22,21,45,46,47,54,37,,35,20,14,24,14,20,13,18,12,11,13,3,7,24,8,31,,21,28,29,22,17,19,15,13,18,,12,11,13,6,7,10,10,12,11,9,7,6,5,11,7,6,8,5,,13,,8,8,11,13,10,,12,16,,,10,13,12,18,,8,11,13,,11,4,7,12,9,14,13,12,15,17,,,,8,,8,10,,10,11,11,17,5,4,2,17,16,21,,8,,,6,,8,12,16,11,9,7,10,6,,14,15,14,13,25,11,10,10,10,16,10,17,18,6,8,5,18,14,14,12,,13,13,13,,9,9,,7,10,11,10,11,,26,10,,,14,13,,20,,17,12,16,18,6,2,,12,3,,14,18,,14,,16,15,13,,15,15,14,18,9,,5,8,10,16,17,7,2,14,19,6,15,5,18,10,27,33,11,10,12,15,15,9,14,12,17,18,17,12,17,8,14,5,10,,8,12,14,15,13,10,8,8,8,7,6,15,21,28,,22,19,20,,13,12,18,12,4,,17,12,2,,9,,7,10,5,7,6,7,7,,,,11,,11,,4,3,3,,16,13,10,9,13,,9,,14,17,11,13,13,10,,13,26,11,9,9,10,,11,,,4,11,8,8,,13,21,18,15,10,8,5,14,13,17,16,17,17,19,10,9,8,9,17,14,20,24,24,24,19,,19,11,30,18,12,16,16,16,,,,,7,15,,17,13,13,11,11,12,17,19,19,24,19,17,15,13,20,15,15,,9,11,20,,22,14,,16,10,12,15,14,16,9,10,14,15,13,12,11,,12,13,13,20,19,15,22,16,19,,16,23,13,13,9,8,17,17,17,,8,,,5,5,15,16,8,5,,8,,,10,10,9,,,8,,10,,,10,,11,14,19,18,19,14,14,20,18,,13,18,21,20,23,6,3,14,13,12,11,10,4,,27,13,,16,16,12,18,,,13,8,6,7,12,6,4,10,3,,,20,15,16,17,14,,10,13,18,12,16,14,10,,13,13,12,,,14,13,,12,16,22,,20,,15,19,,,12,9,,,20,12,14,,,5,7,10,10,6,7,5,8,8,6,9,9,4,8,12,6,8,17,18,16,6,4,10,8,,18,9,15,,6,12,16,12,9,5,5,5,8,7,6,23,,,32,8,10,10,10,13,8,15,6,11,12,5,18,12,29,20,13,,,11,13,6,7,6,11,,8,20,17,,15,10,13,,7,9,8,9,5,10,2,7,23,27,33,41,22,14,19,15,,13,11,7,3,24,24,,9,,11,,,,10,14,6,17,3,5,,17,,19,20,19,7,7,8,8,7,17,11,21,8,2,7,7,5,18,23,18,17,8,,10,5,10,6,11,8,4,8,19,14,16,8,10,18,4,,9,15,12,15,14,8,11,12,11,11,6,7,7,10,12,,12,15,11,11,15,16,12,13,14,14,19,,10,7,7,,12,8,10,9,,11,7,14,,4,12,13,9,10,8,6,8,7,8,8,6,7,,9,9,8,28,16,,13,9,4,18,8,12,12,9,13,16,18,16,,11,7,9,,12,10,,13,2,6,6,,7,5,8,4,5,12,10,18,11,10,11,8,10,15,14,15,,14,11,18,11,14,15,14,13,22,7,9,9,10,16,5,8,3,6,7,7,12,6,20,8,4,3,3,18,26,19,19,15,12,14,16,15,17,19,20,16,12,9,11,12,11,16,12,15,10,16,22,18,19,6,8,6,14,,14,11,11,10,19,15,15,12,16,11,12,12,9,5,17,,,6,11,7,,10,10,7,6,15,15,,19,8,12,,,,,9,8,12,19,15,11,5,9,,27,11,8,9,11,17,8,12,20,18,17,,,,,12,10,14,15,17,19,21,,6,6,7,11,16,9,8,9,8,11,11,12,11,12,,6,7,10,11,6,13,16,8,14,,5,8,,9,9,,8,20,8,,6,,9,,6,5,8,14,18,18,7,11,14,10,4,8,7,9,,20,16,3,14,8,26,,13,13,23,22,18,14,,8,9,18,13,16,,23,15,14,,16,4,14,20,9,8,11,,11,22,,22,18,9,10,18,22,10,8,5,,34,13,16,12,10,5,12,11,8,,,30,25,27,9,,10,39,36,26,30,12,4,26,11,11,16,22,11,,23,24,13,20,11,14,13,,11,,6,19,26,11,21,16,14,20,11,13,18,5,13,7,,,21,17,7,13,,22,16,27,11,,2,5,,,11,25,26,7,15,6,8,23,4,24,9,29,14,16,19,,25,11,,20,10,14,11,6,13,12,11,8,9,14,23,7,22,9,25,20,9,14,6,13,15,9,11,12,12,10,10,12,32,15,7,35,9,10,9,8,9,8,4,11,12,11,14,18,20,14,5,,6,14,11,21,8,13,12,,31,29,6,15,11,2,5,18,17,18,24,11,16,20,9,6,8,18,15,,10,37,23,26,13,,12,18,15,16,14,12,16,17,15,7,6,10,25,16,12,11,,8,,9,5,4,11,5,10,25,30,25,26,27,16,13,17,11,8,26,24,7,8,12,14,11,11,6,13,20,19,14,24,8,2,20,5,11,15,4,6,12,10,,11,5,9,8,8,16,12,9,12,14,15,9,17,18,3,24,18,29,19,11,16,7,5,24,13,12,19,12,11,6,13,14,10,16,12,12,12,13,9,10,13,11,10,6,15,14,20,14,12,16,12,10,15,8,9,9,17,,9,7,10,30,16,28,16,16,5,4,19,15,20,15,6,12,6,10,3,16,54,16,32,29,,18,8,9,12,11,13,27,12,14,5,18,16,14,10,15,8,11,18,21,25,5,11,22,12,10,11,20,6,12,6,,11,2,8,10,17,9,18,8,19,27,15,12,15,13,16,11,11,13,12,9,8,,10,13,5,12,10,4,14,20,19,10,12,9,16,,12,10,20,21,3,6,9,7,18,,13,13,13,15,22,9,8,12,10,13,9,,13,,13,6,,5,20,11,16,22,17,14,15,,13,11,12,3,,,5,12,29,14,21,13,22,14,18,8,6,17,19,22,36,32,17,14,22,24,3,8,26,8,15,6,7,13,24,6,17,7,11,17,19,14,15,11,36,9,11,12,15,20,17,11,20,7,13,12,17,16,16,22,20,30,,20,6,9,6,16,15,14,11,7,14,25,11,13,7,20,23,18,13,15,10,25,13,12,,4,3,6,7,13,15,3,10,18,10,16,6,14,16,9,19,16,29,19,16,11,13,13,20,8,6,11,14,14,23,5,9,9,11,24,11,26,13,16,8,6,17,24,12
20210719,17,O3,115,130,141,130,128,137,132,137,132,150,131,148,,,104,,109,121,112,,106,,84,117,,107,121,,139,139,92,138,137,157,107,,92,88,,93,84,96,127,120,,120,,132,124,116,131,136,148,126,125,136,120,,122,124,122,77,92,84,,88,117,109,,111,140,144,134,76,73,,102,121,111,102,98,,92,89,88,98,90,69,,148,134,,,155,150,144,141,98,72,70,,90,117,104,90,105,,128,80,62,77,74,79,92,81,71,76,64,88,93,90,102,91,109,84,96,96,99,144,131,124,,136,136,127,137,124,135,127,140,52,51,44,51,51,,55,42,49,46,161,156,164,149,154,154,122,145,190,101,,116,108,111,110,108,112,76,78,89,63,98,70,,,,97,104,,107,112,107,,,,170,,131,132,139,134,108,132,,127,163,,,,154,169,,189,178,202,123,131,,136,103,111,105,104,95,92,84,,,,108,94,,124,144,,146,126,120,,127,138,121,103,26,54,42,,,49,45,44,,61,56,70,,84,,,139,,100,98,,46,48,42,31,19,29,,98,97,137,151,148,100,93,104,152,126,130,140,147,115,118,140,,156,64,,48,63,62,44,110,64,66,60,70,78,,75,60,,,73,134,164,160,,157,164,133,193,80,,,81,75,68,80,72,72,67,54,56,63,72,68,,49,68,90,84,82,90,49,86,74,,89,134,186,174,196,189,142,192,172,143,151,155,50,68,,74,68,55,72,68,51,56,65,38,38,35,32,23,43,,53,54,52,35,24,25,33,28,40,49,50,27,,64,48,37,27,33,28,33,43,47,50,43,,,50,52,38,43,40,42,52,50,47,41,62,47,136,149,155,124,118,176,109,154,81,89,60,65,75,124,,130,123,179,167,173,154,174,,,132,163,164,157,150,,240,190,207,174,,,236,153,100,93,96,108,86,86,97,99,94,,74,67,91,97,94,86,105,100,82,99,83,73,100,89,75,91,92,104,113,112,,96,82,80,82,,195,160,160,151,,,,174,200,,,,197,208,163,142,151,146,176,,130,196,191,226,146,,130,132,103,128,134,92,108,195,148,164,,156,164,170,152,180,181,177,170,175,,77,86,93,86,77,68,81,107,95,98,93,92,94,92,64,63,57,59,,103,,95,111,107,103,141,,145,147,,,129,130,130,128,,103,119,121,,123,132,118,119,136,100,92,92,100,94,,,,139,,133,137,,144,171,168,162,76,75,84,72,90,86,,98,,,57,,59,46,42,67,78,72,66,81,,81,68,72,70,80,76,85,77,92,100,48,43,42,63,52,56,66,65,64,46,,43,79,71,,98,96,,77,84,85,72,66,,53,58,,,126,157,,125,,128,125,131,131,72,71,,68,75,,90,87,,98,,99,95,95,,100,86,93,93,91,,65,54,65,56,51,66,30,90,115,104,93,120,87,82,53,27,80,76,69,102,87,102,98,93,114,90,107,106,103,71,82,76,93,,98,46,44,38,31,37,107,105,101,94,103,112,140,103,,149,144,150,,139,103,103,100,103,,93,80,99,,59,,69,65,70,66,124,131,128,,,,87,,102,,102,92,,,72,66,82,71,73,,79,,142,145,133,138,142,141,,113,107,127,151,120,137,,69,,,93,99,97,71,,87,105,116,104,61,93,81,88,86,67,58,78,42,86,67,65,116,116,125,108,125,147,131,145,156,,176,199,171,171,,80,82,50,,,,,124,136,,147,84,91,118,84,79,117,73,79,66,72,63,69,78,88,102,102,,90,94,98,,89,88,,77,112,140,126,120,132,119,128,125,92,104,109,102,,138,140,126,194,192,161,,123,130,,132,109,104,96,115,136,123,164,164,,61,,,74,74,73,86,78,,,,,,92,81,124,,,67,,65,,,127,,111,111,106,98,103,98,126,135,42,,174,153,177,186,174,139,150,158,155,113,145,55,48,,99,126,,112,133,95,92,,,116,70,76,71,70,76,74,79,82,,,159,77,75,75,77,,80,96,114,110,118,111,,,84,80,86,,,85,83,,103,98,92,,93,,165,164,,,96,61,,,199,198,155,,,84,90,107,108,183,182,179,98,96,98,95,91,72,73,59,75,153,152,135,109,74,80,69,73,,144,,99,,86,80,81,94,114,124,100,79,51,54,48,76,,,76,102,101,105,103,54,73,36,82,80,69,84,76,80,54,64,78,,,114,66,67,74,112,117,,41,134,143,,131,135,144,,138,169,156,149,145,96,110,96,66,72,63,54,42,79,78,102,,119,74,75,52,182,208,,149,,140,,,,109,102,112,113,115,107,,78,,75,75,76,69,68,62,62,67,86,93,86,86,95,88,84,86,48,48,34,66,59,,60,75,59,62,48,44,62,85,85,88,86,102,76,76,82,,104,116,118,123,116,100,82,86,92,95,72,80,67,73,105,,103,108,103,70,65,68,65,70,78,73,91,,83,88,84,,42,84,88,100,,111,108,74,,83,78,92,,93,73,69,79,82,88,135,129,135,,55,60,66,89,103,,112,119,82,94,108,95,96,95,90,91,100,100,,97,108,103,,84,89,,117,77,87,78,,79,86,76,62,70,102,86,82,82,87,81,113,118,128,140,128,,88,81,96,94,75,81,78,76,87,82,99,82,118,96,64,82,,82,85,,85,107,84,100,74,74,77,50,42,47,41,78,86,78,88,94,89,137,124,129,149,95,91,92,133,139,101,101,,118,107,139,140,91,109,91,99,,105,127,120,128,100,137,147,176,,112,122,132,133,,141,,,90,98,93,,95,92,83,83,84,97,,144,129,129,,,,,150,140,137,139,148,119,102,107,,108,120,145,142,142,136,82,70,65,72,51,,,,,72,75,95,94,64,64,86,,92,139,135,122,122,127,119,132,46,49,86,97,92,94,,53,56,52,52,18,25,138,135,99,,104,91,,113,108,,68,68,82,,103,,116,,68,69,120,125,128,116,130,136,140,149,103,106,102,80,,114,115,105,143,119,159,,104,115,130,124,113,116,,106,98,142,136,141,,151,162,142,,138,215,138,144,122,126,147,,153,170,,162,126,135,134,134,124,125,121,143,,152,125,120,111,112,109,124,133,123,,,115,115,126,93,,107,122,123,152,165,56,73,72,111,100,114,149,88,,92,126,182,196,46,97,140,,150,,138,150,247,107,59,55,117,124,170,123,100,90,148,84,,,116,122,94,118,,203,205,193,116,,104,148,,,75,166,149,75,99,117,66,65,71,137,96,168,,176,92,,100,90,,60,96,159,153,145,116,79,98,51,76,82,63,56,109,95,178,78,95,110,66,103,114,136,67,71,75,79,73,98,158,126,110,145,79,156,144,77,66,75,127,100,126,120,104,76,168,121,95,,134,111,128,86,120,75,74,,88,175,109,85,92,100,111,158,200,141,158,82,77,196,104,67,102,154,78,,100,171,145,172,167,,116,46,42,54,53,48,60,57,50,42,135,128,165,163,156,91,,119,,126,75,83,157,99,62,62,58,72,60,41,44,40,42,43,47,,56,40,50,48,76,52,81,92,153,126,147,144,124,168,114,185,108,71,73,101,97,78,66,,56,65,89,100,87,80,102,122,87,105,59,105,110,105,79,75,108,247,222,,163,140,73,122,137,91,92,129,97,102,140,145,132,74,84,78,65,107,141,101,89,108,91,95,116,92,119,112,133,137,98,87,97,91,94,84,84,,144,111,117,162,150,122,186,157,114,97,218,141,149,161,109,75,79,117,80,175,168,185,128,148,,57,77,50,55,40,42,41,86,50,58,67,29,68,109,94,131,124,111,102,102,118,121,99,96,147,145,70,62,97,81,,92,119,80,80,70,106,47,56,171,61,136,176,149,140,112,133,137,173,125,106,82,,138,,,,77,80,,147,144,124,145,121,180,,134,173,139,105,47,63,86,62,177,,99,98,103,154,72,98,107,70,81,62,58,,50,,136,121,,74,66,75,76,160,139,103,59,,42,132,126,128,,,72,119,141,100,104,112,86,74,96,109,98,131,125,104,120,115,134,138,133,120,70,64,90,83,86,104,66,64,145,132,117,80,95,82,100,69,147,134,165,,101,81,100,104,91,77,156,68,32,77,40,54,49,68,167,163,,144,103,66,73,83,149,129,74,73,125,118,114,146,152,166,110,87,154,99,89,128,96,95,,91,63,73,126,77,99,125,78,123,124,108,113,101,138,106,141,153,169,109,81,87,82,107,94,123,131,105,116,146,149,142,118,124,94,74,96,69,51,111,152,111,81,132,107
20210719,17,O3_24h,127,130,141,141,132,137,140,137,132,150,131,151,,,139,,163,158,146,,153,,116,177,,148,166,,139,143,111,138,137,157,111,,149,128,,126,127,96,127,122,,120,,132,126,119,135,136,148,132,132,136,126,,132,133,126,81,96,88,,95,134,134,,138,153,158,148,157,123,,103,121,112,105,108,,115,100,94,110,97,104,,162,138,,,167,163,147,158,136,114,116,,128,130,143,121,127,,145,104,99,108,95,106,108,111,93,100,92,103,102,99,103,109,110,100,98,98,102,146,146,126,,146,154,137,143,131,135,134,141,93,92,85,93,91,,98,86,92,86,161,156,164,149,154,154,122,145,190,110,,122,113,111,112,108,114,136,131,132,115,140,96,,,,103,144,,114,114,110,,,,174,,147,142,146,148,120,135,,150,185,,,,174,178,,189,189,209,124,132,,136,110,117,112,112,105,103,96,,121,,108,95,,171,160,,162,154,177,,181,164,148,133,69,89,78,,,91,80,80,86,89,77,90,,101,,,139,,143,142,,77,83,76,87,73,86,,114,122,143,151,148,119,112,104,152,170,156,170,164,142,145,144,64,156,80,,80,75,77,57,114,126,130,106,106,120,,104,102,,,104,179,201,161,,160,212,186,233,94,,,81,81,87,91,86,90,81,84,80,83,82,80,,67,85,113,133,122,125,104,107,99,,127,134,197,174,196,193,150,197,172,164,162,155,93,73,,89,71,103,109,90,71,86,92,43,44,42,45,35,56,,53,55,52,49,41,49,52,66,103,113,109,95,,156,150,145,71,64,76,70,118,134,129,112,,,83,83,67,64,59,62,61,58,180,188,185,187,184,186,193,179,159,176,168,154,99,89,78,85,89,124,,130,140,179,167,177,166,174,,,150,163,164,157,156,,240,203,246,183,,,239,153,100,93,96,108,88,89,97,99,94,,86,91,91,97,94,86,115,111,110,112,115,118,105,93,88,93,94,110,113,128,,96,86,90,89,,228,164,202,191,,,,192,200,,,,197,208,167,160,151,159,209,,144,196,191,226,164,43,139,172,119,133,143,92,114,196,148,168,,157,164,182,153,180,181,186,174,176,,108,112,118,96,95,101,104,119,104,106,96,99,99,102,107,110,101,95,,107,,98,111,113,108,161,,162,147,,,132,136,130,186,,114,124,122,,125,132,121,119,144,105,96,98,100,117,,,,139,,133,137,,144,172,174,162,83,84,96,83,121,87,,128,,,147,,138,118,120,74,80,85,93,83,,116,104,114,108,113,111,95,87,106,102,77,78,78,64,52,60,71,70,67,59,,58,107,105,,108,106,,114,116,114,101,107,,134,88,,,134,159,,125,,130,135,131,132,78,79,,79,81,,113,110,,122,,104,108,103,,108,97,103,102,105,,86,84,90,89,86,86,68,145,153,143,132,131,134,99,81,68,96,97,83,110,101,107,109,105,114,116,116,120,120,95,88,82,95,,99,88,90,95,92,80,116,105,107,100,107,158,172,151,,150,146,150,,139,104,116,100,103,,119,92,99,,74,,82,81,90,76,124,131,128,,,,87,,104,,102,92,84,,89,82,89,74,84,,84,,142,145,133,152,157,141,,114,107,127,151,120,137,,108,,,104,103,102,77,,98,105,122,107,90,99,83,102,141,142,126,141,123,143,76,70,147,160,166,145,125,147,131,150,156,,176,199,172,171,41,131,148,101,,,,,247,194,,180,113,140,151,139,120,117,126,110,108,111,125,77,88,106,119,122,,96,102,120,,129,131,,126,146,157,146,138,150,149,156,158,117,121,128,114,,143,141,148,206,192,165,103,123,130,,132,109,133,113,124,136,127,164,164,,81,,,93,93,89,102,91,76,,82,,,92,86,126,,,93,,84,,,142,,124,122,124,142,152,150,142,143,119,,189,164,184,191,183,165,168,162,161,115,146,93,79,,100,126,,142,133,113,100,,,151,85,83,80,79,91,90,93,107,,,182,77,75,75,77,,80,117,119,115,124,112,88,,87,87,111,,,110,100,,110,105,117,,116,,185,179,,,98,66,,,199,202,155,,,86,91,119,116,189,182,179,99,98,101,100,91,91,98,79,107,153,152,135,116,75,80,70,74,,186,103,99,,93,92,90,112,114,127,110,90,91,79,98,90,,,103,130,126,133,190,118,112,109,96,106,115,91,151,122,118,132,122,,,120,82,82,96,151,151,,98,134,151,,140,141,150,,154,169,156,149,149,97,110,96,136,159,146,172,95,136,134,113,,146,115,104,82,182,208,,154,,151,,,,111,106,115,113,122,114,,129,,132,135,136,83,88,81,76,82,99,108,104,101,102,99,98,100,112,118,136,141,94,,86,81,85,94,86,84,84,131,124,116,120,102,90,89,89,,104,116,118,123,118,116,114,117,120,129,106,110,109,108,105,,103,108,103,104,107,107,107,107,80,77,109,,83,88,88,,95,92,93,112,,133,128,89,,93,102,109,97,110,90,84,95,90,98,135,129,135,,84,87,96,107,121,,120,129,92,106,108,128,102,104,94,97,123,120,,119,131,120,,108,113,,127,105,108,101,,96,93,93,94,91,156,122,117,114,129,129,138,120,133,147,128,,139,147,157,136,110,115,105,103,119,140,118,131,122,123,69,94,121,104,110,100,89,107,133,100,80,81,80,115,92,130,110,78,86,81,108,122,113,142,150,158,160,130,124,118,137,139,154,152,75,130,116,139,140,92,109,150,150,,160,127,120,128,119,198,198,201,173,112,130,141,134,131,143,,,125,120,120,,115,129,120,114,125,102,,144,130,130,,,,,154,146,139,147,150,153,113,125,,120,160,170,156,155,146,87,70,77,74,82,,,,,106,89,99,94,70,70,94,,92,139,135,122,123,127,121,134,75,77,95,101,92,94,,84,84,57,58,41,49,140,141,99,,104,91,,125,119,,78,75,93,,111,,132,,79,70,122,125,128,120,157,151,153,155,103,106,102,96,,147,147,116,176,150,159,,136,147,151,148,138,140,,117,115,158,152,146,,155,167,146,,148,215,146,149,122,133,183,,184,172,,172,134,143,139,134,124,151,148,143,,152,129,121,140,131,111,124,136,129,,,126,127,133,95,,107,128,127,165,177,144,82,72,144,176,146,149,89,,119,126,191,204,79,147,150,,159,,139,150,251,122,81,79,136,134,175,147,140,122,155,99,,,142,186,111,161,,203,205,193,124,,104,159,,,89,186,170,81,107,126,79,74,157,158,106,168,178,186,113,,140,126,,88,110,173,159,145,142,82,130,78,78,101,99,72,148,98,207,95,105,110,70,104,122,148,86,80,80,82,81,107,158,136,115,145,93,162,150,110,112,110,127,100,139,130,104,141,176,134,95,,135,128,133,86,136,100,105,,94,210,112,138,94,100,128,168,200,141,160,91,85,196,112,93,102,174,127,,100,218,171,181,177,,134,91,106,94,97,91,107,115,88,95,135,130,170,190,156,105,,125,,131,108,92,169,110,79,88,92,72,78,86,73,45,53,52,54,40,171,67,79,63,98,81,110,110,153,127,169,167,183,168,114,185,118,138,146,101,97,84,94,,72,76,103,102,116,94,115,131,91,113,126,114,110,169,93,105,128,247,222,197,184,146,88,175,137,114,97,135,97,102,161,156,137,77,89,82,99,117,146,108,93,121,116,96,156,138,127,124,154,137,128,112,116,98,100,100,110,,147,127,117,169,150,125,186,174,123,102,219,154,172,162,127,127,107,122,92,175,188,205,135,155,,79,78,77,68,54,47,100,101,167,73,73,80,94,109,149,131,132,139,136,136,118,132,165,153,159,146,132,86,99,94,,96,119,92,108,116,110,94,85,183,87,172,187,195,143,151,160,147,225,161,113,109,,138,94,101,89,92,90,152,147,144,126,145,140,183,,139,198,139,123,64,143,108,113,177,,153,124,170,154,111,98,107,90,98,70,67,,96,,142,121,,107,76,120,84,162,142,111,78,,86,135,131,128,,,78,131,150,137,104,142,136,126,141,118,111,150,162,121,120,115,134,138,138,135,77,81,93,83,86,104,82,82,145,132,117,80,107,97,117,88,155,140,165,115,121,103,151,104,93,77,173,165,43,77,101,79,84,122,174,184,,151,103,78,81,99,164,234,78,81,224,158,134,156,192,174,134,124,154,128,100,186,96,125,,91,98,91,135,105,122,125,107,123,130,128,117,112,138,108,141,190,171,135,93,103,110,136,145,123,131,117,116,157,155,142,118,124,99,115,102,102,88,154,164,120,96,137,128
20210719,17,O3_8h,94,93,104,103,94,93,86,96,84,97,88,98,,,97,,112,125,99,,114,,99,134,,117,145,,93,101,81,90,91,104,87,,109,101,,100,98,84,104,107,,105,,101,99,88,119,118,128,116,114,113,113,,116,118,115,64,78,69,,75,98,90,,92,128,127,121,107,94,,89,95,87,86,84,,90,84,73,84,84,81,,133,123,,,136,133,127,127,99,95,97,,96,113,115,104,110,,122,90,74,85,84,89,98,85,82,88,80,94,95,91,99,86,103,91,94,96,96,136,130,121,,136,137,126,132,120,124,126,131,70,67,66,66,67,,74,48,66,59,122,118,122,120,117,142,106,123,139,87,,108,101,102,96,98,103,104,100,103,86,106,85,,,,84,94,,95,99,96,,,,150,,126,127,128,128,105,125,,126,152,,,,146,154,,161,155,168,106,111,,116,98,103,98,96,94,99,91,,96,,97,87,,123,124,,124,119,127,,131,132,118,105,46,70,58,,,59,59,65,66,67,60,71,,88,,,118,,124,124,,65,58,54,40,28,33,,100,96,115,119,113,82,83,82,124,124,132,140,140,114,116,121,,130,67,,59,68,67,49,100,94,88,82,86,90,,76,79,,,82,140,161,143,,136,162,137,176,79,,,75,76,77,85,78,82,44,44,45,47,44,44,,35,50,83,89,88,83,75,90,70,,100,106,151,139,141,152,122,147,129,131,129,128,49,55,,58,53,60,65,58,53,47,66,34,31,28,25,22,40,,46,46,43,39,30,33,33,32,43,44,50,48,,44,55,43,38,41,36,38,55,56,53,52,,,58,58,48,49,44,42,47,46,58,64,68,62,132,129,139,118,112,131,112,116,78,72,67,69,77,98,,105,99,126,113,117,111,115,,,107,103,98,113,104,,176,156,152,130,,,182,126,84,68,80,86,73,71,81,79,76,,67,60,71,74,77,69,77,79,68,79,70,64,77,66,56,68,72,76,88,86,,78,71,59,68,,190,150,152,144,,,,147,168,,,,168,177,105,94,95,102,128,,109,152,136,162,135,,119,135,105,117,123,84,96,155,109,145,,138,140,149,134,155,156,158,156,153,,94,101,96,78,71,69,85,99,90,92,86,90,88,91,89,89,82,81,,102,,92,105,104,94,130,,131,123,,,121,125,117,144,,101,116,117,,108,112,104,101,124,84,84,84,89,90,,,,119,,105,117,,123,148,146,136,80,78,88,73,89,74,,109,,,82,,79,77,76,65,70,69,72,73,,97,85,92,89,91,87,82,80,90,86,70,69,66,49,43,48,63,61,59,45,,48,76,66,,85,83,,78,80,82,70,78,,70,53,,,96,118,,112,,113,115,114,115,67,67,,65,69,,84,81,,88,,88,91,85,,93,83,95,94,95,,78,76,84,78,79,78,58,116,121,114,109,112,103,88,69,51,86,85,73,100,91,98,98,96,111,104,107,112,112,85,79,74,87,,92,76,65,73,68,64,99,96,93,86,99,131,141,130,,132,144,135,,123,88,102,85,91,,104,78,85,,45,,51,48,56,52,100,94,91,,,,64,,74,,71,67,,,65,55,60,69,69,,75,,107,107,102,112,126,110,,104,90,112,126,110,118,,91,,,97,80,81,65,,80,85,97,88,69,92,78,89,108,99,97,104,94,107,68,60,98,98,112,95,101,102,105,110,113,,113,133,110,118,,96,95,70,,,,,117,126,,127,96,113,128,112,99,105,79,76,67,82,75,67,74,88,92,95,,74,80,83,,94,97,,80,90,115,113,103,112,104,114,114,87,96,102,93,,120,122,122,184,168,149,,102,107,,106,90,91,76,97,114,109,135,135,,73,,,82,82,83,94,86,,,,,,88,76,104,,,72,,73,,,122,,109,106,103,116,122,119,116,118,80,,147,131,153,154,145,138,137,134,131,103,127,76,65,,85,106,,102,103,87,82,,,119,73,74,71,68,75,74,78,90,,,139,68,68,68,68,,70,85,110,104,112,102,78,,77,74,77,,,74,68,,93,88,85,,84,,163,167,,,92,61,,,162,170,130,,,76,83,100,98,176,176,174,97,94,95,94,87,83,88,71,92,117,122,100,98,68,72,64,68,,129,,94,,87,85,75,89,109,110,98,83,64,62,69,75,,,85,116,112,119,144,88,83,73,84,88,89,86,116,102,87,99,93,,,104,68,69,78,120,122,,49,118,130,,125,124,132,,132,135,131,128,132,87,99,88,88,106,96,89,69,102,89,94,,120,81,84,62,149,164,,126,,122,,,,101,98,103,101,106,108,,88,,108,109,107,76,79,70,65,75,90,98,95,90,89,83,82,84,89,94,100,99,76,,73,72,68,77,67,68,62,98,92,93,87,90,81,80,79,,81,100,98,91,87,98,90,94,96,106,84,90,84,86,90,,86,90,87,83,78,78,78,79,69,68,90,,58,77,75,,48,62,60,84,,119,114,68,,76,83,87,80,87,64,61,68,66,71,111,106,110,,48,52,58,88,100,,100,109,82,80,78,100,87,87,82,86,97,94,,93,104,92,,93,99,,106,79,85,80,,86,85,85,76,73,122,95,91,98,104,100,118,106,112,128,108,,109,113,121,113,83,88,82,77,79,98,100,96,105,103,58,72,86,74,74,89,71,88,99,85,58,68,68,81,73,75,77,55,61,56,85,91,79,115,124,125,132,98,88,91,110,114,95,104,,92,83,112,110,70,84,95,106,,107,100,96,102,98,144,142,147,124,90,102,110,109,103,117,,,96,97,104,,94,88,81,78,89,75,,103,97,94,,,,,121,116,108,112,116,101,87,97,,97,124,136,149,132,117,67,61,60,65,62,,,,,73,72,73,72,55,55,74,,66,111,107,108,105,117,112,122,57,60,79,90,87,83,,45,48,51,51,22,26,122,121,78,,66,57,,102,102,,63,61,79,,96,,106,,52,48,107,104,110,108,117,118,120,124,87,89,79,79,,121,124,101,147,132,135,,100,110,125,122,111,111,,103,95,128,126,128,,135,150,125,,127,188,140,127,105,123,140,,146,161,,151,126,131,126,112,100,116,115,115,,107,107,99,94,100,104,103,112,105,,,99,98,109,79,,88,100,103,106,119,101,70,53,112,136,126,102,80,,84,119,155,163,62,128,128,,126,,119,126,184,78,49,49,113,108,159,125,103,97,134,87,,,97,133,94,124,,161,168,160,103,,94,130,,,83,158,147,75,88,105,74,70,93,130,82,108,120,116,82,,98,110,,66,85,124,125,114,124,72,110,45,74,80,82,58,101,64,157,86,94,102,66,99,108,118,72,71,73,75,72,92,131,121,102,91,78,140,122,95,93,95,88,72,108,113,87,80,147,103,68,,112,99,112,65,117,84,83,,74,168,100,106,86,91,105,136,163,119,134,68,76,162,91,79,73,122,89,,94,168,134,155,155,,111,71,52,76,67,62,76,75,66,49,103,114,145,164,124,97,,110,,113,93,89,139,95,58,64,53,53,53,46,46,34,35,38,41,,60,40,71,49,70,58,80,99,127,105,150,142,146,131,102,149,100,89,88,68,69,66,69,,49,51,87,90,96,82,90,109,64,90,72,98,92,87,63,72,90,170,167,147,137,118,78,140,118,100,87,113,92,96,141,126,98,64,79,71,83,84,124,85,79,98,93,91,116,113,83,94,126,107,112,90,101,88,91,77,88,,121,90,81,143,125,116,152,143,107,97,176,133,145,136,110,98,94,104,83,117,127,139,96,108,,54,68,51,46,37,37,41,79,57,51,54,34,69,78,112,109,115,84,82,107,108,111,130,131,127,123,102,50,68,72,,63,81,76,86,94,93,75,53,133,68,119,152,132,122,101,116,123,165,126,98,86,,122,,,,83,82,119,121,119,114,134,122,164,,128,172,96,99,48,102,92,90,125,,94,99,101,113,78,77,76,72,88,64,61,,50,,116,97,,80,56,66,63,128,120,97,62,,68,120,117,114,,,70,116,99,108,71,115,103,103,112,86,87,125,123,100,100,92,109,117,120,112,46,48,82,58,67,75,64,68,96,105,89,74,83,76,85,67,128,118,112,109,113,84,107,91,77,69,154,82,32,62,55,57,58,82,144,147,,132,96,53,54,90,122,124,72,78,141,128,115,115,145,153,97,89,112,84,82,133,89,100,,81,59,68,115,68,96,90,66,80,90,93,82,89,121,84,122,149,145,102,80,72,92,112,110,98,83,85,75,130,144,106,115,94,92,93,96,83,70,117,141,104,79,100,109
20210719,17,O3_8h_24h,94,93,104,103,94,93,86,96,84,97,88,98,,,97,,112,125,99,,114,,99,134,,117,145,,93,101,81,90,91,104,111,,109,101,,100,98,92,104,107,,105,,101,99,88,119,118,128,116,114,113,113,,116,118,115,64,78,69,,75,98,90,,92,128,127,121,107,94,,89,95,87,86,84,,90,84,73,84,84,81,,133,123,,,136,133,127,127,99,95,97,,96,113,115,104,110,,122,92,86,87,86,90,99,85,83,89,81,94,95,91,99,86,103,91,94,96,96,136,130,121,,136,137,126,132,120,124,126,131,71,68,68,66,68,,75,48,67,63,122,118,122,120,117,142,106,123,139,87,,108,101,102,96,98,103,104,100,103,86,106,85,,,,84,94,,95,99,96,,,,150,,126,127,128,128,105,125,,126,152,,,,146,154,,161,155,168,106,111,,116,98,103,98,96,94,99,91,,96,,97,87,,123,124,,124,119,127,,131,132,118,105,54,74,63,,,61,66,72,66,70,61,71,,88,,,118,,124,124,,65,83,71,44,39,39,,100,96,115,119,113,82,83,82,124,124,132,140,140,114,116,121,52,130,72,,59,68,67,49,100,94,88,82,86,90,,76,79,,,82,140,161,143,,136,162,137,176,82,,,75,78,87,85,79,82,54,56,49,60,50,55,,50,64,83,89,88,83,82,90,70,,100,106,151,139,141,152,122,147,129,131,129,128,49,55,,58,53,60,65,58,53,47,66,34,32,30,29,27,40,,46,46,43,39,35,41,33,32,43,44,50,48,,44,55,43,38,41,36,38,55,56,53,52,,,58,58,48,49,44,42,47,46,58,65,68,62,132,129,139,118,112,131,112,116,78,72,67,69,77,102,,105,99,126,113,117,111,115,,,107,103,98,113,104,,176,156,152,130,,,182,126,84,68,80,86,73,71,81,79,76,,67,62,71,74,77,69,77,79,74,79,71,82,77,66,56,77,72,91,88,86,,86,71,59,68,,190,150,152,144,,,,147,168,,,,168,177,105,94,95,102,128,,109,152,136,162,135,36,119,135,105,117,123,84,96,155,109,145,,138,140,149,134,155,156,158,156,153,,95,102,96,78,71,69,85,114,103,96,86,90,88,91,89,89,82,81,,102,,92,105,104,94,130,,131,123,,,121,125,117,144,,101,116,117,,108,112,104,101,124,84,84,84,89,90,,,,119,,105,117,,123,148,146,136,82,78,88,73,89,74,,109,,,82,,79,77,76,72,78,74,75,76,,97,85,92,89,91,87,82,80,90,86,74,70,68,51,47,48,63,61,59,56,,58,76,66,,85,83,,78,80,82,70,78,,70,53,,,96,118,,112,,113,117,114,115,67,67,,65,69,,84,81,,88,,88,91,85,,93,83,95,94,95,,79,78,86,78,81,80,62,116,121,114,109,112,103,88,69,54,86,86,73,100,91,98,98,96,111,104,107,112,112,85,79,74,87,,92,76,65,78,71,66,107,96,93,92,99,131,141,130,,132,144,135,,123,88,102,85,91,,104,78,85,,64,,69,66,72,65,100,94,91,,,,64,,74,,86,82,81,,67,61,62,69,69,,75,,107,107,102,112,126,110,,104,90,112,126,110,118,,92,,,97,80,81,65,,80,85,97,88,69,92,78,89,108,99,98,104,98,107,68,60,106,104,112,100,101,102,105,110,113,,113,133,110,118,37,96,95,70,,,,,117,126,,127,96,113,128,112,99,105,79,76,67,82,75,67,74,88,92,95,,76,80,83,,94,97,,86,90,115,113,103,112,104,114,114,87,96,102,93,,120,122,122,184,168,149,124,102,107,,106,90,123,101,108,114,109,135,135,,75,,,82,82,83,94,87,80,,94,,,88,76,104,,,83,,82,,,122,,109,106,103,116,122,119,116,118,82,,147,131,153,154,145,138,137,134,131,103,127,77,66,,85,106,,102,103,87,82,,,119,73,74,71,68,75,74,78,90,,,139,68,68,69,68,,70,85,110,104,112,102,78,,77,74,77,,,76,74,,93,88,85,,84,,163,167,,,92,61,,,162,170,130,,,76,83,100,98,176,176,174,97,94,95,94,87,88,89,72,93,117,122,100,98,68,72,64,68,,129,99,94,,87,85,75,89,109,123,98,83,64,62,69,75,,,85,116,112,119,144,91,83,75,84,88,89,86,116,102,87,99,93,,,104,68,69,78,120,122,,49,118,130,,125,124,132,,132,135,131,128,132,87,99,88,88,106,96,89,69,102,89,94,,120,81,84,62,149,164,,126,,122,,,,101,98,103,101,106,109,,88,,108,109,107,76,81,71,66,75,90,98,95,90,89,83,82,84,89,94,101,99,76,,73,72,68,77,67,68,62,98,92,93,87,90,81,80,79,,81,100,98,91,87,98,90,94,96,106,84,90,84,86,90,,86,90,87,83,78,78,78,79,69,68,90,,58,77,75,,81,83,76,89,,119,114,89,,93,83,87,80,87,78,74,82,78,85,111,106,110,,76,68,84,88,100,,100,109,82,80,78,100,87,87,82,86,97,94,,93,104,92,,93,99,,106,79,85,80,,86,85,85,76,73,122,95,91,98,104,100,118,106,112,128,108,,109,113,121,113,83,88,82,77,79,98,100,96,105,103,58,72,86,74,74,89,71,88,99,85,58,68,68,81,74,75,78,55,61,56,85,91,79,115,124,125,132,98,88,91,110,114,95,104,,92,83,112,110,70,84,95,106,,107,100,96,102,98,144,142,147,124,90,102,110,109,103,117,,,96,97,104,,94,88,81,78,89,75,,103,97,94,,,,,121,116,108,112,116,101,87,97,,97,124,136,149,132,117,67,61,60,65,62,,,,,73,72,73,72,55,55,74,,66,111,107,108,105,117,112,122,57,60,79,90,87,83,,54,48,51,51,22,26,122,121,78,,66,57,,102,102,,63,61,79,,96,,116,,52,48,107,104,110,108,117,118,120,124,87,89,79,79,,121,124,101,147,132,135,,100,110,125,122,111,111,,103,95,128,126,128,,135,150,125,,127,188,140,134,105,123,140,,146,161,,151,126,131,126,112,100,116,115,115,,107,107,99,105,104,104,103,112,105,,,99,98,109,79,,88,100,103,106,119,102,70,53,112,136,126,102,80,,84,119,155,163,68,128,128,,126,,119,126,184,78,49,49,113,108,159,125,103,97,134,87,,,97,133,94,124,,161,168,160,103,,94,130,,,83,158,147,75,88,105,74,71,94,130,82,108,120,116,82,,98,110,,66,85,124,125,114,126,72,110,47,74,80,82,59,101,84,157,86,94,102,67,99,108,118,72,71,73,75,72,92,131,121,102,91,93,140,122,95,96,97,88,72,108,113,87,84,147,103,83,,112,99,112,65,117,84,83,,74,168,100,106,86,91,114,136,163,119,134,68,76,162,91,79,73,122,89,,94,168,134,155,155,,111,72,64,76,76,63,76,76,66,51,103,114,145,164,124,97,,110,,113,93,89,139,95,58,64,53,53,53,46,46,34,35,38,47,50,60,40,73,49,70,58,80,99,127,105,150,142,146,131,102,149,100,89,88,82,79,84,94,,60,62,87,90,96,82,90,109,64,90,72,98,93,87,67,72,90,170,167,147,137,118,79,140,118,100,87,113,92,96,141,126,98,64,79,71,84,84,124,85,79,98,93,91,116,113,83,94,126,107,112,90,101,88,91,77,88,,121,90,81,143,125,116,152,143,107,97,176,133,145,136,110,98,95,104,90,117,127,139,96,108,,54,69,51,46,37,46,41,79,57,51,54,34,69,78,112,109,115,84,82,107,108,111,130,131,127,123,102,67,68,72,,80,86,76,86,94,106,77,58,133,68,119,152,132,122,101,116,123,165,126,98,86,,122,84,93,83,83,86,119,121,119,114,134,122,164,,128,172,96,99,48,102,92,91,125,,94,99,101,113,78,77,76,72,88,64,61,,63,,116,97,,80,56,66,63,128,120,97,62,,69,120,117,114,,,70,116,99,108,71,115,103,103,112,86,87,125,123,100,100,92,109,117,120,112,49,66,82,74,67,75,82,68,96,105,89,74,83,76,85,67,128,118,112,109,113,84,107,91,77,69,155,82,32,71,55,57,58,82,144,147,,132,96,71,70,90,122,124,74,78,141,128,115,115,145,153,97,89,112,84,82,133,89,100,,81,70,76,115,68,96,90,73,80,90,93,82,89,121,84,122,149,145,102,80,89,92,112,110,98,83,85,75,130,144,106,115,94,92,93,96,83,77,117,141,104,79,100,109
20210719,17,CO,0.6,0.6,0.8,0.7,0.7,0.9,0.6,0.7,0.6,0.6,0.7,0.7,,,0.8,,1.3,0.6,0.6,,2.9,,0.4,0.5,,0.5,0.5,,0.4,0.5,0.4,0.6,0.6,0.3,0.6,,0.6,0.5,,0.4,0.5,0.4,0.2,0.4,,0.3,,0.4,0.6,0.3,0.1,0.4,0.3,0.1,0.1,0.1,0.3,,0.4,0.4,0.1,0.6,0.7,0.8,,0.7,0.5,0.6,,0.5,0.3,0.2,0.2,0.3,0.4,,0.1,0.4,0.3,0.3,0.6,,0.7,0.5,0.5,0.5,,0.7,,0.5,0.5,,,0.4,0.5,0.4,0.4,0.5,0.4,0.5,,0.4,0.5,0.4,0.3,0.5,,0.6,0.7,0.5,0.5,0.5,0.4,0.5,0.5,0.4,0.6,0.6,0.5,0.4,0.5,0.4,0.4,0.2,0.3,0.3,0.3,0.3,0.5,0.7,0.6,,0.6,0.6,0.5,0.4,0.3,0.6,0.5,0.3,0.4,0.5,0.3,0.4,0.3,,0.3,0.3,0.3,0.3,0.2,0.5,0.1,0.4,0.6,0.4,0.3,0.5,0.4,0.2,,0.3,0.4,0.3,0.1,0.2,0.5,0.4,0.3,0.4,0.4,0.5,0.1,,,,0.4,0.3,,0.5,0.3,0.2,,,,0.8,,0.3,0.1,0.3,0.3,0.3,0.2,,0.2,0.4,,,,0.4,0.4,,0.7,0.8,0.6,0.3,0.5,,0.1,0.3,0.3,0.2,0.2,,0.5,0.4,,0.4,,0.3,0.4,,0.4,0.6,,0.5,0.3,0.7,,0.4,0.4,0.4,0.2,0.4,0.4,0.4,,,,0.3,0.4,0.5,0.4,0.4,0.5,,0.3,,,0.4,,0.5,0.5,,0.2,0.3,0.2,0.3,0.3,0.4,,0.3,0.4,0.3,0.1,0.4,0.3,0.3,0.3,0.5,0.4,0.4,0.6,0.5,0.6,0.5,0.6,,0.5,0.3,,0.4,0.6,0.4,0.4,0.3,0.4,0.2,1.6,1.4,0.4,,0.9,0.5,,,0.8,0.6,0.2,0.6,,0.4,0.5,0.5,0.6,0.3,,,0.1,0.3,0.4,0.1,0.1,0.3,0.6,0.5,0.6,0.6,0.5,0.5,,0.6,0.6,0.8,0.8,1.1,1,1.1,0.4,0.8,,0.9,0.4,0.7,0.6,0.6,0.6,0.6,0.5,0.4,0.4,0.4,0.3,0.6,0.7,,0.4,0.4,0.5,0.6,0.7,0.5,0.6,0.4,,0.7,0.6,0.5,0.4,0.4,,0.8,0.4,0.4,0.5,0.5,0.6,0.4,0.6,0.3,0.5,0.4,0.4,,0.4,0.4,0.4,0.6,0.5,0.4,0.4,0.5,0.6,0.5,0.4,,,0.6,0.5,0.7,0.4,0.6,0.5,0.8,0.6,0.4,0.5,0.3,0.4,0.7,0.5,0.5,0.6,0.3,0.8,0.6,0.6,0.3,0.4,0.5,0.4,0.4,0.6,,0.3,0.5,0.7,0.7,1.1,0.3,0.4,,,0.6,0.6,0.9,0.1,0.7,,0.5,0.3,0.5,0.6,,,0.6,0.4,0.2,0.3,0.4,0.5,0.5,0.3,0.4,0.5,0.6,,0.3,0.3,0.3,0.3,0.3,0.4,0.2,0.3,0.2,0.4,0.4,0.2,,0.7,0.6,0.6,0.6,0.4,0.7,0.3,,0.7,0.9,0.6,,,0.6,0.3,0.3,0.3,,,,0.7,0.4,,,,0.4,0.6,0.6,0.4,0.6,0.2,0.8,,0.4,0.7,1.1,0.9,0.5,,0.8,0.6,0.6,0.7,0.6,0.3,,0.6,0.8,0.4,,0.5,0.8,0.6,0.7,0.7,0.6,0.7,0.6,0.6,,0.3,1,0.3,0.3,0.4,0.4,0.5,0.6,0.5,0.6,0.5,0.6,0.3,0.4,0.2,0.3,0.2,0.3,,0.4,,,0.6,0.3,0.7,0.5,,0.5,0.6,,,0.3,0.5,0.4,0.1,,0.2,0.4,0.1,,0.2,,0.1,0.4,0.3,0.2,0.1,0.3,0.2,0.3,,,,0.3,,0.3,0.6,,0.4,0.5,0.7,0.6,0.5,0.2,0.2,0.4,0.6,0.3,,0.3,,,0.8,,0.8,1.8,0.7,0.4,0.6,0.5,0.3,0.3,,0.6,0.4,0.6,0.5,0.4,0.5,0.5,0.5,0.6,0.6,0.4,0.6,0.5,0.4,0.6,0.5,0.6,0.6,0.5,0.5,,0.6,0.5,0.4,,0.6,0.6,,0.4,0.6,0.6,0.5,0.6,,0.5,0.4,,,0.5,0.5,,0.5,,0.5,0.5,0.4,0.4,0.7,0.5,,0.7,0.7,,0.6,0.5,,0.4,,0.7,0.6,0.8,,0.6,0.7,0.4,0.2,0.1,,0.9,1.1,0.6,1,1.1,0.3,0.2,0.3,0.8,0.6,1,0.6,0.5,0.3,1.2,2.5,0.6,0.6,0.4,0.8,0.5,0.4,0.6,0.5,0.6,0.5,0.5,0.7,0.6,0.5,0.6,0.6,0.2,,0.1,0.4,0.4,0.4,0.4,0.3,0.4,0.5,0.5,0.4,0.6,0.5,0.7,0.5,,0.6,,0.6,,0.3,0.7,0.7,0.8,0.7,,0.6,0.8,0.3,,0.7,,0.7,0.4,0.4,0.4,,0.8,0.6,,,,0.6,,0.6,,0.5,0.4,,,0.7,0.7,0.6,0.5,0.5,,0.6,,0.3,0.6,0.4,0.5,0.5,0.7,,0.6,0.5,0.4,0.7,0.5,0.5,,0.6,,,0.7,0.4,0.2,0.6,,0.7,0.6,,0.6,0.7,0.5,0.5,0.8,0.6,0.9,1.7,0.8,2.8,0.8,0.4,0.3,0.6,0.4,0.7,,0.5,0.6,0.4,0.4,0.6,,0.5,3.3,1.6,0.5,,0.7,0.9,0.8,,,,,0.4,0.5,,0.5,0.6,0.4,0.3,0.3,0.4,0.3,0.6,0.3,0.4,0.4,0.3,0.4,0.4,0.8,0.6,0.8,,0.6,0.6,0.8,,0.6,0.6,,0.5,0.6,0.8,0.5,0.8,0.6,0.4,0.4,0.4,0.7,0.6,0.7,0.6,,0.4,0.5,0.2,0.3,0.3,0.2,,0.6,0.4,,0.6,0.2,0.3,0.5,0.3,0.2,0.5,0.2,0.2,,0.3,,,0.3,0.3,0.2,0.2,0.3,,,,,,0.3,0.3,0.4,,,0.3,,0.4,,,0.7,,0.6,0.2,0.6,0.5,0.5,0.8,0.3,0.6,0.7,,0.6,0.6,0.7,0.6,0.6,0.3,0.3,0.3,0.3,0.6,0.6,0.2,0.4,,0.5,0.3,,0.4,0.4,0.5,0.6,,,0.6,,0.6,0.5,,0.5,0.7,0.7,0.6,,,,0.4,0.6,0.7,0.5,,0.5,0.5,0.3,0.6,0.6,0.5,,,0.4,0.8,0.6,,,0.5,0.7,,0.6,0.6,,,0.4,,0.6,0.5,,,,0.4,,,0.6,0.4,0.3,,,0.3,0.4,0.2,0.3,0.4,0.3,0.3,0.4,0.2,0.4,0.4,0.5,0.4,0.4,0.4,0.8,0.6,0.6,0.6,0.7,0.4,0.5,0.5,0.3,,0.4,,0.3,,0.2,0.4,0.5,0.5,0.5,0.5,0.5,0.5,0.4,0.5,0.4,0.4,,,0.4,0.6,0.6,0.5,0.5,1.3,0.8,1.7,1,0.5,0.6,0.3,0.6,0.5,0.7,0.7,0.6,,,0.4,0.4,0.4,0.4,0.4,0.4,,0.6,0.4,0.5,,0.6,0.6,0.5,,0.4,0.5,0.5,0.5,0.5,,0.5,0.4,0.6,0.3,0.5,0.4,0.6,0.4,1,1.2,,0.6,0.3,0.2,,0.6,0.4,,0.6,,0.5,,,,0.4,0.6,0.6,0.6,0.5,0.6,,0.4,,0.4,0.3,0.4,0.4,0.3,0.5,0.5,0.4,0.4,0.4,0.5,0.4,0.2,0.4,0.4,0.4,0.5,0.6,0.5,0.4,0.3,,0.5,0.2,0.6,0.2,0.6,0.7,0.4,0.8,0.6,0.3,0.5,0.2,0.5,0.4,0.7,,0.5,0.4,0.5,0.3,0.4,1.1,0.8,0.6,1,1.3,0.5,0.7,0.6,0.4,0.3,,0.3,0.4,0.4,0.4,0.6,0.6,0.5,0.6,0.3,,0.6,,0.6,0.5,0.3,,0.7,0.6,0.6,0.4,,0.4,0.4,0.7,,0.7,0.7,0.5,,0.7,0.9,1,0.8,0.7,0.6,0.7,0.5,0.5,,1,0.4,0.8,0.9,0.8,,0.9,1,0.4,0.5,0.6,0.6,0.5,0.8,0.7,0.7,0.6,0.6,,0.6,0.8,0.3,,0.9,1,,0.5,0.4,0.4,0.4,,0.7,0.6,0.7,1.5,1.1,0.8,0.6,0.5,0.5,0.4,0.6,0.4,0.6,0.6,0.5,0.5,,0.4,0.9,1,1.4,0.4,0.4,0.5,0.3,0.6,0.6,0.6,0.6,0.5,0.6,1.4,0.9,,0.7,1.2,,0.5,0.4,0.3,0.7,0.4,0.1,0.3,0.8,0.7,0.7,0.6,0.6,,0.7,0.5,0.6,0.9,0.6,0.5,0.6,0.8,0.4,0.4,0.5,0.7,0.7,0.5,0.5,,0.6,0.7,0.9,0.9,,0.4,0.6,0.4,,0.4,0.2,0.3,0.2,0.3,0.5,0.5,0.3,0.4,0.4,0.2,0.5,0.4,,0.4,,,0.3,0.4,0.6,,0.6,0.4,0.3,0.3,0.3,0.3,,0.3,0.5,0.3,,,,,0.4,0.5,0.4,0.5,0.5,0.2,0.2,0.4,,0.2,0.6,0.5,0.4,0.5,0.4,0.5,0.6,1.4,0.6,,,,,,0.2,,0.4,0.4,0.5,0.5,0.4,,0.4,0.4,,0.3,0.2,0.6,0.6,0.5,0.4,0.4,,0.7,0.5,0.5,,0.4,0.4,0.3,0.3,0.3,0.3,0.5,0.5,0.5,,0.3,0.6,,0.5,0.5,,0.4,0.2,0.4,,0.2,,0.3,,0.6,0.5,,0.6,0.5,0.6,0.4,0.4,0.4,0.6,0.6,0.4,0.6,0.4,,0.4,0.4,0.4,0.4,0.7,0.2,,0.3,0.3,0.2,0.3,0.4,0.3,,0.6,0.8,0.4,0.2,0.6,,0.1,0.1,0.2,,0.4,0.5,0.6,0.3,0.4,0.3,0.3,,0.2,0.1,,0.4,0.3,0.5,0.3,0.8,0.6,0.1,0.2,0.4,,0.5,0.2,0.2,0.2,0.4,0.2,0.4,0.5,0.3,,,0.4,0.5,0.4,0.7,,0.2,0.3,0.5,0.3,0.6,0.3,0.5,0.7,0.6,0.4,0.5,0.4,0.6,,0.4,0.6,0.5,0.6,0.4,0.4,0.4,,0.5,,0.2,0.8,0.6,0.4,0.4,0.3,0.3,0.1,0.5,0.5,0.4,0.3,0.4,0.4,,,0.4,0.4,0.3,0.4,,0.7,0.4,0.5,0.6,,0.4,0.3,,,0.2,0.3,0.3,0.3,0.3,0.5,0.3,0.1,0.2,0.3,0.6,0.8,,0.5,0.6,,0.9,0.5,,0.5,0.6,0.2,0.4,0.4,0.4,1,0.4,0.5,0.6,0.4,0.4,0.4,0.7,0.4,0.4,0.3,0.4,0.3,0.4,0.4,0.2,0.4,0.8,0.4,0.5,0.4,0.3,0.5,0.3,0.5,0.3,0.9,0.7,0.4,0.5,0.5,0.6,0.7,0.7,0.6,0.4,0.8,0.4,0.8,0.5,0.8,0.7,,0.5,0.7,0.3,0.4,0.5,0.5,0.7,,0.5,0.4,,0.4,0.5,0.3,0.4,0.5,0.5,0.8,0.2,0.7,0.2,0.5,0.6,0.3,0.7,0.4,0.5,,0.5,0.5,0.2,0.5,0.4,,0.3,0.4,0.3,0.3,0.4,0.2,0.4,0.3,0.3,0.5,0.4,0.4,0.7,0.5,0.2,0.2,,0.6,,0.4,0.6,,0.6,0.4,0.6,0.6,0.6,0.8,0.6,0.7,0.6,0.4,0.5,0.5,0.7,,0.5,0.5,0.6,0.6,0.6,0.7,0.6,0.2,0.3,0.5,0.9,0.5,0.5,0.4,0.5,0.7,0.5,0.4,0.5,0.3,0.6,0.6,0.5,,0.4,0.5,0.3,0.4,0.5,0.5,0.4,0.6,0.5,0.6,0.6,0.5,0.4,0.6,0.3,0.4,0.2,0.7,0.3,,0.6,0.5,0.2,0.2,0.1,0.2,0.1,0.2,0.3,0.2,0.5,0.4,0.4,0.2,0.4,0.3,0.7,0.6,0.2,0.5,0.6,0.6,0.5,0.6,0.4,0.6,0.6,0.7,0.6,0.7,0.5,0.3,0.4,0.4,0.3,0.1,0.4,,0.4,0.6,0.5,0.4,0.3,0.3,0.5,0.4,0.5,0.1,0.5,0.2,0.4,0.3,0.1,0.5,0.3,0.2,0.4,0.3,0.3,0.6,0.2,0.3,,0.5,0.5,0.7,0.5,0.4,0.5,0.5,0.7,0.6,0.3,0.4,0.4,0.7,0.5,0.5,0.3,0.3,0.5,0.6,0.5,0.5,0.4,0.5,0.5,0.5,0.7,0.4,0.6,0.5,0.5,,0.2,0.4,0.6,0.8,0.5,0.5,0.5,0.3,0.6,0.5,0.3,0.6,0.3,0.3,0.7,0.6,0.4,0.4,0.2,0.4,0.5,,0.5,,,,0.2,0.2,0.5,0.6,0.8,0.5,0.5,0.3,0.2,,0.4,0.6,0.6,0.7,0.5,0.3,0.4,0.3,0.4,,0.5,0.5,0.9,0.9,0.5,0.4,0.3,0.3,0.5,0.3,0.4,,0.3,,0.5,0.6,,1.1,0.5,0.2,0.4,0.5,0.5,0.5,0.3,,0.3,0.4,0.5,0.4,,,0.8,0.6,0.3,0.4,0.4,0.4,0.6,1.1,0.4,0.5,0.7,0.1,0.3,,0.4,0.2,0.3,0.3,0.1,0.3,0.5,0.7,,0.7,0.7,1.6,1,0.6,0.7,0.9,0.5,0.3,0.6,0.7,0.4,0.7,0.4,0.3,0.5,0.2,0.5,0.5,0.5,0.5,0.8,0.3,0.4,0.6,0.5,0.4,0.5,0.5,0.4,,0.8,0.6,,0.5,0.3,0.5,0.6,0.4,0.4,0.5,0.5,,0.4,0.1,0.3,0.4,0.4,0.4,0.8,0.5,0.7,0.7,0.4,0.4,0.3,0.4,,0.6,,0.2,0.4,0.5,0.4,0.6,0.6,0.6,0.6,0.5,0.5,0.5,0.4,0.4,0.6,0.4,0.7,0.5,0.1,0.4,0.5,0.4,0.6,0.6,0.7,0.8,0.6,0.7,0.4,0.3,0.3,0.7,,0.3,0.2,0.3,0.3,0.3,0.4,0.5,0.4,0.6,0.4
20210719,17,CO_24h,0.5,0.5,0.7,0.7,0.6,0.7,0.5,0.5,0.5,0.5,0.5,0.6,,,0.9,,1,0.9,0.5,,1,,0.5,0.5,,0.6,0.5,,0.6,0.6,0.5,0.8,0.7,0.4,0.6,,0.8,0.7,,0.9,0.6,0.3,0.2,0.4,,0.3,,0.4,0.5,0.4,0.1,0.4,0.3,0.1,0.1,0.1,0.3,,0.5,0.5,0.1,0.6,0.7,0.8,,0.7,0.6,0.4,,0.5,0.4,0.2,0.3,0.2,0.5,,,0.4,0.3,0.3,0.7,,0.5,0.6,0.5,0.7,0.5,0.6,,0.5,0.5,,,0.4,0.5,0.4,0.4,0.8,0.6,0.6,,0.6,0.6,0.5,0.5,0.6,,0.5,0.7,0.6,0.5,0.6,0.4,0.5,0.5,0.5,0.6,0.6,0.6,0.5,0.7,0.5,0.6,0.4,0.4,0.4,0.4,0.5,0.3,0.7,0.5,,0.5,0.6,0.5,0.6,0.3,0.5,0.3,0.4,0.5,0.5,0.3,0.4,0.4,,0.4,0.3,0.3,0.2,0.4,0.6,0.2,0.4,0.8,0.5,0.5,0.7,0.4,0.2,,0.3,0.5,0.3,0.1,0.3,0.5,0.4,0.3,0.4,0.5,0.5,0.3,,,,0.5,0.4,,0.5,0.4,0.3,,,,0.6,,0.4,0.2,0.4,0.3,0.4,0.3,,0.3,0.7,,,,0.6,0.6,,0.6,0.7,0.7,0.4,0.6,,0.2,0.2,0.3,0.1,0.2,,0.5,0.3,,0.3,,0.3,0.4,,0.4,0.5,,0.6,0.3,0.7,,0.5,0.4,0.4,0.3,0.4,0.6,0.4,,,0.3,0.4,0.4,0.4,0.4,0.4,0.4,,0.7,,,0.5,,0.6,0.5,,0.3,0.3,0.2,0.3,0.4,0.5,,0.3,0.4,0.3,0.2,0.4,0.4,0.3,0.5,0.5,0.5,0.5,0.6,0.5,0.5,0.5,0.5,0.2,0.5,0.4,,0.5,0.6,0.5,0.4,0.3,0.5,0.3,1.2,0.9,0.7,,0.9,0.7,,,0.8,0.5,0.3,0.8,,0.5,0.5,0.6,0.4,0.3,,,0.1,0.3,0.4,0.1,0.2,0.4,0.6,0.4,0.5,0.5,0.5,0.5,,0.6,0.5,0.8,0.8,0.6,0.9,0.8,0.6,0.8,,0.9,0.4,0.8,0.7,0.6,0.7,0.6,0.6,0.5,0.5,0.6,0.4,0.6,0.6,,0.5,0.4,0.6,0.6,0.6,0.5,0.6,0.4,0.4,0.6,0.6,0.5,0.5,0.4,,0.7,0.4,0.4,0.5,0.5,0.5,0.4,0.5,0.4,0.4,0.4,0.4,,0.5,0.4,0.5,0.6,0.5,0.5,0.5,0.5,0.6,0.5,0.5,,,0.6,0.5,0.7,0.4,0.6,0.5,0.7,0.5,0.5,0.5,0.3,0.4,0.6,0.6,0.6,0.6,0.4,0.7,0.7,0.5,0.3,0.4,0.5,0.4,0.4,0.5,,0.5,0.6,0.6,0.7,0.9,0.3,0.4,,,0.7,0.5,0.9,0.3,0.6,,0.4,0.4,0.6,0.6,,,0.6,0.3,0.3,0.4,0.5,0.7,0.6,0.5,0.6,0.5,0.7,,0.4,0.3,0.3,0.3,0.2,0.4,0.2,0.3,0.2,0.4,0.4,0.3,0.4,0.8,0.7,0.7,0.7,0.5,0.7,0.4,,0.7,0.9,0.7,0.8,,0.6,0.5,0.5,0.4,,,,0.9,0.3,,,,0.4,0.6,0.7,0.5,0.7,0.3,0.8,,0.8,0.7,0.9,0.8,0.7,0.8,0.9,0.7,0.6,0.9,0.7,0.4,0.5,0.7,0.7,0.6,,0.5,0.8,0.7,0.7,0.7,0.6,0.7,0.7,0.6,,0.4,1,0.4,0.4,0.5,0.4,0.6,0.7,0.5,0.6,0.5,0.6,0.3,0.5,0.2,0.3,0.3,0.3,,0.7,,0.3,0.6,0.3,0.8,0.5,,0.6,0.7,,,0.5,0.6,0.6,0.3,,0.2,0.5,0.2,,0.2,0.1,0.2,0.4,0.3,0.2,0.1,0.2,0.2,0.3,,,,0.3,,0.4,0.7,,0.4,0.4,0.5,0.6,0.4,0.2,0.3,0.4,0.4,0.4,,0.3,,,0.8,,0.8,0.7,0.7,0.4,0.6,0.5,0.3,0.4,,0.5,0.3,0.6,0.5,0.4,0.4,0.5,0.6,0.7,0.8,0.4,0.6,0.6,0.3,0.5,0.5,0.7,0.7,0.7,0.4,,0.5,0.5,0.4,,0.6,0.6,,0.4,0.7,0.7,0.6,0.6,,0.6,0.5,,,0.5,0.5,,0.6,,0.7,0.5,0.6,0.5,0.7,0.5,,0.7,0.7,,0.6,0.6,,0.6,,0.9,0.8,0.8,,0.7,0.8,0.3,0.2,0.1,,0.5,0.6,0.5,1,1,0.3,0.2,0.6,0.7,0.5,0.7,0.5,0.7,0.3,1,2,0.6,0.5,0.5,0.7,0.6,0.4,0.6,0.5,0.7,0.6,0.6,0.8,0.6,0.5,0.5,0.5,0.2,,0.1,0.4,0.4,0.3,0.4,0.3,0.5,0.4,0.6,0.3,0.5,0.7,0.7,0.6,,0.9,0.8,0.8,,0.5,0.6,0.5,0.5,0.8,,0.6,0.4,0.3,,0.7,,0.7,0.3,0.4,0.4,0.4,0.7,0.4,,,,0.5,,0.5,,0.4,0.5,0.2,,0.6,0.6,0.6,0.5,0.6,,0.6,,0.4,0.6,0.5,0.5,0.5,0.7,,0.7,0.6,0.5,0.7,0.6,0.6,,0.7,,,0.8,0.4,0.3,0.5,,0.7,0.8,0.7,0.7,0.7,0.4,0.5,0.7,0.6,0.7,0.9,1,1,0.8,0.4,0.3,0.4,0.5,0.8,0.5,0.6,0.7,0.7,0.5,0.7,,1.3,2.5,2.3,1,0.6,0.7,0.9,0.8,,,,,0.5,0.5,,0.6,0.9,0.5,0.3,0.3,0.4,0.3,0.7,0.5,0.7,0.6,0.4,0.4,0.5,0.8,0.7,0.8,,0.7,0.6,0.8,,0.7,0.6,,0.6,0.7,0.8,0.6,0.9,0.7,0.5,0.5,0.6,0.6,0.7,0.7,0.7,,0.5,0.6,0.3,0.4,0.3,0.3,0.6,0.6,0.5,,0.6,0.4,0.3,0.4,0.3,0.2,0.5,0.1,0.1,,0.5,,,0.3,0.3,0.2,0.2,0.4,0.1,,0.3,,,0.3,0.4,0.4,,,0.3,,0.5,,,0.6,,0.7,0.3,0.7,0.5,0.5,0.7,0.3,0.5,0.4,,0.6,0.7,0.7,0.5,0.6,0.4,0.3,0.3,0.3,0.6,0.6,0.1,0.4,,0.5,0.3,,0.5,0.4,0.5,0.6,,,0.7,0.5,0.5,0.5,0.4,0.5,0.8,0.8,0.5,,,0.4,0.6,0.7,0.8,0.6,,0.5,0.6,0.4,0.7,0.7,0.5,0.4,,0.4,0.7,0.8,,,0.7,0.9,,0.6,0.6,0.5,,0.5,,0.8,0.7,,,,0.4,,,0.6,0.5,0.4,,,0.3,0.4,0.3,0.2,0.4,0.3,0.3,0.4,0.4,0.4,0.4,0.6,0.4,0.3,0.4,0.6,0.6,0.5,0.5,0.6,0.4,0.3,0.6,0.4,,0.6,0.5,0.4,,0.3,0.4,0.5,0.5,0.6,0.4,0.5,0.4,0.4,0.5,0.4,0.4,,,0.5,0.6,0.7,0.7,0.5,1.4,0.4,1,0.5,1,1.1,0.6,0.6,0.5,0.6,0.7,0.6,,,0.4,0.7,0.6,0.6,0.4,0.3,,0.7,0.4,0.5,,0.6,0.6,0.5,,0.4,0.6,0.5,0.5,0.6,0.5,0.5,0.5,0.7,0.4,0.5,0.7,0.5,0.4,0.6,0.8,,0.3,0.4,0.3,,0.7,0.5,,0.6,,0.5,,,,0.4,0.6,0.6,0.5,0.6,0.7,,0.7,,0.4,0.4,0.4,0.4,0.6,0.5,0.5,0.4,0.5,0.5,0.7,0.4,0.2,0.5,0.5,0.4,0.5,0.6,0.5,0.5,0.3,,0.6,0.3,0.7,0.3,0.6,0.7,0.3,1,1.6,0.6,1.1,0.3,0.4,0.6,0.9,,0.5,0.5,0.6,0.4,0.5,1.1,0.9,0.6,1,1.3,0.5,0.6,0.6,0.4,0.5,,0.5,0.6,0.5,0.5,0.7,0.5,0.5,0.6,0.5,0.8,0.7,,0.5,0.5,0.4,,0.4,0.5,0.5,0.5,,0.5,0.5,0.6,,0.6,0.6,0.5,0.7,0.7,0.9,0.9,0.7,0.7,0.6,0.7,0.5,0.6,,0.6,0.4,0.7,1.2,0.7,,0.8,0.9,0.4,0.7,0.9,0.7,0.6,0.8,0.8,0.7,0.7,0.7,,0.6,0.7,0.4,,1,1,,0.6,0.4,0.4,0.4,,0.7,0.6,0.7,1,1,0.9,0.6,0.6,0.7,0.5,0.6,0.4,0.6,0.6,0.6,0.5,,0.5,0.9,1.1,1.4,0.5,0.5,0.6,0.5,0.6,0.6,0.6,0.6,0.5,0.7,1.4,0.9,0.8,0.8,1.3,0.6,0.5,0.5,1,0.7,0.4,0.4,0.4,0.9,0.8,0.9,0.7,0.5,0.9,0.5,0.7,0.7,0.6,0.6,0.7,0.8,0.8,0.5,0.5,0.5,0.7,0.7,0.5,0.6,0.6,0.7,0.7,0.8,0.9,0.5,0.5,0.5,0.4,,0.4,0.3,0.3,0.3,0.3,0.5,0.4,0.4,0.5,0.6,0.4,0.6,0.5,0.3,0.4,,,0.4,0.4,0.7,,0.6,0.4,0.4,0.4,0.4,0.6,,0.3,0.5,0.3,,,,,0.5,0.5,0.5,0.6,0.6,0.3,0.2,0.4,,0.3,0.5,0.5,0.4,0.6,0.6,0.4,0.7,1.1,0.7,0.8,,,,,0.2,0.3,0.5,0.5,0.5,0.5,0.4,,0.4,0.5,0.4,0.3,0.4,0.8,0.7,0.6,0.5,0.4,0.7,0.7,0.6,0.6,,0.5,0.4,0.3,0.3,0.3,0.3,0.6,0.5,0.5,,0.3,0.6,,0.7,0.6,,0.4,0.2,0.5,,0.3,,0.3,,0.6,0.6,0.4,0.8,0.7,0.7,0.5,0.5,0.4,0.5,0.5,0.4,0.6,0.5,,0.6,0.6,0.2,0.5,0.7,0.3,,0.3,0.3,0.3,0.4,0.4,0.3,,0.7,0.8,0.3,0.1,0.6,,0.2,0.2,0.2,,0.4,0.7,0.6,0.4,0.5,0.3,0.4,,0.3,0.3,,0.4,0.4,0.5,0.3,0.8,0.6,0.2,0.3,0.3,,0.7,0.1,0.4,0.2,0.3,0.2,0.5,0.5,0.3,,,0.6,0.9,0.7,0.7,,0.3,0.5,0.6,0.5,1.8,0.3,0.5,0.7,0.7,0.4,0.7,0.6,0.6,,0.5,0.6,0.4,0.6,0.4,0.4,0.5,,0.4,,0.3,0.9,0.7,0.5,0.8,0.9,0.5,0.5,0.5,0.5,0.6,0.4,0.4,0.4,,,0.5,0.4,0.3,0.7,,0.7,0.5,0.5,0.7,,0.4,0.4,,,0.2,0.4,0.3,0.5,0.4,0.5,0.3,0.2,0.4,0.5,0.6,0.7,0.3,0.4,0.7,,0.9,0.5,,0.4,0.6,0.3,0.4,0.2,0.5,0.4,0.5,0.6,0.6,0.5,0.5,0.4,0.7,0.4,0.7,0.3,0.4,0.5,0.4,0.6,0.3,0.6,0.8,0.4,0.5,0.5,0.4,0.5,0.4,0.4,0.3,0.7,0.6,0.4,0.5,0.6,0.6,0.7,0.6,0.6,0.4,0.8,0.5,0.7,0.5,0.7,0.6,,0.5,0.5,0.3,0.4,0.7,0.5,0.6,,0.6,0.5,0.3,0.4,0.3,0.3,0.4,0.5,0.5,0.9,0.3,0.6,0.5,0.5,0.5,0.3,0.6,0.5,0.8,,0.6,0.4,0.4,0.5,0.4,,0.3,0.4,0.4,0.3,0.4,0.2,0.4,0.3,0.4,0.6,0.4,0.5,0.7,0.6,0.3,0.2,,0.6,,0.5,0.6,0.6,0.6,0.4,0.6,0.6,0.8,0.8,0.6,0.7,0.6,0.4,0.5,0.5,0.6,0.6,0.5,0.4,0.6,0.6,0.6,0.8,0.7,0.2,0.4,0.5,0.9,0.3,0.7,0.4,0.5,0.7,0.5,0.8,0.7,0.3,0.5,0.6,0.5,,0.3,0.6,0.5,0.5,0.7,0.6,0.4,0.5,0.6,0.5,0.7,0.6,0.4,0.6,0.3,0.5,0.4,0.6,0.3,0.5,0.5,0.6,0.2,0.6,0.2,0.3,0.2,0.3,0.3,0.3,0.6,0.5,0.5,0.3,0.5,0.5,0.9,0.7,0.2,0.6,0.7,0.7,0.6,0.5,0.5,0.6,0.6,0.7,0.9,0.7,0.4,0.3,0.4,0.4,0.3,0.2,0.4,,0.4,0.6,0.5,0.6,0.3,0.5,0.6,0.4,0.5,0.2,0.4,0.3,0.4,0.4,0.2,0.5,0.4,0.3,0.5,0.3,0.4,0.6,0.3,0.4,,0.5,0.5,0.7,0.5,0.3,0.5,0.5,0.7,0.6,0.3,0.4,0.4,0.7,0.7,0.6,0.3,0.3,0.6,0.8,0.7,0.5,0.4,0.6,0.6,0.5,0.7,0.4,0.4,0.5,0.5,,0.2,0.4,0.5,0.7,2,0.6,0.5,0.4,0.5,0.5,0.5,0.6,0.4,0.4,0.7,0.6,0.4,0.7,0.4,0.5,0.5,,0.6,0.6,0.4,0.5,0.4,0.2,0.7,0.7,0.9,0.5,0.6,0.4,0.3,,0.4,0.6,0.7,0.7,0.6,0.4,0.4,0.3,0.4,,0.6,0.5,0.7,0.8,0.6,0.4,0.6,0.4,0.4,0.4,0.4,,0.4,,0.5,0.6,,1.2,0.5,0.2,0.4,0.5,0.5,0.5,0.3,,0.4,0.6,0.6,0.5,,,0.9,0.6,0.4,0.3,0.6,0.5,0.8,0.6,0.9,0.5,0.9,0.2,0.3,0.1,0.4,0.3,0.3,0.3,0.2,0.4,0.5,0.6,0.9,0.7,0.7,0.7,0.8,0.6,0.7,1,0.6,0.3,0.6,0.6,0.5,0.6,0.5,0.3,0.7,0.1,0.5,0.5,0.5,0.5,0.9,0.5,0.6,0.6,0.5,0.5,0.5,0.5,0.4,0.7,1,1,,0.7,0.3,0.5,0.6,0.6,0.4,0.5,0.5,,0.5,0.4,0.4,0.4,0.5,0.5,0.8,0.6,0.7,1,0.5,0.4,0.3,0.4,,0.6,0.6,0.2,0.3,0.8,0.7,0.4,0.8,0.6,0.5,0.6,0.4,0.5,0.6,0.5,0.6,0.5,0.8,0.8,0.3,0.4,0.6,0.8,0.6,0.5,0.6,0.6,0.5,0.5,0.4,0.2,0.4,0.8,0.1,0.4,0.2,0.4,0.3,0.5,0.4,0.5,0.4,0.7,0.5
20210719,18,AQI,35,42,40,36,36,40,42,37,43,48,38,38,,,30,,30,33,31,,31,,25,35,,29,35,,42,34,31,37,31,40,34,,30,27,,78,29,30,39,37,,38,,51,55,40,34,38,39,34,34,36,,,39,37,36,30,27,33,,54,49,40,,42,42,43,40,26,25,,33,39,35,34,32,,26,27,32,32,29,23,,47,42,,,48,47,44,44,25,29,27,,29,25,28,27,26,,46,24,19,23,22,25,26,25,22,24,21,27,29,39,31,27,33,31,30,29,30,44,39,40,,44,43,39,,53,42,41,43,,25,24,27,24,,25,26,16,21,48,47,48,46,45,,44,47,69,30,,35,35,30,,29,30,20,18,20,25,22,21,,,,34,32,,37,34,32,,,,53,,40,36,39,41,30,37,,35,46,,,,45,48,,62,65,94,32,35,,36,32,33,32,32,37,28,26,,26,,,30,,36,39,,33,37,35,,44,44,35,32,18,37,16,,,,17,15,,16,28,16,,25,,,44,,23,24,,34,21,21,12,19,15,,38,35,42,42,41,31,31,32,45,37,45,42,42,62,44,41,,,20,,19,22,17,16,33,20,20,21,25,24,,29,27,,,20,45,95,67,,78,83,89,83,24,,,22,20,17,25,22,20,23,23,32,28,25,23,,22,29,26,36,29,34,49,39,35,,30,40,77,98,55,80,46,87,77,46,48,48,24,24,,22,20,18,29,26,23,18,23,,14,15,15,12,13,,15,17,16,12,11,19,11,11,21,17,25,,,15,13,16,13,20,,12,,11,11,10,,,15,16,17,15,14,12,18,18,15,17,16,16,49,45,42,41,53,48,51,49,27,29,25,32,25,45,,,53,72,65,55,47,,,,,67,70,60,44,,114,82,99,47,,,110,50,32,28,30,35,30,26,31,31,29,,22,25,25,28,29,27,28,29,26,31,29,24,,25,31,29,38,30,40,32,,66,52,25,37,,70,53,48,48,,,,58,102,,,,85,100,46,43,45,45,50,,42,75,108,110,46,,40,36,34,40,39,32,59,47,,61,,49,52,57,47,64,70,82,68,65,,29,30,,29,27,25,30,32,29,32,32,29,36,36,23,24,32,,,34,,,34,31,32,46,,46,45,,,71,40,38,40,,33,37,37,,37,40,35,38,41,28,26,26,32,29,,,,42,,34,44,,45,49,50,46,24,25,27,,30,30,,30,,,17,,25,23,22,21,23,,22,24,,19,17,22,19,18,24,25,39,25,28,28,12,19,20,17,25,22,20,30,21,,29,23,,,22,24,,37,25,35,32,16,,,19,,,58,48,,31,,37,60,48,40,22,39,,32,32,,28,26,,,,30,33,35,,30,24,26,27,24,,18,58,22,31,27,18,16,36,40,37,25,29,35,30,29,19,30,23,28,41,58,,42,44,37,28,35,51,32,19,47,31,31,,35,37,36,31,46,15,34,33,35,30,34,31,30,39,,,,49,,45,29,41,32,32,,27,34,33,,21,,24,23,25,23,53,46,57,,,,55,,58,,33,32,,,24,20,26,23,22,,25,,46,43,55,42,48,39,,35,,40,47,38,46,,21,,,28,32,,23,,30,36,,32,32,50,27,40,26,57,58,57,70,26,23,22,39,35,39,,42,43,39,42,54,,63,103,58,58,7,26,28,18,,,,,36,37,,40,28,40,35,30,29,39,21,24,28,26,36,22,21,38,,33,,30,30,28,,30,30,,25,35,43,39,36,39,40,40,38,27,,34,30,,95,86,500,77,92,45,,39,42,,41,36,37,39,40,34,33,46,46,,20,,,22,22,23,31,24,,,,,,27,24,34,,,21,,,,,31,,32,31,26,20,22,20,34,33,22,,60,46,46,50,44,49,65,45,46,35,43,15,17,,53,38,,31,36,28,,,,38,,20,21,,24,25,25,32,,,,23,24,25,,,23,30,34,34,36,34,27,,27,24,27,,,26,26,,32,31,31,,31,,50,50,,,33,37,,,72,83,40,,,23,25,35,34,85,88,82,33,30,31,34,31,25,38,28,42,47,47,42,48,35,37,51,32,,42,,31,,23,18,24,28,35,38,30,36,27,37,,19,,,17,32,32,38,28,23,36,42,29,26,23,24,43,37,33,35,52,,,31,19,20,28,34,35,,18,43,45,,42,48,46,,43,57,50,50,38,29,34,31,60,25,19,26,,19,22,26,,35,26,,20,89,105,,45,,42,,,,27,24,33,37,35,33,,23,,33,26,24,26,30,26,,21,27,34,28,25,30,38,,27,25,18,23,20,26,,21,20,35,28,42,41,17,40,27,39,28,30,,28,29,,34,44,43,50,39,25,26,26,28,49,40,28,25,22,30,,28,30,30,22,26,24,21,23,23,,27,,51,31,29,,42,,49,,,46,42,39,,40,30,39,,39,21,21,23,23,24,42,47,44,,30,46,38,33,39,,46,34,27,24,25,27,32,30,28,29,46,38,,28,31,27,,23,24,,40,32,48,30,,24,25,21,20,22,37,25,,26,29,,,,50,54,54,,24,23,26,27,24,23,22,20,22,,30,25,32,40,18,26,,39,36,,30,25,23,26,18,22,22,17,33,,,39,,46,41,30,47,63,52,53,51,27,28,30,57,47,28,27,,,33,53,54,,35,30,30,,,42,35,38,30,37,34,36,,37,38,40,44,49,43,,,26,26,32,,32,27,20,20,24,32,,62,49,49,,,,,43,41,40,40,43,36,,35,,35,31,34,37,38,38,25,22,25,23,,,,,,21,,32,30,,18,22,,27,45,45,38,38,40,39,42,23,20,38,30,29,29,,15,19,16,18,24,9,43,42,29,,36,31,,36,34,,20,20,22,,65,,50,,25,22,,40,40,38,43,44,45,48,,32,31,27,,36,35,40,42,37,50,,151,209,40,38,403,373,,33,30,43,42,44,,47,55,42,,40,106,42,45,38,,46,,48,62,,55,38,,,42,39,40,58,45,,46,38,38,35,35,35,40,43,39,,,35,36,38,41,,34,37,38,49,49,19,,21,30,35,32,33,28,,32,40,54,84,26,22,49,,44,,40,46,111,32,17,17,454,39,,28,40,27,46,25,,,40,50,27,32,,89,83,77,42,,,65,,,,45,40,24,31,36,21,17,21,40,25,58,,65,28,,31,56,,17,30,49,42,43,43,26,,25,25,25,31,17,31,52,73,23,38,36,29,34,36,43,21,25,26,27,26,29,50,38,35,48,48,45,46,23,23,24,,53,40,35,30,,52,37,31,,42,31,40,27,40,23,22,,29,55,42,,36,35,35,47,,40,53,29,30,103,34,,55,51,22,,32,53,45,49,50,,279,26,12,20,21,20,28,16,23,17,42,40,50,49,49,34,,37,,35,19,25,45,30,17,26,23,18,22,18,12,14,14,15,17,,18,14,16,16,19,16,36,34,42,,37,36,35,53,34,84,32,19,20,32,43,38,44,,21,22,26,30,26,22,29,39,27,31,22,33,32,31,25,26,36,92,111,60,42,47,24,39,42,28,27,39,29,29,41,41,48,22,25,23,25,38,43,30,28,51,45,32,45,26,45,36,,63,21,27,29,34,34,25,42,,44,35,40,50,45,41,88,47,27,29,101,40,42,47,30,29,24,32,25,,49,53,40,50,,17,24,16,15,14,16,10,29,15,19,29,11,26,34,35,43,34,35,31,25,44,53,27,30,,45,20,30,51,37,,47,33,50,41,20,33,17,18,50,31,41,44,38,41,36,43,42,47,93,34,25,,45,45,49,46,24,25,,44,45,38,43,35,82,,42,67,43,33,13,18,26,21,33,,29,,,62,20,29,33,25,26,28,23,,34,,,32,,22,25,21,24,41,44,29,22,,17,40,40,39,,,40,39,35,34,35,31,36,45,30,46,49,38,35,48,52,59,51,41,51,52,22,33,55,28,30,62,43,21,47,43,39,25,29,45,45,24,45,43,47,123,61,24,29,33,28,24,51,36,10,29,12,16,17,,58,50,,49,42,25,25,28,40,37,20,22,39,,34,46,46,59,31,29,46,48,33,39,46,37,,41,,,40,25,30,51,24,43,37,34,37,33,41,32,45,88,55,35,24,43,26,39,31,42,51,33,39,,47,59,36,57,31,30,37,25,14,48,53,36,22,40,34
20210719,18,PM2.5,15,24,16,15,12,21,24,12,23,22,23,20,,,16,,12,10,20,,10,,11,16,,15,13,,24,14,9,18,14,23,13,,14,11,,57,10,14,27,19,,21,,21,39,26,19,18,10,21,13,19,13,,15,7,5,21,16,20,,38,34,16,,15,13,13,22,12,11,,23,27,17,7,12,,11,12,13,12,12,16,,12,16,,,11,12,13,11,10,14,14,,12,13,14,15,14,,19,8,4,6,,6,10,3,4,11,6,9,8,14,8,6,7,3,6,7,8,12,16,18,,15,17,17,,23,15,14,14,,14,7,7,10,,8,8,5,3,14,14,17,5,19,,12,9,12,14,,8,7,6,30,6,8,5,3,8,9,1,9,,,,16,9,,15,14,7,,,,22,,5,9,5,5,7,5,,5,9,,,,16,10,,19,26,24,6,10,,11,13,12,9,17,14,10,8,,5,,13,16,,13,17,,12,14,12,,17,15,14,13,6,25,6,,,22,2,10,9,7,8,9,,11,,,16,,2,7,,10,12,11,8,7,6,,21,14,19,23,22,6,20,9,31,22,22,19,19,41,24,27,,27,5,,7,9,6,,7,6,4,8,11,9,,7,4,,,9,12,12,15,,15,24,10,20,9,,,12,5,2,2,5,7,16,13,15,14,17,15,,15,20,12,25,20,22,34,27,24,,12,11,24,26,20,28,17,23,24,18,17,25,11,10,,8,6,9,15,10,9,8,7,3,,3,,2,2,,1,,2,7,2,3,2,5,7,7,10,2,,2,9,2,3,2,4,,6,4,1,5,,,5,5,11,6,8,3,11,4,8,4,4,,26,30,21,25,32,27,31,32,15,12,10,8,11,20,,,9,18,19,18,13,5,,,7,9,14,16,9,,28,25,19,18,,,23,27,5,7,7,14,2,9,12,12,5,,12,17,6,7,20,11,14,5,5,8,11,4,14,9,12,6,16,12,14,11,,20,18,5,24,,26,20,11,13,,,,9,9,,,,8,12,13,13,18,16,11,,27,34,43,36,24,,21,19,23,20,18,22,42,17,,31,,9,24,12,5,9,27,17,27,17,,6,8,28,12,6,11,11,10,8,12,21,15,20,14,6,5,10,4,,9,,,8,10,12,16,,9,9,,,17,16,16,9,,14,14,6,,12,22,7,14,17,7,9,5,12,12,,,,11,,15,9,,14,22,13,16,1,4,3,,7,21,,12,,,10,,11,10,15,9,8,8,10,9,,10,5,15,10,5,10,14,14,13,7,19,1,5,6,5,6,9,12,21,13,,17,13,12,,15,12,,16,12,11,22,11,,12,4,,,33,23,,2,,3,43,15,16,14,27,,22,22,,4,15,,17,,16,23,24,,19,15,14,11,10,,10,13,12,12,11,8,11,16,15,16,14,10,14,13,17,12,9,8,9,19,21,15,20,17,12,8,20,12,8,7,24,13,15,,8,9,5,9,16,5,14,8,7,13,6,15,14,13,,,27,20,,20,18,21,12,22,,12,18,23,,5,,9,5,6,11,32,31,30,,,,35,,41,,9,18,,,13,14,12,5,6,,5,,17,29,19,24,16,10,,10,14,13,23,15,20,,7,,,10,8,4,5,,21,15,23,14,17,10,15,20,16,36,41,32,51,18,7,7,7,9,10,8,12,12,11,10,12,,16,10,20,10,,7,17,5,,,,,7,2,,6,14,17,16,3,12,27,11,13,19,7,25,6,8,26,,21,,9,9,17,,6,3,,6,10,12,15,11,10,16,10,11,14,7,10,9,,39,34,149,15,14,10,,1,5,,6,2,10,12,9,18,20,12,12,,6,,,,,5,5,4,,,,,,9,8,20,,,4,,3,,,6,,6,5,3,6,7,6,6,8,7,,11,11,15,11,14,15,17,15,13,18,14,6,7,,27,17,,11,18,13,16,,,23,12,8,5,,12,8,15,22,,,26,2,,1,,,,5,15,12,7,17,7,,11,8,9,,,9,10,,11,14,13,,5,,19,12,,,11,20,,,23,11,18,,,10,13,2,4,15,18,12,12,14,12,18,14,11,19,11,17,20,20,26,20,14,13,18,12,,16,,7,,6,1,12,6,19,14,20,25,10,11,11,9,,,3,15,18,26,11,10,12,29,20,4,15,10,19,13,16,14,17,,,12,12,9,16,18,20,,8,22,16,,27,22,24,,23,28,28,32,22,15,17,16,43,11,10,3,2,4,10,10,,14,12,9,8,20,21,,31,,25,,,,8,7,6,15,12,15,,8,,12,14,9,9,6,10,16,12,14,15,12,10,21,26,,14,14,10,14,10,9,,4,13,13,16,18,22,1,10,5,8,10,21,,19,14,,9,14,12,12,9,11,18,14,15,18,16,14,13,15,16,,16,10,15,7,10,10,10,7,9,6,6,,27,13,13,,29,31,31,18,,16,20,27,,24,21,27,8,27,8,8,8,8,4,29,19,28,,19,32,26,23,21,,21,21,3,13,12,7,5,7,2,2,32,26,,17,16,15,,4,11,,26,10,9,11,,2,4,7,4,6,11,15,,13,20,,,,25,28,28,,8,5,4,5,6,7,6,10,13,8,15,14,21,28,8,11,30,9,23,17,21,9,2,17,12,8,3,10,6,16,10,14,,16,17,17,19,29,36,37,34,13,19,21,32,26,13,16,28,21,20,37,38,14,4,5,5,,6,5,11,7,10,16,13,10,14,10,10,7,10,,5,,,18,12,15,,17,9,1,3,4,22,,18,29,16,,,,,8,9,7,5,6,5,6,13,,8,9,10,12,11,12,4,14,8,7,,,,,,4,12,11,10,8,9,14,,17,4,10,6,12,4,7,6,16,14,6,11,6,8,,5,11,6,,7,5,11,4,3,,6,6,,9,3,,1,3,6,,12,,10,,4,3,16,13,14,10,6,6,7,8,8,9,8,6,,12,7,5,6,9,21,,80,139,5,5,89,99,,5,5,9,4,5,,5,5,5,,11,3,9,10,4,7,10,,7,12,,10,7,,,22,14,2,11,10,,14,10,7,5,7,13,4,14,7,,,2,7,2,11,,1,7,7,11,20,6,,9,7,18,12,19,8,,4,16,14,19,12,9,15,,24,,6,9,21,16,2,3,168,9,,11,11,5,16,6,,,25,18,11,12,,13,15,11,21,,,24,,,,14,9,5,20,13,7,2,5,12,12,9,,8,10,,14,18,,9,13,12,14,5,30,18,,17,7,7,11,8,11,24,1,5,23,5,20,13,3,18,9,7,7,11,8,6,16,5,14,11,29,15,14,9,8,9,32,35,12,18,11,29,3,17,9,,21,8,9,8,3,8,9,,8,9,9,24,22,24,11,26,17,12,14,18,19,14,19,,35,7,9,,7,4,8,19,5,,111,8,4,8,5,7,5,8,5,6,17,15,2,4,17,8,,17,,12,5,4,12,8,9,10,10,7,5,7,7,5,3,3,6,,4,,7,6,11,5,12,7,19,,15,15,15,33,18,23,12,6,8,19,30,23,24,,6,6,5,14,8,7,9,3,18,13,15,17,6,2,9,11,12,17,23,17,19,13,6,6,17,5,9,8,7,5,12,19,29,12,6,7,9,18,4,11,13,14,31,19,31,17,31,20,,34,5,10,14,16,17,3,10,,7,10,26,15,31,12,23,24,6,7,24,9,12,15,6,,8,18,,14,10,17,6,12,,8,12,8,6,3,8,3,9,3,6,16,,12,18,22,28,19,11,10,3,16,21,16,10,23,26,8,14,35,7,,31,22,27,27,8,12,8,12,5,3,15,17,19,22,9,9,5,10,17,9,7,,22,19,14,19,8,2,23,16,12,16,13,7,12,,8,8,22,21,4,5,8,9,16,,20,,20,44,10,7,9,11,5,8,8,,4,,,5,,7,13,8,13,24,20,10,9,,9,13,11,9,,,28,10,10,10,16,4,17,24,17,32,18,21,15,25,13,42,33,21,27,19,14,23,39,15,4,44,30,8,21,18,24,5,11,23,20,13,6,6,5,22,22,8,11,18,17,2,8,12,1,17,7,4,6,6,10,16,,18,20,13,14,8,12,4,2,5,20,3,9,20,4,6,12,7,19,33,16,14,18,16,,12,,,4,11,15,30,6,24,18,14,16,11,10,21,17,22,18,8,9,27,4,27,19,14,27,14,24,,12,9,23,23,21,15,8,8,6,12,14,4,8,11,16
20210719,18,PM2.5_24h,14,14,14,14,13,15,14,16,15,14,16,15,,,30,,22,17,30,,25,,22,19,,25,17,,18,20,12,17,16,23,20,,28,31,,38,28,14,24,19,,21,,18,20,15,23,20,16,24,17,15,11,,13,7,15,28,26,22,,36,24,13,,13,27,20,25,14,13,,15,14,9,4,16,,10,14,17,14,15,13,,11,11,,,9,10,12,12,14,15,15,,16,14,17,16,16,,18,14,14,14,13,11,12,13,13,15,10,18,14,22,14,13,11,8,14,14,16,11,12,16,,13,14,14,,18,11,14,10,11,17,11,12,9,,12,11,11,13,15,14,18,11,22,22,11,17,16,17,,10,10,10,24,12,12,12,13,11,18,13,7,,,,22,18,,22,17,17,,,,21,,8,14,11,9,14,11,,12,11,,,,15,14,,21,22,25,17,15,,17,14,13,17,17,15,11,10,,11,,15,15,,16,18,,18,18,17,,18,20,18,15,14,11,10,,,8,6,8,18,14,12,16,,12,,,15,,12,13,,10,11,13,9,8,8,,19,15,17,17,15,16,12,18,18,13,19,16,16,18,19,18,12,17,5,,10,9,7,7,13,12,10,13,17,15,,17,6,,,14,19,14,18,,23,18,17,20,10,,,6,6,6,4,8,10,19,16,19,19,23,16,,16,18,13,14,14,13,24,18,14,,11,10,22,22,19,24,13,17,19,17,18,15,13,14,,12,13,12,15,13,12,14,13,2,,2,1,2,4,,1,2,2,6,2,3,3,11,8,10,13,6,,11,15,10,6,5,6,2,8,7,3,9,,,12,10,11,9,9,10,5,5,17,19,18,16,22,26,21,22,22,20,23,22,10,7,9,7,6,15,,15,18,16,14,14,12,13,,,15,11,18,17,13,,23,23,17,15,,,20,18,10,13,14,23,13,17,22,18,10,,9,7,6,6,8,11,4,6,4,5,8,5,21,19,17,17,20,21,16,16,,21,16,19,22,,23,16,20,17,,,,9,10,,,,15,13,11,20,42,22,17,,15,24,22,25,17,19,15,15,23,14,16,22,11,16,14,19,,19,18,19,18,10,18,14,19,17,,14,13,16,15,12,14,14,15,15,12,18,16,23,24,9,9,11,6,,16,,16,12,12,14,19,,18,20,,,18,18,18,21,,16,16,16,,13,18,11,16,18,12,15,8,16,10,,,,16,,14,13,,15,19,15,17,7,6,5,18,14,21,,16,,,16,,14,24,17,10,9,12,12,9,,14,12,16,11,16,11,16,14,14,11,16,13,19,6,7,8,11,12,14,8,,11,14,13,,15,16,,16,15,14,16,14,,16,7,,,26,25,,10,,10,13,11,14,6,13,,12,12,,20,22,,28,,16,23,22,,15,15,10,13,9,,10,10,10,13,17,9,9,22,18,12,17,10,17,11,14,24,9,8,8,29,24,20,27,25,15,12,11,14,15,15,13,13,12,,16,9,6,8,13,7,20,15,16,18,17,19,20,16,,22,17,21,,20,18,18,10,12,,13,13,13,,8,,13,8,8,13,19,19,16,,,,24,,29,,13,16,19,,20,24,20,9,9,,8,,7,8,9,16,13,9,,21,20,14,20,18,19,,15,,,14,8,6,8,,19,32,27,24,17,5,6,14,21,27,28,26,30,24,9,9,12,10,14,14,11,14,14,13,11,,26,12,24,21,17,17,16,11,,,,,9,7,,10,15,17,10,11,14,20,18,15,20,17,13,8,10,22,18,16,,14,15,18,,12,11,,13,18,18,19,19,17,17,15,22,19,18,15,15,,18,18,87,31,16,19,17,7,5,,9,9,11,8,8,14,18,10,10,,6,,,5,5,7,9,11,,,,,,10,11,15,,,7,,10,,,13,,12,12,9,14,15,15,15,16,12,,21,17,17,17,19,16,16,18,17,19,20,10,11,,21,17,,14,15,11,13,,,18,10,11,7,16,15,17,16,20,,,15,3,6,9,6,,,12,14,10,7,13,18,,18,15,15,,,14,13,,13,12,10,,9,,24,18,,,10,16,,,20,20,25,,,12,14,4,3,15,17,14,18,16,19,20,14,9,10,11,13,14,15,15,14,18,19,21,20,,22,17,12,,7,9,12,13,16,16,17,15,8,15,6,18,,,16,14,13,21,8,21,8,23,14,16,11,26,17,13,18,16,19,,,6,39,37,43,12,14,,24,18,10,,17,17,18,,19,21,20,16,13,20,16,18,13,18,14,22,12,12,11,17,,10,9,9,7,22,16,,19,,19,,,,4,9,8,9,12,12,,9,,18,18,16,8,9,12,11,7,19,17,26,13,12,12,11,10,17,15,13,12,10,,8,13,16,15,18,18,3,18,14,10,16,15,14,19,16,,8,24,20,24,18,13,16,16,15,14,18,16,17,16,17,,18,9,17,17,16,16,16,13,22,23,19,,17,20,20,,19,19,22,19,,17,18,20,,18,20,19,19,20,14,14,16,13,13,19,18,22,,22,22,20,17,15,,17,15,8,14,19,6,11,15,19,16,21,23,,15,15,18,,10,16,,18,7,11,9,,8,8,8,2,7,17,16,,13,19,,24,,26,30,30,,8,7,7,6,8,12,12,16,14,15,18,16,23,24,13,18,22,18,28,18,16,12,24,14,8,8,9,19,18,24,22,9,16,13,13,17,14,48,51,48,48,23,28,23,20,33,14,17,26,21,24,42,42,15,9,9,10,,8,6,14,10,12,8,15,15,14,10,10,9,10,8,7,,,15,17,19,,21,10,7,7,7,20,,11,15,10,,,,,14,6,6,6,7,9,11,18,,7,33,7,9,6,12,9,13,19,11,14,,,,,9,10,12,9,8,8,17,,15,7,10,16,16,8,6,5,13,8,15,12,13,10,,12,15,6,6,7,5,11,6,12,,9,6,,10,5,,3,5,3,,12,,11,,5,5,12,18,15,17,10,9,10,10,9,11,9,10,,15,8,5,9,9,21,,74,103,12,8,55,62,,12,12,10,11,5,,16,16,10,,13,14,13,16,6,10,14,,10,15,,16,12,,11,21,20,8,10,5,,14,7,10,10,12,10,16,10,26,,,12,18,15,11,,6,13,12,16,20,10,3,14,28,21,20,13,14,,9,15,18,22,9,15,14,,18,,12,20,25,20,9,9,95,9,21,17,14,11,16,7,,,21,13,14,18,,15,15,17,15,,10,24,,,3,19,14,9,23,18,6,4,8,15,14,15,16,13,25,,24,16,,14,15,11,14,5,30,18,19,16,9,10,14,8,21,15,13,11,24,11,16,15,5,23,10,14,23,15,14,8,22,14,15,11,18,13,8,15,16,16,16,27,12,13,16,16,16,16,9,,18,11,10,5,7,9,8,,16,14,12,17,18,15,7,18,19,14,23,27,19,17,12,9,25,16,11,,12,18,18,20,7,,81,9,9,10,9,12,11,13,9,13,14,12,14,15,11,7,,22,,13,10,6,20,14,12,15,14,12,12,9,7,4,4,4,9,14,15,1,15,6,12,10,16,6,26,27,21,22,18,23,20,18,10,11,10,14,12,17,16,,9,12,6,9,7,8,7,13,17,15,13,19,11,4,12,17,14,15,12,16,15,13,6,14,25,14,11,15,9,9,22,22,21,11,8,11,19,16,4,20,19,13,19,13,24,26,28,17,49,27,12,14,13,12,14,18,19,,11,22,18,16,20,17,19,19,14,18,21,14,16,16,12,18,12,20,3,10,12,15,13,20,,12,11,8,9,6,11,6,12,12,4,10,3,12,11,28,21,19,24,27,26,13,14,18,14,20,21,17,15,23,18,,25,12,23,29,21,17,7,13,5,7,20,14,16,14,17,9,16,20,15,13,15,,22,17,14,16,12,6,31,19,18,14,18,17,12,,12,13,23,16,7,12,13,12,18,,22,28,20,34,28,9,13,10,8,11,12,,9,,11,13,,8,11,9,8,22,21,15,15,,11,12,14,11,,,16,15,13,14,15,21,39,33,36,24,17,16,27,27,19,30,23,18,24,20,16,16,22,12,18,26,19,10,28,25,23,8,18,15,24,19,12,9,16,179,161,8,13,15,18,7,20,16,3,19,6,10,11,10,15,16,,18,15,13,17,9,12,12,5,9,23,15,16,24,9,17,16,15,11,19,14,21,14,12,,11,23,7,11,17,22,20,11,15,15,17,16,13,14,14,18,21,20,13,22,18,7,38,41,13,16,14,19,14,11,14,15,19,17,19,8,13,7,24,22,8,4,14,25
20210719,18,PM10,29,37,31,30,20,40,42,10,38,36,38,36,,,26,,18,18,31,,20,,19,29,,17,22,,28,29,12,18,28,33,19,,30,21,,4,29,26,29,30,,30,,52,44,40,27,34,39,32,29,32,,,39,31,34,29,24,33,,36,31,40,,40,26,24,34,8,3,,29,34,21,34,20,,18,20,26,20,20,22,,17,19,,,20,20,28,16,21,29,27,,29,22,26,27,26,,46,13,10,7,6,18,19,13,11,16,8,24,22,39,14,23,15,7,19,23,20,31,30,31,,44,43,39,34,55,42,41,40,20,25,24,27,24,,25,26,16,21,36,24,19,22,30,10,31,31,53,29,,18,19,18,,19,14,19,12,20,25,18,19,,,,34,21,,37,34,27,,,,56,,31,28,18,19,22,31,,22,28,,,,22,21,,33,35,38,24,27,,17,32,27,27,17,37,23,17,,21,,33,23,,36,32,,21,28,26,,44,44,35,26,18,37,16,,,8,17,11,27,16,28,6,,16,,,41,,18,24,,34,21,21,11,19,15,,38,35,42,42,41,21,26,15,44,36,45,42,41,73,44,41,,44,10,,19,22,16,16,33,14,15,20,22,18,,29,27,,,20,17,37,37,,44,54,29,46,12,,,5,12,7,17,12,14,4,17,32,28,13,23,,12,26,17,25,26,22,26,31,21,,30,25,40,40,42,43,31,38,38,29,36,32,24,24,,22,20,18,29,26,23,18,14,11,13,15,15,12,10,,7,4,11,12,6,6,6,6,21,12,25,,,14,12,14,13,20,,8,7,9,9,10,,,13,10,17,13,14,5,9,12,13,8,1,7,49,45,41,41,56,48,52,49,11,22,25,32,25,18,,,13,12,34,33,18,33,,,23,24,33,27,30,,46,44,34,38,,,37,39,12,22,24,22,22,22,24,22,17,,15,19,20,22,18,17,18,11,13,11,29,20,26,21,31,6,38,27,40,24,,81,54,23,37,,38,29,28,33,,,,24,10,,,,26,27,35,37,13,30,26,,11,43,44,58,40,,17,19,22,27,29,22,19,34,,71,,19,23,21,25,46,63,23,39,44,,16,18,27,18,20,23,22,21,14,22,32,29,36,36,23,24,32,25,,9,,,7,17,16,36,,23,27,,,92,22,20,19,,18,22,19,,29,39,34,22,24,17,17,14,9,29,,,,24,,24,42,,37,31,33,46,7,17,9,31,15,20,,17,,,4,,25,23,8,21,21,,21,20,,7,17,10,11,18,10,24,39,19,27,19,6,19,20,16,25,15,16,26,21,,29,23,,,20,24,,37,25,35,26,16,,,5,,,66,48,,20,,32,23,48,26,21,26,,22,18,,8,14,,11,,25,20,23,,19,22,26,27,18,,14,65,20,31,27,14,16,36,40,37,25,9,35,30,29,3,30,22,28,41,65,40,42,44,23,17,25,51,20,8,47,31,31,,35,37,36,31,46,15,29,20,30,22,17,31,30,39,,50,39,41,,26,29,41,32,23,,15,34,11,,6,,12,6,5,13,55,46,63,,,,59,,54,,28,23,,,17,14,26,12,14,,10,,31,31,32,30,48,32,,21,10,18,24,21,23,,9,,,22,5,6,3,,27,36,37,26,32,50,22,40,26,64,63,64,71,19,13,12,16,15,18,16,15,21,19,20,21,,28,27,21,16,,6,14,14,,,,,17,23,,16,28,40,30,17,22,26,21,15,19,26,14,9,2,27,,32,,22,18,21,,3,10,,11,26,21,30,28,29,27,19,26,27,12,17,27,,140,121,600,43,34,45,,16,7,,18,22,37,39,40,31,28,42,42,,17,,,5,5,23,31,16,,,,,,14,12,27,,,15,,,,,20,,32,31,26,19,18,14,34,33,22,,20,20,32,26,32,23,24,23,23,29,27,10,17,,55,35,,31,36,21,,,,24,36,9,5,,7,,6,13,,,57,12,11,10,9,,6,17,14,21,22,21,9,,13,16,12,,,20,13,,29,27,22,,18,,21,32,,,33,37,,,39,40,34,,,20,24,8,7,21,33,17,26,30,28,34,25,25,38,28,42,47,30,39,48,35,37,52,32,,34,,8,,20,2,24,28,28,25,30,30,27,37,28,19,,,17,22,31,26,24,23,36,31,14,12,22,13,43,37,33,35,54,,,16,17,20,28,31,31,,8,28,31,,41,48,46,,29,64,30,50,35,17,27,29,16,25,19,18,3,11,21,25,,26,26,15,20,52,45,,42,,42,,,,27,22,33,37,28,31,,23,,33,26,24,26,30,26,,14,27,34,28,20,27,24,,25,25,17,23,17,26,,21,20,35,28,42,41,1,20,5,26,9,26,45,28,29,,25,44,41,50,35,25,24,26,28,49,40,28,25,20,27,,28,30,25,14,26,24,20,18,14,24,24,,51,22,24,,37,59,49,42,,46,42,39,,40,29,24,,24,5,10,13,3,4,39,47,44,,30,15,25,33,39,,46,31,12,24,3,18,8,5,8,6,44,36,,20,31,24,,19,6,,40,32,48,26,,6,6,14,20,21,37,22,43,20,21,32,,,50,58,57,,12,11,21,10,24,17,21,20,20,16,20,24,23,27,18,24,18,39,36,20,22,17,2,26,15,6,9,17,33,,,39,,46,41,25,47,75,45,46,51,19,22,20,63,47,22,26,47,55,32,51,52,,10,13,13,,,10,14,21,19,22,21,18,18,19,18,18,16,,18,,,14,22,32,,32,22,11,3,24,32,,35,23,33,,,,,10,12,14,11,13,11,16,18,,12,11,23,26,22,38,12,3,25,11,,,,,,10,14,16,15,12,13,22,,24,17,7,8,19,10,21,28,3,9,38,13,15,16,,7,7,3,5,24,7,13,12,11,,10,30,,11,9,,9,6,21,,79,,50,,15,5,36,24,20,19,15,20,22,27,23,16,27,17,,22,21,4,15,30,35,,251,356,6,8,503,478,,9,16,19,14,4,,18,11,8,,14,7,20,11,8,,24,,27,42,,30,21,12,17,41,23,35,65,13,,13,27,21,13,21,16,8,26,18,,,10,23,11,41,,10,22,18,27,35,19,,21,11,32,19,27,7,,23,37,49,54,26,20,40,,37,,17,30,39,23,8,11,554,21,,23,40,19,35,7,,,39,50,16,17,,29,28,25,42,,23,79,,,18,22,23,14,19,31,15,12,14,29,17,21,,10,6,,20,62,,17,30,26,23,23,33,18,28,9,12,16,31,14,20,53,15,14,38,18,21,12,27,29,21,16,10,11,9,9,21,20,27,23,48,27,8,16,23,15,70,56,26,29,27,27,40,37,21,,42,31,24,27,12,17,15,,14,31,42,27,36,23,14,33,46,28,49,29,30,45,29,,60,51,16,,8,25,26,28,12,,405,26,7,20,21,20,28,15,23,17,31,30,19,22,44,34,,37,,25,9,14,31,30,17,26,23,17,22,18,10,11,10,8,17,,11,5,9,7,18,11,36,34,32,,27,24,28,48,21,47,24,12,19,29,28,38,44,,7,15,14,8,23,12,9,18,23,18,21,9,13,13,22,6,24,39,45,24,28,16,23,18,27,19,22,22,29,9,27,28,48,18,3,2,17,38,4,13,12,52,8,32,35,26,41,29,,75,12,24,29,29,27,9,42,,22,10,30,25,36,21,41,39,17,26,45,21,32,26,14,29,12,30,7,46,40,29,19,27,,14,13,14,13,5,14,8,29,13,18,29,5,26,34,35,43,16,22,14,21,44,56,22,16,,40,20,30,52,37,,47,25,50,41,11,18,16,9,30,31,32,30,29,36,16,15,14,32,46,24,17,,38,39,29,36,12,7,29,34,20,28,28,17,21,,10,22,34,23,10,14,26,21,30,,28,,46,56,19,11,24,21,26,28,23,,34,,,11,,18,25,13,24,36,32,23,22,,17,27,29,12,,,28,39,20,31,29,26,36,45,15,42,49,21,25,48,53,60,51,39,51,53,19,31,60,21,11,51,36,11,40,19,28,14,29,45,45,24,18,14,12,196,72,15,17,21,27,17,52,36,8,29,12,11,17,15,22,27,,29,42,7,8,28,34,17,11,9,39,16,31,46,13,37,29,25,21,47,29,35,46,37,,41,,14,21,19,25,51,24,35,37,21,34,21,27,14,39,42,27,35,23,43,5,18,3,22,51,18,4,18,24,40,36,64,31,30,37,25,13,48,55,5,11,18,34
20210719,18,PM10_24h,20,25,23,21,22,25,23,26,27,22,25,26,,,48,,41,42,50,,43,,31,30,,31,33,,25,29,22,18,26,24,18,,51,48,,44,50,21,35,31,,39,,30,27,36,33,35,38,39,29,33,21,,28,26,26,40,36,37,,38,38,35,,46,39,37,39,22,16,,12,22,14,21,28,,18,23,26,27,28,23,,24,20,,,21,26,31,25,25,33,32,,37,26,31,28,27,,30,23,24,17,19,17,21,16,20,22,13,38,38,58,35,32,20,16,45,29,38,23,30,26,,35,31,38,34,34,24,39,33,23,23,20,26,23,,32,20,20,21,34,27,35,30,37,36,31,36,31,20,,19,19,28,40,19,21,20,19,21,24,23,18,,,,37,31,,38,37,31,,,,47,,24,32,26,20,24,26,,26,33,,,,29,30,,33,36,40,31,26,,26,26,25,21,22,25,25,18,,18,,31,26,,38,28,,40,32,35,,44,41,34,33,21,18,19,,,11,21,14,35,30,29,36,,21,,,29,,25,26,,25,22,21,14,15,16,,35,32,29,39,38,27,31,27,32,29,36,37,35,39,35,33,32,30,13,,23,19,21,19,25,27,26,32,41,29,,44,31,,,30,33,35,40,,39,36,35,35,11,,,8,9,10,12,10,19,31,26,30,27,32,33,,32,26,20,24,28,19,25,25,23,,30,17,33,28,33,34,28,32,27,28,32,24,30,28,,28,34,25,30,29,28,27,26,7,9,10,11,11,13,,8,7,11,16,5,7,6,8,28,22,29,23,,28,31,24,14,17,13,10,22,17,19,18,,,25,22,23,21,20,16,9,12,30,34,30,28,48,51,43,38,42,42,55,42,19,15,23,19,16,18,,27,26,18,32,27,18,24,,,26,22,31,35,27,,37,39,29,31,,,36,28,24,27,39,36,38,41,34,28,34,,19,9,11,14,13,12,9,12,11,10,16,15,33,31,35,36,33,29,31,25,,50,30,37,37,,39,33,47,48,,,,21,14,,,,27,33,61,67,56,54,54,,70,37,26,38,34,32,14,22,19,25,23,27,12,23,22,38,,48,35,39,34,47,44,26,39,45,,24,24,22,23,23,22,26,23,22,15,29,32,31,34,22,25,28,23,,23,,30,15,18,23,38,,39,33,,,35,30,27,43,,23,31,30,,33,41,29,27,26,20,20,18,20,30,,,,24,,23,34,,34,30,18,36,8,11,9,26,21,27,,23,,,27,,25,33,29,20,20,40,22,19,,26,24,25,23,36,26,28,28,24,36,24,24,26,11,14,14,29,29,28,17,,22,24,25,,32,31,,27,26,31,26,25,,37,14,,,48,42,,23,,18,22,30,28,14,19,,18,17,,25,20,,26,,33,24,23,,27,18,21,26,18,,19,25,20,32,31,16,17,45,34,22,33,17,35,24,28,43,38,19,30,40,53,33,40,39,24,25,20,40,28,16,31,21,28,,27,22,23,26,39,19,33,30,27,32,24,33,36,31,,38,34,42,,31,26,24,24,22,,26,25,11,,8,,22,12,10,23,30,29,28,,,,40,,39,,20,20,15,,33,26,33,17,22,,21,,20,18,22,28,28,28,,26,31,24,24,23,23,,22,,,20,14,16,11,,28,41,44,36,24,21,14,31,35,38,44,47,46,37,18,17,20,23,23,19,21,25,27,25,21,,36,25,34,35,19,16,17,17,,,,,24,23,,24,24,24,32,23,17,20,31,34,35,36,31,13,9,34,31,30,,22,26,35,,23,22,,27,34,33,33,32,32,32,32,29,34,25,26,35,,86,77,441,46,35,33,49,14,23,,19,43,31,19,20,25,29,32,32,,17,,,11,11,17,17,20,27,,,,,19,19,21,,,11,,20,,,21,,27,24,21,24,26,24,28,29,22,,32,31,31,30,32,25,24,28,27,31,30,15,17,,55,37,,34,32,22,19,,,20,16,13,16,23,28,28,32,29,,,36,20,15,17,16,,19,21,25,25,29,27,20,,24,22,21,,,28,27,,27,23,28,,37,,48,46,,,34,23,,,52,41,36,,,23,27,16,12,26,28,17,31,33,28,36,31,17,21,21,30,34,30,35,29,38,31,44,39,,48,36,19,,18,27,35,30,28,24,26,25,22,28,21,36,,,50,24,28,39,22,29,26,30,14,15,25,31,40,24,42,35,37,,,10,45,44,52,24,26,,20,22,20,,27,32,30,,34,51,26,30,28,33,19,27,23,38,28,41,20,26,24,22,,20,25,12,17,42,34,,33,,32,,,,17,17,18,19,19,26,,23,,30,32,29,22,21,21,28,15,32,26,46,25,14,18,21,21,29,27,33,28,24,,23,28,28,29,33,34,5,30,21,21,23,21,35,28,29,,23,39,36,40,23,27,26,24,28,34,32,28,27,25,33,,34,35,32,29,33,33,32,29,40,46,41,,25,29,31,,30,43,35,31,,31,28,26,,28,29,31,30,31,19,19,22,18,20,33,32,35,,28,20,26,30,34,,33,28,16,27,17,24,18,15,20,21,39,29,,21,24,25,,19,20,,31,18,25,21,,5,11,17,19,23,35,37,31,27,31,32,38,39,42,46,43,,14,16,14,19,20,22,23,26,28,33,40,40,32,43,25,32,45,53,46,26,21,20,42,26,17,14,13,33,37,49,42,24,37,23,27,32,35,68,75,66,67,36,27,33,45,50,29,26,38,35,52,72,69,26,24,20,18,,27,19,16,16,24,20,23,27,24,19,20,20,19,12,16,,,22,25,30,,36,21,18,16,22,35,,24,17,22,,,,,26,17,15,16,16,19,22,18,,20,28,19,18,18,35,14,12,31,21,25,,,,,20,21,20,16,15,15,25,,25,15,15,20,24,12,21,14,17,13,18,17,14,19,,15,13,10,9,14,12,19,12,16,,11,16,,7,14,,10,9,7,,36,,17,,13,9,24,38,32,37,16,19,24,19,18,24,21,20,,34,32,9,23,24,49,,267,299,16,26,342,366,,18,23,29,35,16,,38,35,25,,14,18,20,19,15,19,34,,24,41,,42,24,20,31,53,52,37,47,9,,40,29,32,24,28,34,48,54,52,,,45,40,47,30,,14,45,36,74,37,28,14,29,36,32,34,18,20,,37,30,35,50,16,23,32,,19,,20,37,45,28,22,21,426,37,34,32,37,25,33,14,,,27,34,24,40,,35,24,37,30,,29,50,,,18,31,32,14,28,32,14,16,16,32,20,24,29,20,20,,51,29,,30,30,32,20,18,34,24,34,13,19,25,26,21,41,33,31,23,42,27,14,27,16,37,32,25,24,22,17,12,45,27,23,20,27,24,12,21,21,21,29,38,22,26,32,19,37,32,25,,35,24,24,19,14,16,14,,30,50,31,23,19,21,19,30,42,35,90,40,32,36,28,25,48,35,22,,20,48,59,66,27,,362,23,13,19,18,20,24,19,23,17,23,19,31,58,34,24,,37,,29,12,17,31,24,22,32,36,31,29,25,15,10,13,11,7,30,31,11,25,11,20,22,36,25,48,45,33,35,30,42,28,36,19,21,26,18,18,28,28,,7,23,13,13,22,11,17,22,29,22,21,18,16,20,16,18,29,31,25,22,32,20,18,34,32,28,24,23,28,15,42,40,42,18,11,12,29,26,7,12,20,40,26,19,41,40,45,30,73,46,21,22,27,18,24,32,43,,23,35,27,38,36,30,33,26,17,29,33,26,31,25,23,23,16,28,13,31,63,41,44,72,,25,19,15,19,13,10,17,30,23,12,22,8,25,23,41,35,20,47,49,53,33,35,31,23,32,33,32,26,37,29,,31,17,33,39,33,26,20,10,17,26,39,30,24,23,27,18,23,44,29,28,25,,38,32,25,32,13,12,53,42,34,32,34,27,26,,20,28,43,23,13,27,26,22,33,,31,36,33,54,40,14,24,20,17,24,21,,23,,21,19,,18,28,15,15,33,35,30,29,,21,26,28,11,,,20,43,29,32,33,46,64,56,54,20,33,21,44,42,73,73,46,45,51,49,32,24,52,16,26,24,31,20,35,29,27,14,31,28,35,29,29,17,56,844,909,14,22,26,29,18,68,30,11,21,13,23,27,31,26,38,,33,35,12,13,29,29,27,12,11,36,32,27,42,31,42,35,31,22,43,26,41,29,29,,25,24,14,42,22,27,27,29,32,30,27,27,22,16,16,42,34,35,47,43,28,17,63,47,21,30,23,26,29,26,27,29,34,32,44,29,44,14,44,39,14,7,26,35
20210719,18,SO2,1,3,3,3,3,2,3,3,3,1,1,3,,,7,,5,4,7,,4,,7,9,,5,4,,4,4,4,5,4,3,5,,1,5,,4,1,8,4,3,,5,,3,4,3,5,7,3,5,5,6,4,,7,8,8,8,9,8,,7,9,7,,7,2,4,3,10,3,,4,6,4,3,3,,4,3,1,3,1,3,,8,6,,,3,6,10,7,7,4,9,,5,9,8,8,5,,5,10,5,5,6,10,6,8,9,6,5,2,2,4,4,2,3,4,3,4,3,11,8,9,,6,13,16,11,12,12,10,12,1,4,6,3,7,,3,5,6,5,4,7,1,8,8,2,2,4,3,8,,1,5,2,3,1,3,5,5,10,7,6,6,,,,8,8,,6,8,6,,,,9,,4,3,3,5,3,3,,4,5,,,,3,4,,7,7,6,5,4,,4,1,3,3,4,3,6,4,,2,,3,4,,4,6,,4,4,4,,6,2,6,4,5,6,6,,,8,6,7,6,5,5,3,,5,,,3,,7,4,,2,2,3,5,3,4,,2,3,3,4,5,5,5,6,5,6,6,5,8,5,5,6,,5,2,,4,4,4,2,6,2,4,15,8,8,,12,2,,,3,8,11,12,,11,7,10,6,5,,,5,3,5,5,4,5,3,3,3,2,3,3,,3,3,4,2,9,5,8,5,5,,4,5,6,4,5,5,5,6,4,4,5,5,5,5,,6,7,5,5,8,5,4,5,4,4,5,5,8,2,,6,4,5,5,4,5,5,5,7,8,5,6,,4,3,3,3,2,2,1,,5,2,5,,,8,7,7,5,5,6,5,8,6,7,6,6,6,7,6,6,5,5,6,5,2,3,3,3,4,4,,5,5,6,6,7,8,4,,,10,5,4,2,3,,4,2,6,3,,,5,10,6,1,4,6,6,4,5,5,3,,10,6,5,6,9,8,7,7,10,6,7,8,7,4,3,5,5,5,2,4,,4,6,5,5,,4,3,6,5,,,,8,7,,,,8,8,10,8,5,11,11,,6,9,23,11,7,,5,6,5,5,3,3,5,4,6,3,,5,1,5,3,6,9,9,11,10,,2,2,3,6,5,4,7,4,2,2,2,6,3,5,3,4,3,4,,8,,9,5,4,7,5,,3,5,,,5,4,3,8,,5,3,1,,6,9,5,9,4,7,8,6,6,8,,,,2,,8,9,,8,6,6,8,4,5,2,3,2,3,,6,,,6,,7,8,9,6,8,7,8,8,,5,5,5,6,4,5,5,5,5,11,8,5,4,7,6,8,5,5,5,5,,5,4,,,7,6,,5,4,4,4,9,,7,4,,,3,6,,3,,13,8,18,25,9,5,,9,10,,1,2,,,,8,9,12,,13,13,8,9,5,,8,7,8,6,3,5,3,6,12,17,10,7,6,7,12,16,6,6,5,12,5,13,28,13,28,6,8,6,4,4,6,8,5,,4,5,3,4,1,3,4,5,1,8,7,7,3,6,,4,4,9,,8,6,6,7,5,,5,12,5,,4,,3,4,5,3,2,1,1,,,,3,,4,,1,3,,,2,4,5,3,2,,2,,12,7,8,5,2,2,,5,13,9,7,7,12,,5,,,7,1,3,2,,6,5,6,5,9,7,6,10,16,13,40,11,10,5,3,2,13,7,5,5,9,8,8,4,7,,12,23,5,8,3,5,6,4,,,,,6,7,,5,4,8,6,1,1,5,5,6,5,5,5,3,5,6,6,5,,2,2,3,,2,2,,2,4,3,1,4,3,4,2,3,6,,3,3,,5,4,3,5,16,6,,6,7,,8,5,4,5,4,5,9,6,6,,5,,,3,3,5,4,8,,,,,,5,4,4,,,5,,4,,,5,,5,6,10,6,9,10,9,12,7,,10,7,6,7,10,7,6,4,5,3,4,5,9,,5,6,,3,6,6,7,,,10,5,6,7,6,3,4,6,4,,,1,9,5,3,6,,8,8,6,8,6,9,5,,5,6,4,,,3,6,,11,12,13,,6,,7,8,,,5,5,,,6,5,14,,,2,3,12,10,5,10,5,5,6,3,4,4,11,13,8,10,6,4,6,4,4,7,3,6,,5,,5,,11,9,10,13,3,4,12,6,6,6,,6,,,10,5,5,19,5,8,9,2,6,3,5,5,8,6,5,6,1,,,2,3,4,4,14,17,,4,8,9,,16,14,6,,5,5,11,9,6,2,2,6,3,17,2,12,,6,5,16,,5,4,,6,10,10,,4,,4,,,,6,4,6,5,4,3,,5,,17,5,5,4,4,3,1,4,2,5,8,4,5,6,,5,5,7,5,5,5,,4,8,8,11,26,9,5,15,10,16,10,4,5,9,6,,8,10,22,29,20,5,2,2,1,21,6,4,12,9,6,,6,2,1,55,5,6,5,5,4,5,5,,5,1,1,,4,7,7,4,,4,2,3,,5,5,5,52,5,6,5,6,6,7,6,6,2,,8,4,12,17,7,,10,4,5,4,4,5,2,3,6,4,3,5,,5,4,1,,6,5,,11,7,6,6,,5,3,1,7,8,14,6,3,5,8,7,4,,9,7,8,,2,2,10,10,8,5,5,8,4,15,8,6,4,8,6,4,,3,4,4,7,6,8,2,4,6,6,6,6,6,6,15,24,26,6,5,16,4,4,3,4,4,4,4,13,14,9,8,9,7,8,7,10,9,4,7,5,,1,8,7,7,7,10,14,15,18,5,3,2,1,8,8,,,5,5,5,,6,8,11,4,6,4,,10,7,8,,,,,5,7,5,5,5,13,,10,,7,7,10,7,4,6,2,3,19,5,7,,,,,7,7,6,8,,8,2,,4,5,4,5,6,6,8,8,6,6,6,4,4,6,,8,5,5,4,5,8,4,8,9,,12,6,,7,8,,8,5,6,,6,,9,,9,9,5,5,5,4,4,5,8,6,5,6,4,5,,5,10,5,7,11,6,,5,4,2,2,4,5,,6,7,5,3,4,,3,4,5,,6,6,11,19,11,13,7,,5,6,,6,2,3,2,5,7,4,4,14,,13,4,10,5,6,8,5,7,4,,,6,6,6,15,,2,5,6,22,7,3,10,6,5,5,5,14,6,,1,8,12,6,6,6,3,,3,,4,8,,6,5,7,3,11,7,2,6,5,4,3,,,10,5,3,6,,7,13,7,15,,4,4,,,2,7,5,5,7,6,4,5,3,6,5,2,,5,2,,5,2,,6,4,6,8,7,12,17,5,5,4,10,3,2,20,8,2,4,12,6,2,5,9,4,9,6,5,4,4,6,10,9,7,8,5,6,7,6,6,8,1,1,8,13,5,,24,8,1,,2,5,5,6,7,3,4,,1,5,6,4,3,5,9,3,,10,6,2,5,6,14,6,2,1,3,,26,11,8,13,25,,9,4,8,4,3,5,5,5,2,6,3,7,3,6,21,5,,5,,5,4,5,9,1,7,8,8,6,8,7,7,6,8,4,8,,6,7,6,6,4,7,5,5,6,3,4,3,9,10,3,11,4,5,5,2,1,3,2,,3,2,4,2,10,2,9,7,6,6,6,7,8,7,4,11,9,3,2,4,1,4,8,5,4,8,10,4,4,4,6,8,4,7,4,4,5,6,9,5,7,15,6,6,6,12,43,9,,13,5,6,5,8,6,4,4,,3,3,3,6,13,3,7,2,5,4,6,7,8,6,3,3,1,5,2,9,13,11,9,23,,6,6,6,8,3,6,7,7,4,6,2,3,5,5,9,2,9,3,2,2,4,7,4,6,6,3,3,1,2,1,,1,1,3,7,9,15,10,6,21,12,20,3,7,4,7,6,9,8,8,3,8,,4,12,9,15,2,3,4,8,6,5,4,5,20,,5,4,5,8,3,3,2,3,5,,4,1,8,11,10,4,3,3,4,4,6,,4,,4,1,,6,5,2,6,4,8,6,4,,3,7,13,7,,,6,5,1,6,1,2,6,8,3,1,3,3,2,6,4,10,7,10,8,6,4,1,1,2,6,2,4,3,6,8,6,4,4,7,6,5,5,8,14,2,3,4,4,5,11,3,8,6,7,10,3,8,8,8,8,8,,7,6,1,5,3,8,7,8,7,7,2,5,5,3,9,3,2,7,10,7,6,9,4,,3,2,4,3,4,2,3,2,3,4,1,3,3,10,9,8,9,3,10,2,3,3,3,2,1,3,1,2,7,10,8,6,3,5,5,5,7,5,7,4,8,6,9,7
20210719,18,SO2_24h,1,3,3,3,3,2,3,3,2,1,2,4,,,9,,5,5,9,,4,,5,9,,6,5,,5,3,3,5,4,3,5,,3,7,,5,2,7,4,4,,3,,3,4,3,6,8,5,6,5,5,4,,6,7,7,8,9,8,,9,6,7,,7,4,5,3,10,4,,5,6,4,3,4,,4,3,2,4,2,2,,8,7,,,4,7,8,9,11,7,24,,8,15,20,16,16,,8,10,6,5,6,10,6,8,6,6,5,3,3,4,4,3,4,4,3,4,3,13,9,6,,11,17,18,16,13,14,11,15,1,4,6,3,7,,3,5,6,5,5,8,5,8,9,2,2,4,1,7,,2,8,4,2,1,3,6,10,10,7,7,6,,,,8,8,,6,8,6,,,,9,,5,4,3,6,2,3,,4,7,,,,5,6,,7,10,6,5,3,,4,1,3,3,6,3,7,5,,3,,4,4,,5,7,,6,4,5,,6,3,5,5,9,7,10,,,7,6,8,5,4,6,3,,6,,,4,,7,5,,2,2,4,5,3,4,,3,4,3,4,4,6,6,6,5,6,8,6,9,6,6,7,6,8,2,,4,4,4,3,2,4,6,11,8,6,,11,6,,,3,7,8,8,,7,6,8,5,5,,,5,4,5,5,5,5,3,3,3,2,3,3,,3,3,3,2,4,4,6,5,5,,4,5,8,6,6,5,7,6,5,5,7,5,5,5,,6,7,7,5,7,5,5,5,4,4,5,5,8,3,,6,4,5,6,4,5,5,5,8,8,6,6,,6,5,4,4,2,4,1,6,6,3,6,,,8,8,7,5,6,7,5,9,8,13,9,9,9,10,9,8,8,11,7,7,5,3,4,4,5,4,,3,5,6,6,7,7,4,,,10,7,3,2,4,,5,2,8,3,,,7,13,7,2,7,6,5,5,6,4,5,,7,6,5,6,8,9,6,7,10,6,6,8,7,4,3,4,5,5,2,4,,4,5,5,5,,24,3,10,11,,,,9,5,,,,8,9,7,6,4,8,9,,9,12,11,13,10,9,7,9,6,7,6,3,5,6,5,7,,5,4,11,5,9,11,9,8,12,,4,2,4,4,4,2,5,5,2,2,2,7,3,3,3,4,4,4,,13,,9,5,4,8,5,,4,6,,,6,4,5,8,,6,7,1,,9,8,7,9,3,7,9,7,8,10,,,,2,,6,10,,8,9,7,9,4,5,1,4,2,3,,10,,,8,,7,10,10,7,8,8,11,9,,13,7,9,9,6,11,8,10,15,21,8,5,7,6,6,8,5,8,8,5,,5,6,4,,9,8,,6,4,7,7,11,,11,5,,,3,6,,4,,14,9,15,17,9,5,,9,9,,2,4,,6,,11,8,13,,17,8,8,12,6,,5,4,3,6,3,5,3,10,9,10,7,8,9,11,12,14,6,6,5,13,13,8,24,11,8,6,7,8,4,4,6,7,5,,4,5,4,4,2,3,3,6,3,8,4,9,6,6,,6,5,13,,9,7,6,5,5,,10,16,4,,4,,2,4,6,3,3,3,2,,,,3,,4,,1,3,2,,2,4,6,3,5,,8,,6,5,7,5,2,2,,7,6,8,6,8,8,,5,,,8,1,3,2,,10,11,8,13,10,6,5,8,10,9,13,10,8,7,3,3,10,7,4,5,8,8,9,4,5,,16,14,17,9,5,8,9,6,,,,,6,7,,5,4,7,6,5,3,4,7,7,7,6,7,5,4,6,7,5,,7,2,2,,3,2,,3,4,3,1,4,4,5,3,2,6,9,4,4,,11,8,8,6,10,7,7,5,6,,10,5,4,5,4,5,9,5,5,,7,,,4,4,4,4,8,9,,,,,5,4,2,,,5,,4,,,7,,5,8,8,7,9,10,10,10,7,,7,4,7,7,9,9,7,7,5,2,4,5,9,,5,6,,8,7,6,7,,,7,5,5,7,6,3,4,6,4,,,3,8,5,2,5,,8,11,5,10,8,10,4,,4,5,5,,,3,6,,14,12,8,,6,,18,19,,,6,5,,,12,10,17,,,2,4,12,11,6,8,6,6,8,2,7,5,6,6,9,7,6,4,6,5,4,13,3,6,,8,8,5,,14,12,10,11,4,4,9,6,6,8,5,9,,,9,5,5,7,6,12,7,3,7,12,10,6,8,8,8,6,6,,,2,3,4,4,7,10,,4,12,11,,14,14,6,,4,6,11,9,7,2,2,6,4,12,4,10,13,8,4,10,,5,4,7,6,7,8,,4,,4,,,,6,6,7,6,3,2,,8,,9,7,6,4,4,4,2,6,7,7,9,5,4,6,6,5,6,10,7,4,5,,6,9,9,10,10,7,10,11,19,15,17,5,7,16,10,,5,21,25,15,14,4,5,7,6,18,10,6,16,5,8,,8,5,5,11,6,6,6,6,10,13,15,,5,1,2,,4,4,5,4,,5,3,1,,5,6,7,9,7,6,5,6,6,7,6,6,2,,10,4,9,17,9,,15,6,4,4,5,5,3,4,7,4,5,8,,3,3,1,,5,4,,17,6,5,5,,5,4,1,8,9,25,12,6,7,11,9,14,14,17,18,13,,2,2,7,9,9,8,8,10,7,13,10,8,5,13,7,4,5,8,2,3,4,5,3,3,4,5,5,10,10,8,12,9,10,10,12,10,10,6,7,5,6,7,14,12,11,16,10,9,8,6,8,22,22,8,4,5,6,,2,6,6,7,7,11,9,11,9,8,6,4,5,6,9,,,5,6,6,,6,8,11,7,8,7,,8,6,8,,,,,7,7,8,8,6,13,10,12,,7,7,11,7,6,7,2,3,10,5,6,,,,,6,7,5,6,7,6,2,,4,5,4,7,8,6,7,8,6,7,6,5,9,10,,10,8,5,4,5,8,4,8,9,,9,6,,7,8,,8,5,5,,6,,9,,8,9,8,20,16,11,5,6,8,5,5,11,2,5,,32,28,5,6,8,6,,5,5,3,2,5,4,,6,7,6,2,17,,4,4,6,,11,9,11,12,11,15,8,,6,11,,9,2,3,2,5,7,6,7,9,,10,4,11,3,6,8,5,7,4,,,10,7,8,13,,2,7,8,12,23,5,9,7,8,6,6,13,6,,2,5,13,8,6,7,4,,4,,4,8,4,5,7,10,18,12,7,5,10,7,4,4,,,10,4,3,6,,9,16,7,14,,4,4,,,2,8,7,5,8,5,4,4,4,6,4,3,9,6,3,,6,3,,8,7,7,9,5,13,7,11,6,5,5,3,2,9,8,16,4,12,6,2,7,9,5,9,12,10,9,8,6,11,5,7,8,5,6,8,6,6,8,2,1,10,14,8,6,24,9,2,,2,6,4,6,8,3,4,,2,11,6,7,5,5,9,2,9,8,8,3,36,6,13,7,2,4,4,,9,16,13,12,20,,17,4,8,4,4,5,6,5,3,6,3,7,4,17,15,6,,6,,6,4,5,9,2,8,8,8,6,9,8,7,6,8,4,8,7,17,7,7,6,6,8,8,5,6,3,4,2,11,9,3,10,4,5,5,2,2,3,2,,2,2,5,3,12,3,10,8,7,6,6,10,11,8,5,11,10,3,4,6,7,6,7,10,4,9,12,4,4,4,8,5,5,10,4,5,4,6,10,6,7,13,6,5,10,10,37,17,8,13,7,6,4,7,5,17,5,,3,3,3,10,13,4,6,5,5,4,5,7,7,8,3,3,2,5,2,7,10,9,8,12,,6,7,6,9,3,6,7,14,6,6,3,4,6,4,7,2,9,3,2,3,4,7,5,7,7,4,4,1,3,1,,1,1,4,7,36,14,9,5,13,14,8,3,7,5,7,6,10,11,7,5,10,,5,18,9,11,3,4,6,11,6,7,7,5,10,,5,22,5,8,3,3,2,3,6,,9,7,11,10,16,4,4,3,4,11,11,,4,,5,2,,6,6,2,6,4,8,6,4,,4,14,22,10,,,6,8,2,7,2,3,4,11,6,2,3,5,4,9,5,9,7,10,7,7,3,1,2,2,7,2,3,4,9,9,10,4,4,7,6,5,8,8,12,2,2,4,6,5,12,3,22,7,7,10,4,8,8,10,12,15,,9,6,1,6,4,8,7,7,7,7,3,6,5,2,11,3,3,6,9,6,7,6,4,,3,2,4,3,4,2,2,2,3,3,2,3,3,9,12,8,6,7,13,11,6,5,3,3,1,3,2,3,6,7,8,6,3,6,6,5,7,6,9,5,8,6,10,8
20210719,18,NO2,11,7,15,10,13,14,16,5,8,11,13,18,,,17,,15,9,29,,22,,31,5,,5,8,,15,13,6,9,10,10,14,,22,28,,30,19,3,3,11,,1,,7,8,5,13,9,12,8,18,15,11,,12,10,10,14,10,20,,8,12,14,,13,11,10,8,11,11,,4,16,9,8,11,,10,16,11,13,12,28,,4,14,,,5,8,7,8,14,18,34,,8,17,15,17,21,,16,16,20,6,10,8,12,10,5,11,2,23,18,35,7,14,6,4,6,6,12,10,9,5,,9,20,28,10,16,10,11,11,13,12,16,7,12,,16,13,7,18,19,7,9,10,4,12,19,14,7,6,,5,14,7,8,11,18,5,18,2,2,5,11,,,,9,8,,8,9,6,,,,40,,12,19,9,9,20,16,,6,12,,,,25,13,,21,20,15,6,5,,10,3,8,7,4,1,4,5,,8,,,4,,17,15,,14,13,15,,13,13,16,14,19,9,13,,,9,9,14,17,7,8,13,,11,,,16,,12,15,,7,6,7,9,17,13,,12,14,15,10,14,8,14,5,19,16,17,15,19,27,20,17,,,1,,7,3,1,2,9,8,4,29,17,14,,28,19,,,16,11,20,25,,17,22,20,11,6,,,8,14,21,8,7,14,24,20,9,13,32,18,,28,11,29,42,47,33,68,36,40,,36,10,11,18,14,6,5,11,16,4,10,6,32,21,,21,18,25,24,26,25,23,12,11,16,13,15,24,12,,3,12,8,13,22,37,12,22,22,23,23,31,,16,26,32,15,15,11,13,25,21,19,19,,,11,8,20,6,12,13,7,6,29,22,10,11,11,12,26,13,32,16,18,24,5,3,17,10,8,15,,,31,13,16,29,16,27,,,,31,35,14,30,,19,10,13,28,,,27,11,5,14,7,14,9,17,18,16,6,,10,9,11,14,12,13,7,10,10,5,25,14,16,14,12,4,22,8,13,5,,12,13,14,18,,13,6,22,22,,,,27,9,,,,11,11,16,21,8,17,8,,6,10,16,14,9,,9,8,7,6,7,2,5,10,6,9,,7,7,14,7,9,12,10,6,12,,9,9,,17,10,16,11,12,8,11,6,3,4,6,7,5,6,,,7,,6,8,10,13,7,,7,10,,,6,8,4,5,,1,5,12,,14,5,7,11,17,16,19,19,10,16,,,,9,,6,7,,8,11,14,23,6,5,1,8,12,13,,5,,,3,,5,5,16,8,6,8,8,5,,28,34,31,27,26,14,12,9,8,6,17,24,28,4,6,3,7,9,9,14,,20,8,10,,6,5,,8,8,8,7,8,,31,5,,,13,9,,16,,18,7,10,11,6,1,,9,3,,7,13,,8,,13,12,14,,18,16,26,31,29,,18,15,43,23,19,17,5,13,19,17,17,4,15,8,40,13,7,3,14,8,14,9,12,12,16,14,14,8,15,8,21,10,9,,7,23,24,30,19,10,11,11,6,12,9,6,12,22,,13,11,10,,9,11,4,6,2,,14,12,2,,11,,10,13,7,7,7,8,8,,,,12,,10,,8,3,,,21,19,13,5,8,,5,,21,9,18,16,24,11,,6,14,5,6,5,10,,6,,,5,8,,5,,9,9,9,8,12,20,6,18,12,62,73,41,48,21,5,4,6,13,12,,8,13,9,13,10,,8,,18,10,5,28,25,36,,,,,2,8,,6,22,9,12,15,10,15,19,14,15,13,28,17,16,17,16,11,,4,8,14,,6,5,,9,5,9,11,12,12,5,5,13,20,5,4,8,,7,3,5,13,11,13,,13,17,,10,7,4,7,6,7,13,14,14,,9,,,6,6,18,20,6,,,,,,8,8,12,,,9,,8,,,8,,11,13,24,15,15,11,14,22,24,,6,12,21,19,26,8,5,14,11,12,7,6,2,,29,10,,15,17,7,12,,,13,6,5,8,,8,4,15,2,,,12,15,15,17,,,10,6,14,6,10,6,6,,10,8,11,,,7,6,,13,9,8,,8,,5,12,,,11,11,,,9,5,12,,,7,9,3,5,6,8,6,5,8,5,11,5,28,19,23,12,3,9,13,12,6,4,14,6,,16,,10,,7,19,10,17,9,4,9,9,11,10,6,17,,,32,7,6,9,12,10,8,11,12,7,10,5,17,12,22,25,6,,,9,17,14,8,8,13,,6,10,7,,20,4,17,,8,12,9,12,2,10,2,6,23,34,36,52,,22,17,13,,13,6,5,4,18,21,,9,,14,,,,11,22,6,13,3,6,,17,,24,22,13,6,8,6,10,6,7,8,11,5,2,9,,4,41,35,31,18,8,,5,12,16,19,17,21,3,18,13,20,7,2,7,12,2,,15,14,8,9,16,7,15,16,10,11,10,10,12,11,7,,6,6,5,7,14,16,12,12,2,3,7,,14,4,6,,31,,12,11,,12,6,19,,6,10,13,,10,12,9,9,8,8,7,6,6,,11,10,12,24,12,,9,10,4,14,9,9,8,6,5,12,17,12,,14,11,12,,16,14,,8,2,6,9,,14,8,15,6,5,10,10,23,9,11,15,5,,14,8,12,,10,18,10,7,7,12,9,6,8,,7,5,2,29,5,5,1,3,1,1,11,6,13,16,4,2,3,16,18,15,10,21,31,47,12,7,22,6,14,14,14,5,16,16,8,10,10,11,7,12,14,11,9,,4,5,5,,,7,6,7,8,12,11,5,16,6,7,7,6,5,6,,,4,21,14,,18,12,16,23,24,16,,10,9,2,,,,,7,12,11,7,10,9,4,12,,7,7,18,7,10,11,8,28,25,13,25,,,,,13,6,13,12,20,21,23,,2,6,6,3,6,5,4,4,8,7,7,9,6,7,,4,2,11,9,17,17,7,6,12,,6,10,,8,1,,6,18,11,,6,,5,,5,2,6,4,5,5,4,7,12,7,4,5,7,10,,18,17,3,9,13,9,,14,11,9,11,14,12,,7,7,7,6,3,,15,7,8,,10,4,8,9,4,7,5,,6,8,,14,14,6,7,13,21,9,7,6,,7,6,5,7,4,1,7,9,13,,,12,5,14,12,,9,12,10,5,13,7,5,22,4,7,8,12,6,,8,17,11,19,9,12,10,,7,,5,17,17,6,10,8,6,10,,6,9,9,13,4,,,10,11,6,7,,13,7,10,16,,2,4,,,11,22,30,6,11,5,12,27,12,14,15,26,,16,12,,20,13,,10,6,8,5,9,16,26,5,5,5,15,23,4,16,12,21,23,8,7,6,6,11,5,16,5,5,3,4,13,9,13,6,30,14,4,4,13,11,10,9,11,8,8,8,33,16,14,6,,5,10,14,22,7,16,17,,13,12,6,,19,1,3,16,18,8,4,15,7,15,6,,7,10,12,,7,18,7,4,6,,6,22,14,15,13,12,14,10,14,6,6,4,6,9,11,23,,6,,9,3,2,10,5,7,23,21,17,20,25,19,15,16,8,5,,14,12,12,10,7,7,6,10,7,18,15,8,12,13,2,15,7,10,9,5,10,14,11,,13,6,5,4,7,16,14,8,8,10,10,4,17,23,6,13,13,21,14,7,14,2,6,13,12,5,17,11,8,3,7,10,7,10,12,13,11,19,4,8,8,13,9,11,12,18,14,6,,14,12,9,24,10,8,2,16,,12,3,4,9,15,11,9,15,3,8,13,14,20,15,4,8,4,8,2,,13,9,10,7,,10,5,6,10,8,10,20,10,9,5,20,12,18,22,8,7,7,6,20,27,3,9,20,8,10,15,9,9,8,5,,12,2,10,13,8,15,12,6,27,24,7,8,6,10,18,4,4,9,13,6,4,,7,13,6,11,6,8,4,10,12,4,4,4,8,,7,7,8,17,3,3,10,8,8,,13,7,11,11,22,7,5,7,8,15,10,,11,,10,11,,5,11,9,18,32,8,14,14,,11,12,8,2,,,9,6,4,1,4,20,39,28,19,6,11,11,5,20,21,20,7,4,17,14,4,7,28,16,10,11,6,10,16,18,18,4,4,16,13,9,9,4,5,1,8,16,3,10,12,10,12,5,17,15,18,9,12,12,13,14,,14,5,10,6,18,8,4,10,7,5,10,5,8,6,12,8,8,10,4,5,19,20,13,,4,4,5,5,6,8,7,6,12,3,8,6,7,13,6,10,25,12,9,8,14,8,13,28,6,7,9,5,4,6,5,10,10,10,17,14,27,11,17,7,2,10,10,7
20210719,18,NO2_24h,13,8,23,11,16,20,24,9,10,12,20,20,,,20,,20,18,27,,28,,35,7,,8,11,,35,24,16,20,18,21,10,,16,22,,22,17,3,13,13,,12,,9,11,7,16,16,16,16,21,22,12,,12,9,13,25,18,20,,11,25,22,,30,13,15,12,16,16,,5,13,11,9,26,,11,26,25,23,20,18,,14,17,,,16,17,18,15,16,24,21,,14,16,19,16,19,,16,14,18,6,8,7,10,10,6,19,3,27,23,33,16,19,13,16,20,16,31,18,16,9,,17,27,29,20,25,15,20,26,12,15,14,8,15,,16,18,11,16,19,26,26,30,20,23,19,33,15,9,,6,15,8,11,12,17,7,27,2,4,7,10,,,,13,10,,7,13,8,,,,24,,13,22,10,10,19,16,,12,21,,,,19,20,,20,22,22,6,10,,8,4,7,6,6,3,5,7,,8,,3,3,,16,18,,23,16,22,,20,18,12,18,28,8,21,,,9,10,12,22,10,16,17,,11,,,18,,17,17,,9,4,7,9,13,13,,13,16,18,16,20,13,15,10,25,22,19,17,22,26,24,28,16,21,2,,10,3,4,4,7,13,8,24,21,14,,26,23,,,13,14,19,23,,17,19,17,13,7,,,7,9,7,9,9,14,17,18,11,12,18,13,,18,8,12,30,26,25,29,22,39,,24,8,22,23,24,10,12,13,23,12,21,11,30,22,,25,31,24,23,27,20,30,18,9,16,12,13,24,15,,4,13,9,11,15,17,11,14,21,22,22,23,,24,32,30,15,20,14,15,24,20,20,19,,,14,16,19,10,9,13,6,13,29,35,17,17,22,17,24,18,17,22,23,19,10,7,12,11,8,10,,22,24,18,22,33,22,16,,,28,30,35,23,20,,27,31,34,33,,,28,10,15,27,25,21,19,31,27,26,20,,13,10,10,13,10,13,9,11,12,8,14,14,18,17,29,16,23,14,18,19,,12,13,25,18,,25,12,39,40,,,,28,8,,,,22,21,45,46,47,54,37,,35,20,14,24,14,21,12,17,11,11,13,3,7,24,7,31,,21,28,29,22,16,19,15,13,18,,12,11,14,7,7,10,10,12,11,9,7,6,5,11,7,6,8,5,,14,,8,8,11,13,10,,12,16,,,10,13,12,18,,8,11,13,,11,4,7,12,10,14,13,12,15,17,,,,8,,8,10,,11,11,11,18,5,4,2,16,16,21,,8,,,6,,7,12,16,10,9,7,10,6,,14,15,14,14,25,11,10,10,10,15,11,17,19,6,8,5,18,14,14,12,,13,13,13,,9,9,,7,10,12,10,11,,26,9,,,14,13,,20,,17,12,16,18,6,2,,12,3,,14,18,,13,,16,15,13,,15,15,15,19,10,,5,8,11,15,17,7,2,15,19,7,15,5,18,10,28,31,11,10,12,15,15,9,14,12,17,18,17,12,17,8,14,5,10,,8,12,14,16,14,10,8,8,8,7,6,15,21,28,,21,19,20,,13,12,18,12,4,,17,12,2,,9,,7,11,5,7,6,7,7,,,,12,,11,,5,3,3,,16,14,10,9,13,,9,,14,17,11,13,14,10,,13,26,11,9,9,10,,11,,,4,11,8,8,,13,21,18,15,11,9,5,15,13,20,19,19,19,19,10,9,8,10,17,14,20,23,23,23,19,,19,11,30,18,12,17,17,17,,,,,7,15,,17,13,13,11,11,12,18,20,19,24,19,18,15,13,20,15,15,,9,11,20,,22,14,,16,9,12,15,14,16,9,9,14,15,13,12,11,,12,13,13,20,19,15,24,16,19,,16,23,12,13,9,8,17,17,17,,8,,,5,5,15,16,8,5,,,,,10,10,9,,,8,,9,,,10,,11,14,19,18,19,14,14,20,19,,13,18,21,20,23,6,3,15,13,12,11,10,4,,27,13,,15,15,12,18,,,13,8,6,7,11,6,4,11,3,,,20,15,16,17,14,,11,13,19,12,16,14,10,,13,13,12,,,14,13,,12,16,22,,20,,15,19,,,12,9,,,20,12,15,,,5,7,9,10,6,7,5,8,9,6,9,9,4,8,12,6,8,17,18,16,6,4,10,8,,18,9,15,,6,12,16,12,9,5,5,5,9,7,7,23,,,33,8,10,10,10,13,8,15,7,11,12,5,18,12,29,20,12,,,11,14,7,6,6,11,,7,18,16,,15,9,13,,7,9,9,9,5,10,2,6,24,28,33,42,22,14,19,15,,13,11,7,3,24,24,,9,,11,,,,11,14,6,17,3,5,,17,,19,20,19,7,7,8,7,7,17,11,20,8,2,7,7,5,18,24,19,17,8,,10,5,11,7,12,9,4,9,19,14,16,8,10,17,3,,10,15,12,15,14,8,10,12,11,10,6,7,8,10,12,,12,15,11,11,15,16,12,14,13,14,19,,10,7,6,,13,8,10,9,,11,7,14,,4,12,13,9,10,8,6,8,8,8,9,6,7,,9,9,8,28,16,,13,9,4,18,8,11,12,8,12,16,18,16,,11,7,9,,12,11,,13,2,6,6,,7,5,8,4,5,12,11,19,11,10,11,8,10,15,14,15,,14,11,18,11,15,16,14,13,22,7,9,9,10,16,5,8,3,6,7,7,12,6,20,8,4,3,3,18,27,19,19,15,13,16,16,15,18,19,20,16,12,9,11,13,11,16,12,15,10,16,22,18,19,6,8,6,14,,14,11,12,10,19,15,15,12,16,11,12,12,9,5,16,,,6,11,7,,10,11,7,7,15,15,,19,8,12,,,,,9,8,12,18,15,11,5,9,,27,11,9,9,11,16,8,13,21,18,18,,,,,13,10,13,15,18,19,21,,6,6,7,11,16,9,7,8,8,11,11,12,11,12,,6,7,9,11,7,13,16,8,14,,5,8,,9,9,,8,20,8,,6,,9,,6,4,8,14,18,18,7,11,14,11,4,8,8,9,,20,17,3,14,8,26,,14,13,22,22,18,14,,8,9,18,13,15,,23,15,14,,15,4,14,20,9,8,11,,11,22,,22,18,9,10,18,22,10,8,5,,34,13,16,12,10,5,12,11,8,,,30,25,27,9,,10,39,36,26,30,12,4,26,11,11,16,22,11,,23,24,13,20,11,14,13,,11,,6,19,26,11,21,16,14,20,11,13,18,6,13,7,,,21,17,7,13,,22,16,27,11,,2,5,,,11,25,25,7,15,6,8,23,5,23,9,29,14,15,19,,25,11,,20,10,14,11,6,13,12,11,8,9,14,24,7,22,9,25,21,9,14,6,12,15,9,11,12,11,9,10,12,32,15,7,35,9,10,9,8,9,8,4,11,12,12,14,18,20,14,5,,6,15,11,21,8,13,13,,31,29,6,15,11,2,5,17,17,17,24,11,15,20,9,6,8,18,15,,10,37,23,26,13,,12,18,15,16,14,12,16,17,15,7,7,11,25,16,12,11,,8,,9,5,4,11,5,10,25,30,25,26,27,16,13,18,11,8,26,24,7,8,12,14,11,11,6,13,20,19,14,23,8,2,20,5,11,15,5,7,12,10,,11,5,8,7,8,16,12,9,12,13,15,9,17,19,3,23,18,30,20,11,16,7,5,24,13,12,19,13,11,6,13,14,10,15,12,12,12,12,9,9,13,11,10,6,15,14,21,14,12,16,12,10,15,8,9,9,17,,9,7,10,30,17,26,15,16,5,4,18,15,20,15,6,12,6,10,3,17,54,16,32,29,,18,8,9,11,11,13,27,12,14,5,18,16,14,11,15,8,11,18,21,25,5,11,22,12,10,11,20,6,12,6,,11,2,8,10,17,10,18,8,20,27,14,13,15,13,16,11,11,14,13,9,8,,11,13,5,12,9,4,13,20,19,10,12,9,16,,12,10,20,21,3,6,9,7,18,,13,13,13,16,22,9,7,12,10,13,9,,13,,13,6,,6,20,11,17,23,16,14,15,,13,11,12,3,,,5,12,28,13,21,14,23,15,18,8,7,17,19,23,36,32,17,14,23,25,3,8,28,8,15,6,7,14,24,7,17,7,11,17,19,14,16,11,36,9,11,12,15,20,17,11,20,7,13,12,17,15,16,22,20,30,,20,6,9,6,16,15,13,11,7,14,25,11,13,7,20,22,18,13,15,10,25,14,12,,4,3,6,7,12,14,3,10,18,10,16,6,14,16,8,19,17,29,18,16,11,12,13,20,8,6,12,14,14,23,5,9,8,11,24,11,26,13,16,7,6,17,24,12
20210719,18,O3,109,134,125,114,114,119,122,117,136,153,115,120,,,94,,95,105,91,,97,,79,109,,92,111,,133,106,98,116,97,128,107,,95,86,,88,83,95,118,116,,120,,122,121,113,108,119,96,106,107,113,112,,111,116,115,79,85,75,,79,129,120,,133,134,136,126,82,77,,104,113,109,105,102,,81,86,100,101,92,54,,150,134,,,152,150,140,139,78,63,53,,74,79,88,69,73,,100,76,59,72,70,77,81,77,69,76,65,84,90,75,99,85,104,99,93,90,94,140,124,125,,137,132,119,135,122,131,126,136,40,39,33,39,39,,46,37,40,34,152,150,151,147,143,146,138,150,175,95,,109,109,96,106,91,94,61,56,61,46,68,66,,,,96,102,,100,105,102,,,,154,,125,115,124,131,95,118,,110,147,,,,144,152,,169,172,195,101,109,,115,102,103,101,102,92,88,81,,82,,106,96,,109,123,,104,117,110,,116,110,108,102,22,47,35,,,42,36,37,,45,52,49,,79,,,140,,72,68,,41,33,31,30,20,27,,97,87,124,134,129,99,98,100,135,117,120,126,134,122,106,118,,155,62,,44,58,52,40,85,61,61,55,77,76,,57,60,,,59,143,196,173,,182,186,191,186,75,,,69,63,52,77,68,63,69,72,77,81,60,69,,54,68,81,75,85,107,54,88,70,,68,125,181,198,164,184,145,189,181,146,152,153,53,53,,48,47,45,57,60,50,50,72,40,43,36,31,31,39,,47,52,51,38,25,30,34,26,42,52,57,23,,48,41,19,29,31,34,38,34,34,34,32,,,46,50,34,45,38,37,57,55,42,54,50,50,132,125,132,126,111,144,113,131,84,91,60,69,78,141,,149,162,177,172,164,148,179,,,169,173,176,168,139,,228,185,199,148,,,220,158,100,89,95,111,93,83,98,98,92,,69,72,80,89,91,85,89,92,82,98,74,76,90,78,76,91,82,95,91,102,,83,69,79,69,,176,162,152,152,,,,166,204,,,,188,200,145,135,141,143,157,,134,180,215,220,147,,125,114,106,126,124,98,98,150,146,162,,154,161,165,148,171,176,185,174,172,,90,93,104,90,86,79,94,102,92,101,89,88,87,82,55,55,50,49,,106,,93,108,99,101,147,,146,144,,,124,125,121,127,,104,118,118,,116,125,112,119,129,88,83,82,102,91,,,,132,,106,139,,144,156,157,141,74,78,85,62,95,71,,96,,,54,,51,55,37,65,72,64,68,74,,60,48,53,59,56,74,79,66,77,87,51,31,27,56,53,56,68,64,68,44,,41,62,54,,70,69,,68,73,70,65,50,,38,58,,,117,148,,97,,118,117,124,127,68,68,,71,72,,87,83,,91,,95,93,93,,96,74,82,82,75,,55,53,37,45,42,56,29,87,96,88,80,92,77,77,41,58,76,71,60,94,84,88,93,92,117,88,109,102,102,59,78,72,91,,96,30,31,32,29,22,107,104,109,96,106,88,94,99,,155,152,155,,144,85,93,83,100,,86,77,96,,66,,74,72,78,72,124,126,126,,,,84,,96,,104,100,,,75,64,76,71,70,,78,,147,135,164,134,132,124,,111,109,125,149,120,145,,67,,,87,101,94,72,,93,99,106,100,64,102,85,91,79,55,46,59,59,78,72,69,122,112,123,114,132,136,122,134,163,,170,205,166,166,1,83,87,53,,,,,115,118,,126,74,90,109,95,90,98,62,76,48,52,45,70,66,92,108,105,,96,95,89,,95,95,,80,112,136,122,115,123,127,128,120,81,103,106,96,,140,137,124,181,193,141,,124,133,,129,114,110,100,114,106,103,147,147,,64,,,68,68,63,71,74,,,,,,84,75,107,,,65,,68,,,98,,85,81,70,63,68,61,79,84,35,,168,146,146,159,139,155,172,144,146,110,135,48,41,,103,119,,98,111,89,84,,,121,74,64,67,64,76,79,79,87,,,90,71,75,78,76,,73,96,108,108,113,106,86,,84,75,86,,,82,81,,100,99,99,,99,,159,158,,,93,60,,,177,186,125,,,71,77,109,108,188,190,185,105,96,98,91,97,50,60,62,60,144,149,133,101,79,85,71,74,,133,,99,,73,57,68,80,111,119,85,72,47,48,48,55,,,49,100,102,101,89,58,81,50,70,82,73,74,80,80,62,61,72,,,98,60,59,71,107,111,,55,136,144,,132,139,137,,136,158,159,157,120,92,108,99,52,55,42,38,37,58,70,81,,112,81,67,44,191,210,,143,,126,,,,84,76,81,85,111,104,,66,,68,65,69,65,69,60,58,67,80,84,81,78,92,82,,84,34,42,36,61,52,,52,63,54,58,48,49,53,78,84,78,89,82,69,62,62,,107,121,137,137,124,71,64,66,67,72,62,64,54,61,94,,80,92,95,68,64,65,66,71,73,69,85,,78,98,92,,35,78,78,99,,108,108,73,,82,87,96,,97,65,66,73,71,76,126,125,132,,61,68,74,82,100,,101,108,86,76,78,85,101,96,88,91,97,92,,89,98,85,,71,75,,113,92,106,94,,76,79,66,64,69,83,80,68,83,75,67,99,,92,104,91,,74,72,81,84,67,72,68,63,68,77,96,77,102,83,52,81,89,73,86,65,60,78,72,68,42,69,70,37,34,41,37,54,80,30,88,96,94,112,108,108,111,85,67,68,129,140,88,84,86,108,104,135,134,103,109,94,96,,108,133,111,121,94,116,107,114,,116,120,126,139,156,137,,,80,82,83,,79,84,61,61,67,89,,169,156,155,,,,,137,129,128,127,137,114,89,112,,109,99,108,117,120,119,77,68,58,73,56,,,,,66,74,100,96,58,55,67,,86,143,141,120,120,128,124,134,40,42,88,94,91,92,,47,59,49,56,14,20,136,132,92,,115,99,,115,108,,63,61,70,,99,,114,,77,69,116,126,127,120,135,139,143,151,104,102,99,85,,113,111,127,133,117,159,,96,115,125,120,112,113,,103,96,137,132,140,,150,164,132,,128,212,133,144,119,126,145,,153,169,,164,119,133,129,133,123,126,116,143,,147,119,120,111,109,109,128,137,124,,,111,113,119,86,,107,117,120,154,154,52,68,52,94,111,101,104,87,,100,128,163,187,36,70,155,,140,,127,146,222,102,54,53,112,123,160,89,84,86,145,79,,,127,69,84,102,,191,186,181,98,,103,149,,,69,141,125,76,98,114,65,52,67,128,79,166,,172,89,,97,60,,53,67,155,134,135,136,57,103,52,77,80,56,54,97,85,178,71,92,114,67,106,113,135,59,80,82,86,82,92,159,119,109,151,69,142,147,71,70,75,127,90,127,112,93,85,161,116,98,,132,79,125,73,126,72,70,,90,164,107,85,72,98,111,148,174,128,162,80,61,206,106,57,94,80,68,,101,162,143,156,157,,111,36,38,44,54,39,50,50,40,41,132,127,159,154,154,76,,115,,112,60,80,144,69,54,65,59,55,48,40,37,43,42,46,48,,57,43,50,51,58,49,69,78,134,112,118,114,109,162,108,187,101,60,62,100,98,74,80,,67,70,81,96,82,68,92,124,84,99,68,105,100,99,77,81,113,193,221,168,134,148,76,122,134,89,84,123,88,92,130,129,122,70,79,71,77,91,136,93,87,95,83,97,129,83,103,113,108,118,66,84,91,107,107,78,73,,138,110,127,158,134,129,190,149,85,90,202,127,134,149,94,57,76,101,78,196,155,162,128,160,,53,74,51,46,43,51,32,74,46,59,66,33,43,105,101,126,106,109,97,80,115,121,85,95,134,142,64,77,104,89,,80,105,86,81,61,103,52,44,160,56,129,140,120,129,114,136,133,150,194,106,77,,143,141,156,145,74,80,,138,144,120,137,109,185,,132,173,136,104,41,56,66,54,104,,75,86,95,145,64,91,104,80,83,75,62,,42,,143,102,,68,61,67,76,129,138,90,46,,37,126,126,123,,,66,123,110,106,109,99,70,82,96,104,94,119,109,121,110,108,125,129,149,144,70,73,107,87,94,94,83,66,148,136,122,78,91,72,106,75,144,136,150,,104,76,92,104,87,76,152,59,32,71,38,50,45,72,166,159,,154,101,78,78,73,126,117,64,68,117,122,106,136,147,167,97,90,147,83,105,122,106,90,,92,58,71,128,79,93,123,74,135,116,108,116,104,130,100,142,190,164,83,75,69,83,101,97,134,130,103,122,146,150,167,110,119,91,59,93,47,44,114,158,113,70,127,97
20210719,18,O3_24h,127,134,141,141,132,137,140,137,136,153,131,151,,,139,,163,158,146,,153,,116,177,,148,166,,139,143,111,138,137,157,111,,149,128,,126,127,96,127,122,,120,,132,126,119,135,136,148,132,132,136,126,,132,133,126,81,96,88,,95,134,134,,138,153,158,148,157,123,,104,121,112,105,108,,115,100,100,110,97,104,,157,135,,,167,163,144,154,108,114,116,,108,130,143,121,127,,145,101,90,108,93,106,108,111,91,100,92,103,102,99,103,107,110,100,98,98,102,146,146,126,,146,154,137,143,131,135,134,141,85,84,84,82,86,,91,85,87,85,161,156,164,149,154,154,138,150,190,110,,122,113,111,112,108,113,136,131,132,115,140,96,,,,103,144,,114,114,110,,,,174,,147,142,146,148,118,135,,146,185,,,,174,178,,189,189,209,124,132,,136,110,117,112,112,105,103,96,,121,,108,96,,171,160,,162,154,177,,181,164,148,133,69,89,74,,,91,80,80,86,89,77,90,,101,,,140,,143,142,,77,83,76,78,64,72,,114,122,143,151,148,115,101,104,152,170,156,170,164,142,145,144,63,156,80,,80,75,77,57,114,126,130,106,106,120,,104,102,,,104,179,201,173,,182,212,191,233,94,,,81,81,87,91,84,90,79,82,77,83,74,80,,67,77,109,113,114,115,104,105,99,,127,134,197,198,196,193,150,197,181,164,162,155,79,73,,89,71,103,86,86,71,76,82,41,43,39,32,35,54,,53,55,52,49,41,49,52,44,91,83,87,77,,156,84,107,58,61,49,54,87,93,93,85,,,83,83,67,64,56,62,61,55,151,152,154,155,184,186,193,179,159,176,168,154,99,91,78,85,89,141,,149,162,179,172,177,166,179,,,169,173,176,168,150,,240,203,246,183,,,239,158,100,93,96,111,93,89,98,99,94,,78,80,91,97,94,86,110,106,110,106,115,116,105,93,88,93,94,110,113,128,,96,86,82,89,,228,164,202,191,,,,192,204,,,,197,208,167,160,151,159,209,,144,196,215,226,164,43,139,172,119,133,143,98,114,196,148,167,,157,164,177,152,180,181,186,174,176,,108,112,115,90,89,93,95,119,104,102,96,99,99,102,107,110,101,95,,107,,98,111,113,104,161,,162,147,,,132,136,130,186,,114,124,122,,125,132,121,119,144,105,96,98,102,117,,,,139,,133,139,,144,172,174,162,83,84,96,83,121,87,,128,,,145,,133,100,120,74,80,85,93,83,,116,104,114,108,113,111,95,87,106,102,77,78,78,64,53,60,71,70,68,58,,58,91,85,,108,106,,114,116,114,101,100,,125,88,,,134,159,,125,,130,135,131,132,78,79,,78,81,,113,110,,122,,104,108,103,,108,97,103,102,105,,86,84,90,89,86,86,68,145,153,143,132,131,125,99,81,68,96,97,83,110,101,107,109,105,117,116,116,120,120,95,88,82,95,,99,88,90,95,92,80,116,105,109,100,107,158,172,151,,155,152,155,,144,104,116,100,103,,119,92,99,,70,,74,72,81,72,124,131,128,,,,87,,104,,104,100,84,,89,81,85,74,74,,79,,147,145,164,152,157,141,,114,109,127,151,120,145,,108,,,104,103,102,77,,94,105,122,107,90,102,85,102,141,142,126,141,123,143,76,70,147,160,157,145,132,147,131,150,163,,176,205,172,171,113,131,148,101,,,,,234,178,,163,113,140,151,139,120,117,126,110,108,111,125,77,86,106,119,122,,96,96,120,,129,130,,123,146,157,146,138,150,149,155,147,107,121,128,114,,143,140,146,206,193,165,151,124,133,,132,114,124,108,119,136,127,164,164,,81,,,90,90,89,102,91,76,,,,,92,81,124,,,93,,84,,,142,,123,122,124,142,152,150,142,143,119,,189,164,184,191,183,165,172,162,161,115,146,93,79,,103,126,,142,133,113,100,,,151,85,83,80,79,89,90,92,107,,,182,77,75,78,77,,80,111,114,111,118,112,88,,87,86,104,,,97,94,,110,105,116,,116,,185,179,,,98,66,,,199,202,155,,,86,91,116,114,189,190,185,105,98,101,100,97,91,98,79,107,153,152,135,116,79,85,71,74,,177,183,99,,93,92,90,112,114,127,110,90,91,79,98,88,,,103,130,126,133,190,118,112,109,96,106,115,91,151,122,118,132,122,,,120,82,82,96,151,151,,98,136,151,,140,141,150,,154,169,159,157,149,97,110,99,136,159,146,172,95,136,134,113,,146,115,104,82,191,210,,154,,151,,,,111,106,115,113,122,114,,129,,132,135,136,83,88,80,75,82,99,108,104,101,102,99,98,100,112,118,136,141,94,,86,81,85,94,86,84,84,131,124,116,120,102,90,89,89,,107,121,137,137,124,116,114,117,120,129,106,110,109,108,105,,103,108,103,104,107,107,107,107,80,77,109,,83,98,92,,86,88,88,112,,133,128,89,,93,102,109,97,110,82,79,89,84,91,135,129,135,,84,87,96,107,121,,118,129,92,106,108,128,102,104,92,93,123,120,,119,131,120,,108,113,,127,105,106,97,,96,93,93,94,91,156,122,117,114,129,129,138,71,133,147,128,,139,147,157,136,110,115,99,93,96,140,118,131,122,123,69,82,111,86,102,100,89,107,133,100,80,81,80,115,92,130,110,78,86,81,108,122,113,142,150,158,160,130,119,105,137,140,138,128,86,118,115,139,140,103,109,137,145,,140,133,120,128,119,198,198,201,173,116,129,137,139,156,143,,,115,118,116,,112,129,120,114,125,102,,169,156,155,,,,,154,146,139,147,150,143,110,118,,120,160,170,156,155,146,87,70,77,74,82,,,,,106,89,100,96,70,70,94,,92,143,141,122,123,128,124,134,75,77,95,101,92,94,,78,80,57,57,41,49,140,141,99,,115,99,,125,119,,78,75,93,,111,,122,,77,70,122,126,128,120,155,148,147,152,104,106,102,93,,146,147,127,176,150,159,,132,142,144,144,138,140,,114,112,155,149,146,,155,167,146,,148,215,146,145,122,133,173,,162,172,,172,134,143,139,134,124,151,148,143,,152,129,121,140,131,111,128,137,129,,,126,123,133,95,,107,128,127,165,177,144,82,72,144,176,146,149,89,,119,128,191,204,79,147,155,,159,,139,150,251,107,81,79,133,126,175,147,119,119,155,99,,,142,186,111,161,,203,205,193,124,,104,159,,,89,186,170,81,107,126,79,74,157,158,106,168,178,176,113,,140,126,,88,110,173,159,145,141,82,130,76,78,94,99,72,148,95,207,95,105,114,70,106,122,148,86,80,82,86,82,106,159,136,115,151,93,162,148,110,112,110,127,100,132,130,104,119,176,134,98,,135,128,133,86,136,100,105,,94,210,112,138,94,100,124,168,200,141,162,91,85,206,112,93,102,174,127,,101,218,171,181,177,,133,91,94,89,97,83,89,98,79,88,135,130,165,187,156,105,,125,,131,108,92,169,110,69,88,69,72,78,64,64,44,49,51,53,36,112,65,79,56,87,81,110,110,153,127,169,167,183,168,114,187,118,138,146,101,98,84,94,,70,70,103,102,116,94,115,131,91,113,103,114,110,169,93,105,128,247,222,197,184,148,88,175,137,114,97,135,97,102,161,156,137,74,89,82,99,117,146,108,93,121,116,97,156,138,127,124,154,137,128,112,116,107,107,92,110,,147,127,127,165,150,129,190,174,123,102,219,154,172,162,127,127,107,122,92,196,188,205,135,160,,78,78,67,68,52,51,79,101,161,64,67,54,94,109,149,131,132,139,136,136,118,132,165,153,159,146,132,80,104,89,,96,119,92,108,116,110,93,85,183,87,164,187,194,143,151,155,147,225,194,108,104,,143,177,174,152,92,90,152,147,144,126,145,140,185,,139,198,139,123,64,143,108,113,177,,140,107,141,154,111,98,107,90,98,75,67,,88,,143,121,,107,75,89,76,162,142,111,78,,86,135,131,128,,,77,127,150,137,109,142,136,126,141,118,111,150,162,121,120,115,134,138,149,144,72,81,107,87,94,104,83,79,148,136,122,80,105,97,117,85,155,140,165,114,120,103,146,104,93,77,173,144,41,77,86,79,84,116,174,184,,154,103,78,78,99,164,192,78,81,224,158,134,156,177,173,134,124,154,111,105,186,106,125,,92,98,85,135,92,122,125,95,135,130,128,117,112,138,108,142,190,169,135,93,103,110,136,145,134,131,117,122,150,155,167,118,124,99,115,102,102,88,149,164,120,96,137,128
20210719,18,O3_8h,102,102,113,109,102,102,96,105,95,110,97,109,,,104,,114,127,105,,114,,96,134,,119,144,,104,108,85,100,98,114,92,,112,103,,103,101,87,107,110,,109,,110,108,97,122,123,128,119,118,117,116,,119,121,118,69,83,74,,80,108,98,,102,135,135,128,111,95,,94,100,96,91,89,,94,87,79,89,88,82,,140,129,,,144,140,133,132,98,94,94,,95,113,115,102,109,,124,89,70,83,81,87,96,84,80,86,78,95,96,91,101,88,106,94,95,96,98,140,133,123,,139,139,128,136,124,129,129,136,67,64,63,64,64,,71,47,63,56,131,127,131,127,125,143,114,131,150,90,,112,106,104,101,100,106,102,99,102,84,105,83,,,,91,101,,101,105,102,,,,159,,131,131,132,133,108,128,,129,160,,,,152,161,,173,166,181,110,116,,121,100,105,100,98,96,98,90,,95,,102,91,,129,130,,130,126,132,,137,136,123,109,44,67,57,,,57,56,62,70,66,60,71,,88,,,126,,121,121,,64,54,51,39,27,33,,104,100,123,128,122,88,90,90,134,132,137,146,146,124,121,127,,141,67,,58,68,66,48,101,93,87,81,88,92,,76,78,,,82,146,175,146,,150,174,151,187,78,,,75,75,76,84,77,80,48,48,50,52,47,48,,38,54,86,90,91,88,75,94,73,,100,111,166,154,152,166,132,163,145,141,139,138,52,58,,60,56,64,67,61,56,49,70,35,34,30,27,24,41,,47,47,46,40,30,33,34,32,45,47,54,49,,46,57,44,39,42,38,40,56,57,54,53,,,60,60,49,50,44,43,48,48,58,65,69,63,144,140,150,129,120,143,121,125,85,79,69,72,81,106,,115,117,139,126,131,123,132,,,121,118,117,127,115,,196,172,171,146,,,206,136,96,80,87,97,81,78,92,87,84,,68,62,74,77,80,72,82,84,72,85,75,68,81,68,60,72,74,80,91,92,,83,73,64,70,,198,155,161,153,,,,160,177,,,,176,185,121,109,112,118,145,,124,166,155,181,144,,126,142,110,124,129,87,100,165,120,153,,145,148,157,140,163,164,166,159,161,,94,100,97,82,75,72,88,101,91,94,89,91,90,90,86,86,79,78,,105,,94,107,106,96,139,,139,133,,,125,129,121,137,,103,119,117,,114,117,109,107,129,88,87,86,93,94,,,,124,,110,124,,130,155,153,143,79,78,88,73,91,75,,110,,,81,,78,77,75,67,72,71,74,75,,98,84,92,88,93,90,83,78,92,90,67,64,62,52,46,50,66,64,62,46,,48,76,67,,87,85,,81,84,85,74,76,,68,55,,,105,128,,113,,118,116,121,121,68,67,,66,70,,90,86,,94,,93,94,89,,96,84,95,94,94,,74,72,77,75,74,75,53,117,126,114,110,113,103,86,66,50,84,82,72,100,92,97,98,96,112,103,108,110,111,82,79,76,90,,94,68,61,67,63,58,101,97,96,88,100,130,141,131,,140,145,143,,131,90,101,86,94,,104,80,88,,48,,54,51,59,54,103,103,100,,,,69,,80,,76,73,,,68,58,63,69,69,,75,,120,121,118,124,134,117,,107,97,118,136,115,128,,89,,,96,88,86,68,,87,94,107,96,68,93,79,88,108,94,92,102,90,106,70,64,104,104,118,101,112,116,112,123,127,,130,151,127,135,79,99,100,73,,,,,119,128,,131,96,114,130,115,101,107,82,81,70,85,77,69,75,92,98,99,,78,84,87,,97,100,,79,96,122,118,109,118,110,120,119,90,102,106,98,,126,127,124,188,176,153,,109,116,,114,100,95,81,100,117,112,143,143,,71,,,80,80,81,93,85,,,,,,88,76,107,,,71,,73,,,123,,108,106,103,115,120,116,116,119,76,,156,144,152,161,151,146,147,140,138,107,133,74,63,,90,112,,97,110,92,87,,,125,74,74,71,67,78,78,81,94,,,142,70,69,70,70,,70,87,110,107,113,105,83,,81,77,80,,,77,73,,96,91,92,,91,,170,166,,,94,60,,,172,180,134,,,77,82,102,101,180,180,177,98,94,96,94,88,78,84,70,86,124,128,106,103,71,76,67,70,,135,139,95,,86,81,76,90,111,113,99,83,64,62,68,75,,,83,115,112,119,141,83,82,70,82,89,88,85,115,101,87,97,95,,,105,70,71,81,124,126,,50,126,138,,131,131,137,,139,144,139,136,135,90,103,92,87,104,94,92,69,101,92,97,,124,88,86,62,164,181,,133,,127,,,,102,97,103,102,112,108,,90,,104,107,104,74,78,69,63,75,90,98,93,90,91,85,85,86,86,91,97,100,75,,73,74,70,78,68,69,65,101,97,96,93,92,80,79,78,,90,105,105,100,96,98,92,95,98,109,84,89,85,86,96,,89,94,92,83,79,80,80,83,74,71,93,,63,83,80,,48,67,65,92,,121,117,70,,78,87,90,82,92,64,62,70,68,72,119,114,118,,50,55,61,90,105,,106,114,81,83,83,104,92,91,85,91,103,100,,96,107,94,,94,100,,113,84,90,85,,86,86,84,78,77,125,99,94,96,106,103,124,,116,130,111,,109,114,122,114,85,90,84,78,82,100,104,99,109,104,59,76,90,77,78,91,73,92,101,88,62,70,72,76,69,70,72,58,68,57,91,96,84,120,129,129,136,97,86,88,120,125,98,105,86,96,89,120,118,77,91,101,110,,114,106,103,112,103,151,147,152,137,102,111,119,121,116,128,,,96,98,101,,95,93,84,81,89,83,,120,112,110,,,,,130,125,118,122,127,109,93,105,,106,126,140,144,137,125,73,64,65,69,66,,,,,76,75,81,79,58,59,79,,74,121,117,114,115,120,116,126,58,61,82,91,87,88,,46,51,52,53,22,26,129,127,86,,76,67,,110,108,,66,63,81,,99,,111,,58,55,114,114,117,116,121,123,125,130,97,98,88,82,,124,127,105,152,133,146,,101,112,129,126,112,112,,104,96,132,130,136,,145,158,135,,133,197,141,132,112,124,144,,150,169,,159,127,134,130,119,107,118,116,124,,123,115,108,98,102,106,111,119,111,,,108,107,115,84,,95,111,111,124,134,100,71,56,119,135,126,110,83,,91,120,166,175,59,123,138,,132,,124,135,204,86,50,50,113,115,159,125,103,98,141,89,,,104,135,95,126,,170,176,167,108,,98,139,,,82,164,151,74,95,112,73,68,92,137,84,122,128,130,88,,105,106,,67,87,137,135,120,126,72,112,47,75,83,80,56,109,69,170,86,98,106,66,103,114,126,73,74,76,78,75,95,144,124,104,104,76,146,133,93,90,93,98,79,117,118,92,83,158,109,74,,120,104,118,67,118,87,87,,78,176,105,109,86,95,110,145,174,126,148,72,75,178,94,78,79,125,91,,96,176,143,163,161,,113,67,51,73,67,60,74,72,64,48,110,119,152,169,133,96,,116,,117,90,88,148,95,61,67,57,58,56,49,48,36,37,40,44,,62,41,69,50,70,60,83,98,135,112,150,142,147,140,106,162,106,91,91,73,74,68,72,,52,53,88,97,97,83,97,115,72,96,75,103,96,97,66,77,98,186,186,162,145,130,77,136,124,99,89,118,93,97,140,133,106,66,82,73,82,85,133,91,84,104,97,92,124,113,102,102,129,116,110,92,103,92,95,79,90,,128,99,92,150,131,121,164,150,107,98,190,138,150,142,112,96,93,109,82,132,143,149,107,127,,56,68,52,49,38,41,42,80,59,52,57,36,68,86,115,115,119,94,90,109,112,118,129,130,132,130,99,54,76,77,,68,86,80,88,92,95,74,55,143,68,125,157,138,129,111,122,130,172,138,100,84,,128,149,148,137,82,82,131,129,129,118,139,122,172,,131,174,107,103,47,99,92,87,132,,92,100,104,122,81,84,85,78,90,65,61,,49,,128,100,,83,59,68,65,134,127,99,62,,66,125,122,118,,,70,120,109,112,85,118,103,103,116,92,91,129,126,107,105,99,116,123,130,122,49,52,88,63,71,80,67,67,112,113,101,75,88,78,95,71,137,124,128,109,112,88,111,95,82,71,160,83,33,66,56,60,60,84,158,158,,140,100,56,57,90,132,127,72,77,147,124,116,124,148,161,101,91,127,90,89,138,93,103,,85,59,69,119,71,103,98,69,93,98,99,92,94,128,92,130,162,153,102,84,74,93,115,113,106,94,94,86,133,144,121,115,98,93,91,97,82,68,121,149,111,81,112,111
20210719,18,O3_8h_24h,102,102,113,109,102,102,96,105,95,110,97,109,,,104,,114,127,105,,114,,99,134,,119,145,,104,108,85,100,98,114,111,,112,103,,103,101,92,107,110,,109,,110,108,97,122,123,128,119,118,117,116,,119,121,118,69,83,74,,80,108,98,,102,135,135,128,111,95,,94,100,96,91,89,,94,87,79,89,88,82,,140,129,,,144,140,133,132,99,95,97,,96,113,115,104,110,,124,92,86,87,86,90,99,85,83,89,81,95,96,91,101,88,106,94,95,96,98,140,133,123,,139,139,128,136,124,129,129,136,71,68,68,66,68,,75,48,67,63,131,127,131,127,125,143,114,131,150,90,,112,106,104,101,100,106,104,100,103,86,106,85,,,,91,101,,101,105,102,,,,159,,131,131,132,133,108,128,,129,160,,,,152,161,,173,166,181,110,116,,121,100,105,100,98,96,99,91,,96,,102,91,,129,130,,130,126,132,,137,136,123,109,54,74,63,,,61,66,72,70,70,61,71,,88,,,126,,124,124,,65,83,71,44,39,39,,104,100,123,128,122,88,90,90,134,132,137,146,146,124,121,127,51,141,72,,59,68,67,49,101,94,88,82,88,92,,76,79,,,82,146,175,146,,150,174,151,187,82,,,75,78,87,85,79,82,54,56,50,60,50,55,,50,64,86,90,91,88,82,94,73,,100,111,166,154,152,166,132,163,145,141,139,138,52,58,,60,56,64,67,61,56,49,70,35,34,30,29,27,41,,47,47,46,40,35,41,34,32,45,47,54,49,,46,57,44,39,42,38,40,56,57,54,53,,,60,60,49,50,44,43,48,48,58,65,69,63,144,140,150,129,120,143,121,125,85,79,69,72,81,106,,115,117,139,126,131,123,132,,,121,118,117,127,115,,196,172,171,146,,,206,136,96,80,87,97,81,78,92,87,84,,68,62,74,77,80,72,82,84,74,85,75,82,81,68,60,77,74,91,91,92,,86,73,64,70,,198,155,161,153,,,,160,177,,,,176,185,121,109,112,118,145,,124,166,155,181,144,35,126,142,110,124,129,87,100,165,120,153,,145,148,157,140,163,164,166,159,161,,95,102,97,82,75,72,88,114,103,96,89,91,90,91,89,89,82,81,,105,,94,107,106,96,139,,139,133,,,125,129,121,144,,103,119,117,,114,117,109,107,129,88,87,86,93,94,,,,124,,110,124,,130,155,153,143,82,78,88,73,91,75,,110,,,82,,79,77,76,72,78,74,75,76,,98,85,92,89,93,90,83,80,92,90,74,70,68,52,47,50,66,64,62,56,,58,76,67,,87,85,,81,84,85,74,78,,70,55,,,105,128,,113,,118,117,121,121,68,67,,66,70,,90,86,,94,,93,94,89,,96,84,95,94,95,,79,78,86,78,81,80,62,117,126,114,110,113,103,88,69,54,86,86,73,100,92,98,98,96,112,104,108,112,112,85,79,76,90,,94,76,65,78,71,66,107,97,96,92,100,131,141,131,,140,145,143,,131,90,102,86,94,,104,80,88,,64,,69,66,72,65,103,103,100,,,,69,,80,,86,82,82,,68,61,63,69,69,,75,,120,121,118,124,134,117,,107,97,118,136,115,128,,92,,,97,88,86,68,,87,94,107,96,69,93,79,89,108,99,98,104,98,107,70,64,106,104,118,101,112,116,112,123,127,,130,151,127,135,79,99,100,73,,,,,119,128,,131,96,114,130,115,101,107,82,81,70,85,77,69,75,92,98,99,,78,84,87,,97,100,,86,96,122,118,109,118,110,120,119,90,102,106,98,,126,127,124,188,176,153,76,109,116,,114,100,123,101,108,117,112,143,143,,75,,,82,82,83,94,87,80,,82,,,88,76,107,,,83,,82,,,123,,109,106,103,116,122,119,116,119,82,,156,144,153,161,151,146,147,140,138,107,133,77,66,,90,112,,102,110,92,87,,,125,74,74,71,68,78,78,81,94,,,142,70,69,70,70,,70,87,110,107,113,105,83,,81,77,80,,,77,74,,96,91,92,,91,,170,167,,,94,61,,,172,180,134,,,77,83,102,101,180,180,177,98,94,96,94,88,88,89,72,93,124,128,106,103,71,76,67,70,,135,139,95,,87,85,76,90,111,123,99,83,64,62,69,75,,,85,116,112,119,144,91,83,75,84,89,89,86,116,102,87,99,95,,,105,70,71,81,124,126,,50,126,138,,131,131,137,,139,144,139,136,135,90,103,92,88,106,96,92,69,102,92,97,,124,88,86,62,164,181,,133,,127,,,,102,98,103,102,112,109,,90,,108,109,107,76,81,71,66,75,90,98,95,90,91,85,85,86,89,94,101,100,76,,73,74,70,78,68,69,65,101,97,96,93,92,81,80,79,,90,105,105,100,96,98,92,95,98,109,84,90,85,86,96,,89,94,92,83,79,80,80,83,74,71,93,,63,83,80,,81,83,76,92,,121,117,89,,93,87,90,82,92,78,74,82,78,85,119,114,118,,76,68,84,90,105,,106,114,90,83,83,104,92,91,85,91,103,100,,96,107,94,,94,100,,113,84,90,85,,86,86,85,78,77,125,99,94,98,106,103,124,65,116,130,111,,109,114,122,114,85,90,84,78,82,100,104,99,109,104,59,76,90,77,78,91,73,92,101,88,62,70,72,81,74,75,78,58,68,57,91,96,84,120,129,129,136,98,88,91,120,125,98,105,86,96,89,120,118,77,91,101,110,,114,106,103,112,103,151,147,152,137,102,111,119,121,116,128,,,96,98,104,,95,93,84,81,89,83,,120,112,110,,,,,130,125,118,122,127,109,93,105,,106,126,140,149,137,125,73,64,65,69,66,,,,,76,75,81,79,58,59,79,,74,121,117,114,115,120,116,126,58,61,82,91,87,88,,54,51,52,53,22,26,129,127,86,,76,67,,110,108,,66,63,81,,99,,116,,58,55,114,114,117,116,121,123,125,130,97,98,88,82,,124,127,105,152,133,146,,101,112,129,126,112,112,,104,96,132,130,136,,145,158,135,,133,197,141,134,112,124,144,,150,169,,159,127,134,130,119,107,118,116,124,,123,115,108,105,104,106,111,119,111,,,108,107,115,84,,95,111,111,124,134,102,71,56,119,136,126,110,83,,91,120,166,175,68,128,138,,132,,124,135,204,86,50,50,113,115,159,125,103,98,141,89,,,104,135,95,126,,170,176,167,108,,98,139,,,83,164,151,75,95,112,74,71,94,137,84,122,128,130,88,,105,110,,67,87,137,135,120,126,72,112,47,75,83,82,59,109,84,170,86,98,106,67,103,114,126,73,74,76,78,75,95,144,124,104,104,93,146,133,95,96,97,98,79,117,118,92,84,158,109,83,,120,104,118,67,118,87,87,,78,176,105,109,86,95,114,145,174,126,148,72,76,178,94,79,79,125,91,,96,176,143,163,161,,113,72,64,76,76,63,76,76,66,51,110,119,152,169,133,97,,116,,117,93,89,148,95,61,67,57,58,56,49,48,36,37,40,47,47,62,41,73,50,70,60,83,99,135,112,150,142,147,140,106,162,106,91,91,82,79,84,94,,60,62,88,97,97,83,97,115,72,96,75,103,96,97,67,77,98,186,186,162,145,130,79,140,124,100,89,118,93,97,141,133,106,66,82,73,84,85,133,91,84,104,97,92,124,113,102,102,129,116,112,92,103,92,95,79,90,,128,99,92,150,131,121,164,150,107,98,190,138,150,142,112,98,95,109,90,132,143,149,107,127,,56,69,52,49,38,46,42,80,59,52,57,36,69,86,115,115,119,94,90,109,112,118,130,131,132,130,102,67,76,77,,80,86,80,88,94,106,77,58,143,68,125,157,138,129,111,122,130,172,138,100,86,,128,149,148,137,83,86,131,129,129,118,139,122,172,,131,174,107,103,48,102,92,91,132,,94,100,104,122,81,84,85,78,90,65,61,,63,,128,100,,83,59,68,65,134,127,99,62,,69,125,122,118,,,70,120,109,112,85,118,103,103,116,92,91,129,126,107,105,99,116,123,130,122,49,66,88,74,71,80,82,68,112,113,101,75,88,78,95,71,137,124,128,109,113,88,111,95,82,71,160,83,33,71,56,60,60,84,158,158,,140,100,71,70,90,132,127,74,78,147,128,116,124,148,161,101,91,127,90,89,138,93,103,,85,70,76,119,71,103,98,73,93,98,99,92,94,128,92,130,162,153,102,84,89,93,115,113,106,94,94,86,133,144,121,115,98,93,93,97,83,77,121,149,111,81,112,111
20210719,18,CO,0.5,0.6,0.6,0.6,0.6,0.7,0.6,0.5,0.7,0.6,0.6,0.7,,,1.1,,1.9,0.6,0.5,,2.2,,0.5,0.5,,0.4,0.5,,0.4,0.5,0.5,0.6,0.5,0.3,0.6,,0.7,0.5,,0.5,0.4,0.4,0.2,0.5,,0.3,,0.4,0.5,0.3,0.1,0.5,0.3,0.1,0.1,0.1,0.3,,0.4,0.6,0.1,0.6,0.6,0.7,,0.7,0.6,0.8,,0.5,0.3,0.1,0.2,0.3,0.5,,0.1,0.4,0.3,0.3,0.5,,0.7,0.5,0.5,0.6,0.5,0.8,,0.5,0.4,,,0.4,0.4,0.4,0.4,0.6,0.5,0.7,,0.5,0.5,0.5,0.4,0.6,,0.5,0.7,0.5,0.4,0.5,0.3,0.5,0.5,0.4,0.6,0.6,0.5,0.4,0.6,0.4,0.4,0.3,0.3,0.3,0.3,0.3,0.4,0.8,0.6,,0.5,0.6,0.5,0.5,0.4,0.6,0.5,0.4,0.4,0.5,0.3,0.4,0.3,,0.3,0.3,0.3,0.3,0.2,0.5,0.1,0.4,0.6,0.5,0.3,0.6,0.4,0.2,,0.3,0.4,0.3,0.1,0.3,0.6,0.4,0.3,0.4,0.4,0.5,0.3,,,,0.4,0.3,,0.5,0.3,0.2,,,,0.7,,0.3,0.1,0.4,0.3,0.4,0.2,,0.2,0.4,,,,0.4,0.4,,0.7,0.8,0.7,0.3,0.5,,0.1,0.2,0.4,0.2,0.2,,0.5,0.4,,0.4,,,0.4,,0.4,0.5,,0.5,0.4,0.7,,0.5,0.4,0.5,0.3,0.4,0.4,0.4,,,,0.3,0.4,0.4,0.4,0.4,0.4,,0.3,,,0.5,,0.5,0.5,,0.3,0.3,0.2,0.3,0.4,0.4,,0.4,0.4,0.3,,0.4,0.3,0.3,0.3,0.5,0.4,0.5,0.6,0.5,0.6,0.5,0.4,,0.5,0.3,,0.5,0.5,0.4,0.4,0.3,0.4,0.2,2.1,0.8,0.7,,1.5,0.5,,,1,0.7,0.2,0.7,,0.5,0.5,0.6,0.5,0.3,,,0.1,0.4,0.4,0.1,0.1,0.4,0.7,0.5,0.6,0.5,0.5,0.6,,0.7,0.6,1,1.1,1.3,1.1,1.5,0.5,1.3,,1,0.4,0.7,0.6,0.6,0.7,0.6,0.5,0.4,0.4,0.4,0.4,0.6,0.6,,0.4,0.4,0.6,0.6,0.6,0.5,0.5,0.4,,0.6,0.7,0.5,0.4,0.4,,0.8,0.4,0.4,0.5,0.5,0.6,0.4,0.6,0.4,0.5,0.4,0.5,,0.4,0.4,0.5,0.6,0.5,0.4,0.4,0.5,0.7,0.5,0.5,,,0.6,0.5,0.7,0.4,0.6,0.5,0.8,0.5,0.5,0.5,0.3,0.3,0.6,0.6,0.5,0.6,0.4,0.8,0.6,0.6,0.3,0.4,0.5,0.4,0.4,0.6,,,0.7,0.7,0.7,1,0.3,,,,,0.6,0.9,0.1,0.7,,0.4,0.3,0.5,0.6,,,0.6,0.4,0.2,0.3,0.4,0.5,0.5,0.4,0.4,0.5,0.5,,0.3,0.3,0.3,0.3,0.3,0.4,0.2,0.3,0.2,0.4,0.4,0.2,,0.7,0.6,0.6,0.7,0.3,0.7,0.3,,0.7,0.9,0.6,0.7,,0.5,0.2,0.4,0.4,,,,0.7,0.4,,,,0.4,0.5,0.6,0.4,0.5,0.2,0.8,,0.5,0.7,1.3,0.8,0.5,,0.8,0.7,0.6,0.7,0.5,0.3,0.7,0.6,0.9,0.5,,0.5,0.7,0.5,0.6,0.6,0.6,0.7,0.6,0.6,,0.3,1,,0.4,0.4,0.5,0.6,0.6,0.5,0.6,0.5,0.5,0.3,0.4,0.2,0.2,0.3,0.3,,0.4,,0.3,0.6,0.3,0.9,0.5,,0.5,0.6,,,0.3,0.5,0.4,0.1,,0.2,0.4,0.2,,0.2,0.1,0.1,0.4,0.3,0.3,0.2,0.3,0.2,0.3,,,,0.3,,0.3,0.7,,0.4,0.3,0.5,0.5,0.5,0.2,0.3,0.4,0.6,0.3,,0.3,,,0.7,,0.7,0.5,0.8,0.4,0.6,0.5,0.3,0.4,,0.6,0.4,0.6,0.5,0.5,0.4,0.5,0.6,0.7,0.7,0.5,0.8,0.7,0.3,0.5,0.4,0.7,0.6,0.5,0.5,,0.7,0.5,0.5,,0.6,0.6,,0.5,0.8,0.7,0.5,0.6,,0.5,0.4,,,0.5,0.5,,0.6,,0.5,0.5,0.4,0.4,0.7,0.5,,0.6,0.7,,0.5,0.5,,,,0.8,0.7,0.8,,0.6,0.7,0.5,0.3,0.2,,1,1.1,1.9,0.9,0.9,0.4,0.3,0.6,0.7,0.6,0.8,0.5,0.6,0.3,2,0.8,0.6,0.6,0.5,0.7,0.5,,0.6,0.5,0.7,0.5,0.6,0.7,0.6,0.5,0.6,0.7,0.2,,0.1,0.4,0.5,0.4,0.3,0.3,0.5,0.5,0.5,0.4,0.7,0.5,0.6,0.5,,0.7,,0.6,,0.3,0.6,0.6,0.4,0.6,,0.9,0.3,0.3,,0.7,,0.8,0.4,0.4,0.4,0.8,0.9,0.6,,,,0.6,,0.6,,0.5,0.4,,,0.7,0.7,0.6,0.5,0.5,,0.6,,0.4,0.6,0.4,0.5,0.5,0.8,,0.6,,0.4,0.7,0.5,0.7,,0.6,,,0.6,0.4,0.2,0.7,,0.7,0.6,,0.6,0.7,0.6,0.5,0.8,0.6,1.3,2.6,0.9,2.2,0.8,0.4,0.3,0.6,0.4,0.7,,0.5,0.6,0.5,0.4,0.7,,0.5,3,1.4,0.5,0.7,0.8,1,0.8,,,,,0.4,0.5,,0.5,0.7,0.5,0.3,0.3,0.4,0.3,0.7,0.3,0.5,0.4,0.4,0.4,0.5,0.9,0.7,0.9,,0.6,0.5,0.8,,0.6,0.5,,0.5,0.6,0.7,0.4,0.8,0.6,0.4,0.3,0.4,0.7,0.5,0.6,0.5,,0.4,0.5,0.2,0.3,0.2,0.1,,0.6,0.4,,0.5,0.2,0.2,0.4,0.3,0.2,0.5,0.2,0.2,,0.3,,,0.3,0.3,0.2,0.2,0.3,,,,,,0.3,0.3,0.4,,,0.3,,0.4,,,0.6,,0.6,0.2,0.6,0.4,0.5,0.8,0.3,0.9,0.4,,0.7,0.7,0.7,0.6,0.7,0.3,0.3,0.3,0.2,0.6,0.6,0.2,0.4,,0.5,0.3,,0.4,0.4,0.7,0.6,,,0.6,,0.6,0.5,0.5,0.5,0.7,0.6,0.4,,,,0.7,0.7,0.8,,,0.5,0.6,0.3,0.6,0.6,0.5,0.3,,0.4,0.7,0.6,,,0.5,0.6,,0.6,0.6,0.4,,0.4,,0.6,0.6,,,,0.4,,,0.6,0.4,0.3,,,0.3,0.4,0.2,0.2,0.4,0.3,0.3,0.4,0.2,0.4,0.4,0.5,0.9,1.2,1.1,1,0.7,0.6,0.6,0.6,0.4,0.5,0.5,0.4,,0.4,,0.4,,0.3,0.5,0.5,0.5,0.5,0.4,0.5,0.5,0.5,0.5,0.4,0.4,,,0.5,0.7,0.6,0.6,0.5,0.6,0.3,0.5,0.7,0.5,0.6,0.3,0.6,0.4,0.7,0.6,0.6,,,0.4,0.9,0.5,0.4,0.4,0.4,,0.6,0.4,0.5,,0.6,0.6,0.5,,0.4,0.6,0.6,0.6,0.5,0.4,0.5,0.4,0.7,0.4,0.5,1,,0.4,0.9,0.9,,0.4,0.3,0.2,,0.6,0.4,,0.6,,0.5,,,,0.4,0.5,0.6,0.6,0.6,0.7,,0.5,,0.4,0.6,0.4,0.4,0.3,0.5,0.5,0.4,0.4,0.5,0.6,0.4,0.2,0.5,,0.4,0.5,0.7,0.5,0.5,0.3,,0.5,0.3,0.7,0.3,0.5,0.8,0.4,4,1.1,3.9,0.5,0.2,0.5,0.6,0.8,,0.5,0.4,0.6,0.4,0.5,1.1,0.9,0.7,1.1,1.3,0.5,0.8,0.7,0.6,0.4,,0.5,0.4,0.4,0.5,0.6,0.6,0.5,0.6,0.3,,0.6,,1.2,0.6,0.3,,0.8,0.6,0.6,,,0.5,0.4,0.7,,0.7,0.6,0.5,0.3,0.7,0.9,1,0.8,0.6,0.6,0.7,0.5,0.5,,0.9,0.4,0.8,1.3,0.7,,0.8,1,0.4,0.6,0.6,0.6,0.5,0.7,0.8,0.7,0.6,0.6,,0.6,0.9,0.2,,1.4,1.4,,0.5,0.5,0.6,0.6,,0.7,0.6,0.7,1.4,1.1,0.9,0.6,0.6,0.5,0.4,0.6,0.4,,0.6,0.4,0.5,,0.5,0.9,1,1.4,0.4,0.4,0.4,0.3,0.5,0.6,0.5,0.6,0.5,0.6,1.4,0.9,0.4,0.8,1.2,,0.5,0.4,0.2,0.9,0.4,0.1,0.3,0.9,0.8,0.8,0.7,0.5,0.8,0.8,0.5,0.6,0.8,0.5,0.5,0.7,0.8,0.4,0.5,0.6,0.7,0.7,0.5,0.5,,,0.7,0.9,0.9,0.5,0.4,0.6,0.4,,0.4,0.2,0.3,0.2,0.4,0.5,0.5,0.2,0.4,0.4,0.2,0.5,0.5,0.3,0.4,,,0.3,0.5,0.6,,0.6,0.4,0.4,0.4,0.4,0.5,,0.4,0.6,0.4,,,,,0.4,0.5,0.4,0.5,0.5,0.1,0.2,0.4,,0.2,0.6,0.5,0.4,0.5,0.5,0.5,0.6,1.3,0.6,,,,,,0.2,,0.4,0.4,0.5,0.5,0.4,,0.4,0.4,0.5,0.3,0.2,0.7,0.6,0.5,0.4,0.4,0.5,0.7,0.5,0.5,,0.4,0.4,0.4,0.3,0.4,0.4,0.5,0.5,0.5,,0.3,0.6,,0.5,0.5,,0.4,0.2,0.4,,0.3,,0.3,,0.5,0.5,,0.6,0.5,0.6,0.4,0.5,0.4,0.6,,0.4,0.6,0.4,,0.4,0.5,0.4,0.5,0.8,0.3,,0.4,0.3,0.2,0.3,0.4,0.3,,0.6,0.8,0.4,0.2,0.6,,0.1,0.1,0.2,,0.5,0.5,0.6,0.3,0.4,0.4,0.3,,0.2,0.1,,0.4,0.3,0.5,0.3,0.8,0.6,0.1,0.3,0.4,,0.4,0.2,0.1,0.2,0.4,0.2,0.4,0.5,0.3,,,0.4,0.5,0.4,0.8,,0.2,0.3,0.5,0.3,0.6,0.3,0.5,0.6,0.5,0.4,0.5,0.4,0.5,,0.4,0.7,0.4,0.7,0.4,0.4,0.5,,0.5,,0.3,0.8,0.6,0.5,0.5,0.3,0.2,,0.5,0.5,0.5,0.4,0.4,0.4,,,0.4,0.3,0.3,0.7,,0.6,0.4,0.5,0.6,,0.4,0.4,,,0.2,0.3,0.3,0.3,0.3,0.5,0.3,0.1,0.3,0.3,0.7,0.7,,0.4,0.6,,1.4,0.5,,0.4,0.6,0.3,0.4,0.3,0.4,0.5,0.4,0.5,0.6,0.5,0.4,0.4,0.7,0.4,0.4,0.3,0.4,0.3,0.4,0.4,0.3,0.4,0.9,0.3,0.4,0.4,0.3,0.6,0.3,0.5,0.3,0.8,0.7,0.4,0.6,0.5,0.6,0.7,,0.6,0.4,0.8,0.4,0.9,0.4,0.8,0.6,,0.5,0.4,0.3,0.4,0.5,0.6,0.7,,0.5,0.4,0.3,0.4,0.4,0.3,0.4,0.5,0.5,0.8,0.2,0.7,0.2,0.5,0.6,0.3,0.7,0.4,0.5,,0.5,0.3,0.2,0.5,0.2,,0.3,0.4,0.3,0.3,0.4,0.2,0.4,0.3,0.3,0.5,0.4,0.5,0.7,0.5,0.3,0.2,,0.6,,0.4,0.6,0.4,0.6,0.4,0.6,0.6,0.6,0.8,0.6,0.7,0.6,0.5,0.6,0.5,0.7,,0.5,0.5,0.8,0.6,0.6,0.7,0.6,0.2,0.3,0.5,0.9,0.2,0.5,0.5,0.5,0.7,0.5,0.5,0.5,0.3,0.5,0.6,0.5,,0.4,0.5,0.3,0.4,0.4,0.5,0.5,0.6,0.5,0.6,0.6,0.5,0.4,0.6,0.3,0.4,,0.6,0.4,0.5,0.5,0.5,0.2,0.2,0.1,0.2,0.2,0.3,0.3,0.3,0.5,0.4,0.4,0.2,0.4,0.4,0.7,0.7,0.2,0.6,0.7,0.7,0.5,0.6,0.5,0.6,0.6,0.7,0.6,0.8,0.5,0.3,0.5,0.4,0.4,0.1,0.4,,0.4,0.4,0.5,0.5,0.3,0.3,0.5,0.4,0.5,0.1,0.6,0.2,0.4,0.3,0.1,0.4,0.3,0.2,0.4,0.3,0.2,0.6,0.2,0.3,,0.5,0.5,0.7,0.6,0.4,0.5,0.5,0.7,0.5,0.3,0.5,0.4,0.7,0.5,0.6,0.3,0.3,0.4,0.6,0.5,0.5,0.4,0.5,0.5,0.4,0.8,0.3,0.5,0.5,0.3,,0.2,0.4,0.6,0.7,0.6,0.5,0.5,0.3,0.6,0.5,0.2,0.7,0.4,0.4,0.7,0.6,0.4,0.3,0.4,0.5,0.5,,0.6,0.5,0.5,0.5,0.2,0.2,0.5,0.6,0.8,0.5,0.4,0.3,0.3,,0.4,0.6,0.6,0.7,0.5,0.3,0.4,0.2,0.4,,0.6,0.5,,1,0.5,0.4,0.4,0.3,0.5,0.4,0.4,,0.3,,0.5,0.6,,1.1,0.5,0.2,0.5,0.5,0.5,0.5,0.3,,0.3,0.5,0.5,0.4,,,0.8,0.6,0.3,0.2,0.5,0.6,1.3,1.1,0.6,0.6,1.1,0.1,0.2,0.1,0.4,0.2,0.4,0.3,0.2,0.4,0.6,0.7,0.9,0.7,0.8,1.5,0.8,0.6,0.7,0.9,0.6,0.3,0.5,0.7,0.5,0.6,0.5,0.3,0.5,0.3,0.5,0.6,0.5,0.4,0.8,0.5,0.5,0.4,0.5,0.5,0.5,0.5,0.4,,0.8,0.6,,0.6,0.3,0.6,0.6,0.5,0.4,0.5,0.5,,0.5,,0.3,0.4,0.4,0.4,0.7,0.5,0.7,1.1,0.6,0.4,0.4,0.4,,0.6,0.7,0.2,0.3,0.6,0.6,0.7,0.6,0.6,0.5,0.6,0.4,0.5,0.4,0.4,0.6,0.5,0.7,0.5,0.2,0.5,0.5,0.5,0.5,0.6,0.8,0.6,0.6,0.7,0.4,0.3,0.3,0.8,,0.4,0.3,0.4,0.3,0.3,0.4,0.5,0.5,0.6,0.4
20210719,18,CO_24h,0.5,0.5,0.7,0.7,0.6,0.7,0.5,0.5,0.5,0.5,0.5,0.6,,,0.9,,1,0.8,0.5,,1,,0.5,0.5,,0.6,0.5,,0.6,0.6,0.5,0.8,0.7,0.4,0.6,,0.9,0.7,,0.9,0.6,0.3,0.2,0.4,,0.3,,0.4,0.5,0.4,0.1,0.4,0.3,0.1,0.1,0.1,0.3,,0.5,0.5,0.1,0.7,0.7,0.8,,0.7,0.6,0.4,,0.5,0.4,0.2,0.3,0.2,0.5,,,0.4,0.3,0.3,0.7,,0.6,0.6,0.5,0.7,0.5,0.6,,0.5,0.5,,,0.4,0.5,0.4,0.4,0.7,0.6,0.6,,0.6,0.6,0.5,0.5,0.6,,0.5,0.7,0.6,0.5,0.6,0.4,0.5,0.5,0.5,0.6,0.6,0.6,0.5,0.7,0.5,0.6,0.4,0.4,0.4,0.4,0.5,0.3,0.7,0.5,,0.5,0.6,0.5,0.6,0.3,0.5,0.3,0.4,0.5,0.5,0.3,0.4,0.4,,0.4,0.3,0.3,0.2,0.3,0.6,0.2,0.4,0.8,0.5,0.5,0.6,0.4,0.2,,0.3,0.5,0.3,0.1,0.3,0.5,0.4,0.3,0.4,0.5,0.5,0.3,,,,0.5,0.4,,0.5,0.4,0.3,,,,0.6,,0.4,0.2,0.4,0.3,0.4,0.3,,0.3,0.7,,,,0.6,0.6,,0.6,0.7,0.7,0.4,0.6,,0.2,0.2,0.3,0.1,0.2,,0.5,0.3,,0.3,,0.3,0.4,,0.4,0.5,,0.6,0.3,0.7,,0.5,0.4,0.4,0.3,0.4,0.6,0.4,,,0.3,0.4,0.4,0.4,0.4,0.4,0.4,,0.7,,,0.5,,0.6,0.5,,0.3,0.3,0.2,0.3,0.4,0.5,,0.3,0.4,0.3,0.2,0.4,0.4,0.3,0.4,0.5,0.5,0.5,0.6,0.5,0.6,0.5,0.5,0.2,0.5,0.4,,0.5,0.6,0.4,0.4,0.3,0.5,0.3,1.3,0.9,0.7,,1,0.7,,,0.8,0.6,0.3,0.8,,0.5,0.5,0.6,0.4,0.3,,,0.1,0.3,0.4,0.1,0.2,0.4,0.6,0.4,0.5,0.5,0.5,0.5,,0.6,0.5,0.8,0.8,0.6,0.9,0.8,0.6,0.8,,0.9,0.4,0.8,0.7,0.6,0.7,0.6,0.6,0.5,0.5,0.6,0.4,0.6,0.6,,0.5,0.4,0.6,0.6,0.6,0.5,0.6,0.4,0.4,0.6,0.6,0.5,0.4,0.4,,0.8,0.4,0.4,0.5,0.5,0.6,0.4,0.5,0.3,0.4,0.4,0.4,,0.5,0.4,0.5,0.6,0.6,0.5,0.5,0.5,0.6,0.5,0.5,,,0.6,0.5,0.7,0.4,0.6,0.5,0.7,0.5,0.5,0.5,0.3,0.4,0.6,0.6,0.6,0.6,0.4,0.7,0.7,0.5,0.3,0.4,0.5,0.4,0.4,0.5,,0.5,0.6,0.6,0.7,0.9,0.3,0.4,,,0.7,0.5,0.9,0.2,0.6,,0.4,0.4,0.6,0.6,,,0.6,0.3,0.3,0.4,0.5,0.7,0.6,0.5,0.6,0.5,0.7,,0.4,0.3,0.3,0.3,0.2,0.4,0.2,0.3,0.2,0.4,0.4,0.3,0.4,0.8,0.7,0.7,0.7,0.5,0.7,0.4,,0.7,0.9,0.7,0.8,,0.6,0.5,0.4,0.4,,,,0.9,0.3,,,,0.4,0.6,0.7,0.5,0.7,0.3,0.8,,0.8,0.7,0.9,0.9,0.7,0.8,0.9,0.7,0.6,0.9,0.7,0.4,0.6,0.7,0.7,0.6,,0.5,0.8,0.7,0.7,0.7,0.6,0.7,0.7,0.6,,0.4,1,0.4,0.4,0.5,0.4,0.6,0.7,0.5,0.6,0.5,0.6,0.3,0.5,0.2,0.3,0.3,0.3,,0.7,,0.3,0.6,0.3,0.8,0.5,,0.6,0.7,,,0.5,0.6,0.6,0.3,,0.2,0.5,0.2,,0.2,0.1,0.2,0.4,0.3,0.2,0.1,0.2,0.2,0.3,,,,0.3,,0.4,0.7,,0.4,0.4,0.5,0.6,0.4,0.2,0.3,0.4,0.5,0.4,,0.3,,,0.8,,0.7,0.7,0.7,0.4,0.6,0.5,0.3,0.4,,0.5,0.3,0.6,0.5,0.4,0.4,0.5,0.6,0.7,0.8,0.4,0.6,0.6,0.3,0.5,0.5,0.7,0.7,0.7,0.5,,0.5,0.5,0.4,,0.6,0.6,,0.4,0.7,0.7,0.6,0.6,,0.6,0.5,,,0.5,0.5,,0.6,,0.7,0.5,0.5,0.5,0.7,0.5,,0.8,0.7,,0.6,0.6,,0.6,,0.9,0.8,0.8,,0.7,0.8,0.3,0.2,0.1,,0.5,0.6,0.5,1,0.9,0.3,0.2,0.6,0.7,0.5,0.7,0.5,0.7,0.3,1,1.9,0.6,0.5,0.5,0.7,0.6,0.4,0.6,0.5,0.7,0.6,0.6,0.8,0.6,0.5,0.5,0.5,0.2,,0.1,0.4,0.4,0.3,0.4,0.3,0.5,0.4,0.6,0.3,0.5,0.7,0.7,0.6,,0.8,0.8,0.8,,0.5,0.6,0.5,0.5,0.8,,0.6,0.4,0.3,,0.7,,0.7,0.3,0.4,0.4,0.4,0.7,0.4,,,,0.5,,0.5,,0.4,0.5,0.2,,0.6,0.6,0.6,0.5,0.6,,0.6,,0.4,0.6,0.5,0.5,0.5,0.7,,0.7,0.6,0.5,0.7,0.6,0.6,,0.7,,,0.8,0.4,0.3,0.5,,0.7,0.8,0.7,0.7,0.7,0.4,0.5,0.7,0.6,0.8,1,1,1.1,0.8,0.4,0.3,0.4,0.5,0.8,0.5,0.6,0.7,0.7,0.5,0.7,,1.3,2.5,2.3,1,0.6,0.7,0.9,0.8,,,,,0.5,0.5,,0.6,0.8,0.5,0.3,0.3,0.4,0.3,0.7,0.5,0.7,0.6,0.4,0.4,0.5,0.8,0.7,0.8,,0.7,0.6,0.8,,0.6,0.6,,0.6,0.7,0.8,0.6,0.9,0.7,0.5,0.5,0.6,0.6,0.7,0.7,0.7,,0.5,0.6,0.3,0.4,0.3,0.3,0.6,0.6,0.5,,0.6,0.4,0.3,0.5,0.3,0.2,0.5,0.1,0.1,,0.5,,,0.3,0.3,0.2,0.2,0.4,0.1,,,,,0.3,0.4,0.4,,,0.3,,0.5,,,0.6,,0.7,0.3,0.7,0.5,0.5,0.7,0.3,0.6,0.4,,0.6,0.7,0.7,0.5,0.6,0.4,0.3,0.3,0.3,0.6,0.6,0.1,0.4,,0.5,0.3,,0.5,0.4,0.5,0.6,,,0.7,0.5,0.5,0.5,0.4,0.5,0.8,0.8,0.5,,,0.4,0.6,0.7,0.8,0.6,,0.5,0.6,0.4,0.7,0.7,0.5,0.4,,0.4,0.7,0.8,,,0.7,0.9,,0.6,0.6,0.5,,0.5,,0.8,0.7,,,,0.4,,,0.6,0.5,0.4,,,0.3,0.4,0.3,0.2,0.4,0.3,0.4,0.4,0.4,0.4,0.4,0.6,0.4,0.3,0.4,0.6,0.6,0.5,0.5,0.6,0.4,0.3,0.6,0.4,,0.6,0.5,0.4,,0.3,0.4,0.5,0.5,0.6,0.4,0.5,0.4,0.4,0.5,0.4,0.4,,,0.5,0.6,0.7,0.7,0.5,1.4,0.4,1,0.5,1,1.1,0.5,0.6,0.5,0.6,0.7,0.6,,,0.4,0.8,0.5,0.6,0.4,0.3,,0.7,0.4,0.5,,0.6,0.6,0.5,,0.4,0.6,0.5,0.5,0.6,0.4,0.5,0.5,0.7,0.4,0.5,0.7,0.5,0.4,0.6,0.8,,0.3,0.4,0.3,,0.7,0.5,,0.6,,0.5,,,,0.4,0.6,0.6,0.5,0.6,0.7,,0.7,,0.4,0.5,0.4,0.4,0.6,0.5,0.5,0.4,0.5,0.5,0.7,0.4,0.2,0.5,0.5,0.4,0.5,0.6,0.5,0.5,0.4,,0.6,0.3,0.7,0.3,0.6,0.7,0.3,1.2,1.6,0.8,1.1,0.3,0.4,0.6,0.8,,0.5,0.5,0.6,0.4,0.5,1.1,0.9,0.6,1,1.3,0.5,0.7,0.6,0.4,0.5,,0.5,0.6,0.5,0.5,0.7,0.5,0.5,0.6,0.4,0.8,0.7,,0.5,0.5,0.4,,0.5,0.5,0.6,0.5,,0.5,0.5,0.6,,0.6,0.6,0.5,0.7,0.7,0.9,0.9,0.7,0.7,0.6,0.7,0.5,0.6,,0.6,0.4,0.7,1.2,0.7,,0.8,0.9,0.4,0.7,0.9,0.7,0.6,0.8,0.8,0.7,0.7,0.8,,0.6,0.8,0.4,,1,1,,0.6,0.4,0.5,0.4,,0.7,0.6,0.7,1,1,0.9,0.6,0.6,0.7,0.5,0.6,0.4,0.6,0.6,0.6,0.5,,0.5,0.9,1.1,1.4,0.5,0.5,0.6,0.5,0.6,0.6,0.6,0.6,0.5,0.7,1.4,0.9,0.8,0.8,1.3,0.6,0.5,0.5,1,0.7,0.4,0.4,0.4,0.9,0.8,0.9,0.7,0.5,0.9,0.5,0.7,0.7,0.6,0.6,0.7,0.8,0.8,0.5,0.5,0.5,0.7,0.7,0.5,0.6,0.6,0.7,0.7,0.9,0.9,0.5,0.5,0.6,0.4,,0.4,0.3,0.3,0.3,0.3,0.5,0.4,0.4,0.5,0.6,0.4,0.6,0.5,0.3,0.4,,,0.4,0.4,0.7,,0.6,0.4,0.4,0.4,0.4,0.6,,0.3,0.5,0.3,,,,,0.5,0.5,0.5,0.6,0.6,0.3,0.2,0.4,,0.3,0.5,0.5,0.4,0.6,0.6,0.4,0.7,1.2,0.7,0.8,,,,,0.3,0.3,0.5,0.5,0.5,0.5,0.4,,0.4,0.5,0.4,0.3,0.4,0.8,0.7,0.6,0.5,0.4,0.7,0.7,0.6,0.6,,0.5,0.4,0.3,0.3,0.3,0.3,0.6,0.5,0.5,,0.3,0.6,,0.7,0.6,,0.4,0.2,0.5,,0.3,,0.3,,0.6,0.6,0.4,0.8,0.7,0.7,0.5,0.5,0.4,0.6,0.5,0.4,0.6,0.5,,0.6,0.6,0.3,0.5,0.7,0.3,,0.3,0.3,0.3,0.4,0.4,0.3,,0.7,0.8,0.3,0.1,0.6,,0.2,0.2,0.2,,0.4,0.7,0.6,0.4,0.5,0.3,0.4,,0.3,0.3,,0.4,0.4,0.5,0.3,0.8,0.6,0.2,0.3,0.3,,0.7,0.1,0.4,0.2,0.4,0.2,0.5,0.5,0.3,,,0.6,0.9,0.7,0.7,,0.3,0.5,0.6,0.5,1.8,0.3,0.5,0.7,0.7,0.5,0.7,0.6,0.6,,0.5,0.6,0.4,0.6,0.4,0.4,0.5,,0.4,,0.3,0.9,0.7,0.5,0.8,0.9,0.5,0.5,0.5,0.5,0.6,0.4,0.4,0.4,,,0.5,0.4,0.3,0.7,,0.7,0.5,0.5,0.7,,0.4,0.4,,,0.2,0.4,0.3,0.5,0.4,0.5,0.3,0.2,0.3,0.5,0.6,0.7,0.3,0.4,0.7,,0.9,0.5,,0.4,0.6,0.3,0.4,0.2,0.5,0.5,0.5,0.6,0.6,0.5,0.5,0.4,0.7,0.4,0.7,0.3,0.4,0.5,0.4,0.6,0.3,0.5,0.8,0.4,0.5,0.5,0.4,0.5,0.4,0.4,0.3,0.7,0.6,0.5,0.5,0.6,0.6,0.7,0.5,0.6,0.4,0.8,0.5,0.7,0.5,0.7,0.7,,0.5,0.5,0.3,0.4,0.6,0.5,0.6,,0.6,0.5,0.3,0.4,0.3,0.3,0.4,0.5,0.5,0.9,0.3,0.6,0.5,0.5,0.5,0.3,0.6,0.5,0.8,,0.6,0.4,0.4,0.5,0.4,,0.3,0.4,0.4,0.3,0.4,0.2,0.4,0.3,0.4,0.6,0.4,0.5,0.7,0.6,0.3,0.2,,0.6,,0.5,0.6,0.6,0.6,0.4,0.6,0.6,0.8,0.8,0.6,0.7,0.6,0.4,0.5,0.5,0.6,0.6,0.5,0.4,0.6,0.6,0.6,0.8,0.7,0.2,0.4,0.5,0.9,0.3,0.7,0.4,0.5,0.7,0.5,0.8,0.8,0.3,0.5,0.6,0.5,,0.3,0.6,0.5,0.5,0.7,0.6,0.4,0.5,0.6,0.5,0.6,0.6,0.4,0.6,0.3,0.5,0.4,0.6,0.3,0.5,0.5,0.6,0.2,0.6,0.2,0.3,0.2,0.3,0.4,0.3,0.6,0.5,0.5,0.3,0.5,0.5,0.9,0.6,0.2,0.6,0.7,0.7,0.6,0.5,0.5,0.6,0.6,0.7,0.9,0.7,0.4,0.3,0.4,0.4,0.3,0.2,0.4,,0.4,0.6,0.5,0.6,0.3,0.5,0.6,0.4,0.5,0.2,0.5,0.3,0.4,0.4,0.2,0.5,0.4,0.3,0.5,0.3,0.4,0.6,0.3,0.4,,0.5,0.5,0.7,0.5,0.3,0.5,0.5,0.7,0.6,0.3,0.4,0.4,0.7,0.8,0.6,0.3,0.3,0.6,0.8,0.7,0.5,0.4,0.6,0.6,0.5,0.7,0.4,0.4,0.5,0.5,,0.2,0.4,0.5,0.7,1.9,0.6,0.5,0.4,0.5,0.5,0.5,0.6,0.4,0.4,0.7,0.6,0.4,0.7,0.4,0.5,0.5,,0.6,0.6,0.4,0.5,0.3,0.2,0.7,0.7,0.9,0.5,0.5,0.4,0.3,,0.4,0.7,0.7,0.7,0.6,0.4,0.4,0.3,0.4,,0.6,0.5,0.7,0.8,0.6,0.4,0.5,0.4,0.4,0.4,0.4,,0.4,,0.5,0.6,,1.2,0.5,0.2,0.4,0.5,0.5,0.5,0.3,,0.4,0.6,0.6,0.5,,,0.9,0.6,0.4,0.3,0.6,0.5,0.9,0.7,0.9,0.4,0.9,0.2,0.3,0.1,0.4,0.2,0.3,0.3,0.2,0.4,0.5,0.6,0.9,0.7,0.7,0.7,0.8,0.6,0.7,1,0.6,0.3,0.6,0.6,0.5,0.6,0.5,0.3,0.7,0.1,0.5,0.5,0.5,0.5,0.9,0.5,0.6,0.6,0.5,0.5,0.5,0.5,0.4,0.7,1,1,,0.7,0.3,0.5,0.6,0.6,0.4,0.5,0.5,,0.5,0.4,0.4,0.4,0.5,0.5,0.8,0.6,0.7,1,0.5,0.4,0.3,0.4,,0.6,0.6,0.2,0.3,0.8,0.7,0.4,0.8,0.6,0.5,0.6,0.4,0.5,0.6,0.5,0.6,0.5,0.8,0.7,0.3,0.4,0.6,0.8,0.6,0.5,0.6,0.6,0.5,0.5,0.4,0.2,0.4,0.8,0.1,0.4,0.2,0.4,0.3,0.5,0.4,0.5,0.4,0.7,0.5
20210719,19,AQI,34,42,40,39,39,37,35,36,39,46,35,32,,,30,,33,35,29,,33,,19,27,,25,35,,37,31,,28,25,36,37,,42,40,,53,31,30,35,35,,38,,44,57,59,34,35,31,30,32,34,,,39,33,41,33,26,35,,46,41,39,,45,36,37,35,25,24,,39,43,33,40,29,,25,27,,30,29,22,,47,43,,,47,46,42,44,24,37,26,,42,26,30,27,29,,42,25,18,23,22,,27,23,23,25,21,34,28,38,30,27,29,20,26,26,33,44,38,46,,50,38,59,,37,40,39,42,21,30,23,30,24,,20,24,21,24,40,44,44,40,42,,39,43,50,19,,,23,30,,21,21,19,,26,30,26,20,,,,31,29,,27,34,29,,,,56,,36,35,39,37,25,37,,32,45,,,,,37,,68,55,89,24,32,,26,29,31,30,29,31,27,24,,,,,27,,28,34,,28,29,27,,32,29,32,32,20,33,15,,,,13,16,,22,25,20,,52,,,35,,20,25,,32,23,23,13,18,15,,34,51,46,39,40,29,34,21,41,36,35,41,46,60,46,41,,44,15,,13,18,15,11,35,20,19,,25,20,,37,36,,,30,48,49,52,,53,51,51,65,22,,,25,19,17,23,23,19,40,40,42,42,48,57,,36,32,42,45,46,39,62,39,46,,32,35,49,87,50,55,40,58,,41,41,39,19,,,22,21,19,27,21,20,17,17,,14,19,16,14,13,,14,15,15,13,10,12,10,11,24,17,22,,,14,20,22,11,10,11,12,,11,13,13,,,13,13,16,15,18,12,15,15,13,15,13,14,46,45,51,47,57,38,55,50,25,26,29,25,24,48,,,49,98,47,47,39,,,,,57,45,47,43,,88,47,50,40,,,80,42,28,23,28,34,30,29,27,28,25,,21,25,22,25,29,24,25,25,24,28,25,23,,26,34,22,34,30,25,29,,26,28,37,,,49,53,46,42,,,,49,77,,,,82,84,44,42,44,42,44,,45,59,49,54,48,,43,34,38,42,39,30,,34,57,,,47,47,,45,67,62,78,69,55,,27,30,,26,28,29,29,33,26,30,26,25,29,29,21,21,26,,,34,,,30,27,27,40,,41,39,,,55,55,36,39,,34,39,35,,54,46,34,35,39,25,24,22,30,24,,,,34,,36,43,,45,46,43,40,23,23,24,63,25,20,,31,,,,,20,15,20,26,20,,27,21,,30,24,26,21,26,36,34,34,29,29,30,26,35,12,,13,19,19,33,25,,31,32,,,32,26,,27,27,22,20,17,,24,17,,,50,43,,27,,35,33,35,35,23,33,,35,30,,25,24,,,,32,28,35,,36,28,26,33,24,,14,62,19,33,26,17,17,36,37,41,25,26,39,24,27,28,30,22,33,30,56,,38,36,36,22,33,63,24,17,46,32,36,,35,38,36,30,40,13,32,33,36,32,35,25,28,31,,,,54,,49,30,34,35,35,,28,29,26,,24,,30,27,27,24,55,46,58,,,,55,,54,,32,31,,,33,26,27,21,21,,24,,48,42,49,40,47,36,,36,,44,36,37,41,,20,,,30,32,,20,,26,27,,26,29,40,26,37,30,69,63,57,60,36,20,20,37,35,37,,44,44,44,43,44,,48,,43,45,20,36,39,18,,,,,35,33,,31,37,32,38,32,33,33,18,20,20,,25,21,19,29,,36,,28,28,29,,29,29,,24,37,38,39,36,38,43,40,38,29,,31,28,,74,68,430,59,68,61,49,40,43,,40,36,52,31,35,36,33,42,42,,23,,,22,22,19,29,26,,,,,,24,20,28,,,20,,23,,,22,,27,24,26,18,18,15,36,20,23,,,41,28,32,26,47,52,45,45,35,45,15,16,,54,35,,35,37,24,,,,36,,32,24,,23,28,25,33,,,,20,20,22,,,22,30,34,32,34,32,25,,26,23,27,,,26,22,,34,29,27,,27,,49,48,,,39,42,,,50,77,39,,,28,31,34,32,88,88,88,30,31,32,38,28,30,35,33,32,53,54,48,44,44,28,53,36,,44,47,29,,19,16,17,29,32,35,35,36,36,33,,22,,,38,33,31,39,25,27,36,30,26,22,32,18,41,34,36,39,37,,,29,,32,35,32,34,,15,42,44,,,46,46,,42,57,50,49,30,,32,30,,34,19,33,,29,29,24,,26,25,,13,82,101,,55,,42,,,,22,21,26,23,35,32,,28,,29,30,21,24,22,21,44,19,25,39,36,30,32,43,32,25,30,31,44,29,18,,27,19,36,26,40,39,15,38,27,44,27,24,,26,27,,33,49,47,54,41,25,25,21,28,51,41,28,24,22,28,,28,35,26,20,23,22,20,23,23,,25,,50,40,,,45,55,47,,,26,37,26,,29,26,28,40,40,19,19,20,21,20,61,44,41,,47,45,35,35,35,,44,35,26,23,20,26,29,27,26,27,46,38,,26,25,25,,,25,,40,32,31,33,,24,24,22,20,25,21,24,,25,40,,,,,56,,,23,24,24,25,24,20,20,19,20,,30,28,29,36,19,24,,41,28,,20,22,22,36,19,22,20,15,17,20,15,35,,48,41,36,44,39,58,57,71,23,33,33,62,56,30,29,,,32,55,58,30,38,27,27,,30,41,31,33,31,34,33,35,30,38,39,40,45,48,41,,,33,27,30,,31,22,19,20,23,32,,55,47,46,,,,,35,35,34,32,34,35,24,31,,36,37,33,39,34,37,18,20,39,19,,,,,,20,,25,29,,17,23,,27,45,,38,37,40,39,42,23,15,27,29,28,27,,16,26,33,16,18,8,42,38,27,,35,32,,37,33,,19,19,21,,,,33,,24,21,,38,39,37,42,43,43,44,,29,36,28,,36,38,28,40,37,50,,131,163,38,36,442,459,,31,30,42,42,42,,47,53,39,,38,104,37,44,35,54,44,,48,53,,48,36,,,41,38,39,37,45,,,37,37,34,34,36,41,44,42,,,,36,40,36,,35,37,37,65,49,20,,20,30,29,31,29,26,,29,41,47,73,24,21,42,,43,,32,40,,30,17,15,400,36,,27,52,31,36,26,,,44,38,29,32,,82,85,,42,,,68,,,22,37,35,22,33,33,20,27,20,37,22,63,,47,28,,31,24,,34,39,43,39,42,43,26,,20,23,24,40,18,35,49,59,23,40,35,32,34,35,38,61,25,26,26,25,25,50,35,32,45,29,43,44,25,21,22,,56,38,35,28,,45,34,31,,39,36,34,32,40,21,18,,27,46,,,33,36,34,39,,39,58,40,30,101,30,,53,40,20,,30,44,45,47,48,,236,28,12,20,16,25,30,17,27,18,41,37,48,47,42,38,,37,,28,16,25,39,27,21,29,22,17,19,13,12,13,14,13,18,,14,14,22,15,21,14,40,48,38,,35,37,33,51,32,85,31,18,19,39,39,29,29,,26,27,24,25,27,21,25,,28,32,26,35,34,23,24,32,37,63,99,46,40,47,24,38,40,29,21,30,24,25,39,37,52,21,23,29,29,27,40,27,26,52,28,53,72,30,42,40,,63,18,49,32,34,31,23,40,,34,37,57,47,50,43,73,48,25,28,90,38,41,47,23,17,24,22,21,97,45,45,40,72,,18,21,17,15,13,17,13,21,13,17,28,10,23,36,,54,36,28,32,23,36,28,,29,47,40,18,39,50,27,,46,40,32,45,18,34,23,21,43,30,42,44,36,45,36,42,42,42,49,30,24,,44,42,43,45,22,25,,44,40,38,39,32,70,,41,60,44,32,14,21,26,22,19,,46,43,55,64,31,29,26,23,22,45,28,,29,,,27,,18,22,26,21,35,43,40,21,,21,39,37,35,,,39,37,29,30,39,33,47,50,34,50,48,35,31,42,48,57,50,39,50,50,43,30,54,38,30,52,48,20,45,54,36,19,28,32,40,24,45,44,46,,57,20,28,26,29,20,45,15,12,23,12,13,17,,49,48,,45,38,28,28,33,37,35,20,19,36,,31,46,44,49,30,27,43,44,29,30,50,34,,37,13,24,41,25,,63,24,42,30,35,30,36,34,29,42,52,49,42,27,40,23,42,36,42,42,34,52,,47,49,,56,30,37,40,28,14,51,53,35,21,43,36
20210719,19,PM2.5,13,26,14,15,12,13,14,13,19,24,16,13,,,11,,13,12,13,,14,,9,15,,14,14,,22,16,,16,13,25,17,,15,14,,37,19,21,24,17,,12,,27,40,25,18,16,7,17,12,19,17,,17,7,16,23,11,14,,32,26,22,,21,18,14,14,10,10,,27,30,17,12,14,,11,12,13,13,11,12,,12,11,,,11,10,12,10,11,18,13,,14,14,17,17,16,,17,8,4,7,1,9,9,4,5,10,6,13,10,10,9,8,7,5,7,9,11,12,16,32,,16,15,19,,23,17,11,16,9,21,6,9,12,,6,5,4,6,17,12,14,7,17,,12,17,12,12,,7,7,4,26,4,7,2,3,6,10,,7,,,,17,9,,12,18,19,,,,21,,2,5,9,12,9,12,,5,8,,,,24,8,,21,24,26,9,18,,10,13,12,8,16,13,11,8,,6,,18,14,,12,8,,11,8,10,,14,12,10,11,7,20,5,,,23,2,11,10,9,7,11,,25,,,12,,3,7,,9,13,10,9,7,8,,21,17,19,20,17,4,18,9,27,17,24,17,24,39,24,27,,29,5,,6,10,7,,8,8,4,,10,8,,9,5,,,10,17,20,22,,32,20,27,22,12,,,17,2,5,2,5,7,28,28,29,29,32,18,,24,22,29,31,32,27,44,27,32,,15,13,22,23,20,24,20,21,22,19,16,23,8,10,,8,6,10,13,8,12,7,8,3,,4,2,1,1,,1,1,1,2,2,2,2,5,9,7,10,2,,2,11,2,3,2,3,1,6,4,2,7,,,6,6,11,10,12,6,10,4,6,5,5,,28,31,23,28,34,25,38,32,9,12,13,8,11,20,,,13,23,18,15,16,,,,,14,23,16,20,,27,23,20,16,,,23,23,2,5,5,19,9,7,14,7,5,,11,17,5,6,20,8,11,5,4,7,12,5,15,12,15,11,20,16,16,12,,16,15,10,28,,21,18,10,16,,,,9,10,,,,6,7,10,14,22,20,9,,28,42,30,23,27,,25,21,26,23,22,12,,21,40,37,,11,17,12,2,12,22,19,24,14,,12,10,30,12,9,13,13,10,10,13,18,11,19,14,6,7,8,7,,10,,11,10,9,12,8,,7,16,,,39,16,11,9,,14,14,6,,14,14,2,19,15,7,15,7,9,14,,,,11,,20,12,,17,22,14,17,1,6,2,14,5,12,,9,,,7,,14,6,11,11,8,10,11,9,,8,6,10,8,6,6,17,17,16,16,20,,10,7,4,9,7,13,23,17,,16,13,,,16,14,,16,10,12,14,9,,6,4,,,29,22,,10,,9,4,9,21,12,23,,24,14,,12,16,,,,20,19,24,,25,19,14,15,10,,7,14,13,17,15,8,11,19,18,12,17,8,16,11,15,19,9,9,7,15,21,,18,14,13,9,23,13,9,8,21,17,14,,11,11,6,7,16,4,13,6,8,16,11,16,15,11,,,,21,,22,20,22,19,21,,12,16,15,,15,,16,10,7,14,32,30,30,,,,32,,38,,6,20,,,23,18,17,5,6,,5,,29,27,31,28,17,11,,16,,19,23,20,21,,6,,,13,3,5,7,,14,18,23,18,17,10,10,22,20,50,45,34,43,25,8,8,9,10,10,9,16,19,18,17,12,,16,9,15,9,5,12,27,11,,,,,8,5,,7,13,21,14,8,15,23,8,10,14,7,17,3,12,17,,13,,7,8,13,,6,3,,6,12,12,17,13,12,16,12,14,12,,10,5,,29,26,139,15,14,13,9,5,3,,10,3,9,8,,17,23,15,15,,9,,,2,2,3,12,18,,,,,,7,7,12,,,4,,2,,,5,,5,4,5,7,7,6,5,4,7,,12,13,11,8,9,14,16,19,16,18,16,6,7,,26,17,,12,20,15,18,,,25,10,22,8,,14,13,17,23,,,19,,,6,,,,9,9,14,5,14,15,,18,13,9,,,7,6,,14,12,17,,2,,24,11,,,9,29,,,22,12,21,,,10,11,2,2,22,22,14,12,15,13,16,13,12,24,13,22,18,22,27,12,15,14,20,12,,13,12,6,,9,4,8,5,12,9,22,25,18,11,14,10,,,10,14,12,27,14,10,11,20,18,5,11,11,16,13,13,19,15,,,15,19,12,19,18,22,,10,29,21,,27,24,27,,23,32,20,28,9,14,22,16,,7,10,13,2,20,8,11,,14,3,11,5,31,33,,34,,23,,,,8,7,6,8,14,15,,10,,11,12,8,9,8,9,15,13,17,17,15,14,22,30,16,14,14,14,16,13,12,,5,9,11,7,19,9,5,23,5,6,11,13,,16,7,,14,19,19,24,22,14,17,13,12,16,19,12,9,11,16,,18,8,18,13,10,10,10,10,9,7,9,,27,28,,,31,31,32,20,,18,23,11,,8,18,18,28,28,4,4,7,5,5,28,16,26,,29,31,24,22,20,,21,20,8,9,11,3,5,8,3,1,30,26,,18,16,17,,16,14,,25,9,13,8,,8,4,7,2,6,12,9,,14,28,,,,,13,15,,6,8,3,6,7,5,5,13,10,12,11,17,17,15,6,12,28,9,19,51,14,15,2,20,12,6,8,9,5,14,10,13,,14,17,25,21,27,41,40,44,11,23,23,42,37,15,20,29,29,20,39,41,12,5,8,11,,5,8,17,9,12,12,10,20,11,12,11,9,10,5,10,,,15,9,13,,12,13,2,2,3,22,,21,28,18,,,,,9,8,6,7,12,4,5,13,,1,8,9,15,15,12,8,9,9,6,,,,,,5,8,12,10,6,9,16,,14,11,11,7,16,8,7,5,16,10,18,11,5,8,,11,18,23,11,9,4,8,4,6,,12,13,,9,11,,,6,6,,15,,7,,4,6,16,13,13,11,6,7,6,8,8,9,9,6,,12,7,5,17,13,23,,75,124,5,5,109,125,,5,5,7,5,5,,4,9,4,,16,5,15,9,5,5,10,,8,12,,12,6,,,19,14,4,10,10,,9,11,8,8,7,5,8,8,11,,,,1,2,7,,3,8,7,12,20,8,,9,10,17,12,12,6,,6,10,12,20,11,10,14,,25,,6,13,23,18,1,4,151,8,,15,16,5,13,7,,,24,16,12,14,,14,13,13,23,,,27,,,5,13,8,6,23,16,7,5,5,16,13,14,,6,19,,14,16,,20,15,12,15,7,30,18,,14,7,5,15,10,16,27,1,6,21,2,22,12,1,8,33,6,6,10,8,9,16,10,18,16,12,16,12,10,7,9,31,34,13,18,14,34,3,7,13,,20,9,9,7,5,12,10,,10,11,19,17,14,25,3,27,,12,18,28,19,29,11,6,34,7,11,,7,7,9,21,2,,99,7,3,6,7,8,7,9,6,6,19,21,6,8,12,12,,23,,7,5,3,13,13,11,13,9,5,4,7,6,4,3,5,8,,5,,9,7,13,5,10,8,11,17,15,17,13,31,17,27,11,6,8,17,27,8,10,,9,12,2,12,6,6,3,10,4,22,15,17,11,3,8,22,15,22,26,22,18,14,6,9,22,7,5,14,8,7,11,18,24,11,10,9,11,11,4,11,15,18,19,37,52,18,29,28,28,30,6,20,14,17,18,7,12,,4,18,35,19,35,14,21,25,5,7,26,9,14,18,5,,8,8,,17,7,10,7,18,,10,9,7,8,2,5,4,9,2,3,14,,11,18,,38,17,10,13,3,14,15,12,13,25,27,8,27,35,17,,32,28,21,26,9,18,7,11,7,2,12,19,18,21,7,9,12,17,12,7,9,,18,14,15,18,6,5,19,13,12,19,23,9,12,,8,9,23,15,4,7,8,10,9,,32,30,6,46,17,7,14,12,7,11,9,,3,,26,5,,4,12,18,10,21,23,15,9,,8,15,15,7,,,27,8,5,15,12,9,23,31,19,35,27,18,17,29,23,40,32,26,24,24,28,14,33,26,12,36,19,6,27,21,18,5,9,16,10,13,12,3,2,22,12,9,10,10,16,7,22,10,3,15,5,6,8,8,3,15,,18,19,16,19,5,16,11,2,7,25,,12,23,10,10,8,6,23,30,8,9,22,16,,15,9,8,4,14,10,30,7,28,8,18,11,20,15,10,19,27,18,11,8,28,2,24,25,18,20,12,36,,16,16,22,22,20,14,8,4,6,18,25,5,8,18,16
20210719,19,PM2.5_24h,14,14,14,14,13,15,15,16,15,15,16,15,,,29,,22,17,29,,25,,22,19,,25,17,,18,20,12,18,16,23,20,,28,30,,39,28,14,24,19,,21,,19,21,16,23,20,16,24,17,15,11,,13,8,15,28,25,21,,36,25,14,,14,26,20,24,14,13,,16,15,10,4,16,,11,14,18,14,15,14,,11,11,,,9,10,12,12,14,15,15,,15,14,17,16,16,,18,13,13,14,12,11,12,13,13,15,10,18,14,21,14,13,11,8,13,14,16,11,12,17,,14,14,15,,18,12,14,10,10,17,10,12,9,,11,11,10,12,16,14,18,11,22,22,11,17,16,17,,10,9,9,25,11,12,12,13,11,18,13,7,,,,22,17,,21,17,17,,,,21,,7,13,10,10,13,11,,11,11,,,,16,14,,21,22,25,16,15,,17,14,13,17,17,15,11,10,,11,,15,14,,16,17,,18,18,17,,18,19,17,15,13,12,9,,,9,6,8,18,14,12,16,,12,,,14,,12,13,,10,11,13,8,8,7,,19,15,17,17,16,16,12,17,19,13,20,17,17,20,20,19,12,18,5,,10,9,7,7,12,12,10,14,17,15,,17,6,,,14,20,14,18,,23,18,17,20,10,,,6,6,6,4,8,10,20,17,19,19,24,16,,16,19,13,15,14,13,23,19,15,,11,10,23,22,19,25,14,17,19,17,18,16,13,14,,11,12,11,15,13,12,13,13,1,,2,1,2,4,,1,1,2,6,2,3,2,10,8,10,12,6,,11,15,9,5,5,6,2,8,7,2,9,,,12,10,11,8,9,10,5,5,17,18,17,16,22,26,21,22,22,20,24,22,10,7,10,7,7,14,,15,18,16,14,14,11,13,,,15,10,17,17,12,,24,23,18,15,,,20,19,10,12,14,23,13,17,22,18,10,,9,8,5,6,8,11,5,6,4,5,8,5,21,19,18,17,21,21,17,16,,21,17,19,23,,23,16,20,17,,,,9,11,,,,14,13,12,20,42,22,16,,16,25,22,25,18,19,16,15,24,15,16,22,11,16,15,20,,19,18,19,18,10,18,14,19,17,,13,12,16,15,12,14,14,15,15,12,19,16,23,23,9,9,11,6,,15,,16,12,12,14,19,,18,20,,,19,18,18,21,,16,16,16,,13,18,10,16,18,12,15,8,16,11,,,,16,,15,13,,15,19,15,17,6,6,4,18,14,20,,16,,,16,,14,23,16,10,9,12,13,9,,14,12,16,11,15,11,17,14,14,11,17,13,18,6,6,8,11,12,14,9,,12,14,13,,15,16,,16,15,15,16,14,,16,7,,,26,25,,10,,10,11,11,14,6,14,,13,12,,20,22,,28,,17,23,22,,16,15,10,14,9,,10,10,10,13,17,9,9,22,18,12,16,10,17,11,14,24,9,8,8,29,24,20,27,25,15,12,11,14,15,15,14,13,12,,16,9,6,8,13,7,20,15,16,18,17,19,20,17,,22,18,22,,20,18,18,11,12,,13,14,13,,8,,13,8,8,13,21,20,17,,,,24,,30,,12,16,19,,20,24,20,9,9,,8,,8,8,10,17,12,9,,21,21,14,21,18,19,,14,,,14,8,6,8,,19,31,26,24,17,5,6,15,22,29,29,26,31,25,9,9,12,10,13,14,11,14,15,13,11,,26,12,23,21,17,17,17,12,,,,,9,7,,10,15,16,11,11,14,20,18,14,20,17,14,8,10,22,19,16,,14,14,18,,11,10,,13,18,18,19,18,17,17,14,21,18,18,14,14,,18,18,93,30,16,19,17,7,5,,9,9,11,8,8,14,19,10,10,,6,,,5,5,7,9,12,,,,,,10,10,15,,,6,,9,,,12,,12,12,8,13,14,15,15,16,12,,21,17,17,17,18,16,16,17,17,19,20,10,11,,21,17,,14,15,11,13,,,19,10,12,7,16,15,17,16,20,,,15,2,5,9,6,,,12,14,11,7,13,18,,18,15,15,,,14,13,,13,12,11,,9,,24,17,,,10,16,,,20,20,24,,,12,14,4,3,16,17,14,18,16,19,20,14,9,11,11,13,14,14,14,14,18,19,20,20,,21,16,12,,7,9,12,12,16,15,18,15,9,15,6,18,,,16,14,12,21,9,20,8,23,13,16,11,25,16,12,18,15,19,,,6,37,36,41,13,14,,22,18,11,,18,18,19,,19,21,20,17,13,19,16,18,14,18,14,22,12,12,11,17,,11,9,9,7,23,17,,19,,19,,,,4,9,8,9,12,12,,9,,18,18,16,8,8,12,12,7,19,18,26,12,12,12,11,10,17,15,13,12,10,,8,13,16,15,18,17,3,19,14,10,16,15,14,19,15,,9,24,20,24,18,13,16,16,15,14,18,16,17,16,18,,18,9,17,17,16,16,16,13,22,22,19,,18,21,21,,20,20,23,19,,17,19,20,,18,20,19,19,21,13,14,16,13,13,20,18,22,,23,22,20,17,15,,16,15,8,14,18,6,11,15,18,16,21,23,,15,15,17,,10,17,,19,7,11,9,,9,8,8,2,7,17,16,,14,20,,24,,27,29,29,,8,7,7,6,9,12,12,16,14,14,18,16,22,24,13,18,23,17,28,19,16,12,22,13,8,8,9,19,17,24,21,9,15,14,13,17,15,48,51,48,49,23,28,23,21,34,14,17,27,21,23,42,42,15,8,10,10,,8,6,15,10,12,8,15,15,14,11,10,9,11,8,7,,,15,16,19,,21,10,7,6,7,20,,11,15,10,,,,,15,6,6,6,8,9,11,18,,7,31,7,9,7,12,9,12,19,11,15,,,,,9,10,12,9,8,8,17,,15,7,9,16,16,8,6,5,14,9,15,12,13,10,,12,15,7,6,7,5,11,6,12,,10,6,,10,6,,3,5,3,,12,,11,,5,6,12,18,15,17,9,9,10,10,9,11,10,9,,15,8,5,9,9,21,,77,108,12,8,59,67,,12,12,10,11,5,,15,16,9,,13,14,13,15,6,10,14,,10,15,,16,11,,11,21,20,8,10,5,,14,7,10,10,11,9,15,10,24,,,12,18,14,11,,6,13,12,16,20,10,3,14,28,21,20,13,14,,9,15,18,22,9,15,14,,19,,12,20,25,19,9,9,101,9,21,17,14,11,15,7,,,22,13,13,18,,15,15,17,15,,10,24,,,3,19,13,9,23,18,6,4,7,14,14,14,16,13,25,,23,16,,15,15,11,14,5,30,18,19,16,9,9,14,8,21,16,13,11,24,11,16,15,5,22,11,14,23,15,14,8,22,14,15,11,18,13,8,14,15,16,17,28,12,13,16,17,16,16,10,,19,11,11,5,7,9,8,,16,14,12,17,18,15,7,18,19,14,23,27,19,17,12,9,26,15,11,,11,18,18,20,7,,85,9,8,10,9,12,11,13,9,12,14,13,13,15,11,8,,22,,13,10,6,20,13,11,15,14,12,11,9,7,4,4,4,9,14,15,1,14,6,12,10,16,7,25,28,21,22,19,24,19,19,10,11,10,14,13,17,16,,9,12,6,9,7,7,7,13,17,15,13,19,11,4,11,16,14,15,13,16,16,13,6,14,25,14,11,15,10,9,22,22,22,11,8,11,19,15,4,18,19,14,19,14,25,26,28,18,49,27,12,14,13,12,13,18,19,,11,22,19,16,20,17,19,20,13,17,22,13,16,16,12,18,12,19,3,10,12,15,13,20,,13,11,8,9,5,11,6,12,11,4,10,3,12,11,28,21,19,24,27,25,12,14,18,14,20,22,17,16,24,18,,25,13,23,29,21,17,7,13,5,7,20,15,17,15,16,9,15,20,15,13,14,,22,17,14,16,12,5,30,19,18,14,19,17,11,,12,13,23,17,7,12,13,12,18,,22,28,19,35,28,9,13,10,8,11,12,,9,,11,12,,8,12,9,8,22,22,15,14,,11,13,13,11,,,17,15,13,14,14,21,39,33,36,24,17,16,27,26,19,31,24,18,24,20,17,16,25,13,18,27,19,10,28,24,23,7,18,15,24,19,12,9,16,174,157,8,13,15,18,7,20,16,3,19,6,10,11,10,15,16,,19,15,13,17,9,12,12,4,9,24,15,16,25,9,16,16,14,11,19,14,21,14,12,,11,22,7,11,17,22,21,11,16,15,17,16,13,14,14,18,21,20,13,21,19,6,38,41,13,16,14,20,13,11,13,15,20,18,19,8,13,7,23,23,8,4,15,25
20210719,19,PM10,26,42,28,23,37,26,33,22,35,46,31,29,,,20,,24,23,22,,27,,16,26,,16,28,,25,25,,22,24,29,25,,42,40,,29,31,30,29,35,,38,,44,41,68,27,33,29,25,19,26,,,39,29,41,24,22,35,,24,34,39,,45,34,32,35,24,13,,29,26,33,40,21,,16,21,25,24,19,22,,24,22,,,24,25,36,12,24,37,26,,42,22,26,27,29,,42,14,13,10,9,,19,11,11,16,9,34,27,38,19,19,11,18,16,15,26,24,32,28,,50,38,67,35,37,40,31,42,21,28,23,30,24,,20,24,21,24,30,19,27,24,31,17,29,36,27,19,,18,17,30,,21,21,19,18,26,30,26,12,,,,31,26,,27,34,27,,,,61,,22,29,21,22,22,27,,17,30,,,,25,19,,36,34,40,24,32,,16,23,24,17,20,31,22,14,,22,,41,22,,27,27,,21,24,20,,32,29,32,26,20,33,15,,,9,13,12,28,22,25,20,,53,,,34,,20,25,,32,23,23,13,18,15,,34,52,46,39,40,23,34,14,41,36,30,41,46,70,46,41,,44,11,,8,15,14,11,35,16,15,,25,20,,37,36,,,30,34,49,54,,56,51,51,54,14,,,9,9,5,14,5,9,38,38,42,28,48,64,,36,24,31,37,36,35,50,37,32,,32,22,49,46,50,45,32,40,44,39,37,39,19,24,,22,21,19,27,21,20,17,16,11,11,19,16,11,7,,7,6,8,7,4,7,8,7,24,17,22,,,12,14,22,11,9,3,5,14,11,13,13,,,13,10,12,14,16,8,7,3,10,10,5,9,46,43,52,47,63,35,59,50,2,22,29,25,17,28,,,17,29,33,30,23,,,,,24,36,40,43,,44,40,38,32,,,35,33,9,9,24,34,29,29,24,19,19,,21,14,19,24,23,14,17,11,13,18,25,19,31,26,34,20,34,30,13,12,,20,28,37,28,,41,34,24,31,,,,25,11,,,,22,31,23,16,14,22,17,,30,43,49,57,48,,29,29,23,27,24,22,,34,26,73,,28,24,24,14,41,53,39,31,48,,19,18,28,19,22,24,24,33,25,20,23,21,29,29,21,21,26,27,,14,,,14,12,19,28,,19,39,,,41,60,36,19,,16,18,22,,57,46,31,27,24,19,24,22,19,24,,,,27,,36,34,,40,29,19,34,9,9,9,75,17,20,,17,,,,,5,,20,26,18,,27,17,,30,24,26,,26,36,34,34,29,29,30,26,35,12,,8,17,17,27,14,,31,32,,,32,26,,27,27,22,20,17,,24,6,,,50,42,,27,,25,33,29,32,23,30,,23,30,,24,17,,,,32,18,24,,33,26,26,33,24,,14,74,19,33,26,13,17,36,37,41,22,17,39,24,27,4,30,22,33,30,62,,38,36,24,21,29,75,24,9,46,32,36,,35,38,36,30,40,13,31,21,23,23,17,17,22,26,,50,41,57,,29,30,34,35,35,,28,29,7,,7,,30,10,7,17,59,46,65,,,,60,,49,,32,22,,,21,14,27,12,16,,12,,48,42,40,35,47,30,,21,,21,32,21,36,,11,,,11,4,3,3,,26,25,36,24,29,40,17,37,30,77,71,63,57,36,19,10,16,18,19,16,22,30,28,31,21,,22,28,33,14,4,12,21,10,,,,,15,23,,16,37,26,38,30,25,28,17,14,18,28,19,13,5,29,,36,,18,19,14,,17,17,,9,21,24,32,28,34,43,29,34,22,,12,21,,97,86,530,34,34,72,24,16,9,,30,24,54,29,25,36,24,42,42,,23,,,7,7,14,29,20,,,,,,15,15,28,,,11,,3,,,15,,27,24,26,18,18,15,36,20,23,,22,23,26,22,26,23,23,28,29,29,28,13,16,,57,35,,35,37,24,,,,27,56,16,6,,17,28,20,17,,,47,16,19,15,,,21,9,19,18,21,21,18,,14,18,9,,,25,21,,34,25,16,,18,,26,32,,,39,31,,,42,40,39,,,28,31,8,6,17,58,21,30,31,32,38,25,30,34,33,28,56,57,48,44,44,28,55,36,,44,28,11,,18,15,17,29,31,20,35,31,36,33,30,22,,,38,22,31,25,20,27,36,30,17,12,32,16,41,34,36,39,37,,,25,,28,24,32,34,,7,28,32,,39,46,46,,35,63,25,41,26,12,13,28,16,34,16,29,9,13,29,24,,24,25,16,13,58,49,,59,,42,,,,22,21,6,23,31,30,,28,,29,30,21,24,22,21,44,18,22,39,36,30,24,18,32,11,30,31,44,29,18,,27,19,36,26,40,39,4,24,3,12,12,22,47,26,27,,33,49,47,58,41,25,20,21,28,52,41,28,24,22,28,,28,35,25,15,20,20,20,19,17,25,22,,50,29,,,38,59,47,37,,24,37,26,,19,22,22,19,34,8,7,12,5,7,71,44,41,,47,33,34,35,35,,44,30,11,21,8,16,10,7,2,7,46,37,,18,25,25,,29,12,,40,5,10,33,,9,7,9,18,25,20,16,27,23,22,31,,,,61,,,14,10,22,9,24,15,14,17,14,20,30,28,29,36,19,24,18,41,27,10,19,20,13,36,19,8,16,15,17,10,,35,,48,41,36,44,18,57,60,92,23,33,28,74,61,30,28,54,54,32,54,57,28,11,11,10,,28,8,17,16,20,24,33,28,27,20,19,20,16,7,17,,,13,27,30,,31,13,18,12,20,31,,38,23,34,,,,,12,9,10,15,10,13,14,24,,10,12,22,39,28,37,11,4,39,12,,,,,,20,18,19,16,16,11,22,,19,24,24,10,21,13,21,29,12,7,19,15,13,23,,12,10,14,15,18,6,15,14,12,,16,32,,14,15,,5,9,16,,,,7,,12,6,15,21,23,29,20,24,23,29,12,19,36,23,,31,27,6,27,35,43,,211,263,5,12,542,559,,12,14,26,13,4,,20,18,8,,16,11,24,9,12,58,23,,26,36,,39,23,11,16,36,33,19,35,14,,12,19,22,12,19,20,12,29,27,,,11,11,12,36,,11,23,15,40,36,20,,20,14,29,21,16,6,,12,35,35,50,24,21,42,,40,,24,36,47,25,9,8,500,21,,27,53,31,27,14,,,44,38,29,21,,27,24,28,42,,47,86,,,18,21,21,22,22,27,15,17,17,30,19,22,,12,12,,21,24,,34,39,42,20,22,35,22,24,10,16,7,40,15,31,49,14,17,40,30,24,19,20,24,71,16,9,10,17,8,24,23,22,22,21,27,18,19,21,18,67,61,31,29,28,39,41,34,30,,39,36,31,32,17,21,18,,19,30,21,30,33,22,7,30,,39,65,33,30,48,26,16,56,40,20,,8,27,27,29,10,,375,28,11,20,12,25,30,17,27,18,39,34,23,36,36,38,,37,,28,9,15,39,27,21,29,22,15,19,13,11,10,10,10,17,,10,2,22,8,21,11,40,48,34,35,29,26,19,52,26,51,23,11,18,39,28,29,21,,7,26,19,20,4,21,11,22,28,25,26,17,15,18,21,10,34,39,49,29,26,17,24,22,32,19,12,24,19,14,31,24,53,19,9,29,29,27,4,7,5,53,20,53,62,30,41,28,49,76,13,49,32,34,31,16,40,,29,21,64,35,34,24,39,43,25,26,42,24,32,28,14,17,12,16,9,144,33,23,22,37,,18,14,11,15,6,17,11,19,9,12,28,2,23,36,41,55,36,18,24,23,36,26,24,13,47,40,16,27,50,18,,46,30,32,45,10,29,23,21,19,30,30,32,26,29,14,15,17,42,49,29,24,,40,42,32,31,9,7,30,44,36,30,39,23,22,,10,21,44,32,9,21,26,22,19,,34,38,59,59,31,11,22,11,22,45,28,,29,,,9,,17,22,13,18,32,36,40,21,,21,37,36,9,,,35,36,19,26,39,33,47,50,34,41,48,20,14,4,48,56,50,35,50,50,43,30,57,30,,50,48,19,45,41,32,14,24,32,40,18,22,15,12,104,63,20,16,22,29,19,42,7,12,23,12,13,17,13,27,31,,32,38,11,8,33,32,18,11,14,19,,22,46,22,24,17,20,35,44,14,30,50,34,,37,2,12,18,17,24,75,23,42,18,33,19,34,20,12,41,54,27,42,27,40,7,42,29,32,42,34,24,2,27,32,42,62,30,37,40,28,14,52,55,10,18,28,36
20210719,19,PM10_24h,20,26,24,22,23,25,24,26,27,24,24,26,,,47,,40,41,49,,42,,31,30,,31,33,,25,29,23,18,26,24,19,,52,48,,44,50,21,35,31,,39,,31,28,38,33,36,39,39,28,33,21,,29,27,27,40,36,37,,37,39,36,,46,39,37,39,23,17,,13,22,14,22,28,,19,23,27,28,29,24,,24,19,,,21,26,32,24,25,33,32,,37,25,31,28,27,,30,22,24,17,18,17,21,16,19,22,13,39,37,56,34,31,20,16,44,28,37,22,30,27,,35,30,38,33,33,24,40,33,23,23,20,26,23,,32,20,20,20,34,26,35,30,37,36,31,36,32,21,,19,18,27,39,19,21,20,19,20,25,22,18,,,,37,31,,37,37,31,,,,48,,24,32,26,20,24,26,,25,32,,,,29,29,,33,36,39,31,26,,26,26,25,21,22,24,25,18,,18,,31,26,,37,27,,40,32,34,,43,40,33,32,21,18,19,,,11,21,14,35,29,29,36,,21,,,28,,25,26,,26,21,20,14,15,16,,35,33,30,39,37,26,31,26,33,30,35,38,36,41,36,34,32,31,13,,23,19,21,19,25,27,25,32,40,29,,44,31,,,29,33,36,41,,40,37,35,36,11,,,8,9,10,12,10,18,31,26,30,27,33,35,,32,26,19,24,28,19,25,25,23,,30,17,35,29,35,36,29,33,28,29,33,25,29,27,,28,33,24,30,28,27,26,26,7,9,10,11,11,13,,8,7,10,15,5,7,6,7,28,22,28,23,,27,30,24,13,17,12,9,21,17,18,18,,,24,21,22,21,20,15,9,11,29,33,28,27,49,51,44,38,43,42,55,42,19,15,24,19,16,17,,26,25,18,32,26,18,23,,,25,21,31,35,26,,38,39,30,32,,,36,29,23,27,39,36,38,41,34,28,34,,19,9,11,14,13,13,9,12,11,10,16,15,33,31,36,36,33,29,30,24,,50,31,37,37,,37,34,47,46,,,,22,14,,,,27,33,61,67,55,54,54,,70,38,27,39,35,32,14,22,19,25,23,27,12,24,23,40,,48,35,39,35,47,44,27,39,46,,24,23,22,23,23,22,26,23,22,15,29,31,30,34,22,25,28,23,,23,,30,15,18,23,37,,38,34,,,36,32,28,43,,23,31,30,,33,41,29,27,25,20,20,18,20,30,,,,25,,24,34,,34,30,18,36,8,11,8,28,21,26,,22,,,26,,23,31,28,20,19,40,22,18,,26,24,25,22,36,26,29,28,24,36,25,25,27,11,15,14,28,29,27,17,,23,25,25,,32,30,,27,26,30,26,25,,37,13,,,48,43,,24,,18,22,30,29,14,20,,19,18,,25,21,,26,,33,24,23,,27,18,21,26,18,,19,27,20,32,31,16,17,44,33,22,32,17,35,23,28,42,38,19,30,39,53,33,39,39,24,24,21,42,28,16,32,21,28,,28,23,23,26,39,18,33,30,27,32,24,33,36,32,,39,35,42,,31,27,25,24,23,,26,26,11,,8,,22,12,10,23,33,30,30,,,,41,,40,,21,20,14,,33,26,33,17,22,,21,,21,18,22,28,28,29,,26,31,24,24,23,24,,22,,,19,14,16,11,,28,40,44,35,24,22,14,32,36,40,46,48,47,37,18,17,19,23,22,18,21,26,27,26,21,,35,25,33,34,18,16,18,17,,,,,23,23,,23,25,25,32,24,18,20,31,34,35,36,31,13,9,34,31,30,,21,26,34,,23,22,,27,33,32,33,31,32,32,32,29,33,25,25,35,,88,79,462,46,35,35,48,14,24,,19,42,32,19,20,25,29,32,32,,17,,,10,10,17,17,20,,,,,,18,19,21,,,10,,20,,,20,,26,24,21,24,25,24,28,28,22,,32,31,30,30,32,25,24,27,27,31,30,15,16,,55,37,,34,32,22,19,,,20,18,13,16,23,28,28,32,28,,,37,19,15,17,16,,19,21,25,25,29,27,20,,24,22,20,,,28,27,,28,23,28,,37,,48,45,,,34,24,,,52,42,36,,,23,27,16,12,25,29,17,31,33,28,36,30,18,21,21,31,33,30,34,29,38,31,44,36,,47,35,19,,19,27,35,30,28,24,27,26,22,28,21,35,,,50,24,28,38,22,28,27,29,14,15,25,30,39,24,41,35,37,,,10,45,42,50,25,26,,19,22,20,,28,33,31,,35,52,25,31,29,32,19,27,24,38,28,41,20,26,25,23,,20,25,12,17,44,36,,35,,33,,,,17,18,18,20,20,26,,24,,31,33,29,21,20,21,29,15,33,27,46,23,14,18,21,20,29,28,34,29,24,,23,28,29,29,33,34,5,30,21,21,23,21,35,28,28,,23,40,36,40,24,26,25,24,28,34,32,28,27,25,33,,34,36,33,29,34,33,32,30,40,46,40,,27,30,31,,31,44,35,32,,32,29,27,,28,29,31,30,32,18,18,21,18,19,35,33,36,,29,20,26,30,33,,33,28,16,27,17,24,18,15,20,20,39,30,,21,24,25,,20,19,,31,18,24,22,,5,11,16,19,23,33,37,31,27,30,32,38,39,42,46,44,,14,15,14,18,20,21,22,25,27,34,39,40,32,42,25,32,44,53,45,26,20,20,40,26,18,14,13,33,37,46,41,25,38,25,28,33,36,67,76,67,69,36,27,33,46,51,29,26,42,35,52,72,69,24,21,20,18,,28,19,16,17,25,21,24,28,24,20,20,20,19,13,16,,,21,25,29,,36,20,18,16,22,35,,24,17,23,,,,,26,16,14,16,16,19,22,18,,20,26,19,19,19,34,14,11,31,21,26,,,,,20,21,20,16,15,15,25,,24,15,15,20,24,12,21,15,16,13,17,17,14,18,,15,13,10,9,14,12,18,11,16,,11,16,,8,14,,10,9,8,,36,,17,,13,9,23,37,32,36,16,19,24,19,19,24,21,20,,34,32,9,24,25,50,,275,309,16,26,364,388,,18,23,29,35,16,,37,35,24,,14,18,20,19,15,19,34,,24,41,,42,24,20,31,50,49,35,45,9,,39,29,33,24,27,30,42,49,47,,,45,40,47,30,,14,45,35,74,37,28,14,29,36,32,33,18,19,,37,31,35,49,16,23,32,,20,,20,37,45,28,22,20,446,36,34,32,37,25,33,14,,,28,35,23,40,,35,24,37,31,,30,50,,,18,30,31,14,28,32,14,16,16,32,19,23,29,18,20,,50,29,,30,31,33,20,18,34,24,34,12,19,24,27,21,41,34,31,23,42,27,15,27,16,36,32,26,23,21,17,12,45,28,23,20,27,24,12,21,21,21,30,40,22,26,33,20,37,32,26,,36,25,24,19,14,16,14,,30,50,30,24,20,21,17,30,42,35,92,40,32,37,28,24,49,35,22,,20,47,58,64,24,,377,23,13,19,18,20,23,19,23,17,23,20,31,59,33,24,,38,,29,12,17,32,24,22,32,35,30,28,24,15,10,13,11,8,29,30,10,25,11,21,22,36,27,48,45,33,34,30,43,27,37,19,21,26,19,19,28,28,,7,23,14,13,21,11,16,22,30,22,20,18,16,19,16,17,29,32,26,22,32,20,18,34,32,28,23,24,28,15,41,39,43,19,11,13,29,24,7,12,19,40,26,21,41,40,46,30,74,48,21,22,27,18,23,31,43,,23,35,28,38,36,30,32,27,17,29,34,26,30,25,23,22,16,28,12,37,62,41,43,72,,25,18,15,18,12,10,16,30,22,12,23,8,26,23,42,36,21,47,49,53,33,35,31,23,33,33,32,26,37,30,,32,18,33,37,33,26,20,11,17,26,39,30,24,23,26,17,23,44,30,28,25,,38,32,25,32,13,12,52,42,34,32,34,26,26,,20,28,43,24,13,27,26,22,33,,30,36,34,55,40,14,24,20,17,25,22,,23,,21,18,,18,28,14,15,32,35,30,29,,21,26,29,11,,,20,43,29,31,34,46,64,56,54,22,34,21,43,41,74,74,47,45,52,51,32,24,56,17,25,26,32,20,36,29,28,14,31,28,35,29,29,17,55,829,891,15,22,26,29,18,68,28,11,21,12,23,26,31,26,38,,33,34,11,12,30,29,26,11,11,36,33,26,43,31,42,34,31,21,44,25,40,30,30,,25,23,14,38,22,27,30,29,33,30,28,27,24,16,16,42,35,34,47,42,29,17,64,46,22,31,23,26,26,26,27,29,36,32,44,29,43,13,43,40,14,7,26,35
20210719,19,SO2,1,3,1,3,3,2,1,3,1,1,3,3,,,7,,5,4,7,,4,,6,8,,5,5,,4,4,4,5,4,3,5,,1,5,,5,1,8,4,3,,5,,3,4,3,5,6,3,5,4,5,3,,6,7,7,8,9,8,,7,9,7,,8,2,5,3,10,4,,4,6,4,2,3,,4,3,,3,1,3,,8,6,,,4,6,9,7,8,7,6,,7,8,2,8,4,,4,10,4,5,6,10,6,8,10,6,5,3,2,4,4,3,3,4,3,4,3,11,8,9,,5,12,15,11,16,13,10,12,1,4,5,3,7,,3,5,6,5,4,7,3,8,8,1,2,4,4,8,,1,1,2,1,2,3,5,5,10,7,6,6,,,,8,8,,5,8,6,,,,9,,4,2,2,5,3,2,,4,6,,,,,4,,7,8,6,4,4,,4,2,3,3,4,3,7,5,,3,,2,4,,4,7,,4,4,4,,5,3,5,5,10,6,6,,,8,6,6,5,4,5,3,,6,,,4,,7,6,,3,2,3,5,3,4,,3,3,3,4,4,6,5,6,5,6,5,4,7,5,4,5,,5,2,,4,4,4,3,5,3,5,,6,4,,11,17,,,3,10,11,13,,7,9,11,6,5,,,5,3,5,5,4,4,3,3,3,2,3,3,,3,3,5,3,8,4,7,5,5,,6,5,6,4,5,5,5,6,,4,5,5,5,,,7,6,5,5,6,5,5,5,4,4,5,5,8,2,,6,4,5,5,4,4,5,6,7,8,5,6,,4,4,3,4,2,2,2,,5,2,5,,,7,7,7,6,5,6,5,7,6,7,6,6,6,7,7,6,5,6,6,4,1,3,3,4,4,4,,4,5,6,5,7,7,4,,,10,5,3,2,3,,4,2,6,3,,,5,8,6,1,4,7,6,4,4,4,2,,10,6,5,6,8,8,7,7,10,6,6,8,,4,4,4,5,5,2,4,,4,5,5,5,,5,3,5,5,,,,7,6,,,,9,8,9,10,5,10,11,,10,8,6,7,7,,6,6,6,6,5,3,10,3,6,4,,5,1,4,2,9,10,8,11,11,,2,1,,9,4,3,6,4,2,2,2,6,3,4,3,4,3,4,,9,,8,6,4,8,4,,2,6,,,6,4,4,7,,5,3,1,,18,7,5,9,4,5,8,6,6,9,,,,1,,7,8,,7,7,5,8,4,5,1,4,2,3,,6,,,5,,5,9,17,7,8,7,11,8,,5,5,6,6,5,5,5,6,6,12,7,5,4,6,6,8,5,5,5,5,,4,4,4,,8,7,,5,3,4,3,9,,7,4,,,4,6,,3,,10,8,12,12,8,5,,9,9,,2,2,,5,,8,11,11,,13,10,8,11,5,,6,5,8,5,3,5,3,8,9,16,9,7,6,7,12,13,6,6,5,6,5,8,18,5,15,6,7,7,4,4,6,8,5,,5,4,3,4,2,3,3,5,3,8,10,7,4,5,,4,,4,,8,7,6,8,5,,5,14,3,,4,,3,4,5,3,2,1,1,,,,3,,4,,1,3,,,4,4,5,3,2,,2,,8,6,8,5,2,2,,8,7,10,6,7,9,,5,,,7,1,3,2,,7,6,7,8,9,6,5,6,21,16,27,13,7,10,3,2,10,7,4,5,11,6,9,4,5,,11,24,4,7,6,4,6,3,,,,,6,7,,5,2,8,5,2,1,5,5,5,5,5,5,5,5,6,,5,,3,2,3,,3,2,,2,4,3,1,4,3,5,2,1,5,8,4,3,,6,4,3,5,8,6,3,7,8,,10,5,4,5,4,6,10,6,6,,5,,,4,4,4,4,8,,,,,,5,4,3,,,6,,4,,,5,,5,6,10,8,10,11,11,11,6,,8,5,6,8,10,7,6,5,5,3,4,5,9,,4,6,,4,6,6,7,,,12,5,6,7,5,2,4,5,4,,,2,9,5,3,5,,8,9,4,8,7,10,4,,4,6,4,,,2,6,,12,12,12,,6,,6,9,,,5,5,,,6,5,15,,,2,4,13,11,6,9,6,4,6,3,4,4,16,27,10,36,5,3,6,4,4,7,3,6,,5,7,5,,14,9,10,12,2,3,10,6,6,6,4,6,,,9,5,5,10,5,6,8,2,4,1,6,5,8,8,6,6,1,,,4,3,5,5,12,19,,3,8,9,,18,13,6,,5,5,12,9,5,2,2,6,3,16,2,5,17,6,5,12,,5,4,,6,10,10,,4,,3,,,,6,4,6,4,4,3,,6,,14,5,5,4,4,3,3,4,2,4,6,4,4,9,3,5,5,9,8,14,5,,4,9,9,12,14,12,5,11,10,13,11,4,7,10,6,,10,8,11,12,13,6,2,3,2,29,14,19,21,32,7,,7,4,2,11,6,5,5,4,5,6,5,,5,1,,,4,8,7,3,,4,2,1,,5,7,7,10,9,6,5,6,6,7,5,7,2,,8,4,9,15,8,,10,4,4,4,4,4,2,3,6,4,2,5,,3,5,1,,7,5,,18,6,5,6,,5,3,2,6,9,17,6,2,5,8,8,,,,6,6,,4,2,14,11,7,6,5,6,3,14,8,7,5,8,6,4,30,3,4,1,8,5,15,8,3,5,6,8,8,6,6,12,22,20,6,6,11,4,3,3,4,4,3,3,11,9,10,8,9,11,9,7,10,8,4,6,5,,2,9,6,8,6,12,13,15,19,6,3,2,3,4,8,,,5,5,5,,6,9,10,4,8,4,,9,6,8,,,,,5,7,5,5,6,14,10,10,,8,7,10,7,4,5,2,4,23,5,,,,,,6,7,7,8,,8,2,,4,5,4,4,5,6,8,8,6,6,6,6,4,7,,8,6,5,4,6,8,4,8,5,,12,6,,8,8,,8,4,6,,7,,9,,9,8,5,5,6,4,5,5,8,6,5,8,4,5,,4,10,5,7,9,6,,5,5,2,2,5,4,,6,7,6,3,2,,3,4,5,,8,6,8,15,11,13,7,,5,6,,6,2,3,2,5,7,4,4,14,,16,4,9,4,6,8,5,7,4,,,,6,6,13,,2,7,7,28,7,4,,6,5,5,5,16,6,,1,6,12,6,6,8,4,,4,,4,11,4,6,5,8,4,11,7,2,7,5,4,4,,,11,6,3,6,,9,13,,10,,4,4,,,2,6,5,5,7,5,4,8,3,6,4,2,,6,2,,5,2,,7,5,6,7,5,22,5,4,5,4,13,1,2,18,9,4,3,12,5,2,6,9,4,9,6,6,4,4,6,10,6,7,7,4,6,8,7,5,7,1,1,8,13,7,7,23,8,3,,2,5,4,5,7,3,4,,3,5,6,,5,5,9,2,8,6,7,2,15,7,14,5,2,1,4,,18,11,8,26,22,,10,4,8,4,3,5,6,5,2,6,3,7,3,6,19,18,,5,,5,4,5,9,2,6,8,8,5,8,7,7,6,8,4,8,,6,7,6,6,5,8,5,5,5,,4,3,9,9,1,10,4,5,5,2,2,3,2,,1,2,3,3,9,3,10,,6,6,5,7,34,6,6,10,7,2,2,4,1,4,7,5,4,7,12,5,4,4,6,4,4,7,4,6,7,5,9,6,7,11,6,5,6,10,36,11,6,9,6,7,6,8,6,9,4,,3,1,3,6,12,3,7,3,5,4,5,6,8,6,3,2,2,5,1,9,12,12,8,27,,6,6,6,8,3,6,7,6,4,6,2,4,5,5,9,2,10,3,2,2,4,6,4,6,6,3,2,1,2,1,,1,1,4,9,8,15,8,6,14,12,7,3,6,4,6,6,10,8,11,5,9,,4,11,9,13,3,4,4,8,6,6,5,6,12,,5,4,5,8,3,1,2,3,4,,4,1,8,11,9,5,3,4,5,3,7,,4,,4,1,,6,5,2,6,3,8,7,4,,3,9,22,8,,,6,6,2,8,1,3,2,9,4,1,4,3,2,7,4,10,7,10,8,7,4,1,2,2,5,1,5,3,9,8,7,4,5,7,5,5,5,9,13,2,1,4,4,5,10,3,8,6,7,9,3,8,8,8,8,9,,8,8,1,6,3,8,7,8,7,6,3,5,5,3,9,3,2,7,18,6,6,8,4,,3,2,3,3,4,2,3,2,3,4,1,1,3,7,8,8,8,2,10,3,5,3,3,2,1,3,1,2,8,10,7,6,3,6,6,4,7,5,7,4,8,7,5,6
20210719,19,SO2_24h,1,3,2,3,3,2,3,3,2,1,2,4,,,9,,5,5,9,,4,,6,9,,6,5,,5,3,3,5,4,3,5,,3,7,,5,2,7,4,4,,3,,3,4,3,6,8,5,6,5,5,4,,6,7,7,8,9,8,,9,6,7,,7,4,5,3,10,4,,5,6,4,3,4,,4,3,2,4,2,2,,8,7,,,4,7,8,9,12,7,24,,8,15,20,16,16,,8,10,6,5,6,10,6,8,7,5,5,3,3,4,4,3,4,4,3,4,3,13,9,6,,11,16,18,16,13,14,11,15,1,4,6,3,7,,3,5,6,5,5,8,5,8,9,2,2,4,1,7,,2,7,3,2,1,3,6,10,10,7,7,6,,,,8,8,,6,8,6,,,,9,,5,3,3,6,2,3,,4,7,,,,5,6,,7,9,6,5,4,,4,1,3,3,6,3,7,5,,3,,4,4,,5,7,,6,4,5,,6,3,5,4,9,7,10,,,7,6,8,5,4,6,3,,6,,,4,,7,5,,2,2,4,5,3,4,,3,4,3,4,4,6,6,6,5,7,8,5,10,6,6,7,6,8,2,,4,4,4,3,2,4,6,11,8,6,,11,7,,,3,7,8,9,,7,6,8,5,5,,,5,4,5,5,5,5,3,3,3,2,3,3,,3,3,3,2,5,4,6,5,5,,4,5,8,6,6,5,7,6,5,5,7,5,5,5,,6,7,7,5,7,5,5,5,4,4,5,5,8,3,,6,4,5,6,4,5,5,5,8,8,6,6,,6,5,4,4,2,4,1,7,6,3,6,,,8,8,7,5,6,7,5,9,8,13,8,9,9,10,9,8,8,11,7,7,5,3,4,4,5,4,,3,5,6,6,7,7,4,,,10,7,3,2,4,,5,2,8,3,,,7,13,7,2,7,6,5,5,6,5,5,,7,6,5,6,8,9,6,7,10,6,6,8,7,4,3,4,5,5,2,4,,4,5,5,5,,24,3,10,11,,,,9,5,,,,8,9,7,6,4,9,9,,9,12,11,13,10,9,7,9,6,7,6,3,5,6,5,7,,5,3,11,5,9,11,9,8,12,,4,2,4,4,4,2,5,5,2,2,2,7,3,3,3,4,4,4,,13,,9,5,4,8,5,,4,6,,,6,4,5,8,,6,7,1,,9,8,6,9,3,7,9,7,8,10,,,,2,,6,10,,8,9,7,9,4,5,1,4,2,3,,10,,,7,,7,10,10,7,8,8,11,8,,13,7,9,9,6,11,8,10,15,21,8,5,7,6,6,8,5,8,8,5,,5,6,4,,9,8,,6,4,7,7,11,,11,5,,,3,6,,4,,14,9,15,18,9,5,,9,9,,3,3,,6,,11,8,13,,17,9,8,12,6,,6,4,3,6,3,5,3,10,8,10,7,8,9,11,12,13,6,6,5,12,13,8,23,10,8,6,7,8,4,4,6,7,5,,4,5,4,4,2,3,3,6,3,8,4,9,6,6,,6,5,12,,9,7,6,6,5,,10,16,4,,4,,2,4,6,3,3,3,2,,,,3,,4,,1,3,2,,2,4,6,3,5,,8,,6,5,7,5,2,2,,7,6,8,6,8,8,,5,,,8,1,3,2,,10,11,8,13,10,6,5,8,11,10,14,10,9,8,3,3,10,7,4,5,9,8,9,4,5,,17,14,17,9,5,8,9,6,,,,,6,7,,5,4,7,6,5,3,4,7,7,7,6,7,5,4,6,7,5,,7,2,2,,3,2,,3,4,3,1,4,4,5,3,2,6,9,4,4,,11,8,8,6,10,7,7,5,6,,10,5,4,5,4,5,9,5,5,,7,,,4,4,4,4,8,,,,,,5,4,2,,,5,,4,,,7,,5,8,8,7,9,10,10,10,7,,7,4,7,7,9,9,7,7,5,2,4,5,9,,5,6,,8,7,6,7,,,8,5,5,7,6,3,4,6,4,,,3,8,5,2,5,,8,11,5,10,8,10,4,,4,5,5,,,3,6,,14,12,9,,6,,18,18,,,6,5,,,12,9,17,,,2,4,12,11,6,9,6,6,8,2,7,5,7,7,9,8,6,4,6,5,4,13,3,6,,8,8,5,,14,12,10,11,4,4,9,6,6,8,5,9,,,9,5,5,7,6,12,7,3,7,12,10,6,8,8,8,6,6,,,2,3,4,4,8,10,,4,12,11,,14,14,6,,4,6,11,9,7,2,2,6,4,13,4,10,13,8,4,10,,5,4,7,6,7,8,,4,,4,,,,6,6,7,6,3,2,,8,,9,7,6,4,4,4,2,6,7,7,8,5,4,6,6,5,6,10,7,4,5,,6,9,9,10,11,7,10,11,19,16,17,5,7,15,9,,5,20,24,14,14,4,5,7,6,19,11,6,16,6,8,,8,5,5,11,6,6,6,6,10,12,15,,5,1,2,,4,4,5,4,,5,3,1,,5,6,7,9,7,6,5,6,6,7,6,6,2,,10,4,9,17,9,,14,6,4,4,5,5,3,4,7,4,5,8,,3,3,1,,5,4,,17,6,5,5,,5,4,1,8,9,25,12,6,7,11,9,15,14,16,18,13,,2,2,7,9,9,8,8,10,7,13,10,8,5,13,7,4,6,8,2,3,5,5,4,3,4,5,5,10,10,8,12,9,11,10,11,9,11,6,7,5,6,7,14,12,11,16,10,9,8,7,8,22,22,8,4,5,5,,2,6,6,7,7,11,9,12,10,8,6,4,5,6,9,,,5,5,6,,6,8,11,7,8,6,,8,6,8,,,,,7,7,8,8,6,13,10,12,,7,7,11,7,6,7,2,3,10,5,6,,,,,6,7,5,6,7,6,2,,4,5,4,7,8,6,7,8,6,6,6,5,9,10,,10,8,5,4,5,8,4,8,9,,10,6,,7,8,,8,5,5,,6,,9,,8,9,8,20,16,11,5,6,8,6,5,11,2,5,,32,27,5,6,8,6,,5,5,3,2,5,4,,6,7,6,2,16,,4,4,6,,10,9,11,13,11,15,8,,6,11,,9,2,3,2,5,7,6,7,9,,11,4,11,3,6,8,5,7,4,,,10,7,8,13,,2,7,8,13,23,5,9,7,8,6,6,13,6,,2,5,13,8,6,7,4,,4,,4,9,4,5,7,9,18,12,7,5,10,7,4,4,,,10,4,3,6,,9,16,7,14,,4,4,,,2,8,7,5,8,4,4,4,4,6,4,3,9,6,3,,6,3,,8,7,7,9,5,13,6,11,6,5,6,3,2,9,8,16,4,12,6,2,7,9,5,9,12,10,9,8,6,11,5,7,8,5,6,8,6,6,8,2,1,10,14,8,6,24,9,2,,2,6,4,6,8,3,4,,2,11,6,7,5,5,9,2,9,8,8,3,35,6,13,7,2,4,4,,9,16,13,13,20,,17,4,8,4,4,5,6,5,3,6,3,7,4,17,15,6,,6,,6,4,5,9,2,8,8,8,6,9,8,7,6,8,4,8,7,17,7,7,6,6,8,8,5,6,3,4,2,11,9,3,10,4,5,5,2,2,3,2,,2,2,5,3,12,3,10,8,6,6,6,10,12,7,5,11,10,3,4,6,6,5,7,10,4,9,12,4,4,4,8,5,5,10,4,5,4,6,10,6,7,13,6,5,10,11,38,17,8,13,7,6,4,7,5,17,5,,3,3,3,10,13,4,7,5,5,4,5,7,7,8,3,3,2,5,1,7,11,10,8,13,,6,7,6,9,3,6,7,14,5,6,3,4,6,4,7,2,9,3,2,3,4,7,5,7,7,4,4,1,2,1,,1,1,4,7,35,14,9,5,13,14,8,3,7,5,7,6,10,11,7,5,10,,5,15,9,12,3,4,6,11,6,7,7,5,10,,5,22,5,8,3,3,2,3,6,,9,7,11,10,16,4,4,3,4,10,11,,4,,5,2,,6,6,2,6,4,8,6,4,,4,14,22,10,,,6,8,2,7,2,3,4,11,6,2,4,5,4,9,5,9,7,10,7,7,3,1,2,2,7,2,4,4,9,9,10,4,4,7,6,5,8,8,12,2,2,4,5,5,12,3,22,6,7,10,4,8,8,10,12,15,,9,6,1,6,4,8,7,7,7,7,3,6,5,2,11,3,3,6,9,6,7,6,4,,3,2,4,3,4,2,2,2,3,3,2,3,3,9,11,8,6,7,13,10,6,5,3,3,1,3,2,3,6,7,8,6,3,6,6,5,7,6,9,5,8,6,10,8
20210719,19,NO2,11,8,17,7,11,14,17,7,12,13,16,22,,,13,,12,10,23,,18,,38,7,,8,10,,18,19,16,11,12,13,14,,22,29,,28,17,3,3,9,,1,,12,10,9,11,8,11,8,18,16,15,,16,13,10,16,11,15,,8,15,16,,15,16,12,11,11,12,,5,17,12,12,17,,7,15,,17,12,19,,4,13,,,6,9,9,8,20,20,35,,18,19,19,22,30,,25,15,24,8,11,13,11,10,5,12,3,29,23,39,9,14,10,14,11,11,14,12,13,6,,12,23,32,15,18,12,9,14,13,16,17,10,15,,17,16,7,17,20,9,10,16,3,,24,15,16,8,,,15,8,9,12,22,5,,2,5,5,12,,,,16,13,,15,12,8,,,,58,,14,24,12,10,28,20,,13,13,,,,22,17,,20,20,18,5,5,,8,4,7,7,5,6,4,6,,9,,6,8,,15,21,,17,14,16,,13,12,16,17,21,9,9,,,8,10,16,16,6,17,13,,23,,,19,,13,19,,6,5,9,15,16,12,,16,23,18,16,20,10,26,7,22,19,14,10,21,17,18,15,,15,1,,8,2,2,3,11,9,5,,16,14,,28,55,,,16,26,25,25,,18,29,27,17,9,,,11,14,16,10,7,12,27,20,12,20,19,18,,26,12,24,61,64,45,69,31,52,,50,17,18,18,16,7,5,12,17,7,17,6,22,21,,19,16,27,21,18,20,23,20,10,14,12,14,28,12,,3,12,7,9,20,20,14,21,30,20,20,22,,16,39,35,19,20,12,15,25,22,20,21,,,13,14,16,9,12,14,8,12,25,30,11,10,12,15,41,12,21,17,18,28,6,6,12,13,7,19,,22,34,27,16,26,15,23,,,28,26,41,22,26,,24,14,19,26,,,31,10,8,22,11,18,11,12,20,24,9,,13,14,12,17,14,16,10,12,9,4,27,17,,24,22,24,28,17,21,5,,10,22,19,33,,16,6,25,35,,,,27,8,,,,14,13,14,21,5,19,9,,9,14,20,18,9,,12,16,10,11,19,2,,19,8,20,,9,11,16,8,11,15,14,6,16,,9,8,,13,8,9,11,12,17,9,6,5,5,10,8,7,5,,,9,,11,12,9,16,10,,9,16,,,11,8,8,6,,4,4,14,,19,8,6,11,16,28,34,30,15,20,,,,12,,9,7,,10,13,14,28,8,5,2,10,10,16,,5,,,5,,8,7,12,11,11,10,12,8,,17,16,22,22,18,9,5,12,11,9,17,15,36,10,10,3,8,9,11,14,,17,10,15,,6,7,,9,9,8,7,8,,23,6,,,10,11,,18,,23,14,14,20,7,2,,10,4,,8,15,,11,,19,18,14,,24,17,37,27,24,,12,14,36,37,33,15,4,17,18,11,18,4,22,6,27,29,7,6,27,10,14,8,14,13,16,23,22,13,30,7,16,7,6,,6,21,23,22,18,16,11,13,7,13,8,16,22,22,,17,,16,,10,11,8,7,2,,16,15,1,,13,,10,11,7,9,9,12,12,,,,12,,11,,10,3,,,28,26,12,7,9,,6,,28,10,10,21,16,10,,13,12,13,9,6,6,,8,,,5,6,,5,,12,14,,12,14,12,6,10,19,69,54,44,27,27,7,4,7,12,12,,16,14,11,11,12,,8,,30,11,20,18,28,35,,,,,1,10,,10,19,15,11,9,13,14,20,18,19,13,24,20,20,17,,15,,4,5,14,,8,6,,11,5,8,14,13,17,6,5,14,6,,5,9,,9,3,7,14,12,18,11,13,19,,11,7,5,9,5,7,14,15,15,,11,,,4,4,18,19,6,,,,,,9,11,11,,,11,,5,,,8,,10,16,27,24,23,20,19,24,21,,8,19,25,23,25,9,7,17,14,14,9,6,4,,20,18,,22,19,10,14,,,10,8,6,8,,11,7,12,6,,,12,17,19,19,18,,13,7,8,7,10,8,12,,14,14,10,,,8,12,,17,15,12,,13,,6,13,,,13,9,,,13,12,19,,,9,9,4,7,8,8,6,6,11,6,10,6,39,50,47,19,3,10,13,9,9,4,17,5,,21,4,12,,9,16,20,15,11,5,8,10,15,10,10,17,,,28,9,8,14,17,10,12,9,10,10,12,5,21,14,23,33,14,,,15,15,9,9,9,13,,9,7,8,,38,6,20,,5,19,14,17,6,12,2,8,34,43,37,65,13,22,27,13,,18,10,5,4,20,24,,9,,8,,,,26,33,8,20,4,7,,25,,24,18,25,9,8,7,14,7,8,7,10,6,3,12,6,6,30,28,30,22,12,,7,14,20,21,20,21,3,11,10,17,8,1,8,20,3,,15,15,9,10,17,13,20,26,42,36,7,7,10,13,9,,10,12,12,13,13,17,18,14,2,2,10,,21,11,,,40,11,12,24,,32,12,16,,5,16,17,16,17,12,8,11,7,10,7,8,9,,13,13,12,17,12,,10,5,4,19,17,11,10,8,6,11,20,21,,17,21,10,,16,17,,16,2,5,4,,14,8,8,5,8,16,10,21,12,14,22,,,,8,8,,7,14,8,6,8,12,7,6,11,,8,7,9,23,5,5,,3,1,2,14,14,12,24,2,4,8,22,25,28,15,24,24,38,12,10,19,6,20,17,21,10,19,15,12,16,12,12,7,11,17,14,12,13,6,5,7,,12,8,11,10,11,14,12,6,24,7,10,8,5,6,8,,,5,23,14,,15,23,9,15,21,12,,12,10,2,,,,,9,13,12,10,13,8,5,9,,3,6,14,10,11,12,5,17,29,26,,,,,,20,,21,11,23,22,24,,2,7,8,3,5,6,5,6,12,9,8,10,5,9,,5,5,11,13,16,15,10,10,12,,8,13,,7,3,,8,19,13,,16,,12,,7,5,,4,5,6,5,7,12,7,,6,8,11,,18,14,4,10,10,11,,17,14,11,13,18,15,,8,7,12,6,4,,17,8,11,,12,6,17,9,6,8,6,,8,10,,15,16,6,7,14,16,11,8,6,,9,6,4,8,3,1,8,10,5,,,10,5,12,12,,12,12,11,7,16,16,,20,5,9,11,20,11,,12,14,9,24,9,14,12,,14,,5,19,,11,10,11,11,13,,12,19,15,12,4,,,12,9,17,8,,16,10,6,26,,3,4,,,12,25,24,7,15,8,10,54,14,17,17,24,,15,16,,20,9,,23,8,9,5,7,14,28,4,6,7,22,28,5,16,11,25,17,11,13,7,10,13,8,29,8,7,4,5,16,8,14,7,32,8,4,6,11,13,12,13,14,12,8,14,,16,13,5,,7,16,14,27,6,22,29,,16,14,7,13,24,3,3,13,16,11,5,23,27,17,6,6,6,12,22,,7,20,9,5,5,,7,27,14,18,15,15,18,12,17,6,7,8,7,10,8,24,,11,,11,4,4,13,5,8,20,20,12,13,26,16,13,16,13,5,,14,10,14,12,10,9,8,15,10,,16,10,18,10,3,19,7,11,8,8,9,9,10,,11,5,8,5,6,40,18,14,16,10,18,5,28,36,5,20,12,34,28,10,14,3,7,18,12,6,20,14,12,7,14,18,10,11,16,21,20,40,6,13,8,11,9,16,11,16,14,10,16,21,13,20,28,9,9,5,15,,13,3,9,12,14,13,10,15,6,7,14,17,27,17,6,8,5,9,3,16,14,8,11,10,,12,5,8,10,8,9,25,8,9,4,18,12,16,18,9,8,8,7,20,30,4,9,,18,10,16,10,12,11,10,,10,2,13,15,8,16,19,7,19,22,10,6,6,4,13,6,5,13,17,9,5,,9,15,6,9,6,6,6,16,15,8,6,5,8,,7,6,12,14,1,10,12,9,8,,11,13,13,16,22,11,4,12,9,15,11,,11,,5,13,,2,14,12,17,28,10,27,15,,13,7,12,4,,,11,7,12,8,8,18,41,12,22,9,12,12,7,16,16,21,7,6,11,12,6,10,38,15,9,13,6,12,17,16,22,16,3,11,11,8,10,5,4,1,11,26,4,18,13,16,13,12,18,10,20,13,15,16,18,23,,21,7,11,9,29,7,6,10,9,7,14,6,11,12,16,12,8,9,6,4,17,24,23,,5,3,3,6,8,18,9,6,17,4,10,4,7,22,7,12,22,14,12,11,13,11,12,29,7,7,11,9,6,9,5,7,14,13,21,13,29,12,20,8,2,11,9,7
20210719,19,NO2_24h,13,8,23,11,15,20,24,9,11,12,20,20,,,20,,20,18,27,,27,,35,8,,8,11,,34,24,16,21,18,21,10,,17,22,,23,17,3,13,13,,12,,8,11,7,16,16,16,16,21,22,12,,12,10,13,24,18,20,,11,25,22,,30,13,15,12,16,16,,5,13,11,9,26,,11,26,25,23,20,18,,14,17,,,16,17,18,15,16,24,22,,14,16,19,16,19,,16,14,18,6,8,7,10,10,6,18,3,27,23,33,16,19,13,16,20,16,30,18,16,9,,17,27,29,20,24,15,20,26,12,15,14,9,14,,16,18,10,16,19,24,24,28,19,22,19,31,15,9,,6,15,8,11,12,17,7,27,2,4,7,10,,,,13,10,,7,13,8,,,,25,,13,22,10,10,19,16,,12,20,,,,19,20,,20,22,21,6,9,,8,4,7,6,6,3,5,7,,8,,4,3,,16,18,,23,15,22,,20,18,11,18,28,8,20,,,9,10,12,21,10,16,17,,11,,,18,,17,17,,9,4,7,9,13,13,,13,16,18,16,20,13,15,10,25,23,19,17,23,26,24,28,16,21,2,,10,3,4,3,7,13,8,25,21,14,,27,25,,,13,15,19,24,,18,20,17,13,7,,,7,9,7,9,9,14,18,18,11,12,18,14,,18,8,12,32,28,26,30,23,40,,25,9,22,22,24,10,12,13,22,12,21,10,30,22,,24,30,24,23,26,19,30,17,9,16,12,13,24,15,,4,13,9,11,15,17,11,14,22,22,22,24,,24,33,30,15,20,14,14,24,21,20,20,,,14,16,19,10,9,13,6,13,29,35,17,17,23,18,25,18,18,21,23,20,10,7,13,12,8,10,,22,25,18,21,32,22,16,,,28,30,35,23,20,,27,31,34,33,,,29,10,15,27,25,21,19,30,28,26,20,,13,10,10,13,10,13,10,11,12,8,15,14,18,17,29,15,24,14,18,18,,12,13,24,19,,25,12,39,40,,,,28,8,,,,22,22,45,46,47,55,37,,35,20,15,23,14,21,12,18,12,11,13,3,7,24,7,31,,21,28,29,22,16,19,15,13,18,,12,11,14,7,7,10,10,12,11,9,7,6,5,11,7,6,8,5,,14,,8,8,11,13,10,,12,16,,,10,13,12,18,,8,11,14,,12,4,7,12,10,15,14,13,15,17,,,,8,,8,10,,11,11,11,18,5,4,2,15,15,20,,8,,,6,,7,11,16,10,9,7,10,6,,14,16,15,15,24,11,10,11,10,15,11,18,19,6,8,5,17,13,14,12,,13,13,14,,9,9,,7,10,12,10,11,,27,9,,,14,13,,21,,18,13,16,19,6,2,,12,3,,14,18,,13,,16,15,13,,15,15,16,19,11,,6,8,12,16,17,7,2,15,19,7,15,5,18,10,27,32,11,10,13,15,15,9,14,12,17,18,17,12,17,8,14,5,10,,8,13,14,16,14,10,8,9,8,7,6,15,21,28,,21,19,20,,13,12,18,12,4,,17,12,2,,9,,7,10,5,7,6,7,7,,,,12,,11,,5,3,2,,16,14,10,8,13,,9,,14,16,11,13,14,10,,12,25,11,9,9,10,,10,,,4,11,8,8,,13,20,19,15,11,9,5,15,14,22,21,20,20,20,10,9,8,10,17,14,19,23,23,23,18,,19,11,30,18,12,17,18,18,,,,,6,15,,17,13,13,11,11,12,17,20,20,24,19,18,16,14,19,15,15,,9,9,19,,22,14,,16,9,12,15,14,16,9,9,14,15,13,11,11,,12,13,13,19,19,16,24,16,20,,16,23,12,13,9,8,17,17,17,,8,,,5,5,15,16,8,,,,,,10,10,9,,,8,,9,,,10,,11,14,19,18,19,15,15,21,19,,13,18,21,20,23,6,3,15,13,12,11,10,4,,27,13,,16,15,11,17,,,12,8,6,7,11,6,4,11,4,,,19,15,16,17,14,,11,13,19,12,16,14,11,,14,13,12,,,13,13,,12,16,22,,21,,15,19,,,12,9,,,20,12,15,,,5,7,9,10,6,7,5,8,9,6,9,9,6,10,13,7,8,17,18,16,6,4,10,8,,18,9,14,,6,13,15,12,9,5,6,5,9,7,7,22,,,33,8,10,10,10,13,8,15,7,11,12,5,19,12,29,21,13,,,12,13,7,7,6,11,,8,16,15,,16,8,14,,7,10,9,10,5,9,2,6,24,29,34,43,22,15,20,15,,14,11,7,3,23,23,,9,,11,,,,11,15,6,17,3,5,,17,,19,20,19,7,7,8,7,7,17,11,19,8,2,7,7,5,19,24,20,17,8,,10,5,11,8,12,9,4,9,19,14,15,7,9,17,3,,10,15,12,15,14,8,11,12,12,11,6,6,7,10,11,,12,15,12,12,16,16,13,14,13,13,19,,11,7,6,,15,8,10,10,,12,7,14,,4,12,13,9,11,8,7,8,8,8,9,6,7,,9,9,8,28,16,,13,9,4,18,8,10,11,8,12,16,18,16,,11,8,9,,12,11,,14,2,6,6,,8,5,8,4,5,12,11,19,12,11,12,8,10,15,14,14,,14,12,18,11,15,16,14,13,22,8,9,9,9,16,5,8,3,6,7,7,12,6,20,9,4,3,3,18,27,20,19,16,14,17,16,15,18,18,20,16,13,9,11,13,11,16,12,15,9,16,23,19,19,7,8,6,14,,14,11,12,11,20,15,15,12,17,11,12,12,9,5,16,,,6,12,8,,11,11,8,8,16,14,,19,9,12,,,,,9,8,12,18,15,11,5,9,,26,11,9,9,11,16,7,13,22,19,18,,,,,13,11,13,15,18,19,21,,6,6,7,11,15,9,7,8,8,11,11,12,11,12,,6,7,9,10,7,14,16,8,14,,5,8,,8,9,,8,20,8,,7,,8,,6,5,8,14,18,18,7,11,14,11,4,8,8,9,,20,17,3,14,8,26,,14,13,22,22,18,14,,8,9,19,13,14,,23,15,14,,15,4,14,18,9,8,11,,10,22,,22,18,9,11,18,23,10,8,5,,34,13,15,12,10,5,12,11,8,,,30,25,27,9,,10,39,36,26,30,12,4,25,11,11,16,22,11,,23,24,13,20,11,14,12,,11,,6,19,27,11,21,16,14,19,11,13,18,6,13,7,,,21,17,7,13,,22,16,27,12,,2,5,,,11,25,25,7,15,6,8,23,5,23,10,29,14,15,19,,25,11,,20,10,14,11,6,13,13,11,7,9,14,24,7,22,9,25,21,9,14,6,12,14,8,12,12,11,9,10,12,32,15,7,35,8,9,9,8,9,8,5,11,12,12,14,19,20,14,5,,6,15,11,22,8,13,13,,31,29,6,15,12,2,5,17,17,18,24,12,16,19,9,7,8,18,15,,10,37,23,26,12,,12,18,15,16,14,13,16,16,15,7,7,11,25,16,12,11,,8,,9,5,4,11,5,10,25,30,24,25,27,16,13,18,11,8,26,24,7,9,12,14,11,11,6,13,21,19,13,23,8,2,19,5,11,15,5,7,11,10,,11,5,8,7,8,17,12,9,13,13,15,9,18,19,3,23,18,31,20,11,16,7,6,24,13,12,19,13,11,6,13,14,10,15,13,12,12,13,9,10,13,11,10,7,15,15,21,14,13,16,12,10,15,8,9,9,17,,9,7,10,30,17,25,14,16,5,4,19,15,20,15,6,12,6,10,2,17,54,16,31,29,,18,8,9,11,12,12,28,12,14,5,18,15,14,11,15,8,11,17,21,26,5,11,22,12,10,12,20,6,12,6,,11,2,8,11,16,10,18,8,19,26,14,13,15,13,16,11,11,14,13,9,8,,11,13,5,12,9,4,13,20,19,10,12,9,16,,12,10,20,21,3,6,9,7,18,,13,13,13,16,22,9,7,13,10,13,9,,13,,13,6,,5,20,11,16,23,16,14,15,,13,11,12,4,,,6,12,28,13,22,14,24,15,19,8,7,17,18,23,36,33,17,14,23,25,3,8,31,9,14,6,7,13,24,7,17,8,10,17,18,14,16,11,36,9,12,13,14,20,17,11,19,7,13,12,17,15,16,23,20,30,,20,6,9,6,17,15,13,11,7,14,25,10,13,8,20,21,18,13,15,9,25,14,13,,3,3,6,7,12,15,4,10,18,10,15,6,14,17,8,19,17,28,18,16,11,12,13,21,8,6,12,14,14,22,5,9,9,11,24,11,25,13,17,7,6,16,23,12
20210719,19,O3,108,132,128,124,122,118,111,115,122,144,109,102,,,93,,105,110,90,,104,,57,86,,78,112,,116,99,,89,77,109,117,,79,66,,74,68,93,108,110,,112,,113,115,107,106,110,98,95,100,108,103,,100,104,112,73,82,82,,64,131,124,,134,113,118,106,80,76,,103,103,98,94,92,,80,86,,95,92,46,,148,137,,,149,147,134,138,63,66,59,,49,82,94,74,73,,74,77,57,71,69,78,84,72,72,79,67,79,88,67,93,85,90,63,82,82,104,138,121,108,,125,120,103,122,115,123,123,126,31,32,27,33,50,,37,32,36,34,127,140,140,128,133,137,123,136,157,57,,,72,55,68,57,58,50,40,42,36,45,62,,,,84,90,,86,97,92,,,,108,,114,111,122,117,80,116,,101,144,,,,145,118,,174,164,191,74,76,,81,92,97,95,90,78,85,76,,,,,85,,87,106,,88,90,85,,85,85,85,100,15,34,30,,,,27,24,,34,34,32,,95,,,111,,62,55,,30,42,27,25,24,27,,76,59,115,112,103,91,81,65,89,101,105,115,109,104,89,92,,102,48,,39,55,48,30,65,61,60,,74,57,,55,25,,,55,152,155,134,,138,155,145,172,68,,,57,58,52,71,71,59,60,70,69,69,79,64,,53,60,96,66,53,90,32,102,48,,69,112,118,189,107,164,126,166,120,130,129,111,46,40,,43,44,38,60,52,38,43,52,38,42,35,30,21,39,,43,45,46,39,29,37,32,32,34,40,40,29,,44,35,18,26,28,34,36,33,31,32,29,,,38,40,36,45,39,37,48,48,34,39,39,43,129,106,91,132,120,119,117,110,80,82,61,66,74,152,,,156,198,148,148,124,,,,,165,142,149,105,,190,148,158,128,,,184,134,87,73,87,98,95,87,86,87,78,,65,62,70,77,81,76,77,78,76,88,60,72,,68,66,68,65,82,77,92,,83,55,73,,,156,162,147,132,,,,154,181,,,,185,187,139,132,140,134,139,,142,118,112,129,126,,137,107,102,133,122,95,,101,118,,,148,149,,144,173,169,182,175,164,,86,94,97,81,89,91,90,101,82,96,82,77,78,74,47,45,47,46,,108,,,94,84,86,128,,129,124,,,112,111,114,124,,106,122,112,,103,116,106,112,124,77,63,63,93,70,,,,107,,98,136,,142,146,135,128,71,71,76,56,79,61,,98,,,48,,42,48,39,60,64,57,67,65,,72,67,65,66,67,81,72,54,63,73,52,37,15,31,28,35,58,56,58,42,,48,54,,,63,62,,59,64,64,60,51,,41,52,,,116,136,,82,,109,99,111,110,64,65,,66,67,,79,76,,84,,85,87,86,,82,72,68,82,76,,42,35,41,28,23,53,15,74,96,73,72,82,65,68,45,40,72,53,32,92,80,,84,84,113,70,86,82,75,54,79,71,92,,93,33,25,46,18,20,101,103,113,100,109,77,87,99,,151,,152,,156,86,86,83,90,,79,64,82,,74,,86,85,86,76,114,114,117,,,,77,,104,,98,98,,,66,59,72,67,65,,75,,117,124,155,118,115,114,,114,,138,115,117,129,,62,,,95,100,93,62,,79,86,88,82,52,107,81,93,78,54,53,62,63,74,64,64,117,111,116,115,138,138,138,136,138,,153,185,136,141,63,113,95,54,,,,,112,105,,98,97,100,114,100,105,98,56,61,44,,41,65,58,77,,87,,88,88,90,,90,90,,76,116,120,123,114,121,121,128,120,90,94,97,88,,143,143,121,167,174,129,154,128,136,,125,113,106,99,112,102,97,126,126,,56,,,70,70,58,65,74,,,,,,74,64,87,,,63,,71,,,69,,61,55,45,38,38,36,46,49,34,,,130,88,102,79,148,161,141,142,110,142,46,38,,104,87,,83,99,75,79,,,109,76,61,74,72,72,70,69,78,,,61,63,64,68,,,68,93,106,102,108,102,79,,81,72,86,,,82,70,,93,91,86,,85,,155,152,,,87,63,,,158,181,116,,,66,77,106,102,190,190,190,96,89,94,90,89,36,22,35,39,127,124,115,89,74,83,62,72,,139,148,90,,59,51,38,52,102,111,86,76,32,41,37,56,,,48,103,97,91,77,62,73,50,43,70,71,55,62,83,54,51,56,,,90,104,101,109,95,104,,46,133,138,,,132,135,,133,131,159,154,93,,101,94,34,34,29,21,,49,48,69,,81,68,60,36,185,202,,130,,125,,,,66,61,81,68,109,102,,50,,63,53,56,53,59,54,45,58,77,86,78,77,89,78,78,80,50,56,56,78,44,,45,49,51,50,49,45,48,82,85,77,85,76,64,48,61,,97,95,102,122,99,50,43,50,39,44,55,55,51,49,78,,71,77,74,64,72,68,63,73,71,68,77,,53,85,,,33,83,82,,,80,93,82,,91,71,87,81,82,58,59,62,67,63,113,112,119,,59,58,68,89,97,,100,110,81,72,61,81,91,85,81,85,89,80,,71,75,77,,,80,,98,100,97,94,,76,74,69,62,60,67,76,70,78,80,57,,,,95,93,,73,74,76,78,58,61,63,58,62,,88,70,77,77,54,75,87,76,85,40,38,68,70,50,23,69,62,28,23,24,28,56,,49,95,98,89,101,104,100,88,64,58,58,98,97,60,54,69,,99,126,127,96,119,86,84,,96,129,98,105,97,106,102,111,93,121,123,127,144,153,130,,,105,85,84,,85,68,59,62,72,84,,164,149,145,,,,,112,112,106,101,107,109,76,99,,113,118,103,103,106,112,57,64,48,60,,,,,,54,66,79,92,50,53,58,,85,143,,119,117,126,123,134,30,37,86,92,87,85,,49,56,48,46,14,18,133,120,84,,111,94,,118,104,,60,58,66,,76,,103,,74,67,114,120,122,118,133,136,135,140,,90,80,88,,115,119,88,128,118,157,,86,107,119,113,103,105,,99,94,134,134,133,,148,162,122,,120,208,118,140,112,122,140,,153,162,,152,114,130,127,131,120,122,116,144,,153,118,116,108,106,113,130,138,134,,,114,113,125,88,,109,117,116,172,154,50,,43,93,87,98,92,81,,90,129,150,178,25,64,129,,136,,102,128,,96,52,46,111,114,158,80,63,84,115,82,,,133,54,92,102,,185,188,178,81,,93,111,,,69,116,112,69,89,103,61,23,62,118,70,170,,149,79,,97,53,,38,60,135,124,134,121,43,106,50,71,76,32,55,111,92,167,71,85,109,68,106,110,120,40,77,82,81,79,79,157,109,102,142,92,136,138,77,64,69,116,94,119,110,75,76,143,97,99,,118,66,107,57,125,53,46,,84,147,,91,68,87,108,121,,112,162,69,41,201,96,,93,52,55,,95,139,143,150,151,,115,26,38,30,49,34,36,38,29,41,129,118,152,150,133,58,,103,,75,50,78,119,57,46,54,48,52,46,34,37,41,42,41,56,,44,44,52,46,52,43,62,68,120,,109,116,104,160,102,188,99,55,58,92,95,87,91,,83,85,75,78,86,44,79,126,72,89,60,110,106,72,74,70,118,170,199,146,126,149,68,119,126,91,66,93,76,79,122,116,105,66,72,61,61,52,126,85,82,89,78,82,135,85,89,108,,73,56,63,84,87,93,73,66,,106,118,112,149,115,136,178,151,55,87,192,121,130,149,71,44,75,69,65,171,142,144,127,177,,46,67,54,43,39,53,27,65,39,53,55,32,39,96,101,124,101,89,102,73,107,87,67,91,131,122,57,71,96,86,,90,104,81,71,56,108,38,40,137,56,132,138,115,144,115,134,133,129,155,93,75,,139,129,137,142,70,78,,104,125,120,123,101,176,,129,168,115,98,42,52,49,45,60,,68,66,69,124,59,90,82,73,70,61,57,,38,,,85,,55,51,60,65,109,135,90,34,,28,123,118,111,,,62,116,90,95,97,81,67,92,78,100,90,111,98,110,120,116,118,123,126,140,73,77,103,96,94,84,86,63,144,163,113,58,87,72,94,76,142,139,146,,100,60,88,82,82,64,144,39,29,67,33,40,36,64,154,152,,142,91,88,87,58,118,110,63,58,109,,99,126,140,154,94,85,135,71,90,94,107,67,,84,39,75,131,78,,111,76,123,93,110,94,114,106,90,134,145,155,83,69,73,73,83,71,133,122,97,132,140,149,155,,110,84,49,91,41,31,119,151,110,65,135,93
20210719,19,O3_24h,127,134,141,141,132,137,140,137,136,153,131,151,,,139,,163,158,146,,153,,116,177,,148,166,,139,143,111,138,137,157,117,,149,128,,126,127,96,127,122,,120,,132,126,119,135,136,148,132,132,136,126,,132,133,126,81,96,88,,95,134,134,,138,153,158,148,157,123,,104,121,112,105,108,,115,100,100,110,97,104,,150,137,,,160,156,144,141,108,114,116,,108,130,143,121,127,,145,100,90,108,93,106,108,111,91,100,92,103,102,99,103,95,110,100,98,98,104,146,146,126,,146,154,137,143,131,135,134,141,82,80,84,78,82,,86,76,86,83,161,156,164,149,154,154,138,150,190,104,,122,113,111,112,108,113,136,131,132,115,140,96,,,,103,144,,114,114,110,,,,174,,147,142,146,148,118,135,,146,185,,,,174,178,,189,189,209,124,132,,136,110,117,112,112,105,103,96,,121,,108,96,,171,160,,162,154,177,,181,164,148,133,61,89,74,,,91,80,80,86,89,77,90,,101,,,140,,143,142,,77,83,76,71,64,68,,114,122,143,151,148,100,98,104,152,170,156,170,164,142,145,144,62,156,80,,80,75,77,57,114,126,130,106,106,120,,104,102,,,104,179,201,173,,182,212,191,233,88,,,81,81,87,91,84,90,76,72,77,81,79,73,,60,77,109,104,114,107,104,105,83,,127,134,197,198,196,193,150,197,181,164,162,155,74,73,,80,71,88,77,78,71,76,82,41,43,39,32,35,54,,53,54,52,49,38,49,41,44,63,83,80,77,,125,75,75,58,61,49,54,87,93,87,85,,,83,83,67,58,52,53,57,55,117,116,132,130,184,186,193,179,159,176,168,154,99,91,78,85,89,152,,149,162,198,172,177,166,179,,,169,173,176,168,150,,240,203,246,183,,,239,158,100,93,96,111,95,89,98,99,94,,78,73,91,97,94,86,105,106,102,104,112,106,105,93,76,93,94,110,113,128,,96,86,82,88,,228,164,202,191,,,,192,204,,,,197,208,167,160,151,159,209,,144,196,215,226,164,43,139,172,119,133,143,98,114,196,148,164,,157,164,171,152,180,181,186,175,176,,104,112,110,90,89,92,95,119,104,102,96,99,99,102,107,110,101,95,,108,,98,111,113,104,161,,162,147,,,132,136,130,186,,114,124,122,,125,132,121,119,144,105,96,98,102,117,,,,139,,133,139,,144,172,174,162,83,84,96,83,121,87,,128,,,100,,108,96,101,74,80,85,93,83,,116,104,114,108,113,111,95,87,106,102,77,78,78,64,53,60,71,70,68,57,,58,90,82,,108,106,,114,116,114,101,94,,96,86,,,134,159,,125,,130,135,131,132,78,79,,77,81,,113,110,,122,,104,108,103,,108,97,103,102,105,,86,84,90,89,86,86,68,145,153,143,132,131,125,99,81,68,96,97,83,110,101,107,109,105,117,116,116,120,120,95,88,82,95,,99,88,90,95,92,80,116,105,113,100,109,158,172,151,,155,152,155,,156,104,116,100,103,,119,92,99,,74,,86,85,86,76,124,131,128,,,,87,,104,,104,100,86,,89,79,85,74,74,,79,,147,145,164,152,157,141,,114,109,138,151,120,145,,108,,,104,103,102,77,,94,105,122,107,90,107,85,102,141,142,126,141,123,143,76,70,143,156,151,126,138,147,138,150,163,,176,205,172,171,113,131,148,101,,,,,205,169,,151,113,140,151,139,120,117,126,110,108,111,125,77,86,106,119,122,,96,96,120,,113,124,,122,136,150,137,126,139,141,143,136,106,117,124,114,,143,143,142,206,193,165,154,128,136,,132,114,124,108,118,136,127,164,164,,81,,,90,90,89,102,91,,,,,,92,81,124,,,93,,84,,,142,,121,122,124,142,152,150,142,143,119,,189,164,184,191,183,165,172,162,161,115,146,93,79,,104,126,,142,133,113,100,,,151,85,83,80,79,89,89,92,107,,,182,77,75,78,77,,80,98,114,111,118,112,88,,87,86,89,,,85,86,,110,105,100,,103,,185,179,,,98,66,,,199,202,155,,,86,91,109,108,190,190,190,105,98,101,100,97,91,98,79,107,153,152,135,116,79,85,71,74,,152,161,99,,93,92,90,112,114,127,110,90,91,79,98,86,,,103,130,126,133,190,118,112,109,96,106,115,91,151,122,118,132,122,,,120,104,101,109,151,151,,98,136,151,,140,141,150,,154,169,159,157,149,97,110,99,136,159,146,172,95,136,134,113,,146,115,104,82,191,210,,154,,151,,,,111,106,115,113,122,114,,129,,132,135,136,83,88,80,75,82,99,108,104,101,102,93,91,95,112,118,136,141,94,,86,81,85,94,86,84,84,131,124,116,120,102,90,89,89,,107,121,137,137,124,116,114,117,120,129,106,110,109,108,105,,103,108,103,104,107,107,107,107,80,77,109,,83,98,92,,86,86,88,112,,133,128,89,,93,102,109,97,110,82,79,85,82,88,135,129,135,,83,87,96,107,121,,118,129,90,106,108,128,102,104,92,93,123,120,,119,131,120,,108,113,,127,101,106,94,,96,93,93,94,91,156,122,117,114,129,129,55,70,67,147,128,,139,147,157,136,110,115,99,93,89,140,118,131,122,123,69,82,104,86,86,100,89,107,133,100,80,81,80,115,92,110,110,78,86,81,108,122,113,142,150,158,160,120,105,96,137,140,119,124,86,118,107,139,140,103,119,122,134,,140,133,120,128,119,198,198,201,173,121,129,137,144,156,143,,,115,118,116,,112,129,120,114,125,102,,169,156,155,,,,,154,146,139,147,150,122,110,118,,120,160,170,156,155,146,87,70,77,74,82,,,,,106,89,100,96,70,70,94,,92,143,141,122,123,128,124,134,75,77,95,101,92,94,,68,67,57,57,39,46,140,141,99,,115,99,,125,119,,74,72,93,,111,,122,,77,70,122,126,128,120,138,139,143,151,104,106,102,93,,146,147,127,176,150,159,,128,138,134,133,132,139,,113,104,144,143,146,,155,167,146,,142,215,146,145,122,128,157,,162,172,,172,134,141,139,134,124,151,148,144,,153,129,121,125,124,113,130,138,134,,,126,119,133,95,,109,126,124,172,177,144,81,72,144,176,146,149,89,,101,129,191,204,79,147,155,,159,,139,150,251,107,75,79,130,126,175,147,119,119,155,99,,,142,186,111,161,,203,205,193,124,,104,159,,,89,186,170,81,107,126,79,74,157,158,106,170,101,176,113,,140,126,,78,110,173,159,145,141,82,130,69,78,93,99,72,148,95,207,95,105,114,70,106,122,148,86,80,82,86,82,106,159,136,115,151,93,162,148,110,112,110,127,100,132,130,104,108,176,134,99,,135,128,133,86,136,100,105,,94,210,112,138,94,100,120,168,200,141,162,91,85,206,112,93,102,174,127,,101,218,171,181,177,,126,91,94,89,92,78,89,86,79,88,135,130,165,187,156,105,,125,,131,108,92,169,110,69,78,69,72,78,64,64,44,43,51,56,35,112,54,79,56,78,81,110,110,153,127,169,167,183,168,114,188,118,138,146,101,98,87,94,,83,85,103,102,116,94,115,131,91,113,103,114,110,128,93,105,128,247,222,197,184,149,88,175,137,114,97,135,97,102,161,156,137,74,89,82,99,117,146,108,93,121,116,97,156,138,127,124,154,137,128,112,116,107,107,85,110,,147,127,127,162,150,136,190,174,123,102,219,154,172,162,127,127,107,122,92,196,188,205,135,177,,67,78,58,68,49,53,74,101,128,59,67,50,86,109,149,131,132,139,136,136,118,132,165,153,159,146,132,77,104,89,,96,119,92,108,116,110,93,85,183,87,138,187,167,144,151,136,147,225,194,108,98,,143,177,174,152,92,87,152,147,144,126,145,140,185,,139,198,139,118,62,143,108,113,177,,115,107,117,154,111,98,107,90,98,75,67,,86,,143,121,,107,75,78,76,162,142,111,78,,86,135,131,128,,,77,127,150,137,109,142,136,126,141,118,111,150,162,121,120,116,134,138,149,144,73,77,107,96,94,104,86,79,148,163,122,80,102,90,117,81,155,140,165,114,120,103,137,104,93,77,173,133,40,77,86,79,84,110,174,184,,154,103,88,87,99,164,184,77,81,224,158,134,156,164,170,129,110,154,111,105,186,107,125,,92,98,85,135,79,122,125,84,135,130,128,117,114,138,108,142,190,169,135,93,103,110,136,145,134,131,117,132,146,152,167,118,124,99,115,102,102,88,142,164,120,96,137,128
20210719,19,O3_8h,108,112,120,115,110,111,105,112,104,121,106,116,,,108,,119,127,108,,116,,91,130,,114,140,,114,115,91,107,102,120,96,,111,101,,102,99,89,109,112,,109,,116,114,104,122,123,124,119,119,119,116,,119,122,120,73,87,79,,82,119,107,,113,136,136,127,110,92,,99,105,102,94,93,,95,89,82,93,89,80,,144,132,,,148,144,138,136,95,90,89,,90,110,114,99,105,,120,88,67,81,80,86,95,82,79,84,76,94,96,89,101,89,104,91,94,94,100,142,132,121,,137,136,125,135,125,130,130,136,62,60,56,59,60,,66,46,58,52,134,132,136,130,129,142,118,134,155,88,,113,103,99,98,96,101,97,93,96,79,100,80,,,,95,105,,103,108,104,,,,158,,132,131,133,134,106,128,,128,165,,,,157,160,,173,171,190,109,114,,119,100,105,101,98,94,96,88,,95,,104,92,,129,131,,129,126,131,,136,135,122,110,40,62,54,,,56,51,56,75,61,56,69,,90,,,128,,114,113,,59,51,47,37,27,33,,101,98,127,132,124,90,91,89,134,133,136,146,146,125,122,128,,140,65,,56,66,64,46,99,89,84,82,87,89,,74,71,,,78,152,179,149,,154,178,154,194,77,,,73,73,72,82,76,78,51,52,53,55,53,51,,40,57,88,87,86,88,68,94,70,,98,113,169,165,153,173,136,170,149,145,143,139,54,59,,62,58,65,68,63,56,51,70,36,36,31,28,24,42,,47,48,47,40,30,33,35,33,46,49,52,46,,47,56,42,38,42,37,41,56,57,54,54,,,60,60,49,49,43,43,49,49,57,63,68,62,150,144,151,137,125,148,128,128,84,82,68,72,81,118,,120,132,153,136,141,130,143,,,129,132,128,137,121,,205,179,183,152,,,203,142,95,82,90,102,86,83,91,90,87,,70,62,74,78,81,74,84,85,75,89,76,71,83,69,60,73,74,81,92,96,,85,73,67,72,,194,157,166,155,,,,168,180,,,,182,189,131,119,125,129,154,,132,168,158,184,146,,130,143,110,128,132,90,102,165,124,156,,149,151,161,144,168,168,171,161,165,,92,98,98,84,78,75,90,102,91,94,90,91,90,90,81,80,74,73,,106,,94,106,104,96,142,,142,135,,,123,126,121,132,,104,120,116,,117,120,112,110,131,92,86,86,94,96,,,,126,,111,128,,135,159,156,145,78,78,86,72,93,75,,108,,,78,,75,75,71,68,74,72,76,76,,95,83,90,86,91,91,84,75,90,90,65,60,55,51,45,50,66,64,62,47,,48,75,68,,87,85,,81,85,86,75,74,,64,54,,,112,137,,111,,119,113,123,122,68,68,,66,70,,95,90,,99,,96,96,93,,97,85,92,93,92,,69,66,71,69,66,72,46,113,126,110,107,109,99,82,62,46,81,77,65,100,92,98,97,95,112,99,107,106,105,77,80,77,91,,95,61,55,63,56,51,102,99,99,90,102,125,136,128,,144,145,146,,134,92,99,86,94,,102,78,86,,52,,59,56,63,58,104,108,106,,,,74,,88,,82,79,,,70,62,67,68,68,,75,,124,128,130,131,138,121,,110,101,122,138,116,128,,85,,,95,94,90,69,,89,99,109,99,63,95,79,87,104,86,87,95,84,102,70,65,108,108,121,105,118,124,119,132,133,,146,164,140,146,79,104,102,74,,,,,121,128,,130,97,114,130,113,102,108,82,82,69,85,76,69,74,92,101,101,,82,87,91,,97,99,,78,101,126,123,112,123,115,124,123,92,104,108,100,,130,131,125,189,178,153,154,115,123,,119,106,98,85,104,118,112,141,141,,68,,,78,78,79,90,83,,,,,,86,75,107,,,70,,72,,,116,,103,101,98,108,113,109,111,114,72,,161,148,149,159,148,150,153,144,142,110,138,70,60,,94,113,,99,112,93,89,,,127,74,72,71,68,80,77,82,92,,,139,69,70,70,71,,70,88,110,107,113,107,84,,82,78,83,,,80,74,,97,92,92,,91,,168,166,,,93,60,,,176,185,136,,,77,82,104,103,183,182,179,98,93,95,93,88,72,76,64,78,128,130,109,104,73,79,67,71,,140,140,94,,82,78,71,85,111,114,99,82,59,58,64,74,,,78,114,110,115,132,77,80,64,75,85,84,82,109,97,82,90,89,,,105,75,76,86,124,126,,51,130,143,,134,135,140,,142,147,145,142,133,93,104,94,81,97,86,88,70,94,89,96,,122,90,83,59,173,184,,135,,130,,,,98,94,102,98,115,107,,88,,99,100,96,71,76,66,60,73,89,97,92,90,92,85,85,86,81,87,93,101,72,,69,72,68,75,66,66,66,102,100,97,97,91,78,76,76,,91,104,107,108,100,94,89,92,94,102,82,86,83,83,94,,89,95,92,80,82,82,81,85,73,71,92,,65,86,84,,47,69,70,97,,117,116,73,,81,85,92,84,93,64,62,70,68,72,122,117,122,,53,56,63,92,107,,108,117,83,84,80,101,96,94,86,90,105,101,,95,105,95,,96,98,,115,88,94,88,,85,86,83,78,77,123,99,94,97,106,100,,,,129,112,,107,111,120,110,81,87,82,76,80,102,104,98,109,103,60,78,92,79,80,84,69,91,101,85,59,72,73,68,60,60,64,62,72,60,91,100,89,121,130,129,134,94,82,84,122,127,96,100,78,100,94,123,122,81,96,103,110,,116,110,106,115,106,152,148,154,140,105,116,123,128,130,135,,,99,100,98,,96,94,85,84,90,85,,135,125,123,,,,,134,128,123,127,131,113,94,108,,112,127,139,138,137,128,73,66,65,68,68,,,,,76,77,85,85,59,60,80,,82,129,122,119,119,123,118,130,56,60,86,94,90,91,,47,52,53,54,22,26,135,130,90,,86,75,,116,110,,66,64,81,,98,,113,,64,60,114,120,120,118,124,127,128,133,97,100,91,84,,125,128,103,153,132,153,,100,112,129,126,111,112,,104,96,135,133,139,,150,162,138,,134,204,139,136,116,126,145,,152,168,,162,126,135,132,123,111,120,116,130,,135,120,114,101,103,108,117,125,117,,,113,113,122,88,,100,116,116,142,146,94,71,58,121,129,122,114,84,,92,122,170,183,53,117,141,,136,,125,138,217,92,50,50,113,120,159,122,99,99,142,89,,,114,125,96,126,,175,181,171,110,,100,140,,,80,162,150,73,98,115,72,62,80,140,84,135,,141,93,,108,99,,65,86,146,139,124,128,70,110,48,74,84,72,56,116,76,179,84,96,108,66,104,116,130,72,75,78,80,76,94,152,124,106,115,78,148,140,91,86,89,104,85,123,120,92,82,162,111,80,,124,102,120,68,123,83,83,,81,177,107,108,82,95,112,147,180,128,155,75,71,187,97,79,86,123,89,,96,176,148,165,164,,114,60,48,68,64,55,69,66,59,47,116,121,156,167,137,91,,117,,114,85,86,149,92,59,67,59,61,58,50,49,37,38,40,47,,62,42,66,50,70,60,83,94,136,117,145,139,144,146,108,172,108,88,88,79,79,72,75,,56,58,85,96,96,79,99,119,77,100,75,106,100,100,70,80,107,196,198,168,150,138,75,129,127,98,88,118,91,96,138,136,111,68,82,72,79,81,137,93,86,106,98,90,131,109,110,107,133,116,104,90,101,93,95,79,88,,129,107,100,153,133,125,169,154,101,97,198,139,148,147,109,90,89,107,79,144,151,155,115,145,,55,71,52,51,39,45,43,80,57,53,58,36,66,91,115,120,121,99,98,109,114,119,123,125,134,132,92,58,83,81,,74,91,81,87,86,98,69,53,149,67,129,159,139,135,118,127,135,172,144,100,83,,132,152,151,141,80,81,152,131,132,119,138,122,176,,132,174,114,105,46,94,88,81,129,,89,97,101,125,82,88,90,79,88,64,60,,48,,133,101,,83,59,67,65,136,130,98,60,,60,127,125,119,,,70,121,115,112,95,116,100,102,111,98,94,130,126,108,106,104,118,125,133,126,53,57,91,69,76,84,70,65,124,124,107,73,90,80,95,74,142,130,136,109,110,86,111,96,86,71,158,78,32,68,57,60,59,81,164,165,,143,100,61,62,86,137,128,70,74,147,122,116,130,149,164,102,90,136,91,92,138,95,102,,86,57,70,122,74,103,104,72,101,104,106,99,101,128,97,133,166,157,100,83,77,90,114,111,113,103,101,98,140,148,134,115,104,92,84,97,75,62,124,154,114,81,123,110
20210719,19,O3_8h_24h,108,112,120,115,110,111,105,112,104,121,106,116,,,108,,119,127,108,,116,,99,134,,119,145,,114,115,91,107,102,120,111,,112,103,,103,101,92,109,112,,109,,116,114,104,122,123,128,119,119,119,116,,119,122,120,73,87,79,,82,119,107,,113,136,136,128,111,95,,99,105,102,94,93,,95,89,82,93,89,82,,144,132,,,148,144,138,136,99,95,97,,96,113,115,104,110,,124,92,86,87,86,90,99,85,83,89,81,95,96,91,101,89,106,94,95,96,100,142,133,123,,139,139,128,136,125,130,130,136,71,68,68,66,68,,75,48,67,63,134,132,136,130,129,143,118,134,155,90,,113,106,104,101,100,106,104,100,103,86,106,85,,,,95,105,,103,108,104,,,,159,,132,131,133,134,108,128,,129,165,,,,157,161,,173,171,190,110,116,,121,100,105,101,98,96,99,91,,96,,104,92,,129,131,,130,126,132,,137,136,123,110,54,74,63,,,61,66,72,75,70,61,71,,90,,,128,,124,124,,65,83,71,44,39,39,,104,100,127,132,124,90,91,90,134,133,137,146,146,125,122,128,50,141,72,,59,68,67,49,101,94,88,82,88,92,,76,79,,,82,152,179,149,,154,178,154,194,82,,,75,78,87,85,79,82,54,56,53,60,53,55,,50,64,88,90,91,88,82,94,73,,100,113,169,165,153,173,136,170,149,145,143,139,54,59,,62,58,65,68,63,56,51,70,36,36,31,29,27,42,,47,48,47,40,35,41,35,33,46,49,54,49,,47,57,44,39,42,38,41,56,57,54,54,,,60,60,49,50,44,43,49,49,58,65,69,63,150,144,151,137,125,148,128,128,85,82,69,72,81,118,,120,132,153,136,141,130,143,,,129,132,128,137,121,,205,179,183,152,,,206,142,96,82,90,102,86,83,92,90,87,,70,62,74,78,81,74,84,85,75,89,76,82,83,69,60,77,74,91,92,96,,86,73,67,72,,198,157,166,155,,,,168,180,,,,182,189,131,119,125,129,154,,132,168,158,184,146,34,130,143,110,128,132,90,102,165,124,156,,149,151,161,144,168,168,171,161,165,,95,102,98,84,78,75,90,114,103,96,90,91,90,91,89,89,82,81,,106,,94,107,106,96,142,,142,135,,,125,129,121,144,,104,120,117,,117,120,112,110,131,92,87,86,94,96,,,,126,,111,128,,135,159,156,145,82,78,88,73,93,75,,110,,,82,,79,77,76,72,78,74,76,76,,98,85,92,89,93,91,84,80,92,90,74,70,68,52,47,50,66,64,62,56,,58,76,68,,87,85,,81,85,86,75,78,,70,55,,,112,137,,113,,119,117,123,122,68,68,,66,70,,95,90,,99,,96,96,93,,97,85,95,94,95,,79,78,86,78,81,80,62,117,126,114,110,113,103,88,69,54,86,86,73,100,92,98,98,96,112,104,108,112,112,85,80,77,91,,95,76,65,78,71,66,107,99,99,92,102,131,141,131,,144,145,146,,134,92,102,86,94,,104,80,88,,64,,69,66,72,65,104,108,106,,,,74,,88,,86,82,83,,70,62,67,69,69,,75,,124,128,130,131,138,121,,110,101,122,138,116,128,,92,,,97,94,90,69,,89,99,109,99,69,95,79,89,108,99,98,104,98,107,70,65,108,108,121,105,118,124,119,132,133,,146,164,140,146,79,104,102,74,,,,,121,128,,131,97,114,130,115,102,108,82,82,70,85,77,69,75,92,101,101,,82,87,91,,97,100,,86,101,126,123,112,123,115,124,123,92,104,108,100,,130,131,125,189,178,153,154,115,123,,119,106,123,101,108,118,112,143,143,,75,,,82,82,83,94,87,76,,82,,,88,76,107,,,83,,82,,,123,,109,106,103,116,122,119,116,119,82,,161,148,153,161,151,150,153,144,142,110,138,77,66,,94,113,,102,112,93,89,,,127,74,74,71,68,80,78,82,94,,,142,70,70,70,71,,70,88,110,107,113,107,84,,82,78,83,,,80,74,,97,92,92,,91,,170,167,,,94,61,,,176,185,136,,,77,83,104,103,183,182,179,98,94,96,94,88,88,89,72,93,128,130,109,104,73,79,67,71,,140,140,95,,87,85,76,90,111,123,99,83,64,62,69,75,,,85,116,112,119,144,91,83,75,84,89,89,86,116,102,87,99,95,,,105,75,76,86,124,126,,51,130,143,,134,135,140,,142,147,145,142,135,93,104,94,88,106,96,92,70,102,92,97,,124,90,86,62,173,184,,135,,130,,,,102,98,103,102,115,109,,90,,108,109,107,76,81,71,66,75,90,98,95,90,92,85,85,86,89,94,101,101,76,,73,74,70,78,68,69,66,102,100,97,97,92,81,80,79,,91,105,107,108,100,98,92,95,98,109,84,90,85,86,96,,89,95,92,83,82,82,81,85,74,71,93,,65,86,84,,81,83,76,97,,121,117,89,,93,87,92,84,93,78,74,82,78,85,122,117,122,,76,68,84,92,107,,108,117,90,84,83,104,96,94,86,91,105,101,,96,107,95,,96,100,,115,88,94,88,,86,86,85,78,77,125,99,94,98,106,103,47,64,59,130,112,,109,114,122,114,85,90,84,78,82,102,104,99,109,104,60,78,92,79,80,91,73,92,101,88,62,72,73,81,74,75,78,62,72,60,91,100,89,121,130,129,136,98,88,91,122,127,98,105,86,100,94,123,122,81,96,103,110,,116,110,106,115,106,152,148,154,140,105,116,123,128,130,135,,,99,100,104,,96,94,85,84,90,85,,135,125,123,,,,,134,128,123,127,131,113,94,108,,112,127,140,149,137,128,73,66,65,69,68,,,,,76,77,85,85,59,60,80,,82,129,122,119,119,123,118,130,58,61,86,94,90,91,,54,52,53,54,22,26,135,130,90,,86,75,,116,110,,66,64,81,,99,,116,,64,60,114,120,120,118,124,127,128,133,97,100,91,84,,125,128,105,153,133,153,,101,112,129,126,112,112,,104,96,135,133,139,,150,162,138,,134,204,141,136,116,126,145,,152,169,,162,127,135,132,123,111,120,116,130,,135,120,114,105,104,108,117,125,117,,,113,113,122,88,,100,116,116,142,146,102,71,58,121,136,126,114,84,,92,122,170,183,68,128,141,,136,,125,138,217,92,50,50,113,120,159,125,103,99,142,89,,,114,135,96,126,,175,181,171,110,,100,140,,,83,164,151,75,98,115,74,71,94,140,84,135,103,141,93,,108,110,,67,87,146,139,124,128,72,112,48,75,84,82,59,116,84,179,86,98,108,67,104,116,130,73,75,78,80,76,95,152,124,106,115,93,148,140,95,96,97,104,85,123,120,92,84,162,111,83,,124,104,120,68,123,87,87,,81,177,107,109,86,95,114,147,180,128,155,75,76,187,97,79,86,125,91,,96,176,148,165,164,,114,72,64,76,76,63,76,76,66,51,116,121,156,169,137,97,,117,,117,93,89,149,95,61,67,59,61,58,50,49,37,38,40,47,43,62,42,73,50,70,60,83,99,136,117,150,142,147,146,108,172,108,91,91,82,79,84,94,,60,62,88,97,97,83,99,119,77,100,75,106,100,100,70,80,107,196,198,168,150,138,79,140,127,100,89,118,93,97,141,136,111,68,82,73,84,85,137,93,86,106,98,92,131,113,110,107,133,116,112,92,103,93,95,79,90,,129,107,100,153,133,125,169,154,107,98,198,139,150,147,112,98,95,109,90,144,151,155,115,145,,56,71,52,51,39,46,43,80,59,53,58,36,69,91,115,120,121,99,98,109,114,119,130,131,134,132,102,67,83,81,,80,91,81,88,94,106,77,58,149,68,129,159,139,135,118,127,135,172,144,100,86,,132,152,151,141,83,86,152,131,132,119,139,122,176,,132,174,114,105,48,102,92,91,132,,94,100,104,125,82,88,90,79,90,65,61,,63,,133,101,,83,59,68,65,136,130,99,62,,69,127,125,119,,,70,121,115,112,95,118,103,103,116,98,94,130,126,108,106,104,118,125,133,126,53,66,91,74,76,84,82,68,124,124,107,75,90,80,95,74,142,130,136,109,113,88,111,96,86,71,160,83,33,71,57,60,60,84,164,165,,143,100,71,70,90,137,128,74,78,147,128,116,130,149,164,102,91,136,91,92,138,95,103,,86,70,76,122,74,103,104,73,101,104,106,99,101,128,97,133,166,157,102,84,89,93,115,113,113,103,101,98,140,148,134,115,104,93,93,97,83,77,124,154,114,81,123,111
20210719,19,CO,0.5,0.7,0.6,0.6,0.6,0.6,0.4,0.4,0.6,0.7,0.5,0.6,,,0.8,,0.6,0.6,1.1,,1,,0.4,0.5,,0.4,0.6,,0.5,0.5,0.5,0.6,0.5,0.3,0.6,,0.6,0.5,,0.5,0.4,0.4,0.2,0.5,,0.3,,0.5,0.6,0.4,0.1,0.5,0.2,0.1,,0.1,0.3,,0.4,0.5,0.1,0.6,0.6,0.7,,0.7,0.6,0.9,,0.5,0.4,0.2,0.2,0.3,0.5,,0.1,0.4,0.3,0.4,0.5,,0.6,0.4,,0.6,0.5,0.8,,0.5,0.4,,,0.4,0.4,0.4,0.4,0.8,0.5,0.7,,0.6,0.6,0.5,0.5,0.6,,0.5,0.7,0.5,0.4,0.5,0.3,0.5,0.5,0.4,0.6,0.6,0.5,0.4,0.7,0.4,0.4,0.3,0.4,0.3,0.3,0.4,0.4,0.8,0.6,,0.6,0.7,0.5,0.5,0.5,0.6,0.5,0.4,0.4,0.6,0.3,0.4,0.4,,0.3,0.3,0.3,0.3,0.2,0.5,0.1,0.3,0.6,0.5,0.3,0.6,0.4,0.2,,0.3,0.4,0.2,0.1,0.3,0.6,0.4,0.3,0.4,0.4,0.5,0.3,,,,0.4,0.3,,0.5,0.3,0.2,,,,0.5,,0.3,0.1,0.4,0.3,0.4,0.3,,0.3,0.4,,,,0.5,0.5,,0.7,0.8,0.8,0.3,0.5,,0.1,0.3,0.3,0.2,0.2,,0.5,0.4,,,,0.3,0.5,,0.4,0.3,,0.5,0.4,0.7,,0.5,0.4,0.5,0.3,0.4,0.5,0.4,,,0.3,0.4,0.4,0.4,0.4,0.4,0.4,,0.4,,,0.5,,0.5,0.5,,0.3,0.3,0.2,0.3,0.3,0.4,,0.4,0.5,0.3,0.1,0.4,0.3,0.3,0.4,0.5,0.4,0.4,0.5,0.5,0.5,0.5,0.3,,0.3,0.3,,0.5,0.5,0.4,0.4,0.3,0.5,0.2,,0.6,0.6,,1.1,1.9,,,0.6,0.6,0.3,0.7,,0.5,0.5,0.7,0.5,0.3,,,0.1,0.3,0.4,0.1,0.1,0.4,0.7,0.5,0.6,0.6,0.6,0.6,,0.7,0.6,0.9,1.4,1.3,1.2,1.2,0.6,1.1,,1.9,0.5,0.7,0.6,0.6,0.7,0.6,0.5,0.4,0.5,0.5,0.4,0.5,0.6,,0.4,0.4,0.6,0.6,0.6,0.5,0.5,0.4,,0.6,0.6,0.5,0.4,0.4,,0.8,0.4,0.4,0.5,0.5,0.6,0.4,0.6,0.4,0.5,0.4,0.4,,0.4,0.5,0.6,0.7,0.5,0.5,0.5,0.5,0.8,0.5,0.5,,,0.6,0.5,0.7,0.5,0.6,0.5,0.8,0.5,0.5,0.6,0.3,0.3,0.6,0.6,0.6,0.6,0.4,0.8,0.8,0.6,0.4,0.5,0.5,0.4,0.4,0.7,,0.4,0.7,0.8,0.7,1,0.3,0.5,,,0.9,0.5,1,0.2,0.7,,0.5,0.3,0.6,0.6,,,0.6,0.4,0.2,0.3,0.4,0.5,0.5,0.3,0.5,0.4,0.6,,0.4,0.3,0.3,0.3,0.3,0.4,0.2,0.3,0.2,0.4,0.5,0.2,,0.7,0.6,0.7,0.7,0.5,0.7,0.3,,0.6,0.9,0.6,0.8,,0.5,0.2,0.4,0.4,,,,0.6,0.3,,,,0.4,0.5,0.6,0.4,0.6,0.2,0.8,,0.5,0.7,0.8,0.5,0.6,,1,0.9,0.6,1,0.7,0.3,0.7,0.7,1,0.5,,0.5,0.7,,0.6,0.6,0.6,0.7,0.5,0.6,,0.3,1,0.3,0.4,0.5,0.6,0.6,0.6,0.5,0.6,0.5,0.5,0.3,0.5,0.2,0.3,0.3,0.3,,0.5,,0.4,0.7,0.3,0.9,0.5,,0.5,0.7,,,0.3,0.5,0.4,0.1,,0.3,0.4,0.2,,0.2,,0.1,0.4,0.3,0.3,0.3,0.5,0.2,0.3,,,,0.3,,0.4,0.6,,0.3,0.3,0.5,0.5,0.5,0.2,0.3,0.4,0.4,0.3,,0.3,,,0.7,,0.7,0.5,1.2,0.4,0.6,0.5,0.4,0.4,,0.6,0.4,0.6,0.5,0.4,0.4,0.4,0.7,0.7,0.7,0.5,0.8,0.8,0.4,0.5,0.4,0.7,0.6,0.6,0.6,,0.7,0.4,0.5,,0.6,0.6,,0.6,0.8,0.7,0.5,0.6,,0.5,0.4,,,0.4,0.5,,0.6,,0.6,0.5,0.5,0.5,0.7,0.5,,0.6,0.7,,0.6,0.6,,,,0.9,0.8,0.9,,0.9,0.7,0.6,0.4,0.2,,0.6,0.8,1.1,1.2,1.1,0.5,0.3,0.7,0.8,0.5,0.9,0.5,0.7,0.3,1.3,2.1,0.6,0.6,0.4,0.6,0.5,0.4,0.6,0.5,0.7,0.6,0.6,0.7,0.8,0.5,0.6,0.6,0.2,,0.1,0.4,0.4,0.4,0.4,0.3,0.5,0.6,0.6,0.4,0.8,0.5,0.6,0.5,,0.7,,0.6,,0.3,0.7,0.6,0.4,0.7,,0.6,0.3,0.2,,0.8,,0.8,0.4,0.5,0.4,0.7,1,0.7,,,,0.6,,0.6,,0.6,0.4,,,0.7,0.7,0.6,0.6,0.6,,0.6,,0.5,0.6,0.4,0.6,0.5,0.8,,0.7,0.6,0.5,0.7,0.6,0.6,,0.6,,,0.6,0.4,0.2,0.6,,0.6,0.6,0.6,0.6,0.7,0.6,0.5,0.7,0.6,1.5,2.3,1.3,1.3,1.1,0.4,0.3,0.6,0.4,0.7,0.6,0.5,0.6,0.5,0.4,0.6,,0.4,3,1.5,0.5,0.7,0.7,1,0.9,,,,,0.4,0.5,,0.5,0.7,0.5,0.3,0.4,0.4,0.4,0.7,0.4,0.6,0.4,0.4,0.5,0.5,0.8,,0.8,,0.6,0.5,0.8,,0.6,0.5,,0.5,0.6,0.7,0.5,0.8,0.6,0.4,0.4,0.5,0.7,,0.6,0.5,,0.4,0.5,0.3,0.3,0.1,0.1,0.4,0.6,0.4,,0.5,0.2,0.2,0.4,0.3,0.3,0.5,0.2,0.2,,0.4,,,0.3,0.3,0.2,0.2,0.3,,,,,,0.3,0.3,0.4,,,0.3,,0.4,,,0.6,,0.6,0.3,0.7,0.5,0.6,0.8,0.3,0.5,0.3,,0.7,0.8,0.7,0.6,0.7,0.3,0.3,0.3,0.3,0.6,0.6,0.2,0.4,,0.5,0.4,,0.4,0.4,0.6,0.6,,,0.6,,0.6,0.6,0.5,0.5,0.7,0.7,0.5,,,,0.7,0.9,1,0.9,,0.7,0.5,0.3,0.6,0.6,0.5,0.4,,0.4,0.8,0.5,,,0.5,0.7,,0.6,0.6,0.4,,0.4,,0.6,0.5,,,0.1,0.4,,,0.6,0.5,0.4,,,0.3,0.4,0.2,0.3,0.4,0.4,0.4,0.4,0.2,0.4,0.4,0.5,1.2,1.9,2.1,3,0.6,0.6,0.6,0.5,0.4,0.5,0.6,0.4,,0.5,0.4,0.4,,0.4,0.5,0.5,0.5,0.5,0.4,0.6,0.5,0.6,0.5,,0.4,,,0.5,0.6,0.6,0.4,0.5,0.5,0.3,0.4,0.6,0.5,0.6,0.3,0.6,0.5,0.6,0.7,0.6,,,0.5,0.4,0.3,0.3,0.4,0.4,,0.7,0.5,0.6,,0.7,0.7,0.6,,0.4,0.6,0.7,0.6,0.5,0.5,0.5,0.5,0.9,0.5,0.6,0.5,0.6,0.5,0.7,0.9,,0.3,0.4,0.3,,0.6,0.4,,0.7,,0.6,,,,0.5,0.5,0.6,0.6,0.6,0.7,,0.4,,0.5,0.7,0.4,0.4,0.4,0.5,0.6,0.4,0.5,0.5,0.6,0.5,0.2,0.7,0.5,0.4,0.6,0.9,0.6,0.5,0.3,,0.5,0.3,0.8,0.4,0.6,0.8,0.4,3.8,0.7,4.4,0.6,0.2,0.7,0.7,0.8,,0.5,0.5,0.6,0.4,0.5,1.1,0.9,0.8,1.4,1.6,0.4,0.7,0.6,0.5,0.5,,0.5,0.5,0.4,0.5,0.7,0.6,0.6,0.6,0.3,,0.6,,1.4,0.6,,,0.8,0.6,0.7,0.6,,0.6,0.5,0.7,,0.6,0.7,0.5,0.8,0.8,0.9,1,0.8,0.6,0.6,0.8,0.5,0.5,,0.7,0.4,0.7,0.9,0.7,,0.7,0.9,0.4,0.6,0.7,0.6,0.5,0.8,0.8,0.7,0.5,0.7,,0.6,0.9,0.4,,1.3,1.4,,0.5,0.4,0.4,0.4,,0.8,0.6,0.7,1.6,1.2,0.9,0.6,0.6,0.5,0.5,0.7,,,,0.5,0.5,,0.4,0.8,1,1.4,0.4,0.3,0.4,0.3,0.5,0.6,0.6,0.7,0.6,0.7,1.4,1,0.6,0.8,1.2,,1.9,0.9,0.4,1.1,0.4,0.1,0.5,1.1,0.8,1,0.8,0.5,0.5,0.7,0.6,0.6,0.6,0.6,0.6,0.7,0.9,0.5,0.6,0.6,0.8,0.8,0.5,0.5,,,0.7,0.9,0.9,0.5,0.4,0.6,0.4,,0.4,0.2,0.3,0.2,0.3,0.5,0.5,0.2,0.4,0.4,0.2,0.5,0.4,0.3,0.4,,,0.3,0.5,0.7,,0.6,0.4,0.4,0.3,0.5,0.5,,0.4,0.6,0.4,,,,,0.4,0.5,0.4,0.5,0.5,0.2,0.2,0.4,,0.2,0.6,0.5,0.4,0.6,0.6,0.4,0.7,1.3,0.7,,,,,,0.3,0.3,0.6,0.4,0.5,0.5,0.4,,0.3,0.4,0.5,0.3,0.2,0.7,0.6,0.5,0.6,0.5,0.6,0.8,0.5,0.6,,0.4,0.4,0.3,0.4,0.5,0.4,0.5,0.5,0.5,,0.3,0.6,,0.5,0.6,,0.4,0.2,0.4,,0.7,,0.4,,0.6,0.5,0.4,0.6,0.5,0.6,0.4,0.5,0.4,0.6,,0.5,0.7,0.4,,0.5,0.4,0.5,0.6,0.8,0.3,,0.4,0.4,0.3,0.3,0.5,0.3,,0.7,0.8,0.4,0.1,0.7,,0.2,0.1,0.3,,0.4,0.5,0.6,0.4,0.5,0.5,0.3,,0.2,0.2,,0.4,0.4,0.5,0.3,0.7,0.6,0.1,0.2,0.4,,,0.2,0.1,0.2,0.4,0.1,0.4,0.5,0.3,,,0.4,0.6,0.4,0.8,,0.2,0.4,0.5,0.4,0.7,0.3,0.4,0.6,0.5,0.4,0.6,0.4,0.6,,0.4,0.7,0.3,0.7,0.4,0.4,0.5,,0.5,,0.3,0.9,0.7,0.5,0.5,0.3,0.2,0.1,0.5,0.5,0.6,0.5,0.4,0.4,,,0.5,0.3,0.4,0.4,,0.7,0.4,0.5,0.6,,0.5,0.3,,,0.2,0.3,0.2,0.4,0.3,0.5,0.3,0.1,0.3,0.3,0.5,0.7,,0.4,0.7,,1.4,0.5,,0.5,0.7,0.3,0.4,0.2,0.4,0.5,0.4,0.5,0.7,0.5,0.6,0.3,0.7,0.4,0.5,0.3,0.4,0.3,0.4,0.4,0.3,0.4,1,0.4,0.5,0.4,0.3,0.6,0.3,0.4,0.3,0.8,0.6,0.4,0.6,0.6,0.6,0.7,,0.6,0.5,0.8,0.7,,0.3,0.7,0.6,,0.5,0.4,0.3,0.4,0.5,0.7,0.7,,0.5,0.4,0.3,0.5,0.5,0.3,0.4,0.6,,0.8,0.2,0.7,0.9,0.5,0.6,0.3,0.7,0.4,0.5,,0.6,0.3,0.2,0.5,0.1,,0.3,0.4,0.3,0.3,0.4,0.2,0.5,0.3,0.4,0.5,0.5,0.5,0.6,0.5,0.2,0.2,,0.5,,0.4,0.6,0.5,0.6,0.5,0.6,0.6,0.7,0.7,0.6,0.7,0.6,0.4,0.6,0.5,0.6,,0.5,0.5,0.9,0.6,0.6,0.8,0.6,0.2,0.3,,0.9,0.2,0.5,0.5,0.5,0.8,0.6,0.6,0.5,0.5,0.5,0.6,0.4,,0.4,0.5,0.3,0.4,0.4,0.5,0.5,0.8,0.7,0.7,0.7,0.4,0.6,0.7,0.3,0.6,,0.7,0.5,0.5,0.5,0.5,0.2,0.3,0.1,0.2,0.1,0.5,0.3,0.3,0.5,0.4,0.4,0.2,0.5,0.6,0.9,0.7,0.2,0.6,0.7,0.6,0.5,0.8,0.5,0.6,0.6,0.7,0.6,0.8,0.5,0.4,0.6,0.4,0.4,0.2,0.4,,0.4,0.6,0.6,0.6,0.2,0.3,0.5,0.4,0.5,0.1,0.6,0.3,0.5,0.4,0.1,0.4,0.3,0.2,0.4,0.3,0.2,0.5,0.2,0.4,,0.5,0.5,0.7,0.6,0.4,0.5,0.5,0.6,0.5,0.3,0.5,0.4,0.7,0.5,0.5,0.3,0.2,0.4,0.7,0.6,0.4,0.3,0.5,0.5,0.5,0.8,0.3,0.6,0.5,0.5,,0.3,0.4,0.6,0.7,0.7,0.6,0.5,0.3,0.6,0.5,0.3,0.7,0.4,0.4,0.7,0.6,0.4,0.3,0.4,0.6,0.4,,0.6,0.4,0.4,0.4,0.2,0.2,0.5,0.7,0.8,0.4,0.4,0.3,0.2,,0.4,0.5,0.7,0.7,0.6,0.3,0.4,0.3,0.3,,0.7,0.5,0.5,1,0.5,0.4,0.4,0.3,0.5,0.4,0.4,,0.3,,0.5,0.7,,1.1,0.5,0.2,0.4,0.5,0.5,0.6,0.3,,0.4,0.5,0.5,0.4,,,0.8,0.6,0.3,0.4,0.6,0.5,0.9,0.5,0.7,0.6,0.8,0.1,0.2,0.1,0.4,0.3,0.4,0.3,0.2,0.4,0.6,0.7,0.6,0.9,0.7,1.6,0.8,0.6,0.7,1.1,0.7,0.4,0.5,0.7,0.4,0.6,0.5,0.3,0.4,0.3,0.6,0.7,0.5,0.4,0.9,0.6,0.5,0.5,0.5,0.4,0.5,0.5,0.4,,0.8,0.7,,0.6,0.2,0.6,0.6,0.6,0.4,0.5,0.5,,0.4,0.1,0.4,0.4,0.4,0.4,0.7,0.5,0.7,1.5,0.4,0.4,0.4,0.5,,0.6,0.7,0.2,0.3,0.6,0.6,0.7,0.6,0.6,0.5,0.6,0.4,0.6,0.5,0.4,0.6,0.5,0.7,0.5,0.2,0.5,0.6,0.5,0.5,0.6,0.6,0.6,0.7,0.7,0.5,0.3,0.3,0.9,0.1,0.4,0.1,0.4,0.3,0.3,0.5,0.5,0.5,0.7,0.4
20210719,19,CO_24h,0.5,0.5,0.7,0.6,0.6,0.7,0.5,0.5,0.5,0.5,0.5,0.6,,,0.9,,0.9,0.8,0.5,,1,,0.5,0.5,,0.6,0.5,,0.6,0.6,0.5,0.8,0.7,0.4,0.6,,0.9,0.7,,0.9,0.6,0.3,0.2,0.4,,0.3,,0.4,0.5,0.4,0.1,0.4,0.3,0.1,0.1,0.1,0.3,,0.5,0.5,0.1,0.7,0.7,0.8,,0.7,0.6,0.4,,0.5,0.4,0.2,0.3,0.2,0.5,,0.1,0.4,0.3,0.3,0.7,,0.6,0.6,0.5,0.7,0.5,0.6,,0.5,0.5,,,0.4,0.5,0.4,0.4,0.7,0.6,0.6,,0.6,0.6,0.5,0.5,0.6,,0.5,0.7,0.6,0.5,0.5,0.4,0.5,0.5,0.5,0.6,0.6,0.6,0.5,0.7,0.5,0.6,0.4,0.4,0.4,0.4,0.5,0.3,0.7,0.5,,0.5,0.6,0.5,0.6,0.3,0.5,0.3,0.4,0.5,0.5,0.3,0.4,0.4,,0.4,0.3,0.3,0.2,0.3,0.5,0.2,0.3,0.8,0.5,0.5,0.6,0.4,0.2,,0.3,0.5,0.3,0.1,0.3,0.5,0.4,0.3,0.4,0.5,0.5,0.3,,,,0.5,0.4,,0.5,0.4,0.3,,,,0.6,,0.4,0.2,0.4,0.3,0.4,0.3,,0.3,0.7,,,,0.6,0.5,,0.6,0.7,0.7,0.4,0.6,,0.2,0.2,0.3,0.1,0.2,,0.5,0.3,,0.3,,0.3,0.4,,0.4,0.5,,0.6,0.3,0.7,,0.5,0.4,0.4,0.3,0.4,0.5,0.4,,,0.3,0.4,0.4,0.4,0.4,0.4,0.4,,0.7,,,0.5,,0.6,0.5,,0.3,0.3,0.2,0.3,0.4,0.5,,0.3,0.4,0.3,0.2,0.4,0.4,0.3,0.4,0.5,0.5,0.5,0.6,0.5,0.5,0.5,0.5,0.2,0.5,0.4,,0.5,0.6,0.4,0.4,0.3,0.5,0.2,1.3,0.9,0.7,,1,0.8,,,0.8,0.6,0.3,0.8,,0.5,0.5,0.6,0.4,0.3,,,0.1,0.3,0.4,0.1,0.1,0.4,0.6,0.4,0.5,0.5,0.5,0.5,,0.6,0.5,0.8,0.8,0.6,0.9,0.8,0.6,0.8,,0.9,0.4,0.8,0.7,0.6,0.7,0.6,0.6,0.4,0.5,0.6,0.4,0.6,0.6,,0.5,0.4,0.6,0.6,0.6,0.5,0.6,0.4,0.4,0.6,0.6,0.5,0.4,0.4,,0.8,0.4,0.4,0.5,0.5,0.6,0.4,0.5,0.3,0.5,0.4,0.4,,0.5,0.5,0.5,0.6,0.5,0.5,0.4,0.5,0.6,0.5,0.5,,,0.6,0.5,0.7,0.4,0.6,0.5,0.7,0.5,0.5,0.5,0.3,0.4,0.6,0.6,0.6,0.6,0.4,0.7,0.7,0.5,0.3,0.4,0.5,0.4,0.4,0.5,,0.5,0.6,0.6,0.7,0.9,0.3,0.4,,,0.7,0.5,0.9,0.2,0.6,,0.4,0.4,0.6,0.6,,,0.6,0.3,0.3,0.4,0.5,0.7,0.6,0.5,0.6,0.5,0.7,,0.4,0.3,0.3,0.3,0.2,0.4,0.2,0.3,0.2,0.4,0.4,0.3,0.4,0.8,0.7,0.7,0.7,0.5,0.7,0.4,,0.7,0.9,0.7,0.8,,0.6,0.5,0.4,0.4,,,,0.9,0.3,,,,0.4,0.6,0.7,0.5,0.7,0.3,0.8,,0.8,0.7,0.9,0.8,0.7,0.8,0.9,0.7,0.7,0.9,0.7,0.4,0.6,0.7,0.8,0.6,,0.5,0.8,0.7,0.7,0.7,0.6,0.7,0.7,0.6,,0.4,1,0.4,0.4,0.5,0.4,0.6,0.7,0.5,0.6,0.5,0.6,0.3,0.5,0.2,0.3,0.3,0.3,,0.7,,0.3,0.6,0.3,0.8,0.5,,0.6,0.7,,,0.5,0.6,0.6,0.3,,0.2,0.5,0.2,,0.2,0.1,0.2,0.4,0.3,0.2,0.1,0.2,0.2,0.3,,,,0.3,,0.4,0.7,,0.4,0.4,0.5,0.6,0.4,0.2,0.3,0.4,0.4,0.4,,0.3,,,0.8,,0.7,0.7,0.7,0.4,0.6,0.5,0.3,0.4,,0.5,0.3,0.6,0.5,0.4,0.4,0.5,0.6,0.7,0.8,0.4,0.6,0.6,0.3,0.5,0.5,0.7,0.7,0.7,0.5,,0.5,0.5,0.4,,0.6,0.6,,0.4,0.7,0.7,0.6,0.6,,0.6,0.5,,,0.5,0.5,,0.6,,0.7,0.5,0.5,0.5,0.7,0.5,,0.8,0.7,,0.6,0.6,,0.6,,0.9,0.8,0.8,,0.7,0.8,0.3,0.2,0.1,,0.5,0.6,0.6,1,0.9,0.3,0.2,0.6,0.7,0.5,0.7,0.5,0.7,0.3,1,2,0.6,0.5,0.5,0.7,0.6,0.4,0.6,0.5,0.7,0.6,0.6,0.8,0.6,0.5,0.5,0.5,0.2,,0.1,0.4,0.4,0.3,0.4,0.3,0.5,0.4,0.6,0.3,0.5,0.7,0.7,0.6,,0.8,0.8,0.7,,0.5,0.6,0.5,0.5,0.8,,0.6,0.4,0.3,,0.7,,0.7,0.3,0.4,0.4,0.5,0.7,0.5,,,,0.5,,0.5,,0.4,0.5,0.2,,0.6,0.6,0.6,0.5,0.5,,0.6,,0.4,0.6,0.5,0.5,0.5,0.8,,0.7,0.6,0.5,0.7,0.6,0.6,,0.7,,,0.7,0.4,0.3,0.6,,0.7,0.8,0.7,0.7,0.7,0.4,0.5,0.7,0.6,0.8,1,1,1.1,0.8,0.4,0.3,0.4,0.5,0.8,0.5,0.6,0.7,0.6,0.5,0.7,,1.4,2.5,2.3,1,0.6,0.7,0.9,0.8,,,,,0.5,0.5,,0.6,0.8,0.5,0.3,0.3,0.4,0.3,0.7,0.5,0.7,0.6,0.4,0.5,0.5,0.8,0.7,0.9,,0.7,0.6,0.8,,0.6,0.6,,0.6,0.7,0.8,0.6,0.9,0.7,0.5,0.5,0.6,0.6,0.7,0.7,0.7,,0.5,0.6,0.3,0.4,0.3,0.3,0.6,0.6,0.5,,0.6,0.4,0.3,0.4,0.3,0.2,0.5,0.2,0.2,,0.4,,,0.3,0.3,0.2,0.2,0.4,,,,,,0.3,0.3,0.4,,,0.3,,0.5,,,0.6,,0.7,0.3,0.7,0.5,0.5,0.7,0.3,0.5,0.4,,0.6,0.7,0.7,0.5,0.6,0.4,0.3,0.3,0.3,0.6,0.6,0.1,0.4,,0.5,0.3,,0.5,0.4,0.5,0.6,,,0.6,0.5,0.5,0.5,0.4,0.5,0.8,0.8,0.5,,,0.4,0.6,0.7,0.8,0.6,,0.6,0.6,0.4,0.6,0.7,0.5,0.4,,0.4,0.7,0.8,,,0.7,0.9,,0.6,0.6,0.5,,0.5,,0.8,0.7,,,,0.4,,,0.6,0.5,0.4,,,0.3,0.4,0.3,0.2,0.4,0.3,0.4,0.4,0.3,0.4,0.4,0.6,0.5,0.4,0.5,0.7,0.6,0.5,0.5,0.6,0.4,0.3,0.6,0.4,,0.6,0.5,0.4,,0.3,0.4,0.5,0.5,0.6,0.4,0.5,0.4,0.4,0.5,0.4,0.4,,,0.5,0.6,0.7,0.7,0.5,1.3,0.4,1,0.5,1,1.1,0.5,0.6,0.5,0.6,0.7,0.6,,,0.4,0.7,0.5,0.5,0.4,0.3,,0.7,0.4,0.5,,0.6,0.6,0.5,,0.4,0.6,0.5,0.5,0.6,0.4,0.5,0.5,0.7,0.4,0.5,0.7,0.6,0.4,0.6,0.8,,0.3,0.4,0.3,,0.7,0.5,,0.6,,0.5,,,,0.5,0.6,0.6,0.5,0.5,0.7,,0.7,,0.4,0.5,0.4,0.4,0.6,0.5,0.5,0.4,0.5,0.5,0.7,0.4,0.2,0.5,0.5,0.4,0.5,0.6,0.5,0.5,0.4,,0.6,0.3,0.7,0.3,0.6,0.7,0.3,1.3,1.6,0.9,1.1,0.3,0.4,0.6,0.8,,0.5,0.5,0.6,0.4,0.5,1.1,0.9,0.6,1,1.3,0.5,0.7,0.6,0.4,0.5,,0.5,0.6,0.5,0.5,0.7,0.5,0.5,0.6,0.4,0.8,0.7,,0.6,0.5,0.4,,0.5,0.5,0.6,0.5,,0.5,0.5,0.6,,0.6,0.6,0.5,0.7,0.7,0.9,0.9,0.8,0.7,0.6,0.7,0.5,0.6,,0.6,0.4,0.7,1.2,0.7,,0.8,0.9,0.4,0.7,0.9,0.7,0.6,0.8,0.8,0.7,0.7,0.8,,0.6,0.8,0.4,,1,1.1,,0.6,0.4,0.5,0.5,,0.7,0.6,0.7,1,1,0.9,0.6,0.6,0.7,0.5,0.6,0.4,0.6,0.6,0.6,0.5,,0.5,0.9,1.1,1.4,0.5,0.5,0.6,0.5,0.6,0.6,0.7,0.6,0.5,0.7,1.4,0.9,0.8,0.8,1.3,0.6,0.5,0.5,1,0.7,0.4,0.4,0.4,0.9,0.8,0.9,0.7,0.5,0.9,0.5,0.7,0.7,0.6,0.6,0.7,0.8,0.8,0.5,0.5,0.5,0.7,0.7,0.5,0.6,0.6,0.7,0.7,0.9,0.9,0.5,0.5,0.6,0.3,,0.4,0.3,0.3,0.3,0.3,0.5,0.5,0.3,0.5,0.6,0.4,0.6,0.5,0.3,0.4,,,0.4,0.4,0.6,,0.6,0.4,0.4,0.4,0.4,0.5,,0.3,0.5,0.3,,,,,0.5,0.5,0.5,0.6,0.6,0.3,0.2,0.4,,0.3,0.5,0.5,0.4,0.6,0.6,0.4,0.7,1.2,0.7,0.8,,,,,0.3,0.3,0.5,0.5,0.5,0.5,0.4,,0.4,0.5,0.5,0.3,0.4,0.8,0.7,0.5,0.5,0.4,0.7,0.7,0.6,0.6,,0.5,0.4,0.3,0.3,0.3,0.3,0.6,0.5,0.5,,0.3,0.6,,0.7,0.6,,0.4,0.2,0.5,,0.3,,0.3,,0.6,0.6,0.4,0.8,0.7,0.7,0.5,0.5,0.4,0.6,0.5,0.4,0.6,0.5,,0.6,0.6,0.3,0.5,0.7,0.3,,0.3,0.3,0.3,0.4,0.4,0.3,,0.7,0.8,0.3,0.1,0.6,,0.2,0.2,0.2,,0.4,0.7,0.6,0.4,0.5,0.3,0.4,,0.3,0.3,,0.4,0.4,0.5,0.3,0.8,0.6,0.2,0.3,0.3,,0.8,0.1,0.3,0.2,0.4,0.2,0.5,0.5,0.3,,,0.6,0.9,0.7,0.7,,0.3,0.5,0.6,0.5,1.8,0.3,0.5,0.7,0.7,0.5,0.7,0.6,0.6,,0.5,0.7,0.4,0.6,0.4,0.4,0.5,,0.4,,0.3,0.9,0.7,0.5,0.8,0.8,0.5,0.5,0.5,0.5,0.6,0.4,0.4,0.4,,,0.5,0.4,0.3,0.6,,0.7,0.5,0.5,0.7,,0.4,0.4,,,0.2,0.4,0.3,0.5,0.4,0.5,0.3,0.2,0.3,0.5,0.6,0.7,0.3,0.4,0.7,,1,0.5,,0.4,0.6,0.3,0.4,0.2,0.5,0.4,0.5,0.6,0.6,0.5,0.5,0.4,0.7,0.4,0.7,0.3,0.4,0.5,0.4,0.6,0.3,0.5,0.8,0.4,0.5,0.5,0.4,0.6,0.4,0.4,0.3,0.7,0.6,0.5,0.5,0.6,0.6,0.7,0.6,0.6,0.4,0.8,0.5,0.7,0.5,0.7,0.6,,0.5,0.5,0.3,0.4,0.6,0.5,0.6,,0.6,0.5,0.3,0.4,0.3,0.3,0.4,0.5,0.5,0.9,0.3,0.6,0.5,0.5,0.5,0.3,0.6,0.5,0.8,,0.6,0.4,0.4,0.5,0.4,,0.3,0.4,0.4,0.3,0.4,0.2,0.4,0.3,0.4,0.6,0.4,0.5,0.7,0.6,0.3,0.2,,0.6,,0.5,0.6,0.6,0.6,0.4,0.6,0.6,0.7,0.8,0.6,0.7,0.6,0.4,0.5,0.5,0.6,0.6,0.5,0.4,0.6,0.6,0.6,0.8,0.7,0.2,0.4,0.5,0.9,0.3,0.7,0.4,0.5,0.7,0.5,0.8,0.8,0.3,0.5,0.6,0.5,,0.3,0.6,0.5,0.5,0.7,0.6,0.4,0.5,0.6,0.5,0.6,0.6,0.4,0.6,0.3,0.5,0.4,0.6,0.3,0.5,0.5,0.6,0.2,0.6,0.1,0.3,0.2,0.3,0.3,0.3,0.6,0.5,0.5,0.3,0.5,0.5,0.9,0.6,0.2,0.6,0.7,0.7,0.6,0.5,0.5,0.6,0.6,0.8,0.9,0.7,0.4,0.3,0.4,0.4,0.3,0.2,0.4,,0.4,0.6,0.5,0.6,0.3,0.5,0.6,0.4,0.5,0.2,0.5,0.3,0.4,0.4,0.2,0.5,0.4,0.3,0.4,0.3,0.4,0.6,0.3,0.4,,0.5,0.5,0.7,0.5,0.3,0.5,0.5,0.7,0.6,0.3,0.4,0.4,0.7,0.8,0.6,0.3,0.3,0.6,0.8,0.7,0.5,0.4,0.6,0.6,0.5,0.7,0.4,0.5,0.5,0.5,,0.2,0.4,0.5,0.7,1.9,0.6,0.5,0.4,0.5,0.5,0.4,0.6,0.4,0.4,0.7,0.6,0.4,0.7,0.4,0.5,0.5,,0.6,0.6,0.4,0.5,0.3,0.2,0.7,0.7,0.9,0.5,0.6,0.4,0.3,,0.4,0.7,0.7,0.7,0.6,0.4,0.4,0.3,0.4,,0.6,0.5,0.7,0.8,0.6,0.4,0.5,0.4,0.4,0.4,0.4,,0.4,,0.5,0.6,,1.2,0.5,0.2,0.4,0.5,0.5,0.5,0.3,,0.4,0.5,0.6,0.5,,,0.9,0.6,0.4,0.3,0.6,0.5,0.9,0.7,0.9,0.5,0.9,0.2,0.3,0.1,0.4,0.2,0.3,0.3,0.2,0.4,0.5,0.6,0.9,0.7,0.7,0.8,0.8,0.6,0.7,1,0.6,0.3,0.6,0.6,0.5,0.6,0.5,0.3,0.7,0.1,0.5,0.5,0.5,0.5,0.9,0.5,0.6,0.6,0.5,0.5,0.5,0.5,0.4,0.7,1,1.1,,0.7,0.3,0.5,0.6,0.6,0.4,0.5,0.5,,0.5,0.4,0.4,0.4,0.5,0.5,0.8,0.6,0.7,1,0.5,0.4,0.3,0.4,,0.6,0.6,0.2,0.3,0.8,0.7,0.4,0.8,0.6,0.5,0.6,0.4,0.5,0.5,0.5,0.6,0.5,0.8,0.7,0.3,0.4,0.6,0.8,0.6,0.5,0.6,0.6,0.5,0.5,0.4,0.2,0.4,0.8,0.1,0.4,0.2,0.4,0.3,0.4,0.4,0.5,0.4,0.7,0.5
20210719,20,AQI,34,48,50,43,43,38,32,31,32,38,37,37,,,30,,25,29,30,,25,,20,28,,26,30,,30,25,,29,25,39,38,,38,35,,39,39,29,33,35,,35,,51,49,55,31,33,33,29,30,31,32,,46,,33,29,27,28,,49,45,49,,50,47,35,44,26,26,,38,42,42,39,28,,17,26,,30,27,21,,42,40,,,44,44,40,40,27,32,26,,47,25,29,28,30,,44,23,20,22,21,24,25,23,22,24,,40,37,56,29,26,18,25,41,39,35,39,37,40,,52,51,61,,42,36,37,43,27,30,19,29,21,,27,17,24,24,33,37,40,38,38,,34,41,44,15,,,20,37,,14,18,18,,24,25,21,19,,,,31,26,,34,41,34,,,,51,,27,22,27,30,22,24,,,39,,,,42,30,,45,41,57,24,22,,20,23,25,24,24,29,21,18,,,,,28,,26,29,,23,26,24,,30,31,36,28,22,29,14,,,28,14,17,,20,25,15,,54,,,25,,21,24,,29,23,22,18,17,15,,39,68,49,42,40,25,36,23,32,31,28,38,39,39,31,25,29,29,15,,17,16,19,18,34,19,20,,29,25,,33,39,,,32,51,49,49,,48,44,46,52,21,,,16,18,19,22,21,17,45,46,54,46,,55,,54,34,46,54,53,46,58,45,49,,49,35,42,51,51,44,41,51,,40,45,37,16,,,18,19,16,23,18,28,14,18,,12,21,18,14,11,,13,13,13,11,10,12,10,10,26,19,28,11,,17,26,17,14,11,11,11,,,11,17,,,13,13,16,20,16,12,14,13,22,15,12,15,51,55,49,46,75,49,57,53,24,25,26,24,23,46,,42,42,89,42,42,33,37,,,,41,37,39,27,,52,39,40,33,,,42,70,20,20,25,29,29,27,22,24,19,,23,19,21,23,28,21,25,,24,25,23,20,,26,34,22,22,29,32,25,,,22,37,,,43,49,44,44,,,,47,59,,,,50,52,40,35,46,40,40,,54,52,43,45,49,,34,33,32,34,39,23,,30,50,40,,42,42,,41,54,59,55,50,50,,23,31,,25,24,26,27,31,29,25,25,24,29,32,25,28,30,,,31,,,24,23,24,37,,40,36,,,,38,32,38,,31,36,44,,42,44,34,31,37,31,29,20,26,27,,,,27,,39,39,,58,42,40,41,19,19,22,29,21,19,,31,,,13,,23,14,23,18,21,,25,20,,24,26,24,24,24,25,21,32,32,36,38,18,38,12,10,16,19,20,33,28,,20,42,,,23,28,,19,19,34,19,15,,14,15,,,45,50,,38,,32,37,34,37,25,33,,26,40,,69,26,,,,36,36,29,,39,38,30,36,26,,15,61,22,36,26,18,18,41,42,21,32,20,40,20,32,22,23,28,37,45,56,39,41,31,27,27,33,60,21,15,49,40,31,,31,39,30,27,34,15,41,33,32,,35,26,28,26,,51,,56,,45,26,46,23,32,,28,29,26,,25,,28,27,30,27,61,56,58,,,,53,,56,,36,46,,,30,40,29,27,25,,28,,42,42,45,39,39,31,,35,30,33,38,36,42,,16,,,25,28,,30,,26,36,,32,35,34,28,29,52,65,57,57,45,45,21,20,30,29,33,,40,38,45,39,42,,43,,41,33,14,36,45,22,,,,,33,31,,27,36,39,33,27,26,35,19,19,20,,27,21,15,33,,30,,26,25,25,,27,27,,24,36,35,37,,35,46,40,37,24,,28,25,,59,58,367,62,57,65,57,39,42,,38,42,31,44,35,33,32,49,49,,27,,,23,23,16,18,21,,,,,,21,19,21,,,18,,21,,,17,,24,30,32,15,17,12,24,18,24,,,34,20,20,26,37,41,47,45,34,43,13,16,,61,53,,42,38,51,,,,55,,25,22,27,27,26,28,29,,,40,22,24,20,,,26,28,30,30,32,30,19,,26,26,25,,,22,23,,32,31,,,25,,48,46,,,38,38,,,55,59,43,,,31,30,30,30,73,70,77,34,32,27,38,32,23,44,44,47,34,35,34,24,35,25,51,31,,55,45,25,,20,32,24,32,30,34,38,33,30,37,,24,,,40,28,43,42,22,18,41,30,35,15,35,20,43,34,40,46,23,,,27,31,32,31,31,36,,18,42,39,,,48,39,,48,56,52,45,,52,33,28,38,33,25,32,,16,18,29,,24,25,,18,50,73,,54,,33,,,,19,21,29,21,43,30,,22,,26,28,22,20,42,32,27,16,27,35,32,24,29,40,22,25,36,39,41,37,22,,16,32,32,33,39,44,10,54,21,28,21,19,,26,23,,36,41,35,39,45,20,25,23,26,35,30,27,23,26,30,,34,40,38,24,25,24,24,18,24,22,22,,45,46,,,38,,46,,,38,39,27,,,27,35,,35,26,19,19,20,20,57,53,48,,49,42,36,36,36,,39,33,20,16,15,22,,25,25,25,50,38,,28,23,27,,39,33,,40,31,25,23,,28,26,23,18,29,28,25,,32,39,,,,,27,25,,20,20,20,22,19,17,18,17,23,28,45,33,39,51,15,23,,38,30,,33,23,29,50,22,15,20,25,17,25,13,24,64,24,41,64,50,39,62,64,92,23,49,40,55,54,33,26,,,38,59,63,,35,24,26,,30,36,31,32,29,31,41,33,38,34,37,39,41,45,39,,,30,28,28,,35,15,16,17,19,33,,45,44,44,,,,,33,30,29,29,29,30,26,28,,35,30,32,34,41,38,12,15,37,19,,,,,,25,,25,28,22,19,23,,24,31,32,36,35,39,37,41,23,14,32,25,25,28,,16,22,18,19,22,10,32,31,23,,31,34,,35,29,,17,16,21,,,,34,,21,19,,35,33,36,37,39,39,40,24,25,26,25,,34,37,36,38,41,52,,136,127,32,31,385,400,,30,29,41,42,40,,45,50,34,,43,98,43,45,30,39,38,,44,45,,45,35,,,40,51,38,65,40,,,37,38,32,30,36,41,43,41,,,,37,40,35,,34,37,35,54,41,18,21,17,29,29,29,36,22,,25,35,37,54,21,21,32,,34,,26,37,44,25,15,15,377,33,45,38,46,28,22,20,,,52,31,37,30,,50,54,,45,,,48,,,20,30,28,19,27,30,20,,19,33,23,46,68,31,32,,28,27,,37,42,41,35,42,43,25,34,15,29,22,54,17,31,40,47,22,36,48,33,29,33,37,32,20,23,24,23,21,48,33,30,30,30,39,43,21,20,20,,58,35,32,36,,37,28,29,,46,31,28,20,37,22,20,,33,42,,,32,38,35,38,43,47,67,50,38,52,30,28,56,33,18,,23,40,43,45,46,,245,18,16,18,12,24,28,18,27,18,42,34,44,46,38,46,,45,,24,14,20,42,23,23,24,20,15,17,13,12,11,12,11,18,,15,13,32,14,20,13,18,58,31,,33,33,20,45,30,55,30,15,19,38,40,27,30,,27,28,30,26,27,30,23,,25,26,25,33,31,27,33,38,31,48,68,42,39,41,22,38,37,28,17,24,22,22,41,56,53,20,21,23,36,24,39,26,32,54,25,95,109,46,28,45,65,51,16,58,37,24,21,23,40,,28,36,39,43,46,42,50,46,20,26,49,25,46,45,15,17,23,16,19,76,43,42,37,50,,15,20,13,24,12,14,14,22,10,15,23,10,24,39,49,58,30,30,27,35,41,40,,31,52,33,18,43,52,35,,35,45,33,43,18,36,26,20,29,34,36,40,34,38,,32,37,41,44,21,,,41,42,40,42,20,22,,54,40,34,39,25,55,,39,50,50,27,13,18,30,27,18,,42,,36,57,28,28,28,23,19,33,24,,23,,42,22,,13,15,20,20,38,41,45,20,,19,52,41,31,,,39,39,36,26,39,37,48,51,39,57,50,35,28,52,57,63,51,43,62,60,54,32,53,46,36,57,28,28,45,58,36,16,24,21,25,22,46,46,50,,57,24,26,28,29,21,45,12,12,28,12,14,14,15,44,45,,43,40,29,32,56,33,32,19,16,40,,32,48,42,40,26,26,39,49,20,29,42,48,,29,,23,42,24,,53,24,42,32,35,33,45,36,25,43,46,43,26,25,38,19,53,45,41,38,35,34,,43,49,,42,30,40,38,31,16,46,52,29,18,39,38
20210719,20,PM2.5,17,23,20,22,15,16,13,14,15,22,19,11,,,14,,12,12,18,,13,,11,16,,18,12,,17,17,14,14,11,27,20,,20,15,,27,12,18,22,17,,12,,26,34,22,19,17,9,20,15,19,16,,19,5,19,20,18,16,,34,23,20,,25,24,15,11,11,13,,26,29,22,14,19,,10,15,12,14,11,11,,12,10,,,9,12,16,9,12,16,13,,14,16,20,17,17,,21,8,5,8,2,9,8,4,2,10,5,23,15,19,10,9,8,6,8,15,14,14,16,25,,18,14,20,,25,17,12,16,8,21,6,8,8,,8,4,5,9,12,12,12,9,17,,9,14,14,10,,7,2,4,30,4,7,2,3,6,10,,7,,,,21,9,,11,18,15,,,,21,,7,9,5,9,9,14,,7,9,,,,29,8,,18,22,29,10,12,,7,13,12,9,13,12,10,7,,7,,14,19,,12,10,,12,7,10,,13,11,13,8,8,17,5,,,19,2,11,8,7,5,8,,28,,,8,,4,7,,7,11,9,12,7,8,,27,20,20,21,18,6,17,8,22,12,19,14,22,27,14,14,2,17,4,,6,11,5,2,8,9,4,,8,11,,12,7,,,17,24,20,21,,17,17,17,27,9,,,,2,7,2,2,7,30,29,30,32,33,20,,25,23,32,38,37,30,41,31,34,,34,16,24,19,22,18,22,20,23,18,14,15,7,8,,6,7,8,12,8,16,6,8,,,6,5,,1,,1,,,3,2,3,3,5,8,7,9,2,,5,12,5,2,2,3,1,7,6,2,10,,,7,8,11,14,8,7,4,4,15,6,7,7,30,39,27,32,55,34,40,34,8,12,18,13,12,18,,22,18,24,18,20,15,22,,,,17,18,18,16,,28,23,22,16,,,20,18,5,2,5,19,9,9,12,7,2,,8,13,4,5,19,6,10,7,4,5,11,2,,11,14,11,14,16,12,17,,12,10,14,18,,22,20,17,21,,,,11,9,,,,7,10,10,17,16,12,20,,14,36,30,28,30,,21,23,22,20,20,14,,21,35,16,,9,18,,5,12,19,17,22,9,,16,13,,13,10,12,13,12,10,14,17,8,20,16,8,8,9,,,12,,10,10,9,12,16,,11,20,,,17,16,22,19,,17,13,27,,7,17,5,14,10,9,15,14,12,2,,,,11,,22,12,,19,23,14,19,5,5,5,14,7,6,,14,,,5,,16,6,16,10,9,10,12,9,,10,10,7,9,11,3,14,22,22,17,26,6,26,8,3,11,7,14,23,19,,11,14,16,,16,18,,13,7,10,12,10,,4,4,,,29,30,,11,,18,6,10,18,17,23,,17,28,,50,18,,,,25,25,17,,27,26,12,14,11,,9,13,15,20,13,8,12,20,21,12,19,8,21,12,19,15,10,9,7,17,23,20,21,15,16,9,23,13,9,10,21,22,10,,19,20,5,6,15,7,13,6,18,11,8,18,18,14,,22,,23,,28,18,24,14,19,,14,16,15,,17,,17,13,12,15,31,29,29,,,,32,,39,,6,32,,,21,28,19,5,6,,3,,29,29,31,27,18,10,,14,21,20,26,21,22,,8,,,13,2,8,21,,11,16,19,18,24,17,10,17,35,47,40,33,31,30,7,10,10,12,14,11,19,22,24,18,18,,13,10,23,13,6,17,31,9,,,,,6,6,,7,14,27,6,16,18,24,13,7,12,12,10,8,6,15,,14,,7,8,10,,6,4,,6,13,13,17,,14,16,13,15,12,,7,5,,19,19,117,16,14,14,10,3,5,,13,2,4,12,17,20,22,12,12,,13,,,2,2,6,10,5,,,,,,6,7,3,,,4,,5,,,5,,5,4,5,6,6,6,7,5,7,,12,16,8,6,9,11,12,22,18,19,16,9,11,,29,23,,16,20,17,22,,,39,15,17,15,11,10,5,10,20,,,16,,5,11,51,,5,11,5,7,2,6,13,,18,18,11,,,8,5,,22,14,9,,6,,24,11,,,13,24,,,18,16,28,,,16,11,2,2,25,25,19,14,16,12,16,13,8,19,14,21,13,24,19,6,15,13,20,14,,18,9,9,,10,9,10,12,5,9,21,22,7,11,11,11,,,12,11,14,29,14,12,13,20,24,5,13,14,15,11,11,16,14,,,17,15,10,18,18,22,,12,29,20,,27,29,22,,23,28,36,31,,14,19,16,26,17,5,12,,8,10,16,,16,5,13,8,28,31,,38,,23,,,,2,5,4,4,14,15,,8,,14,13,10,9,29,11,10,5,16,24,14,12,20,28,14,12,17,21,19,17,8,,5,11,17,11,16,10,4,17,12,7,9,10,,17,9,,13,27,19,27,31,13,15,12,16,10,14,13,11,15,19,,19,9,18,15,12,13,12,10,8,6,12,,29,30,,,24,17,28,24,,22,23,6,,4,17,24,34,24,18,9,11,11,9,28,16,27,,31,29,25,25,20,,18,22,8,7,10,2,5,9,3,2,28,26,,19,15,17,,27,23,,26,8,14,7,,19,16,5,,6,12,8,,12,27,,,,,14,15,,6,7,3,8,7,5,6,10,16,19,18,23,21,17,4,12,25,10,19,56,23,11,4,28,12,5,8,10,5,17,9,14,46,11,22,46,24,27,44,46,68,12,34,28,31,34,19,18,27,26,26,36,45,14,12,6,17,,6,8,18,14,13,14,16,18,20,14,19,11,13,10,14,,,15,14,15,,10,9,9,7,2,22,,22,26,18,,,,,14,9,8,9,6,3,6,19,,6,7,8,11,22,13,2,5,19,7,,,,,,10,,10,8,7,11,16,,5,17,13,9,20,6,6,8,16,7,22,13,5,9,,9,15,12,12,11,5,9,3,9,,15,12,,7,8,,2,8,7,,34,,5,,6,5,15,14,13,11,5,7,5,6,8,9,8,6,,13,7,6,20,13,26,,59,90,4,5,101,111,,6,6,11,5,5,,5,10,5,,17,10,17,14,4,5,12,,9,13,,14,8,,,18,14,4,11,10,,7,11,7,13,11,1,9,13,24,,,9,2,2,12,,10,7,4,14,19,9,14,8,16,17,14,19,6,,11,12,11,21,10,10,9,,22,,5,17,21,17,1,4,119,9,31,20,17,5,10,9,,,20,10,14,15,,13,16,,22,,,27,,,2,14,9,5,16,19,6,,5,13,16,19,,11,22,,15,16,,22,17,13,15,5,30,17,9,10,7,6,17,8,14,12,15,4,18,9,23,18,13,16,18,8,7,11,9,11,21,11,19,15,6,17,18,8,8,9,32,34,18,21,17,34,3,12,14,,17,11,6,5,7,12,11,,16,15,16,17,22,26,5,26,15,18,24,30,26,28,17,5,35,9,10,,6,11,10,19,2,,100,7,4,7,5,8,10,6,6,7,22,19,19,8,14,14,,31,,6,5,4,12,7,12,13,8,5,4,7,8,3,4,5,12,,7,,22,5,12,7,2,9,15,13,17,18,14,27,17,28,9,6,9,20,28,3,3,,11,14,7,18,4,4,8,25,5,18,11,18,9,2,16,26,14,29,30,29,27,16,6,12,19,5,2,10,8,7,17,16,22,9,9,16,10,12,4,7,22,18,12,71,82,21,14,31,47,25,6,31,17,14,11,11,28,,5,13,24,20,32,14,20,22,5,7,28,7,19,20,5,2,7,6,,14,6,6,12,13,,6,7,5,12,2,6,4,7,2,2,16,,12,23,34,41,15,15,12,10,19,16,13,14,20,21,11,29,29,24,,19,31,23,30,12,25,5,14,12,4,10,19,18,22,,10,25,15,20,5,14,,19,22,16,17,9,5,15,23,16,14,11,9,11,,9,8,20,15,3,7,10,12,8,,29,29,6,40,16,4,19,12,13,12,11,,,,29,6,,4,8,11,7,24,26,17,8,,7,16,20,10,,,26,10,5,18,18,21,29,20,22,40,20,14,12,36,21,45,30,30,31,38,20,22,31,32,16,40,10,4,29,38,19,2,9,12,16,9,13,9,10,17,15,11,9,19,19,12,16,8,3,19,5,7,7,8,8,18,,20,19,20,22,19,16,10,2,7,28,28,17,27,13,8,7,8,26,26,9,9,19,18,,12,6,8,10,7,21,29,7,23,11,18,14,22,17,12,19,17,18,18,17,26,5,28,31,23,16,17,23,,11,34,,22,18,8,8,10,6,26,31,9,7,17,26
20210719,20,PM2.5_24h,14,15,15,15,13,15,15,16,15,16,16,15,,,29,,22,17,29,,25,,21,19,,25,17,,18,20,12,18,16,24,20,,28,30,,38,28,14,24,18,,21,,19,22,16,23,20,16,24,17,15,11,,14,8,16,28,25,21,,36,25,14,,14,26,19,24,14,13,,16,16,11,5,17,,11,14,18,14,15,14,,12,11,,,9,10,13,12,14,15,15,,15,14,17,16,16,,18,13,13,14,12,11,12,12,13,15,10,18,14,21,14,13,11,8,13,14,16,11,12,17,,14,15,15,,19,12,14,10,10,17,10,12,9,,11,10,10,12,16,15,18,11,22,23,11,17,16,16,,10,9,9,25,11,12,11,13,11,18,13,7,,,,22,17,,21,18,16,,,,21,,7,13,10,10,13,11,,11,11,,,,16,13,,22,22,24,17,15,,16,14,13,17,17,15,11,10,,11,,15,15,,15,16,,18,17,17,,17,19,16,14,13,12,9,,,9,6,8,17,14,12,16,,12,,,14,,11,13,,10,11,13,8,7,7,,19,14,18,17,16,15,12,16,20,13,20,17,18,21,19,20,12,18,5,,10,9,7,6,12,12,10,14,17,16,,17,6,,,14,20,15,19,,23,18,17,20,9,,,6,6,6,4,8,10,20,17,20,20,25,16,,17,19,13,16,15,14,24,19,16,,13,11,23,22,19,25,14,17,20,17,18,16,12,14,,11,12,11,15,12,12,13,13,1,,2,1,2,4,,1,1,2,6,2,3,2,10,8,10,12,5,,10,15,9,5,5,5,1,7,7,2,8,,,11,10,11,8,9,9,5,4,16,18,17,15,23,27,21,23,23,21,24,22,10,8,10,7,7,14,,15,18,16,13,14,11,13,,,15,10,17,16,12,,24,23,18,15,,,21,19,10,12,14,23,13,17,22,18,10,,9,8,5,6,9,10,5,6,4,5,8,5,21,19,18,17,21,21,17,16,,21,17,19,23,,23,16,20,16,,,,9,10,,,,14,13,12,20,40,22,17,,16,26,23,26,18,19,16,16,24,15,17,21,12,17,16,20,,19,18,19,17,10,18,14,19,17,,13,12,16,15,12,14,14,15,15,12,18,16,23,23,9,8,11,6,,15,,16,12,12,14,19,,18,20,,,19,18,18,21,,16,16,16,,13,18,10,16,18,12,15,9,16,11,,,,16,,15,13,,15,19,15,17,6,5,4,18,14,20,,16,,,16,,14,22,16,10,9,12,13,9,,14,12,16,11,15,10,17,15,15,12,17,13,18,6,5,8,11,12,15,9,,12,14,13,,15,16,,16,15,14,16,14,,15,7,,,27,25,,10,,11,11,10,14,7,15,,13,13,,21,22,,29,,17,23,22,,16,15,10,14,9,,9,10,10,14,16,9,9,22,18,12,16,9,17,11,14,24,9,8,8,29,24,21,26,25,15,12,12,14,15,14,15,14,12,,16,9,5,8,13,7,20,15,16,18,17,20,20,17,,23,18,22,,21,18,19,11,12,,13,14,14,,8,,12,8,8,13,22,21,18,,,,25,,30,,12,16,18,,20,25,20,9,9,,8,,8,9,10,17,12,9,,20,21,14,21,19,20,,14,,,14,8,6,9,,18,31,26,23,18,6,7,15,23,30,30,27,32,25,9,9,11,10,13,13,12,14,15,14,11,,25,12,23,20,16,17,17,11,,,,,9,7,,10,16,17,11,11,14,20,18,14,19,16,14,8,10,22,19,16,,14,14,18,,11,10,,12,18,17,19,18,16,17,14,21,18,17,14,14,,19,19,97,29,16,19,18,7,5,,10,9,11,9,8,15,19,10,10,,6,,,4,4,6,9,11,,,,,,10,10,14,,,6,,9,,,12,,11,11,8,13,14,15,14,15,11,,21,17,17,17,18,16,16,18,17,19,20,10,10,,22,17,,14,15,11,13,,,19,10,12,8,16,15,16,16,20,,,15,2,5,9,8,,1,12,13,10,7,13,18,,18,15,16,,,14,13,,14,12,11,,9,,24,17,,,10,17,,,20,19,24,,,12,14,4,3,16,18,14,18,16,19,20,14,9,11,11,14,13,14,14,13,18,19,20,20,,21,16,12,,7,9,12,12,16,15,18,16,9,15,7,18,,,16,14,12,20,9,19,9,22,14,16,11,23,16,12,17,15,18,,,6,36,34,39,13,15,,21,19,11,,19,18,20,,19,22,22,18,13,19,16,18,15,18,14,21,13,13,12,17,,11,9,9,7,23,18,,20,,19,,,,4,9,8,9,12,12,,9,,19,18,16,8,9,12,12,6,19,18,26,12,12,12,11,10,18,15,13,13,10,,8,13,16,14,18,17,3,19,14,10,16,15,14,18,15,,9,24,20,24,18,13,15,16,16,13,18,16,17,16,18,,19,9,17,17,16,16,16,13,21,22,19,,19,22,21,,21,20,23,20,,18,19,19,,17,19,19,20,21,13,14,15,13,12,21,18,23,,23,23,21,18,15,,16,15,8,14,17,6,11,15,18,15,22,24,,15,15,17,,11,17,,19,7,11,9,,9,9,8,2,7,16,16,,13,20,,24,,27,29,29,,7,7,7,6,9,12,12,16,14,15,18,16,22,24,12,18,23,17,27,21,16,12,20,14,8,8,9,19,17,23,21,10,17,14,14,19,15,47,52,48,51,21,29,23,22,35,14,17,27,21,22,42,43,15,9,10,10,,8,6,15,10,12,8,15,15,14,11,11,10,11,9,8,,,16,16,18,,20,10,7,6,7,20,,12,16,11,,,,,15,7,6,6,8,9,11,18,,7,29,7,9,7,12,9,12,19,11,15,,,,,9,10,12,9,8,8,17,,14,7,9,16,16,8,6,5,14,9,15,12,13,10,,12,15,7,6,7,5,11,6,12,,10,6,,9,6,,3,5,4,,12,,11,,5,5,13,18,16,17,9,9,9,10,9,11,10,9,,15,8,5,9,10,21,,79,111,12,8,63,71,,12,12,10,11,5,,15,16,9,,13,14,14,15,6,10,14,,10,15,,17,11,,11,20,19,8,10,4,,14,7,10,11,11,7,13,10,22,,,13,17,14,11,,6,13,12,16,20,10,4,13,28,21,20,13,14,,9,15,18,22,9,14,14,,20,,12,20,26,19,9,9,105,8,22,17,14,10,15,7,,,22,13,13,18,,15,15,17,15,,10,24,,,2,18,13,9,23,19,6,4,7,14,14,14,13,12,25,,23,17,,15,15,11,14,4,30,18,18,16,8,9,14,8,21,17,14,10,24,11,16,16,5,22,11,14,23,15,14,8,22,14,15,11,17,13,8,14,15,16,19,29,12,13,17,18,15,16,10,,19,12,10,5,7,9,8,,17,14,12,18,19,16,6,18,19,14,23,28,20,18,13,9,27,15,11,,11,17,17,20,6,,89,9,8,10,9,12,11,13,8,12,14,13,14,15,11,8,,23,,12,9,6,20,13,11,15,13,11,11,9,7,4,4,4,9,13,15,,14,6,12,10,16,7,25,28,21,22,19,24,19,20,10,11,10,14,14,17,15,,9,12,6,9,7,7,7,13,17,14,13,19,11,4,11,16,14,16,14,17,16,13,6,14,25,13,10,15,10,9,21,21,22,11,9,12,19,15,4,18,19,14,19,16,26,25,28,18,49,28,11,14,13,12,13,17,19,,11,22,19,16,21,17,19,20,13,17,22,13,16,16,11,18,11,19,3,10,12,15,13,20,,12,11,8,9,5,11,6,12,10,4,10,3,12,12,29,22,19,24,27,25,12,14,19,14,21,22,17,16,25,19,,26,13,23,29,21,17,7,13,5,7,20,15,17,15,16,9,15,20,15,12,14,,22,17,14,16,12,5,29,19,18,14,18,17,11,,12,13,23,17,7,12,13,11,18,,23,29,18,36,27,9,13,10,8,11,12,,8,,12,12,,7,12,9,8,22,22,14,14,,10,13,13,11,,,18,14,13,15,15,21,39,34,36,25,17,17,27,27,20,32,24,19,25,22,17,16,27,13,18,29,18,10,29,24,24,7,18,16,25,19,12,9,16,170,153,8,12,15,18,7,20,16,3,19,6,10,11,10,14,16,,19,15,13,17,9,13,12,4,9,24,16,16,25,9,16,16,14,11,20,14,20,14,12,,11,21,7,10,17,22,22,11,16,15,18,15,14,14,13,18,21,19,13,22,20,6,38,41,13,17,15,20,13,11,14,14,20,18,19,8,13,7,23,24,8,4,15,24
20210719,20,PM10,34,48,50,38,43,29,28,31,29,38,34,37,,,26,,24,26,30,,25,,18,28,,21,30,,30,24,11,29,25,29,30,,38,35,,34,39,29,33,35,,34,,51,41,59,25,33,30,23,30,27,24,,46,29,29,27,27,28,,19,45,49,,50,47,35,44,26,26,,28,37,42,39,26,,16,26,24,30,21,21,,14,19,,,24,26,38,17,27,32,26,,47,25,27,28,30,,44,15,20,13,11,24,18,12,11,16,16,40,37,61,21,24,18,25,41,39,35,28,36,40,,53,51,72,50,42,36,31,43,27,29,19,29,21,,27,17,24,24,24,22,27,27,32,30,34,34,34,9,,20,20,37,,13,18,18,12,24,25,21,9,,,,31,26,,34,41,34,,,,51,,24,22,24,27,22,24,,19,30,,,,33,21,,33,36,46,24,22,,12,18,22,19,17,29,18,14,,13,,39,23,,26,27,,23,23,21,,30,31,36,23,22,29,14,,,9,14,17,26,20,25,15,,57,,,25,,21,24,,29,23,22,17,17,15,,39,86,49,42,40,19,36,23,29,31,23,38,39,30,31,22,29,22,8,,17,14,19,18,34,19,19,,29,25,,33,39,,,32,51,49,49,,48,44,46,54,7,,,7,5,12,22,5,14,45,46,58,44,51,60,,57,34,43,55,47,46,60,44,45,,48,24,42,52,51,44,41,51,46,40,45,37,16,20,,18,19,16,23,18,28,14,18,,9,21,18,6,8,,8,4,7,10,4,8,8,5,26,19,28,1,,17,24,17,14,10,5,9,12,8,9,17,,,13,13,14,10,16,11,7,7,21,12,8,15,52,53,49,44,61,42,63,56,10,18,22,24,23,27,,27,16,29,42,33,30,30,,,33,34,36,39,27,,45,39,40,33,,,31,26,9,12,24,29,29,27,22,24,19,,22,18,17,23,20,17,15,18,13,19,23,20,,26,34,20,22,29,32,18,,,22,37,24,,43,33,24,27,,,,28,12,,,,30,33,36,29,20,30,24,,42,37,32,45,49,,24,29,29,34,39,22,,27,26,26,,42,24,,22,53,48,34,34,46,,16,21,,20,22,24,24,30,29,13,23,16,27,32,25,28,30,,,31,,24,19,12,24,31,,27,36,,,,38,26,38,,27,27,44,,42,44,34,27,27,31,29,19,14,27,,,,22,,39,36,,66,31,26,41,7,9,7,29,10,15,,19,,,10,,5,5,23,17,21,,25,20,,24,26,20,21,24,17,17,31,22,36,34,18,32,7,,9,18,20,28,19,,20,42,,,22,28,,18,18,34,19,15,,12,12,,,45,50,,38,,17,37,33,37,24,26,,26,32,,32,20,,,,34,25,29,,34,27,30,36,26,,14,72,20,36,26,14,18,41,42,21,32,14,40,20,32,4,23,28,37,45,62,39,41,31,27,27,28,69,21,10,49,40,31,,30,39,30,27,34,15,41,22,27,,16,21,28,26,,52,,62,,34,22,46,23,32,,28,29,8,,11,,28,13,9,22,71,61,66,,,,55,,61,,36,28,,,30,11,29,12,17,,12,,41,37,42,37,39,26,,27,20,26,31,23,42,,16,,,15,5,3,6,,18,36,38,32,29,34,28,29,54,56,61,63,38,45,17,13,16,23,20,20,29,33,45,31,32,,29,32,24,21,10,18,29,20,,,,,14,22,,20,36,32,33,27,21,28,17,19,20,19,27,21,9,33,,30,,11,16,7,,14,21,,15,25,28,33,,33,46,27,32,17,,9,20,,68,65,473,35,30,79,64,19,22,,21,42,29,44,35,31,23,49,49,,27,,,9,9,16,9,21,,,,,,17,15,21,,,11,,,,,17,,24,30,32,15,17,12,24,18,24,,18,27,20,20,26,20,19,33,32,30,27,11,16,,72,55,,42,38,51,,,,22,25,21,20,27,12,16,12,19,,,40,22,24,20,,,26,19,9,18,18,17,18,,24,19,8,,,21,22,,28,31,16,,15,,37,36,,,38,38,,,59,68,43,,,31,30,5,4,29,81,23,34,32,27,38,32,23,44,44,47,34,28,34,20,35,20,51,31,,60,27,14,,20,32,24,32,26,20,38,33,30,37,26,24,,,40,17,43,34,22,16,41,30,19,15,35,17,43,34,40,46,23,,,27,14,21,22,31,36,,10,30,31,,44,48,39,,48,62,43,37,,53,33,27,17,33,15,6,,16,18,29,,24,25,13,18,48,54,,49,,21,,,,19,21,29,21,43,30,,22,,26,28,22,20,26,32,27,5,27,22,32,24,16,23,22,15,36,35,41,37,22,,16,32,32,33,39,44,2,44,21,23,17,14,46,26,23,,36,41,35,38,20,18,25,23,26,35,30,27,23,26,30,,34,40,38,24,25,24,24,18,13,22,22,,45,46,,,38,,46,43,,38,39,5,,,27,24,,29,11,14,11,,13,63,55,48,,49,31,35,35,36,,39,33,10,13,5,15,13,4,6,10,50,36,,19,23,27,,38,23,,40,12,24,17,,1,11,7,18,29,28,14,20,32,38,36,,,,18,11,,15,15,15,11,19,12,13,15,19,23,45,26,39,52,15,23,28,38,30,24,31,23,29,50,22,11,20,25,17,18,12,24,47,24,41,35,50,26,49,46,80,23,39,38,60,57,33,26,49,50,36,68,58,51,27,17,16,,12,12,17,10,27,30,41,31,38,23,24,24,21,18,22,,,13,22,25,,35,13,12,17,10,33,,40,24,32,,,,,19,10,15,13,12,11,26,21,,10,11,19,34,41,38,6,13,37,12,,,,,,25,,11,13,22,17,22,,9,21,27,20,21,10,22,33,15,14,19,15,12,28,,10,7,18,19,22,10,24,20,13,,25,34,,16,8,,13,14,19,,,,4,,12,9,25,27,22,36,15,18,24,26,20,24,26,15,,27,28,9,34,41,54,,221,204,12,15,488,500,,17,16,28,16,12,,16,21,17,,25,20,26,15,10,23,37,,20,34,,45,19,22,23,27,52,24,79,15,,13,15,22,17,24,7,18,23,21,,,18,8,20,35,,5,24,21,58,34,18,21,17,23,29,24,36,18,,16,35,37,58,21,21,32,,17,,17,33,43,24,10,9,481,15,44,38,46,17,20,14,,,53,31,37,30,,36,27,,45,,40,48,,,14,24,27,12,27,29,14,22,17,28,21,26,1,18,11,,25,27,,37,42,41,19,22,30,21,21,12,10,13,57,11,31,40,22,17,36,48,20,29,14,25,32,17,10,10,12,11,30,26,24,26,4,26,28,18,20,20,66,66,30,27,36,51,37,20,25,,46,31,27,20,16,22,20,,33,34,28,30,31,25,11,32,41,47,83,50,25,52,30,28,61,33,18,,10,29,26,26,17,,381,18,16,18,12,24,28,18,27,18,35,34,30,43,38,46,,27,,24,7,16,42,23,23,24,20,12,17,13,11,10,10,11,12,,14,7,31,9,20,13,,65,27,24,33,25,16,45,22,59,25,12,19,38,30,2,2,,5,23,30,17,15,30,23,28,25,21,25,19,23,24,33,16,31,48,72,36,33,20,22,38,24,17,17,24,22,14,41,62,56,17,15,14,36,24,4,11,7,58,16,87,86,46,27,35,53,52,16,66,37,24,20,23,35,,27,24,39,32,38,28,31,46,20,19,42,24,46,31,15,17,11,16,12,102,37,24,24,41,,10,12,8,24,4,12,11,7,10,10,22,2,24,39,41,64,24,30,24,35,41,40,26,21,53,32,18,43,53,30,,35,34,27,38,10,28,26,17,19,34,35,34,22,34,,19,14,37,44,19,22,,41,42,32,31,12,9,40,57,40,34,39,21,22,,12,23,50,23,8,18,30,27,18,,30,57,36,40,28,8,22,23,19,33,24,,23,,32,13,,13,15,17,13,38,41,45,20,,19,53,41,10,,,39,39,36,22,39,37,48,51,39,45,50,17,22,53,63,57,52,38,73,70,58,22,56,38,36,45,12,12,45,44,36,9,24,17,22,18,37,12,24,42,63,24,15,24,29,21,44,1,12,20,12,14,14,15,43,28,,43,40,16,11,62,30,19,10,12,22,27,22,48,27,24,12,10,39,49,18,29,42,48,,29,2,12,26,21,19,56,17,42,19,35,33,45,23,16,43,46,29,16,22,38,10,56,33,35,38,33,14,42,31,30,,42,30,40,38,31,16,46,53,19,17,28,19
20210719,20,PM10_24h,21,27,25,23,24,25,24,26,28,25,24,27,,,47,,40,41,49,,42,,30,29,,31,33,,25,29,22,19,27,24,19,,51,48,,45,50,22,34,31,,39,,32,28,39,33,36,39,39,29,33,22,,30,27,28,40,36,37,,36,41,37,,47,39,37,40,24,17,,14,23,15,23,28,,19,23,27,28,29,24,,24,19,,,22,26,32,23,25,34,32,,38,25,31,28,27,,31,22,24,16,18,17,21,16,19,22,14,38,37,56,33,30,20,17,43,28,37,22,30,27,,36,31,40,34,34,25,40,33,22,23,20,26,22,,31,20,20,20,33,26,35,29,37,36,31,36,32,20,,19,18,26,39,19,20,20,18,21,25,22,17,,,,37,31,,37,38,32,,,,48,,23,31,26,20,24,25,,24,31,,,,28,29,,33,36,39,30,26,,25,25,24,21,22,24,25,18,,18,,32,26,,35,27,,39,31,33,,42,39,32,31,20,18,19,,,11,21,14,35,29,29,35,,22,,,28,,24,26,,26,21,20,14,15,16,,35,35,31,39,36,26,30,25,33,31,35,39,37,41,36,35,32,31,12,,22,18,20,18,26,27,25,32,39,30,,44,31,,,29,34,36,41,,41,37,36,37,11,,,8,9,10,12,9,18,32,27,31,28,35,37,,34,26,20,26,28,20,26,26,23,,30,18,35,30,36,37,30,34,29,29,34,26,28,27,,27,33,24,30,28,27,25,25,7,9,10,11,10,13,,8,7,10,15,5,7,6,7,28,22,28,23,,26,30,24,13,17,11,9,20,16,18,18,,,24,21,22,20,20,15,8,11,28,32,27,26,49,52,44,39,43,41,56,42,19,16,24,19,17,17,,26,24,18,31,25,17,23,,,25,21,30,35,24,,38,39,31,32,,,37,29,23,27,39,37,38,41,34,29,34,,19,9,11,14,13,13,10,12,11,10,16,15,34,31,36,36,33,29,30,24,,51,31,38,37,,36,33,45,45,,,,22,14,,,,28,34,59,67,55,54,54,,70,38,28,40,36,33,15,23,20,26,24,27,12,25,23,39,,47,35,39,35,47,45,27,39,46,,24,23,22,23,23,22,26,23,22,15,29,31,30,33,21,24,28,23,,23,,30,15,17,23,37,,37,34,,,36,32,27,43,,23,31,31,,33,41,29,27,25,20,21,18,20,30,,,,25,,24,34,,35,29,18,36,8,10,8,28,20,25,,22,,,25,,22,29,28,20,19,41,21,17,,26,24,25,22,35,25,28,29,24,34,26,25,28,11,14,13,28,29,27,17,,24,26,25,,31,30,,27,26,31,26,25,,36,12,,,49,44,,25,,18,23,31,29,15,20,,19,19,,24,21,,27,,33,24,24,,28,18,21,26,19,,19,29,19,32,31,16,17,44,33,23,32,17,35,23,28,40,38,19,29,39,54,32,39,39,24,25,21,44,27,16,33,22,28,,28,24,22,26,39,18,34,29,27,32,23,34,36,32,,40,36,43,,32,27,26,24,23,,27,27,11,,8,,23,12,10,22,34,32,33,,,,42,,41,,22,20,13,,33,25,33,17,22,,21,,22,18,22,28,29,28,,26,31,25,25,23,25,,21,,,19,13,16,10,,27,41,44,36,25,23,14,32,37,42,47,50,47,38,18,17,19,22,22,18,21,26,28,26,22,,35,25,33,34,18,17,18,18,,,,,22,23,,23,25,25,33,24,19,21,31,33,34,36,31,14,9,34,32,31,,20,24,33,,22,22,,26,32,31,32,31,31,32,31,28,33,25,24,34,,90,81,480,46,35,37,50,15,24,,19,43,32,21,21,25,28,33,33,,17,,,10,10,17,17,20,,,,,,18,18,21,,,10,,19,,,20,,26,24,21,23,25,23,28,28,22,,31,31,30,29,32,25,24,27,27,31,30,15,16,,55,37,,33,32,23,19,,,20,19,14,16,23,28,28,31,28,,,36,18,15,17,16,,18,21,25,25,28,27,20,,24,22,20,,,28,27,,28,23,28,,37,,48,45,,,34,24,,,53,43,36,,,24,28,16,12,25,32,18,31,33,28,35,30,19,23,22,31,33,30,34,29,38,30,43,37,,46,35,18,,19,28,34,30,28,24,28,26,22,28,21,35,,,50,24,28,38,23,28,28,30,14,15,26,28,38,24,40,35,37,,,11,42,40,47,25,26,,18,23,21,,29,34,32,,36,53,27,31,29,33,19,27,24,39,28,41,20,27,25,23,,20,25,13,17,44,38,,36,,33,,,,17,18,19,20,20,25,,24,,31,33,29,20,20,21,29,15,32,27,45,23,14,18,21,20,30,29,35,30,24,,23,29,29,29,34,35,5,31,22,21,24,21,36,28,28,,23,40,36,40,23,25,25,23,28,34,32,27,27,25,33,,34,36,33,29,34,33,32,30,38,44,40,,28,31,32,,31,44,36,33,,33,30,26,,28,29,30,30,32,18,18,20,17,19,36,34,36,,30,21,26,30,34,,33,28,16,27,17,24,18,15,19,19,40,30,,20,24,25,,20,20,,32,18,24,22,,5,11,16,19,22,33,36,31,27,31,33,39,38,42,45,42,,14,15,14,18,20,20,22,25,26,34,40,39,32,43,25,32,43,53,45,26,21,20,40,27,18,13,13,33,36,45,39,25,39,25,29,33,37,66,75,67,71,35,28,33,48,52,28,26,45,34,51,73,70,24,22,20,18,,28,19,17,16,26,21,24,28,24,21,21,21,20,13,16,,,21,24,29,,36,20,18,16,22,35,,25,17,23,,,,,26,16,14,16,15,19,22,18,,20,24,19,19,20,34,13,11,31,20,27,,,,,20,21,19,16,16,15,25,,24,15,15,20,25,12,21,15,17,13,17,17,14,18,,14,13,10,9,14,12,18,12,16,,11,17,,8,13,,10,9,8,,36,,13,,13,9,24,38,33,36,16,19,24,19,19,24,22,20,,34,32,9,24,26,49,,283,316,16,26,382,407,,17,22,29,34,16,,37,35,24,,15,17,20,18,15,18,34,,23,41,,42,24,19,31,48,48,34,45,9,,39,29,33,23,27,26,36,44,42,,,45,39,47,30,,15,45,35,75,37,28,14,28,36,32,33,19,20,,36,31,35,49,16,23,32,,21,,20,37,46,28,21,20,465,35,35,32,38,24,32,14,,,29,35,23,39,,36,25,38,32,,30,50,,,18,30,30,14,28,32,13,16,16,31,19,22,25,17,20,,49,30,,31,31,34,21,18,33,23,33,12,19,24,28,21,40,34,32,23,42,28,15,27,16,35,33,26,23,21,18,12,45,28,22,20,26,24,13,20,21,21,33,41,23,27,33,21,37,32,26,,37,25,24,19,13,17,15,,31,47,30,24,21,21,16,30,42,35,92,41,32,39,29,23,50,35,22,,19,45,57,64,22,,392,23,13,19,18,20,23,19,23,16,23,20,31,59,33,25,,37,,28,12,17,32,24,21,31,34,28,28,24,15,10,12,11,8,29,30,9,26,11,21,21,36,29,46,45,33,34,30,44,27,39,19,21,27,20,19,27,27,,7,23,14,13,20,12,16,22,31,22,20,19,16,19,16,17,29,33,29,23,32,20,18,35,32,27,22,24,28,16,41,40,44,19,11,13,29,23,7,12,19,40,26,24,43,40,45,31,74,50,21,23,27,18,23,30,42,,24,34,28,38,36,29,32,29,17,29,35,25,31,25,22,22,16,27,12,40,62,40,43,72,,24,18,15,18,12,9,16,29,21,11,23,7,25,24,42,38,21,47,49,53,34,36,31,24,34,34,32,27,38,31,,33,18,33,37,32,27,20,11,18,25,39,31,23,24,27,17,23,43,30,28,24,,38,32,25,32,13,11,51,42,34,32,34,26,26,,19,28,44,24,13,27,26,22,32,,30,38,33,55,39,14,23,21,17,25,22,,23,,21,17,,18,28,14,15,32,35,31,30,,21,27,29,11,,,21,43,30,31,34,46,65,57,54,23,34,21,43,41,73,74,48,46,53,53,33,24,59,18,26,27,30,19,37,28,29,14,32,28,35,28,30,17,54,812,873,15,22,26,30,18,68,27,11,20,13,22,26,31,28,38,,34,35,11,12,31,30,26,11,11,36,33,26,44,31,42,33,30,22,44,25,40,30,31,,25,22,14,33,21,27,32,29,33,30,30,27,25,16,16,42,36,34,47,41,30,17,65,46,22,32,24,25,25,26,28,29,38,32,43,30,42,14,42,41,14,8,26,35
20210719,20,SO2,1,3,1,3,3,2,3,3,3,2,3,3,,,7,,5,4,8,,4,,6,8,,5,5,,4,3,4,5,5,2,5,,3,4,,4,1,8,5,4,,6,,4,4,3,5,6,5,5,4,4,4,,6,6,7,8,9,8,,8,9,7,,7,2,4,3,10,4,,5,6,4,2,3,,4,3,1,3,1,1,,8,6,,,4,6,9,7,8,7,5,,10,6,2,5,3,,4,10,5,5,6,10,6,8,9,6,8,2,3,4,4,2,3,4,3,4,3,10,8,8,,6,12,17,16,17,15,10,12,1,4,5,3,7,,3,5,6,5,3,7,3,7,8,4,3,4,4,7,,1,3,2,1,1,3,5,6,10,7,7,6,,,,8,8,,6,8,6,,,,8,,4,4,2,5,1,3,,4,6,,,,2,6,,8,15,6,4,3,,4,1,3,3,4,3,7,5,,4,,3,4,,4,7,,4,4,4,,5,2,5,5,13,7,6,,,8,6,7,5,3,5,3,,6,,,4,,7,6,,2,2,4,5,3,4,,3,4,6,4,4,5,6,6,5,5,5,4,6,6,4,5,4,5,2,,4,4,4,3,4,4,5,,7,4,,9,5,,,3,10,10,12,,12,9,11,8,5,,,5,3,5,5,4,4,3,3,3,2,3,3,,3,3,4,3,6,4,6,5,5,,6,5,6,5,5,4,5,6,4,4,6,5,5,,,5,6,5,5,6,5,4,5,,4,5,5,9,2,,6,4,5,5,4,6,5,5,6,8,6,6,,4,5,2,3,2,2,1,6,5,3,6,,,7,8,7,5,5,6,5,8,6,8,6,7,6,8,6,6,6,6,6,4,1,3,5,4,5,5,,4,6,6,5,8,7,4,,,10,5,3,2,4,,4,1,7,3,,,5,7,7,1,5,7,7,5,4,4,3,,10,6,5,6,8,8,6,7,10,6,6,8,6,4,3,4,5,6,2,4,,4,5,5,5,,3,3,4,5,,,,8,4,,,,9,7,10,9,6,11,11,,22,9,5,8,8,,8,8,8,7,6,4,,4,5,5,,4,4,5,3,9,10,7,11,10,,1,1,,6,4,3,5,4,2,2,2,6,3,4,3,4,3,4,,9,,8,5,4,6,4,,1,5,,,5,3,4,8,,6,3,4,,21,7,5,9,3,6,8,6,6,7,,,,2,,5,8,,7,8,6,7,5,5,1,3,3,3,,5,,,5,,5,7,20,7,8,7,11,8,,5,5,4,5,4,5,5,6,11,24,7,5,4,7,6,8,5,5,5,5,,4,5,4,,9,8,,5,2,3,3,9,,7,4,,,4,11,,3,,11,8,21,10,9,5,,9,9,,2,2,,4,,6,10,10,,23,8,9,8,6,,6,4,5,5,3,5,3,10,12,10,7,7,7,7,12,15,7,6,5,6,5,6,23,11,8,5,7,6,4,4,6,8,5,,4,4,3,4,2,3,3,6,3,8,11,7,4,5,,4,3,17,,8,7,6,5,5,,6,14,5,,3,,1,4,5,3,3,1,1,,,,3,,4,,1,3,,,4,4,8,3,2,,1,,7,5,8,5,2,2,,8,6,9,6,7,8,,4,,,7,1,2,2,,7,6,5,7,7,6,5,5,9,10,12,11,6,6,3,3,9,7,5,5,9,8,9,4,5,,11,21,6,6,6,3,6,5,,,,,6,7,,6,4,9,5,3,5,5,5,5,5,5,5,5,4,6,6,5,,3,2,3,,3,2,,2,4,3,1,4,3,5,2,1,5,8,4,4,,6,4,4,5,6,6,5,7,8,,9,5,3,5,4,6,9,6,6,,5,,,4,4,4,4,8,,,,,,6,4,2,,,6,,4,,,5,,5,6,9,8,10,11,11,13,6,,,5,6,7,9,8,6,5,5,3,4,5,9,,5,7,,4,7,6,7,,,7,5,6,7,5,3,4,5,4,,,2,9,5,3,5,,8,10,5,9,8,11,4,,4,6,4,,,2,6,,13,10,10,,6,,6,8,,,6,5,,,8,5,16,,,2,4,11,10,6,8,5,4,6,2,5,4,10,19,11,18,4,3,5,4,4,7,3,6,,5,8,5,,12,7,10,11,2,4,10,6,6,6,4,6,,,9,5,5,8,5,6,8,2,3,3,6,5,9,6,10,6,1,,,5,3,4,5,14,21,,4,9,9,,16,13,7,,5,5,5,8,,2,2,6,3,16,3,7,16,6,4,16,,4,4,,6,6,9,,3,,3,,,,6,4,7,4,4,3,,8,,7,5,5,5,4,4,3,4,2,4,6,3,4,5,3,5,7,13,12,16,5,,4,8,22,18,25,8,5,20,31,18,8,4,5,10,6,,18,10,11,9,12,5,3,7,2,26,32,31,13,58,9,,8,5,4,14,6,6,5,5,5,6,6,,5,1,1,,4,7,7,3,,4,2,1,,5,7,7,12,9,6,5,6,6,7,6,7,2,,8,4,6,16,10,,12,5,4,4,4,5,2,2,6,4,1,5,,8,4,1,,6,6,,18,6,5,6,,5,3,2,8,9,21,6,2,5,8,5,,,,6,7,,1,2,12,10,9,6,6,7,5,13,9,7,7,10,6,4,8,1,4,1,4,9,18,3,4,5,5,13,7,6,9,10,20,9,6,6,8,4,4,3,3,3,3,3,8,7,11,8,8,9,9,6,9,8,6,6,5,,2,8,7,8,6,12,12,15,15,6,4,3,1,5,8,,,5,5,5,,6,8,10,4,9,5,,10,4,7,,,,,5,7,5,5,5,14,10,11,,9,8,10,8,5,6,2,3,33,5,5,,,,,5,8,5,7,11,8,2,,4,5,4,4,5,6,8,8,6,6,9,14,5,7,,8,6,5,4,6,8,4,8,2,,12,6,,8,7,,8,4,7,,7,,10,,9,8,5,5,5,4,5,5,8,6,5,5,4,5,,4,9,5,6,7,6,,5,6,2,2,6,4,,6,7,6,3,3,,3,4,6,,5,8,11,17,10,13,7,,3,6,,6,2,3,2,6,7,4,4,12,,,5,8,5,6,8,5,7,4,,,6,6,6,11,,2,6,7,28,7,5,9,6,5,5,5,16,6,,3,6,11,7,6,9,4,,4,,4,11,4,6,5,7,5,11,7,2,9,4,5,3,,,10,6,4,6,,7,12,6,9,,4,4,,,2,7,6,5,8,3,4,9,3,6,4,2,8,6,2,,5,2,,9,5,5,8,5,22,5,4,5,4,12,3,2,15,8,5,3,11,5,2,5,9,4,9,7,6,4,4,6,10,4,8,7,4,6,7,6,6,7,1,1,8,13,9,6,23,8,1,,2,5,4,5,7,3,4,,3,5,6,,6,5,10,2,8,11,7,3,5,6,14,5,2,1,3,,5,11,9,10,20,,12,4,8,4,3,5,7,5,3,6,3,7,4,6,15,12,,6,,5,4,5,9,1,7,7,8,6,9,7,7,6,8,4,8,,7,7,6,6,6,8,3,5,6,,4,3,9,8,2,10,5,5,5,1,2,3,2,,3,2,4,3,9,3,10,,6,6,7,7,45,6,6,10,10,2,3,5,2,4,7,8,3,8,12,5,3,3,6,3,6,13,4,6,4,6,9,6,6,9,6,5,6,9,14,10,6,8,9,7,5,8,5,13,3,,3,3,3,6,14,3,7,3,6,4,4,6,10,6,3,2,2,5,1,8,13,12,8,25,,6,6,6,8,3,6,7,5,4,6,2,4,5,5,7,2,9,3,2,2,7,6,4,6,5,2,2,1,2,1,,1,1,4,8,8,13,9,6,17,12,7,3,6,4,,6,10,7,10,3,9,,4,14,11,13,3,4,5,8,6,5,5,7,5,,5,4,5,8,3,3,3,2,4,,4,1,13,9,8,4,3,3,5,3,3,,4,,4,1,,6,5,1,5,4,8,7,4,,3,14,12,11,,,6,7,1,6,3,2,2,8,2,1,4,3,2,6,5,10,7,10,8,7,4,1,2,2,5,1,4,3,12,9,6,4,4,7,5,5,5,10,18,1,1,4,4,5,9,3,8,6,7,10,4,8,7,8,8,10,,7,6,1,5,3,8,7,8,7,6,5,5,5,1,11,2,3,7,19,6,5,7,5,,3,3,3,2,4,1,2,2,3,3,1,3,3,6,13,7,8,3,9,3,10,3,3,1,1,3,1,2,8,9,7,7,1,5,6,4,7,5,7,4,8,7,4,5
20210719,20,SO2_24h,1,3,2,3,3,2,3,3,2,1,2,4,,,8,,5,5,9,,4,,6,9,,6,5,,5,3,3,5,4,3,5,,3,7,,5,2,7,4,4,,3,,3,4,3,6,8,5,6,5,5,4,,6,7,7,8,9,8,,9,6,7,,7,4,5,3,10,4,,5,6,3,3,4,,4,3,2,4,2,2,,8,7,,,4,7,8,9,12,8,24,,9,15,20,16,16,,8,10,6,5,6,10,6,8,7,5,5,3,3,4,4,3,4,4,3,4,3,12,8,7,,11,16,19,16,13,14,11,14,1,4,6,3,7,,3,5,6,5,5,8,4,8,9,2,2,4,1,7,,2,7,3,2,1,3,6,10,10,7,7,6,,,,8,8,,5,8,6,,,,9,,5,3,3,6,2,3,,4,7,,,,5,6,,7,9,6,5,4,,4,1,3,3,6,3,7,5,,3,,4,4,,5,7,,6,4,5,,6,3,5,4,9,7,10,,,7,6,8,5,4,6,3,,6,,,4,,7,5,,2,2,4,5,3,4,,3,4,3,4,4,6,6,6,5,7,8,5,10,6,6,7,6,8,2,,4,4,4,3,2,4,6,11,8,6,,11,6,,,3,8,9,9,,7,6,8,5,5,,,5,4,5,5,5,5,3,3,3,2,3,3,,3,3,3,2,5,4,6,5,5,,4,5,8,6,6,5,7,6,5,5,7,5,5,5,,6,7,7,5,7,5,5,5,4,4,5,5,8,3,,6,4,5,6,4,5,5,5,8,8,6,6,,6,5,4,4,2,4,1,7,6,3,6,,,8,8,7,5,6,7,5,9,8,13,8,9,9,10,9,7,8,11,7,7,5,3,4,4,5,4,,3,5,6,6,7,7,4,,,10,7,3,2,4,,5,2,8,3,,,7,13,7,2,6,6,5,5,5,5,5,,7,6,5,6,8,9,6,7,10,6,6,8,7,4,3,4,5,5,2,4,,4,5,5,5,,24,3,10,11,,,,9,5,,,,8,9,8,7,4,9,9,,9,12,11,13,10,8,7,9,7,7,6,3,5,6,5,7,,4,3,11,5,9,11,8,9,12,,4,2,4,4,4,2,5,5,2,2,2,7,3,3,3,4,4,4,,12,,9,5,4,8,5,,4,6,,,6,4,5,8,,6,7,1,,9,8,6,9,3,7,9,7,8,10,,,,2,,6,10,,8,9,7,9,4,5,1,3,2,3,,10,,,7,,7,9,10,7,8,7,11,8,,13,7,9,9,6,11,8,10,15,21,8,5,7,6,6,8,5,8,8,5,,5,6,4,,9,8,,6,4,7,7,11,,10,5,,,3,6,,5,,14,9,15,18,9,5,,9,9,,3,3,,6,,11,8,13,,17,9,8,12,6,,6,4,4,6,3,5,3,10,8,10,7,8,9,11,12,13,6,6,5,11,13,8,22,9,8,6,7,8,4,4,6,7,5,,4,5,4,4,2,3,3,6,3,8,4,9,6,6,,6,5,12,,9,7,6,6,5,,10,17,4,,4,,2,4,6,3,3,3,2,,,,3,,4,,1,3,2,,2,4,6,3,4,,7,,6,5,7,5,2,2,,7,6,8,6,8,8,,5,,,8,1,3,2,,10,11,8,13,10,6,5,8,11,10,14,10,9,8,3,3,10,6,4,5,9,9,10,4,5,,17,15,16,9,5,8,9,6,,,,,6,7,,5,4,7,6,5,3,4,7,7,7,6,7,5,4,6,7,5,,7,2,2,,3,2,,3,4,3,1,4,4,5,3,2,6,9,4,4,,10,8,8,5,9,7,7,5,6,,10,5,4,5,4,5,9,5,5,,7,,,4,4,4,4,8,,,,,,5,4,2,,,5,,4,,,6,,5,8,8,7,9,10,10,10,7,,7,4,7,7,9,9,7,7,5,2,4,5,9,,5,6,,8,7,6,7,,,8,5,5,7,6,3,4,6,4,,,3,8,5,2,5,,8,11,5,10,8,10,4,,4,5,5,,,3,6,,14,12,9,,6,,18,18,,,6,5,,,12,9,17,,,2,4,12,11,6,9,6,6,8,2,7,5,7,8,9,8,6,4,6,5,4,13,3,6,,8,8,5,,14,12,10,11,3,4,9,6,6,7,5,9,,,9,5,5,7,6,12,8,3,7,12,10,6,8,8,8,6,6,,,2,3,4,4,8,11,,4,11,11,,14,14,6,,4,6,11,9,7,2,2,6,4,13,4,10,13,8,4,10,,5,4,7,6,7,8,,4,,4,,,,6,6,7,6,4,2,,8,,8,6,6,4,4,4,2,6,6,7,8,5,4,6,6,5,6,10,7,5,5,,6,9,10,10,12,7,9,11,19,16,17,5,6,14,9,,6,20,23,13,13,4,5,7,6,19,12,7,16,8,8,,8,5,5,11,6,6,6,6,10,12,14,,5,1,2,,4,4,5,4,,5,3,1,,5,7,7,9,8,6,5,6,6,7,6,6,2,,10,4,9,17,9,,14,6,4,4,5,5,3,4,7,4,5,8,,4,3,1,,5,4,,17,6,5,5,,5,4,1,8,9,25,12,6,7,11,9,15,14,17,18,13,,2,2,7,9,9,8,8,10,7,13,10,8,5,13,7,4,6,8,2,3,5,5,4,3,4,5,5,10,10,8,12,10,11,11,11,9,11,5,6,5,5,7,14,11,12,16,10,9,8,7,8,22,22,8,4,5,5,,2,6,6,7,7,11,10,12,10,8,6,4,5,6,9,,,5,5,6,,6,8,11,7,8,6,,9,6,8,,,,,7,7,8,8,6,13,10,12,,7,7,11,7,6,7,2,3,11,5,6,,,,,6,7,5,6,8,6,2,,4,5,4,7,8,6,7,8,6,6,6,6,9,11,,10,7,5,4,5,8,4,8,9,,10,6,,7,8,,8,5,5,,6,,9,,8,9,8,20,16,11,5,6,8,6,5,11,2,5,,31,27,5,6,8,6,,5,5,3,2,5,4,,6,7,6,2,16,,4,4,6,,9,9,11,13,11,15,8,,5,11,,9,2,3,2,5,7,6,7,9,,11,4,10,3,6,8,5,7,4,,,9,7,8,13,,2,7,8,14,24,5,9,7,8,6,6,13,6,,2,5,13,7,6,7,4,,4,,4,9,4,5,7,9,18,12,7,5,10,7,5,4,,,10,4,3,6,,9,16,7,14,,4,4,,,2,8,7,5,8,4,4,4,4,6,4,3,9,6,3,,5,3,,8,7,7,9,5,13,6,11,6,5,6,3,2,9,8,16,4,12,6,2,7,9,5,9,12,10,9,8,6,12,4,7,8,5,6,8,6,6,8,2,1,10,14,8,6,24,9,2,,2,6,4,6,8,3,4,,2,11,6,7,5,5,9,2,9,8,8,3,35,6,13,7,2,4,4,,9,16,13,13,20,,17,4,8,4,4,5,6,5,3,6,3,7,4,17,15,7,,6,,6,4,5,9,1,8,8,8,6,9,8,7,6,8,4,8,7,17,7,7,6,6,8,8,5,6,3,4,2,11,9,3,10,4,5,5,2,2,3,2,,2,2,5,3,12,3,10,8,6,6,6,10,13,7,5,11,10,3,4,6,6,5,7,10,4,9,12,4,4,4,8,5,5,10,4,6,4,6,10,6,7,13,6,5,9,10,37,17,8,13,7,6,4,7,5,17,5,,3,3,3,10,13,4,7,5,5,4,5,7,7,8,3,3,2,5,1,7,11,10,8,13,,6,7,6,9,3,6,7,14,5,6,3,4,6,4,7,2,9,3,2,3,4,7,5,7,7,3,4,1,2,1,,1,1,4,7,34,13,8,5,14,14,8,3,7,5,7,6,10,11,8,5,10,,5,15,9,12,3,4,6,11,6,7,7,5,9,,5,22,5,8,3,3,2,3,6,,9,7,11,10,16,4,4,3,4,9,10,,4,,5,2,,6,6,2,6,4,8,6,4,,4,14,22,10,,,6,8,2,6,2,2,4,11,6,2,4,5,4,9,5,9,7,10,7,7,3,1,2,2,7,2,4,4,10,9,10,4,4,7,6,5,8,8,12,2,2,4,5,5,12,3,22,6,7,10,4,8,8,10,12,15,,9,6,1,6,4,8,7,7,7,7,3,6,5,2,11,3,3,6,10,6,7,6,4,,3,2,4,3,4,2,2,2,3,3,2,3,3,9,11,8,7,7,13,10,7,4,3,3,1,3,2,3,6,7,8,6,3,6,6,5,7,6,9,5,8,6,9,8
20210719,20,NO2,19,6,17,7,15,16,17,12,15,16,17,26,,,11,,14,14,27,,22,,40,7,,10,12,,28,32,14,23,26,19,15,,21,24,,25,19,4,5,11,,2,,15,12,14,13,12,14,14,20,21,13,,15,11,14,32,15,14,,9,23,28,,18,13,13,11,13,15,,12,25,20,17,35,,7,27,22,26,16,25,,6,15,,,7,11,12,12,27,22,29,,18,20,26,21,26,,32,18,31,12,13,12,16,12,5,12,3,45,32,65,12,25,12,15,20,17,24,16,16,8,,21,28,34,22,18,14,17,23,14,17,13,13,11,,18,14,9,16,22,16,11,22,6,,36,21,21,11,,11,16,13,12,13,24,8,,2,4,5,11,,,,20,16,,15,16,12,,,,50,,16,37,14,12,44,28,,21,18,,,,23,26,,23,37,22,5,5,,8,4,9,8,8,5,5,8,,9,,7,7,,17,21,,21,14,18,,17,15,23,15,32,9,9,,,8,9,15,16,8,18,15,,19,,,19,,18,19,,6,5,11,20,20,14,,20,34,23,21,26,9,38,7,46,31,16,19,25,52,32,21,16,20,1,,7,5,3,4,10,14,6,,17,14,,25,44,,,14,20,29,28,,22,28,30,21,8,,,16,14,7,9,9,12,20,21,15,18,18,15,,18,14,34,83,49,47,66,37,29,,62,14,26,23,26,11,11,12,29,12,22,8,17,16,,16,17,19,18,15,13,18,18,,13,11,15,27,12,,3,11,6,9,20,24,13,19,33,18,19,22,,19,52,32,17,22,12,16,26,23,20,25,,,11,19,18,10,12,15,6,9,40,23,14,18,14,24,34,15,21,30,20,31,8,7,8,15,13,27,,32,41,33,24,25,22,15,,,36,31,40,38,24,,23,15,25,34,,,26,8,16,40,13,16,13,33,34,38,32,,9,12,14,18,20,20,11,,10,13,17,26,20,17,17,19,27,18,18,21,,7,9,24,19,,20,8,27,29,,,,30,8,,,,16,17,19,30,5,25,14,,11,16,23,16,10,,14,21,10,13,15,3,11,49,8,28,,17,19,,11,15,14,16,7,12,,8,10,26,10,8,6,6,14,32,13,7,5,7,13,9,8,6,12,,21,,8,13,11,15,14,,13,20,,,11,14,10,12,,6,8,22,,22,15,7,12,17,36,32,17,17,16,,,,14,,18,11,,11,15,13,20,11,8,6,10,9,15,,5,,,7,,14,6,26,15,16,17,13,10,,15,17,11,13,11,9,6,13,12,14,19,20,21,11,8,3,8,9,12,13,,16,12,,,9,10,,7,9,8,7,11,,27,7,,,9,15,,20,,22,7,14,14,7,3,,10,4,,14,25,,,,15,17,15,,24,19,23,16,15,,14,13,32,36,41,11,3,20,24,10,21,4,28,7,33,26,8,13,20,15,19,11,16,13,21,37,19,17,16,6,13,2,5,,6,15,21,23,14,11,11,11,10,9,10,28,34,42,,20,20,23,,10,12,8,10,2,,28,17,1,,14,,9,11,5,7,10,16,17,,,,13,,12,,11,4,18,,21,23,8,5,9,,6,,33,17,12,17,19,18,,15,18,12,11,10,6,,14,,,5,11,4,5,,8,16,,13,18,14,10,12,24,28,19,37,18,22,5,4,8,19,15,,22,16,17,14,13,,11,,26,18,22,25,37,44,,,,,4,17,,23,21,17,10,15,14,19,26,28,19,12,20,28,27,21,17,20,,4,6,21,,9,6,,10,6,10,14,,21,10,6,16,7,7,5,12,,11,4,10,12,15,14,22,15,18,,15,9,9,15,10,6,14,26,26,,16,,,4,4,20,20,8,,,,,,10,11,14,,,13,,6,,,12,,13,22,27,28,26,21,21,28,24,,11,31,25,23,29,9,7,18,16,15,11,8,5,,23,40,,33,21,19,24,,,12,10,6,10,15,6,3,10,5,,,15,21,24,29,25,,15,9,11,10,13,9,22,,15,16,14,,,18,8,,16,14,13,,15,,8,15,,,11,12,,,18,15,18,,,11,11,6,8,6,7,5,11,13,6,11,10,26,35,57,28,5,26,12,8,7,4,16,8,,24,5,15,,18,20,19,16,14,5,8,8,15,9,9,20,,,30,10,10,24,17,14,18,16,8,13,15,5,22,13,28,35,17,,,20,13,8,17,14,17,,9,9,6,,32,5,29,,7,13,6,9,,14,2,7,38,33,50,64,26,24,21,24,,14,10,7,4,24,23,,8,,8,,,,32,29,17,17,4,7,,17,,41,13,39,10,7,9,10,4,10,10,13,6,2,18,11,6,23,18,18,22,11,,6,9,35,22,38,21,4,29,32,22,11,2,9,25,2,,17,15,11,10,26,11,31,27,23,33,11,5,6,20,15,,16,11,20,12,15,26,15,18,4,2,18,,20,20,31,,16,11,15,33,,29,15,13,,3,17,18,17,18,14,9,11,9,9,9,10,8,,12,10,11,20,18,,17,6,4,32,24,13,15,9,7,16,23,19,,18,20,13,,15,15,,14,2,10,12,,11,5,10,6,7,16,10,17,10,15,20,,,,9,10,,9,13,9,7,13,17,10,6,12,4,13,6,16,15,5,6,,3,6,2,15,19,18,15,2,5,10,31,31,35,21,20,6,12,14,15,23,6,22,18,12,11,22,16,12,13,13,12,7,14,14,12,10,10,10,6,5,,12,8,14,10,13,15,12,11,23,13,11,10,7,5,14,,,7,19,12,,19,30,11,15,25,8,,18,11,4,,,,,8,15,15,14,18,11,4,9,,2,7,17,16,23,13,4,24,42,38,26,,,,,32,,14,11,29,37,23,,3,7,6,4,6,7,6,7,13,9,10,17,6,10,,4,11,12,9,18,20,32,16,13,,12,21,,11,13,,11,23,10,,22,,12,,9,5,9,5,9,7,5,9,12,8,8,8,8,12,,23,16,3,9,4,11,,33,17,16,15,24,14,,8,8,15,7,6,,19,8,18,,8,8,30,10,3,7,19,,11,12,,17,16,7,7,15,14,13,14,5,,15,13,6,10,4,2,9,11,8,,,11,8,9,12,,12,14,13,11,18,18,4,14,7,8,11,29,19,,17,23,10,26,8,21,13,,15,,11,25,27,18,12,8,14,18,8,17,22,10,14,5,,,16,12,16,8,,23,12,13,23,,5,4,,,15,32,31,7,19,10,8,54,15,24,18,36,32,14,24,,23,13,,28,11,12,6,9,18,21,5,13,5,22,39,5,24,8,33,17,12,25,8,17,15,12,24,12,10,6,7,19,9,15,14,48,7,5,8,12,15,13,15,13,13,10,17,42,19,16,6,,8,14,12,27,9,17,31,,48,20,10,15,20,3,5,22,16,22,10,18,16,27,6,5,8,13,16,,8,26,15,4,6,,11,19,16,20,16,18,20,15,19,8,7,10,12,13,12,27,,10,,12,4,4,11,5,10,18,21,11,19,24,17,15,14,12,4,,30,8,19,11,12,10,7,10,10,,21,11,40,7,3,24,5,13,15,8,12,8,9,,10,4,9,6,6,40,34,,22,10,22,6,29,53,18,18,12,64,21,13,15,4,10,22,12,6,23,16,13,7,30,32,11,16,20,27,30,40,5,11,12,13,11,14,19,25,11,11,22,13,20,26,29,8,8,13,16,,15,4,9,17,25,17,12,17,8,6,23,25,38,20,11,8,5,9,3,9,17,9,14,11,,10,8,11,15,7,10,28,10,9,5,19,14,18,22,9,11,10,15,24,29,6,14,47,16,8,9,16,10,12,13,,15,2,18,15,8,13,19,6,21,25,16,10,8,18,,22,7,9,17,9,6,,21,19,9,10,8,7,10,34,18,7,10,7,8,,8,4,16,19,2,9,20,12,10,,20,12,18,14,16,9,6,9,13,15,11,,17,,6,14,,3,18,8,16,66,20,27,14,,13,9,14,7,,,3,11,26,8,16,12,40,9,16,16,17,14,11,13,16,18,15,7,18,22,3,9,46,14,16,12,4,7,21,17,20,12,5,11,22,10,13,6,5,4,14,33,5,41,16,18,12,10,15,18,16,16,13,20,27,28,,21,12,12,8,28,11,14,12,14,12,21,7,12,12,24,15,8,11,8,15,20,20,41,,5,4,3,5,7,19,8,6,31,9,23,8,10,13,11,15,22,22,14,18,12,16,11,27,10,9,11,10,14,12,5,15,19,13,22,13,24,14,20,6,8,10,11,8
20210719,20,NO2_24h,13,8,22,11,15,20,24,9,11,12,19,20,,,20,,20,17,27,,27,,35,8,,9,11,,34,24,16,21,19,21,10,,17,22,,22,18,4,13,13,,12,,8,10,7,16,16,16,16,21,22,12,,12,10,13,24,18,20,,11,25,22,,29,13,15,12,16,16,,6,14,11,9,27,,10,26,26,23,20,18,,14,16,,,16,17,18,15,17,24,22,,15,17,19,16,20,,16,14,18,6,8,8,11,10,6,18,3,27,23,33,16,19,13,15,20,16,30,17,16,8,,17,27,29,20,24,15,20,25,12,15,14,9,14,,16,18,10,16,19,22,22,26,17,21,20,28,14,9,,6,15,8,11,12,17,7,27,2,4,7,10,,,,13,10,,7,13,8,,,,27,,13,22,10,10,19,16,,12,20,,,,19,21,,20,22,21,6,8,,9,4,7,6,6,3,6,7,,8,,4,3,,16,18,,23,15,22,,20,18,12,18,28,8,20,,,9,10,12,21,10,17,17,,12,,,18,,17,17,,9,4,7,10,14,13,,13,17,18,16,19,13,16,9,27,24,19,18,23,28,24,28,17,22,2,,10,3,4,3,7,13,8,25,21,14,,27,26,,,13,15,20,24,,18,20,18,14,7,,,7,9,7,9,9,14,18,18,11,12,18,14,,18,8,13,34,29,28,31,24,38,,26,9,22,23,24,10,12,13,23,12,21,10,30,22,,24,29,24,22,26,18,30,16,9,16,12,13,23,15,,4,13,8,11,15,18,11,14,22,21,22,24,,24,34,31,15,19,14,14,25,21,20,20,,,13,16,19,10,9,13,6,13,30,35,17,17,22,18,25,19,18,22,23,20,11,7,13,12,9,11,,23,26,19,21,32,21,16,,,28,30,36,24,19,,28,31,34,33,,,29,10,15,28,24,20,19,31,28,27,20,,13,10,10,14,10,13,10,11,11,8,15,15,18,17,28,15,23,14,18,18,,12,13,24,19,,25,12,39,40,,,,28,8,,,,22,22,44,47,47,55,37,,35,20,15,23,13,20,13,18,12,12,13,3,7,25,7,31,,21,28,29,22,16,18,15,13,18,,12,11,15,7,7,10,10,12,12,9,7,6,5,11,7,6,8,6,,14,,8,8,11,13,10,,12,16,,,10,13,12,18,,8,11,14,,12,4,7,12,10,15,14,13,15,17,,,,8,,8,10,,10,11,11,18,6,4,2,14,14,20,,8,,,6,,7,11,17,11,9,8,11,6,,14,16,15,15,23,12,9,11,10,15,11,18,19,6,8,5,17,13,13,12,,14,13,13,,9,9,,7,10,11,10,12,,27,9,,,13,13,,21,,18,13,16,19,6,2,,12,3,,13,18,,13,,16,15,14,,16,15,16,19,11,,6,8,12,16,17,7,2,15,19,7,15,5,18,10,26,32,11,10,13,14,15,9,14,12,17,18,17,12,16,8,14,5,10,,8,13,14,16,14,9,8,9,8,7,6,15,21,28,,21,19,19,,13,12,19,12,4,,17,12,2,,9,,7,10,5,7,6,7,8,,,,12,,11,,5,3,3,,16,15,10,8,13,,9,,15,15,11,13,15,10,,12,25,11,9,9,10,,9,,,4,11,7,8,,12,20,19,15,12,9,6,15,14,23,22,21,20,21,10,9,8,10,17,13,19,23,22,23,18,,19,11,30,18,13,17,19,19,,,,,6,15,,18,13,13,11,11,12,17,20,20,24,19,18,16,14,19,15,15,,7,8,19,,21,14,,16,9,12,14,14,16,9,9,14,15,13,11,11,,12,13,13,19,19,16,25,16,20,,17,23,12,14,9,8,17,17,17,,8,,,4,4,15,16,8,,,,,,10,11,9,,,8,,8,,,10,,11,14,19,18,19,15,15,21,19,,12,19,22,20,24,6,3,15,13,12,11,10,4,,26,14,,16,15,12,17,,,12,8,6,8,11,6,4,11,4,,,19,15,16,17,14,,11,13,19,12,15,14,11,,14,14,12,,,13,13,,13,16,22,,21,,15,19,,,12,9,,,20,12,15,,,5,7,9,10,6,7,5,8,9,6,9,9,7,10,14,8,8,18,18,16,6,4,10,8,,18,9,14,,7,12,15,11,9,5,6,5,9,8,7,22,,,33,8,10,11,11,13,9,15,7,11,12,5,19,12,30,22,13,,,12,13,6,7,6,11,,8,15,13,,17,8,14,,7,10,9,10,5,9,2,6,25,29,35,44,23,15,21,15,,14,10,6,3,22,23,,9,,11,,,,12,16,6,17,3,5,,17,,19,19,18,7,6,8,8,7,15,11,19,8,2,8,8,5,19,24,19,18,8,,10,6,12,8,14,10,4,9,19,15,15,7,9,16,3,,10,15,12,15,14,9,12,13,13,12,6,6,7,10,11,,12,15,12,12,16,17,13,14,13,13,19,,11,8,7,,15,8,10,11,,12,7,14,,4,12,13,10,11,8,7,8,8,8,9,6,7,,10,9,9,28,16,,13,9,4,18,8,11,12,8,12,15,18,16,,11,8,9,,12,11,,14,2,6,6,,8,5,8,4,5,12,11,19,12,11,12,8,10,15,14,14,,14,12,18,10,15,16,14,13,22,7,9,8,9,16,5,8,3,6,7,7,12,7,20,9,4,3,4,19,27,20,19,16,14,17,17,16,19,18,21,16,13,9,12,13,11,16,12,15,9,16,22,19,19,7,8,6,13,,14,11,12,10,19,15,15,12,17,11,12,12,9,5,16,,,6,12,8,,11,12,8,8,16,13,,18,9,12,,,,,9,8,12,17,15,11,5,9,,26,11,9,9,12,16,7,14,24,20,19,,,,,14,11,13,14,18,20,20,,6,6,7,10,15,8,7,7,8,11,11,12,11,13,,6,7,9,10,8,14,16,8,13,,5,9,,8,9,,8,20,9,,7,,8,,7,5,8,14,17,18,7,11,14,10,5,8,8,9,,20,17,3,14,8,26,,15,13,22,22,18,15,,8,9,19,13,14,,23,15,14,,15,4,14,18,9,8,11,,10,22,,21,18,9,10,19,23,11,9,5,,34,13,15,12,10,5,12,11,8,,,30,25,27,10,,10,39,36,26,30,12,4,25,11,11,16,22,12,,23,23,13,20,11,15,12,,11,,6,19,27,11,21,16,15,18,10,13,18,6,13,6,,,20,18,7,13,,23,17,27,12,,2,5,,,11,25,25,7,15,6,8,24,6,23,10,30,16,14,19,,24,11,,21,9,14,11,6,14,13,10,7,8,15,25,7,22,9,25,21,9,14,6,13,14,8,12,12,11,9,9,13,32,15,7,36,8,9,9,8,9,8,5,11,12,12,14,20,20,14,5,,6,15,11,22,8,13,14,,32,29,6,15,12,2,5,16,17,18,24,12,16,19,9,7,8,18,15,,10,38,23,25,12,,13,18,15,16,14,13,16,16,15,7,7,11,25,16,12,12,,8,,9,5,4,12,5,10,24,28,22,24,27,16,13,18,12,7,26,25,7,9,12,13,11,11,7,13,21,19,13,24,8,2,19,5,11,15,5,7,11,10,,11,5,8,7,8,18,13,9,13,13,16,9,19,20,3,23,18,33,21,12,16,7,6,24,13,11,19,13,11,6,13,15,10,15,13,13,12,14,9,10,13,11,10,7,15,15,21,14,13,16,12,11,16,8,9,9,17,,9,7,10,30,17,22,13,16,5,4,19,16,21,15,6,12,6,10,2,16,54,16,32,30,,18,8,9,11,11,12,28,12,13,5,18,15,14,12,15,9,11,17,21,26,4,11,22,12,10,11,19,6,11,7,,11,2,9,11,15,10,18,8,19,26,14,13,14,14,16,11,11,13,13,9,8,,11,13,5,12,9,5,13,20,19,10,12,9,16,,12,10,19,20,3,6,10,7,18,,13,13,13,16,21,9,7,13,10,13,10,,13,,12,7,,5,20,10,16,24,16,14,16,,13,11,12,4,,,5,12,29,13,22,14,24,15,19,8,7,17,18,23,34,31,17,14,22,25,3,8,33,9,14,7,7,12,24,8,18,8,10,17,17,13,16,11,36,9,12,13,14,22,17,11,19,7,13,13,17,15,15,23,20,31,,20,6,9,6,18,15,13,11,7,14,25,10,13,8,21,21,17,13,16,9,25,14,14,,3,3,6,7,12,15,4,10,19,10,16,6,14,17,8,19,17,28,18,16,12,12,13,21,8,7,12,14,14,22,5,9,9,11,24,11,25,13,17,6,6,16,22,12
20210719,20,O3,96,73,140,135,120,119,100,95,102,114,118,88,,,95,,80,90,91,,78,,48,83,,71,79,,84,72,,70,63,98,121,,65,55,,60,52,87,93,105,,111,,104,111,102,97,101,105,78,86,98,100,,96,104,104,58,83,83,,54,107,95,,106,96,94,85,72,67,,91,82,83,84,68,,53,58,,78,84,24,,134,128,,,139,140,125,125,44,67,55,,45,69,66,72,64,,58,72,52,70,67,76,80,73,70,76,,78,99,59,90,83,56,69,73,95,107,122,116,83,,102,99,92,102,111,107,116,108,28,29,25,27,34,,34,29,35,33,104,116,127,120,119,116,96,130,138,37,,36,50,34,40,43,34,42,31,38,34,39,60,,,,74,83,,78,80,76,,,,95,,85,57,84,96,33,65,,,123,,,,130,94,,143,130,165,55,60,,61,72,78,75,74,66,66,56,,,,,76,,75,91,,66,83,75,,73,67,64,88,6,26,27,,,30,25,17,,28,28,26,,86,,,79,,48,49,,32,34,24,19,16,23,,62,36,84,93,84,79,56,53,57,75,85,90,86,42,65,79,81,90,45,,31,45,37,26,46,58,62,,61,44,,55,32,,,50,137,118,113,,111,126,116,158,67,,,49,56,58,64,65,54,66,66,66,69,,66,,60,52,59,32,48,79,19,91,58,,55,109,97,110,79,126,96,101,76,105,98,90,43,38,,41,39,40,39,45,34,40,36,,37,33,26,17,34,,40,41,41,35,25,33,32,31,22,32,30,22,,37,12,18,30,24,33,34,,28,33,26,,,36,31,30,43,38,38,43,41,20,48,36,37,124,88,103,119,110,97,111,104,75,79,58,61,64,147,,133,132,191,108,132,104,118,,,138,130,116,101,63,,161,118,127,94,,,134,176,61,56,80,84,88,63,67,69,35,,71,58,65,68,66,65,78,39,74,79,64,64,,72,68,70,70,77,77,75,,78,59,69,,,137,155,139,139,,,,150,167,,,,158,161,125,111,146,125,127,,163,108,107,127,121,,107,88,92,101,104,71,,40,100,125,,134,133,127,131,163,167,164,159,158,,69,97,,78,75,82,86,99,63,79,76,74,73,66,42,41,42,42,,87,,,74,72,67,118,,125,111,,,90,90,89,103,,99,113,86,,85,96,92,97,116,58,54,62,82,66,,,,84,,74,122,,128,134,128,123,60,60,68,53,67,58,,98,,,40,,30,43,20,55,58,49,59,60,,70,68,75,76,72,79,67,52,58,65,53,32,54,28,31,37,60,59,52,39,,41,46,34,,66,65,,55,58,58,54,37,,27,47,,,108,117,,86,,101,108,106,107,58,61,,64,62,,66,61,,68,,81,81,79,,75,73,74,84,77,,45,23,41,24,17,55,15,58,69,51,49,61,48,49,29,34,62,35,22,81,74,75,79,85,77,35,67,56,64,42,78,74,94,,98,33,22,41,25,14,98,103,102,101,109,66,60,76,,136,116,135,,144,66,73,68,64,,56,51,83,,78,,88,85,96,86,110,101,100,,,,74,,101,,96,93,106,,73,61,75,85,80,,87,,95,96,135,103,91,99,,112,82,104,88,115,84,,50,,,78,87,,36,,82,76,88,82,39,96,78,82,67,65,70,64,60,68,65,63,96,92,104,98,125,121,121,124,134,,136,139,131,103,44,113,98,64,,,,,104,99,,86,87,90,94,85,78,85,45,43,38,,41,47,48,71,,78,,82,80,77,,84,84,,74,114,112,116,,110,107,125,116,75,,88,77,,140,143,114,169,165,133,113,124,134,,120,110,99,93,105,103,97,93,93,,45,,,71,71,50,57,65,,,,,,67,59,67,,,55,,66,,,47,,42,31,28,24,26,26,31,31,22,,121,106,58,63,46,118,131,148,144,108,136,37,30,,80,62,,50,82,55,55,,,99,,56,56,55,84,82,88,88,,,45,53,54,51,52,,57,88,95,96,102,96,51,,67,73,79,,,69,71,,82,81,,,79,,151,147,,,86,56,,,145,158,117,,,66,67,96,94,178,176,181,77,74,84,76,75,41,34,10,19,103,74,85,74,72,79,56,66,,126,144,77,,30,20,33,40,96,108,76,72,29,39,39,37,,,29,87,86,64,52,50,45,37,39,46,48,59,53,69,51,50,45,,,78,98,102,98,76,87,,36,118,123,,,115,107,,134,134,125,130,,74,96,87,24,27,16,17,9,42,52,50,,69,69,66,25,160,178,,100,,91,,,,54,61,67,63,101,95,,51,,46,51,33,47,52,48,41,50,72,78,76,65,89,60,66,77,112,122,126,90,42,,47,33,30,34,24,39,32,53,49,62,66,60,55,36,60,,26,70,75,80,59,61,25,41,54,36,46,56,54,34,65,,58,60,56,42,63,47,56,57,76,69,70,,47,65,47,,74,89,82,,,78,77,86,,91,64,75,68,73,54,58,59,64,62,93,91,102,,57,63,68,84,88,,85,103,63,48,43,70,,80,80,77,80,77,,60,68,57,,67,81,,89,97,78,72,,78,81,73,56,52,61,78,73,78,71,59,,,,84,80,,62,63,62,69,46,52,57,54,59,64,77,72,72,75,44,68,82,74,75,36,34,56,67,55,13,46,50,15,12,15,17,60,66,68,85,79,80,99,90,91,94,45,52,52,74,73,46,45,66,,88,113,113,,111,75,82,,93,115,99,101,90,99,89,103,90,106,116,124,131,142,122,,,96,88,87,,80,28,51,53,58,71,,142,140,138,,,,,104,93,91,90,91,96,59,89,,110,96,100,91,92,98,38,48,34,45,26,,,,,36,51,80,87,38,18,52,,75,99,102,115,111,123,118,129,28,37,73,79,80,79,,50,46,44,50,10,11,102,99,73,,97,78,,109,91,,54,50,66,,55,,106,,65,58,,111,104,112,118,124,123,126,74,77,78,78,,106,118,115,121,119,156,,71,103,102,98,89,103,,94,92,129,132,125,,142,158,107,,137,198,135,143,96,123,119,,140,142,,131,109,127,127,127,125,119,107,126,,142,118,120,102,96,115,130,136,130,,,,117,128,89,,106,116,112,158,131,57,65,40,92,78,91,78,68,,77,83,112,157,23,45,86,,106,,83,118,140,71,46,47,103,103,136,65,46,87,70,64,,,109,47,96,91,,157,163,123,77,,82,62,,,62,94,88,59,79,94,64,23,59,103,59,145,174,98,65,,88,20,,28,65,109,111,133,110,49,106,37,90,70,10,54,81,99,149,68,76,82,63,88,105,118,29,64,73,76,72,66,153,103,94,95,93,123,137,66,52,60,,92,112,100,64,,109,89,91,,101,60,87,54,116,34,24,,47,133,,83,64,78,111,90,135,93,155,74,49,161,92,49,89,44,53,,73,128,136,142,147,,106,26,37,25,38,26,29,32,26,36,132,105,140,147,111,60,,99,,49,44,61,78,48,41,38,38,45,36,32,33,34,36,34,52,,25,39,51,43,47,36,56,74,99,,97,104,63,131,94,164,95,48,42,85,91,86,94,,86,88,56,66,86,39,39,124,64,81,57,105,98,33,50,70,88,111,174,132,112,131,62,96,117,89,53,74,63,68,100,93,95,63,66,49,33,50,122,81,76,82,78,64,107,60,87,97,83,63,48,44,78,60,66,67,60,,87,115,95,136,100,134,160,143,37,82,155,78,117,144,41,41,73,51,59,148,137,132,117,158,,45,61,41,30,37,44,26,68,31,45,47,32,30,87,90,112,93,83,85,79,100,52,,97,107,104,53,74,82,82,,88,115,68,66,38,110,31,36,90,40,114,126,106,119,,102,118,129,129,66,,,115,109,126,132,62,69,,77,115,99,99,80,164,,124,157,90,86,41,50,39,40,50,,52,,52,112,62,88,86,73,53,59,48,,29,,102,70,,40,48,62,63,54,111,87,30,,27,109,101,99,,,72,102,60,79,83,77,56,81,64,89,80,109,87,90,93,97,93,107,123,103,77,66,93,88,80,82,88,87,126,166,106,51,76,67,79,69,145,146,160,,95,32,82,35,76,56,143,34,29,53,32,34,35,45,140,143,,134,81,92,89,45,103,100,58,50,90,,102,115,132,125,82,82,112,65,63,83,71,44,,71,,72,134,76,,106,75,54,101,83,65,96,115,77,117,115,136,65,59,82,60,66,57,131,87,111,106,127,137,141,89,98,82,34,84,29,23,111,133,92,57,123,91
20210719,20,O3_24h,127,134,141,141,132,137,140,137,136,153,131,151,,,139,,163,158,146,,153,,116,177,,148,166,,139,143,111,138,137,157,121,,149,128,,126,127,96,127,122,,120,,132,126,119,135,136,148,132,132,136,126,,132,133,126,81,96,88,,95,134,134,,138,153,158,148,157,123,,104,121,112,105,108,,115,100,100,110,97,104,,150,137,,,155,150,144,141,108,114,116,,108,130,143,121,127,,145,100,90,108,93,106,108,111,91,100,92,103,102,99,103,95,110,100,98,98,107,146,146,126,,146,154,137,143,131,135,134,141,82,80,84,77,81,,86,76,80,77,161,156,164,149,154,154,138,150,190,102,,122,113,111,112,108,113,136,131,132,115,140,96,,,,103,144,,114,114,110,,,,174,,147,142,146,148,118,135,,146,185,,,,174,178,,189,189,209,124,132,,136,110,117,112,112,105,103,96,,121,,108,96,,171,160,,162,154,177,,181,164,148,133,61,89,74,,,88,80,80,86,89,77,90,,101,,,140,,143,142,,77,83,76,71,60,60,,114,122,143,151,148,100,98,104,152,170,156,170,164,142,145,144,153,156,80,,80,75,77,57,114,126,130,106,106,120,,104,102,,,104,179,201,173,,182,212,191,233,88,,,81,81,87,91,84,90,69,72,77,81,79,69,,60,75,109,104,114,107,104,105,83,,127,134,197,198,196,193,150,197,181,164,162,155,67,73,,80,71,88,77,75,71,62,82,40,43,38,32,35,54,,53,54,52,49,38,49,41,44,63,66,70,77,,64,75,75,58,61,49,54,87,93,87,85,,,83,83,67,56,50,50,57,55,110,93,106,129,184,186,193,179,159,176,168,154,99,91,78,85,89,152,,149,162,198,172,177,166,179,,,169,173,176,168,150,,240,203,246,183,,,239,176,100,93,96,111,95,89,98,99,94,,78,72,91,97,94,86,105,100,94,101,111,99,105,89,76,93,94,110,113,128,,96,86,82,88,,228,164,202,191,,,,192,204,,,,197,208,167,160,151,159,209,,163,196,215,226,164,158,139,172,119,133,143,98,114,196,148,164,,157,164,171,152,180,181,186,175,176,,104,112,105,90,89,92,95,119,104,102,96,99,99,102,107,110,101,95,,108,,98,111,113,104,161,,162,147,,,132,136,130,186,,114,124,122,,125,132,121,119,144,105,96,98,102,117,,,,139,,133,139,,144,172,174,162,83,84,96,83,121,87,,128,,,100,,95,96,101,74,80,85,93,83,,116,104,114,108,113,111,95,87,106,102,77,78,78,63,53,60,71,70,68,57,,58,88,74,,108,106,,114,116,114,101,94,,96,76,,,134,159,,125,,130,135,131,132,78,76,,73,77,,113,110,,122,,104,108,103,,108,97,103,102,105,,86,84,90,89,86,86,68,145,153,143,132,131,125,99,81,68,96,97,83,110,101,107,109,105,117,116,116,120,120,95,88,82,95,,99,88,90,95,92,80,116,105,113,101,109,158,172,151,,155,152,155,,156,104,116,100,103,,119,92,99,,78,,88,85,96,86,124,131,128,,,,87,,104,,104,100,106,,89,75,85,85,80,,87,,147,145,164,152,157,141,,114,109,138,151,120,145,,108,,,104,103,102,77,,94,105,122,107,90,107,85,102,141,142,126,141,123,143,76,69,130,136,128,116,138,147,138,150,163,,176,205,172,171,113,131,148,101,,,,,202,169,,151,113,140,151,139,120,117,126,110,108,111,125,77,86,106,119,122,,96,96,111,,105,108,,105,116,140,133,123,134,134,136,131,106,117,120,114,,143,143,131,206,193,165,154,128,136,,132,114,124,108,118,136,127,164,164,,81,,,90,90,89,102,91,,,,,,92,81,124,,,85,,84,,,142,,121,122,124,142,152,150,142,143,119,,189,164,184,191,183,165,172,162,161,115,146,93,79,,104,126,,142,133,113,100,,,151,85,83,80,79,89,89,92,107,,,182,77,75,78,77,,80,96,114,111,118,112,88,,87,86,87,,,85,86,,110,105,99,,99,,185,179,,,98,66,,,199,202,155,,,86,91,109,108,190,190,190,105,98,101,100,97,91,98,79,107,153,152,135,116,79,85,71,74,,149,150,99,,93,92,90,112,114,127,110,90,91,79,98,86,,,103,130,126,133,190,118,112,109,96,106,115,91,151,122,118,132,122,,,120,104,102,109,151,151,,82,136,151,,140,141,150,,154,169,159,157,96,97,110,99,136,159,146,172,95,136,134,113,,146,115,104,82,191,210,,154,,151,,,,111,106,115,113,122,114,,129,,132,135,136,83,88,80,75,82,99,108,104,101,95,91,90,90,112,122,136,141,94,,86,81,85,94,86,84,84,131,124,116,120,102,90,89,89,,107,121,137,137,124,116,114,117,120,129,106,110,109,108,105,,103,108,103,104,107,107,107,107,80,77,109,,83,98,92,,86,89,88,112,,133,128,89,,93,102,109,97,110,82,79,85,82,88,135,129,135,,83,87,96,107,121,,118,129,90,106,108,128,102,104,92,93,123,120,,119,131,120,,108,112,,127,101,106,94,,96,93,93,94,91,156,122,117,114,129,129,55,70,67,147,128,,139,147,157,136,110,115,99,93,89,140,118,131,122,123,69,82,104,86,86,100,89,107,133,100,80,81,80,97,92,94,94,78,86,81,108,122,113,142,150,158,160,106,93,96,137,140,119,124,86,118,107,139,140,103,119,122,134,,140,133,120,128,119,198,198,201,173,121,129,137,144,156,143,,,115,118,116,,112,129,120,114,125,102,,169,156,155,,,,,154,146,139,147,150,122,110,118,,120,160,170,156,155,146,87,70,77,74,82,,,,,106,89,100,96,70,70,94,,92,143,141,122,123,128,124,134,75,77,95,101,92,94,,62,67,57,57,36,37,140,141,99,,115,99,,125,119,,72,72,93,,111,,122,,77,70,122,126,128,120,135,139,143,151,104,106,102,93,,146,147,127,176,150,159,,114,124,134,133,122,126,,113,103,144,143,146,,155,167,146,,140,215,146,145,122,127,151,,157,172,,172,134,141,139,134,125,151,148,144,,153,129,121,111,112,115,130,138,134,,,126,119,133,95,,109,124,124,172,177,144,80,72,144,176,146,149,89,,100,129,191,204,79,147,155,,159,,139,150,251,107,59,62,120,126,175,147,119,119,155,99,,,142,186,111,161,,203,205,193,124,,104,159,,,89,186,170,81,107,126,79,74,157,158,106,170,187,176,113,,140,126,,78,110,173,159,145,141,82,130,60,90,93,99,72,148,99,207,95,105,114,70,106,122,148,86,80,82,86,82,106,159,136,115,151,93,162,148,110,112,110,127,100,132,130,104,100,176,134,99,,135,128,133,86,136,100,105,,94,210,112,138,94,100,120,168,200,141,162,91,85,206,112,93,102,174,127,,101,218,171,181,177,,124,91,85,89,91,74,89,86,79,84,135,130,165,187,156,105,,125,,131,108,92,169,110,69,78,69,72,78,64,64,43,42,46,56,34,95,44,79,56,77,81,110,110,153,127,169,167,183,168,114,188,118,138,146,101,98,87,94,,86,88,103,102,116,94,115,131,91,113,96,114,110,128,93,105,128,247,222,197,184,149,88,175,137,114,97,135,97,102,161,156,137,74,89,82,99,107,146,108,93,121,116,97,156,138,127,124,154,137,128,112,116,107,107,85,110,,147,127,127,162,150,136,190,174,123,102,219,154,172,162,127,127,107,122,92,196,188,205,135,177,,65,78,58,58,43,53,74,101,98,59,67,50,81,109,149,131,132,139,136,136,118,132,165,153,159,146,132,77,104,89,,96,119,92,108,116,110,93,85,183,87,138,187,154,144,63,136,147,225,194,108,95,,143,177,174,152,92,87,152,147,144,126,145,140,185,,139,198,139,118,60,143,108,113,177,,99,107,117,154,111,98,107,90,98,75,67,,74,,143,121,,107,75,75,76,162,142,111,78,,86,135,131,128,,,77,127,150,137,109,142,136,126,141,118,111,150,162,121,120,116,134,138,149,144,77,77,107,96,94,104,88,87,148,166,122,80,102,90,117,81,155,146,165,114,120,103,137,104,93,77,173,104,40,77,86,79,84,96,174,184,,154,103,92,89,99,164,184,76,81,224,158,134,156,154,170,129,99,154,111,105,186,107,125,,92,86,80,134,79,122,125,78,135,130,128,117,114,138,108,142,190,169,135,93,103,110,136,145,134,131,117,132,146,152,167,118,124,99,115,102,102,88,141,164,120,96,137,128
20210719,20,O3_8h,110,112,127,123,117,118,110,115,111,127,114,118,,,110,,118,128,109,,114,,83,121,,109,129,,116,116,95,107,104,124,102,,104,94,,96,92,90,109,113,,112,,117,116,107,120,120,121,114,116,117,115,,116,120,118,74,89,82,,80,117,112,,117,132,131,122,102,89,,98,105,104,96,93,,91,86,86,94,88,74,,145,133,,,148,146,138,136,88,87,84,,84,105,108,95,100,,111,85,65,79,78,85,93,81,76,82,73,91,96,84,99,88,98,88,91,94,100,140,131,116,,131,129,120,130,122,128,128,132,55,53,49,53,54,,60,43,53,48,132,132,137,130,130,136,116,134,156,81,,102,96,90,91,88,92,90,84,88,73,92,76,,,,93,98,,101,106,101,,,,152,,126,121,129,130,97,121,,127,162,,,,156,153,,174,169,191,103,109,,113,97,102,98,96,91,92,83,,95,,105,91,,124,131,,121,124,125,,130,128,115,108,34,55,48,,,50,46,48,86,57,51,64,,91,,,124,,104,102,,53,48,42,34,25,32,,95,90,124,130,122,89,87,84,125,127,130,140,140,114,116,123,128,135,61,,51,63,59,42,93,82,77,80,83,82,,70,65,,,74,152,174,143,,148,175,149,194,75,,,70,70,70,80,74,74,54,54,56,58,55,55,,43,58,82,78,78,87,59,94,66,,90,114,165,164,147,173,134,167,144,143,141,135,55,58,,61,58,62,65,63,53,51,66,36,38,32,28,24,42,,47,48,48,39,29,34,34,34,45,49,52,42,,48,51,42,37,38,36,40,58,56,54,52,,,57,57,45,48,42,42,49,48,53,62,64,60,152,142,149,140,125,146,130,128,84,83,65,70,79,121,,127,132,164,140,148,134,146,,,138,140,136,140,120,,206,176,186,149,,,202,150,92,81,90,101,87,82,90,89,82,,71,63,75,80,81,75,86,82,78,90,77,74,85,69,62,77,73,86,91,97,,85,73,71,72,,188,157,164,155,,,,170,182,,,,182,188,137,124,135,134,160,,138,165,159,184,146,151,129,138,108,126,130,89,104,153,125,154,,149,151,158,145,170,171,174,166,167,,88,96,98,84,78,76,90,101,87,94,89,90,90,88,74,73,68,67,,103,,94,102,100,92,143,,144,133,,,119,121,116,127,,103,119,112,,113,118,112,110,131,90,82,84,93,94,,,,123,,108,129,,136,158,155,144,76,75,84,69,92,75,,105,,,72,,69,69,63,67,73,70,74,75,,90,79,86,83,87,88,82,72,87,88,62,54,52,48,44,50,64,62,61,46,,48,72,64,,86,84,,78,82,83,74,70,,59,53,,,117,141,,107,,118,113,122,121,67,67,,66,69,,94,89,,99,,95,95,93,,95,85,89,92,90,,64,59,65,61,58,68,41,104,119,104,99,104,91,75,55,44,77,70,58,98,90,96,95,94,108,90,102,100,100,70,81,77,92,,96,54,48,56,48,45,102,100,100,92,103,117,127,121,,145,141,146,,139,90,97,83,91,,97,73,86,,57,,64,62,69,63,108,111,109,,,,77,,94,,88,84,106,,73,64,72,70,69,,76,,124,124,135,132,135,121,,112,101,122,133,116,124,,78,,,93,95,92,67,,88,97,107,98,58,96,79,86,94,77,81,87,77,93,68,64,108,108,120,105,122,127,122,135,136,,156,170,148,148,71,106,103,73,,,,,120,125,,126,96,111,127,109,99,106,79,80,66,84,73,68,73,91,104,100,,84,88,91,,95,96,,78,107,128,124,116,125,116,127,124,92,105,107,98,,132,134,124,188,180,152,134,119,128,,122,109,102,88,105,117,111,139,139,,63,,,76,76,74,84,80,,,,,,84,73,104,,,68,,72,,,106,,94,92,88,95,100,97,102,106,62,,160,140,140,150,138,147,154,148,145,111,140,64,54,,92,108,,95,112,90,87,,,125,74,70,69,66,81,78,82,91,,,130,68,68,68,69,,69,88,108,106,112,105,78,,81,78,84,,,79,76,,98,93,92,,90,,164,163,,,92,60,,,175,185,135,,,76,80,104,103,181,182,180,95,90,93,90,86,66,69,57,70,127,126,108,101,73,79,66,70,,138,143,92,,75,69,67,80,109,115,96,81,51,53,56,70,,,68,108,105,107,115,70,74,56,69,78,76,78,98,90,75,82,80,,,103,80,80,89,119,123,,51,130,142,,135,134,137,,142,149,146,143,,91,103,93,69,84,73,79,59,83,81,90,,116,88,79,52,175,190,,133,,127,,,,92,89,97,93,114,107,,82,,89,91,83,66,71,62,56,69,87,95,90,85,92,82,82,84,83,89,94,99,67,,64,67,62,68,59,62,62,98,96,94,96,87,75,71,74,,84,101,106,108,99,90,80,86,89,92,78,83,79,77,92,,86,92,89,73,78,76,77,80,74,71,89,,65,85,81,,51,75,75,104,,111,110,76,,84,83,90,82,91,63,62,69,69,71,121,116,122,,54,57,64,94,106,,107,116,82,80,76,97,97,94,87,89,104,100,,92,102,91,,91,95,,113,91,92,86,,84,85,81,75,74,114,98,93,96,102,95,,,,124,108,,101,103,112,105,73,79,77,72,76,95,101,92,106,98,60,77,92,79,81,75,64,87,97,81,54,70,71,57,51,54,55,65,73,63,93,100,91,121,125,126,130,87,77,79,117,121,90,91,74,104,97,123,122,83,100,100,108,,113,116,107,114,104,145,145,152,136,106,118,125,130,139,137,,,100,100,98,,96,89,84,83,89,86,,144,133,132,,,,,132,126,122,124,129,113,90,107,,113,124,136,132,132,128,70,64,61,66,63,,,,,74,75,85,86,58,56,78,,83,128,122,119,119,124,120,132,52,56,86,93,89,90,,48,52,52,53,20,25,133,129,91,,92,79,,115,109,,65,63,80,,94,,113,,67,62,116,120,120,118,124,128,130,134,95,99,91,84,,123,126,103,149,128,155,,97,112,125,122,109,112,,102,96,137,135,139,,150,163,135,,134,206,138,139,115,125,143,,150,165,,159,124,135,132,126,115,120,116,133,,140,122,117,103,104,110,121,129,121,,,116,115,125,90,,102,119,117,154,153,86,71,58,117,119,120,116,82,,91,118,166,184,46,105,136,,135,,122,136,215,93,50,49,113,120,159,116,92,99,135,85,,,120,118,97,127,,175,182,168,106,,98,134,,,76,154,142,71,97,114,70,56,76,137,84,145,164,143,93,,110,87,,60,85,148,140,126,128,68,107,47,76,82,63,57,114,83,178,82,94,105,66,102,115,132,66,74,78,80,77,92,154,122,105,119,81,144,142,86,80,83,108,90,124,119,90,79,158,111,84,,124,95,118,69,124,74,74,,80,174,108,104,81,94,112,143,178,125,157,75,68,188,100,73,90,116,82,,93,172,146,164,164,,114,52,46,60,61,50,63,60,53,45,121,120,156,162,136,86,,116,,105,79,83,142,87,57,64,58,62,58,47,48,37,38,40,50,,59,42,63,49,67,58,80,91,132,116,136,135,134,148,108,175,108,80,80,83,84,75,78,,61,63,79,92,93,73,93,121,77,100,72,107,102,94,69,82,110,193,201,166,150,138,73,124,128,95,83,114,88,92,135,133,115,69,81,71,73,78,136,93,87,104,97,86,130,100,105,109,128,110,95,86,96,89,92,78,83,,126,114,105,152,131,127,171,154,92,95,198,130,146,149,100,84,85,101,76,150,156,159,120,154,,53,71,51,49,39,46,43,80,54,53,58,36,61,95,110,122,118,102,102,105,112,111,122,119,133,130,84,61,88,83,,80,98,80,85,76,101,62,53,149,64,129,156,135,136,,126,134,167,142,96,81,,132,149,151,142,77,80,,126,132,116,133,118,177,,132,171,117,104,46,87,82,73,124,,83,95,95,125,79,89,91,79,84,63,58,,47,,131,100,,79,60,67,68,128,129,97,56,,52,126,123,117,,,71,119,114,109,94,111,92,97,104,101,96,128,121,105,106,105,114,123,133,123,58,60,92,74,79,86,73,67,131,132,107,70,90,79,93,74,144,136,144,109,107,78,108,89,87,70,155,73,32,67,54,57,57,77,163,163,,143,98,67,67,80,138,125,69,70,130,122,115,134,146,160,101,89,137,89,88,134,92,94,,86,59,70,125,76,107,107,74,100,111,107,100,104,127,97,132,162,156,98,79,80,86,106,102,118,107,107,104,138,148,140,113,106,91,74,96,66,54,123,153,112,79,130,108
20210719,20,O3_8h_24h,110,112,127,123,117,118,110,115,111,127,114,118,,,110,,119,128,109,,116,,99,134,,119,145,,116,116,95,107,104,124,111,,112,103,,103,101,92,109,113,,112,,117,116,107,122,123,128,119,119,119,116,,119,122,120,74,89,82,,82,119,112,,117,136,136,128,111,95,,99,105,104,96,93,,95,89,86,94,89,82,,145,133,,,148,146,138,136,99,95,97,,96,113,115,104,110,,124,92,86,87,86,90,99,85,83,89,81,95,96,91,101,89,106,94,95,96,100,142,133,123,,139,139,128,136,125,130,130,136,71,68,68,66,68,,75,48,67,63,134,132,137,130,130,143,118,134,156,90,,113,106,104,101,100,106,104,100,103,86,106,85,,,,95,105,,103,108,104,,,,159,,132,131,133,134,108,128,,129,165,,,,157,161,,174,171,191,110,116,,121,100,105,101,98,96,99,91,,96,,105,92,,129,131,,130,126,132,,137,136,123,110,54,74,63,,,61,66,72,86,70,61,71,,91,,,128,,124,124,,65,83,71,44,39,39,,104,100,127,132,124,90,91,90,134,133,137,146,146,125,122,128,128,141,72,,59,68,67,49,101,94,88,82,88,92,,76,79,,,82,152,179,149,,154,178,154,194,82,,,75,78,87,85,79,82,54,56,56,60,55,55,,50,64,88,90,91,88,82,94,73,,100,114,169,165,153,173,136,170,149,145,143,139,55,59,,62,58,65,68,63,56,51,70,36,38,32,29,27,42,,47,48,48,40,35,41,35,34,46,49,54,49,,48,57,44,39,42,38,41,58,57,54,54,,,60,60,49,50,44,43,49,49,58,65,69,63,152,144,151,140,125,148,130,128,85,83,69,72,81,121,,127,132,164,140,148,134,146,,,138,140,136,140,121,,206,179,186,152,,,206,150,96,82,90,102,87,83,92,90,87,,71,63,75,80,81,75,86,85,78,90,77,82,85,69,62,77,74,91,92,97,,86,73,71,72,,198,157,166,155,,,,170,182,,,,182,189,137,124,135,134,160,,138,168,159,184,146,151,130,143,110,128,132,90,104,165,125,156,,149,151,161,145,170,171,174,166,167,,95,102,98,84,78,76,90,114,103,96,90,91,90,91,89,89,82,81,,106,,94,107,106,96,143,,144,135,,,125,129,121,144,,104,120,117,,117,120,112,110,131,92,87,86,94,96,,,,126,,111,129,,136,159,156,145,82,78,88,73,93,75,,110,,,82,,79,77,76,72,78,74,76,76,,98,85,92,89,93,91,84,80,92,90,74,70,68,52,47,50,66,64,62,56,,58,76,68,,87,85,,81,85,86,75,78,,70,55,,,117,141,,113,,119,117,123,122,68,68,,66,70,,95,90,,99,,96,96,93,,97,85,95,94,95,,79,78,86,78,81,80,62,117,126,114,110,113,103,88,69,54,86,86,73,100,92,98,98,96,112,104,108,112,112,85,81,77,92,,96,76,65,78,71,66,107,100,100,92,103,131,141,131,,145,145,146,,139,92,102,86,94,,104,80,88,,64,,69,66,72,65,108,111,109,,,,77,,94,,88,84,106,,73,64,72,70,69,,76,,124,128,135,132,138,121,,112,101,122,138,116,128,,92,,,97,95,92,69,,89,99,109,99,69,96,79,89,108,99,98,104,98,107,70,65,108,108,121,105,122,127,122,135,136,,156,170,148,148,79,106,103,74,,,,,121,128,,131,97,114,130,115,102,108,82,82,70,85,77,69,75,92,104,101,,84,88,91,,97,100,,86,107,128,124,116,125,116,127,124,92,105,108,100,,132,134,125,189,180,153,154,119,128,,122,109,123,101,108,118,112,143,143,,75,,,82,82,83,94,87,76,,82,,,88,76,107,,,83,,82,,,123,,109,106,103,116,122,119,116,119,82,,161,148,153,161,151,150,154,148,145,111,140,77,66,,94,113,,102,112,93,89,,,127,74,74,71,68,81,78,82,94,,,142,70,70,70,71,,70,88,110,107,113,107,84,,82,78,84,,,80,76,,98,93,92,,91,,170,167,,,94,61,,,176,185,136,,,77,83,104,103,183,182,180,98,94,96,94,88,88,89,72,93,128,130,109,104,73,79,67,71,,140,143,95,,87,85,76,90,111,123,99,83,64,62,69,75,,,85,116,112,119,144,91,83,75,84,89,89,86,116,102,87,99,95,,,105,80,80,89,124,126,,51,130,143,,135,135,140,,142,149,146,143,91,93,104,94,88,106,96,92,70,102,92,97,,124,90,86,62,175,190,,135,,130,,,,102,98,103,102,115,109,,90,,108,109,107,76,81,71,66,75,90,98,95,90,92,85,85,86,89,94,101,101,76,,73,74,70,78,68,69,66,102,100,97,97,92,81,80,79,,91,105,107,108,100,98,92,95,98,109,84,90,85,86,96,,89,95,92,83,82,82,81,85,74,71,93,,65,86,84,,81,83,76,104,,121,117,89,,93,87,92,84,93,78,74,82,78,85,122,117,122,,76,68,84,94,107,,108,117,90,84,83,104,97,94,87,91,105,101,,96,107,95,,96,100,,115,91,94,88,,86,86,85,78,77,125,99,94,98,106,103,46,63,58,130,112,,109,114,122,114,85,90,84,78,82,102,104,99,109,104,60,78,92,79,81,91,73,92,101,88,62,72,73,81,74,75,78,65,73,63,93,100,91,121,130,129,136,98,88,91,122,127,98,105,86,104,97,123,122,83,100,103,110,,116,116,107,115,106,152,148,154,140,106,118,125,130,139,137,,,100,100,104,,96,94,85,84,90,86,,144,133,132,,,,,134,128,123,127,131,113,94,108,,113,127,140,149,137,128,73,66,65,69,68,,,,,76,77,85,86,59,60,80,,83,129,122,119,119,124,120,132,58,61,86,94,90,91,,54,52,53,54,22,26,135,130,91,,92,79,,116,110,,66,64,81,,99,,116,,67,62,116,120,120,118,124,128,130,134,97,100,91,84,,125,128,105,153,133,155,,101,112,129,126,112,112,,104,96,137,135,139,,150,163,138,,134,206,141,139,116,126,145,,152,169,,162,127,135,132,126,115,120,116,133,,140,122,117,105,104,110,121,129,121,,,116,115,125,90,,102,119,117,154,153,102,71,58,121,136,126,116,84,,92,122,170,184,68,128,141,,136,,125,138,217,93,50,50,113,120,159,125,103,99,142,89,,,120,135,97,127,,175,182,171,110,,100,140,,,83,164,151,75,98,115,74,71,94,140,84,145,164,143,93,,110,110,,67,87,148,140,126,128,72,112,48,76,84,82,59,116,84,179,86,98,108,67,104,116,132,73,75,78,80,77,95,154,124,106,119,93,148,142,95,96,97,108,90,124,120,92,84,162,111,84,,124,104,120,69,124,87,87,,81,177,108,109,86,95,114,147,180,128,157,75,76,188,100,79,90,125,91,,96,176,148,165,164,,114,72,64,76,76,63,76,76,66,51,121,121,156,169,137,97,,117,,117,93,89,149,95,61,67,59,62,58,50,49,37,38,40,50,40,62,42,73,50,70,60,83,99,136,117,150,142,147,148,108,175,108,91,91,83,84,84,94,,61,63,88,97,97,83,99,121,77,100,75,107,102,100,70,82,110,196,201,168,150,138,79,140,128,100,89,118,93,97,141,136,115,69,82,73,84,85,137,93,87,106,98,92,131,113,110,109,133,116,112,92,103,93,95,79,90,,129,114,105,153,133,127,171,154,107,98,198,139,150,149,112,98,95,109,90,150,156,159,120,154,,56,71,52,51,39,46,43,80,59,53,58,36,69,95,115,122,121,102,102,109,114,119,130,131,134,132,102,67,88,83,,80,98,81,88,94,106,77,58,149,68,129,159,139,136,52,127,135,172,144,100,86,,132,152,151,142,83,86,152,131,132,119,139,122,177,,132,174,117,105,48,102,92,91,132,,94,100,104,125,82,89,91,79,90,65,61,,63,,133,101,,83,60,68,68,136,130,99,62,,69,127,125,119,,,71,121,115,112,95,118,103,103,116,101,96,130,126,108,106,105,118,125,133,126,58,66,92,74,79,86,82,68,131,132,107,75,90,80,95,74,144,136,144,109,113,88,111,96,87,71,160,83,33,71,57,60,60,84,164,165,,143,100,71,70,90,138,128,74,78,147,128,116,134,149,164,102,91,137,91,92,138,95,103,,86,70,76,125,76,107,107,74,101,111,107,100,104,128,97,133,166,157,102,84,89,93,115,113,118,107,107,104,140,148,140,115,106,93,93,97,83,77,124,154,114,81,130,111
20210719,20,CO,0.6,0.7,0.7,0.7,0.7,0.6,0.4,0.5,0.5,0.7,0.5,0.5,,,0.8,,1.1,0.6,1.5,,1.2,,0.4,0.5,,0.4,0.5,,0.6,0.6,0.5,0.7,0.6,0.3,0.6,,0.5,0.4,,0.4,0.3,0.3,0.2,0.5,,0.3,,0.5,0.7,0.4,0.1,0.4,0.2,0.1,0.1,0.1,0.4,,0.4,,0.1,0.6,0.6,0.7,,0.7,0.6,0.7,,0.5,0.3,0.1,0.2,0.3,0.5,,0.2,0.5,0.4,0.4,0.7,,0.6,0.5,0.5,0.7,0.6,0.8,,0.5,0.4,,,0.4,0.4,0.4,0.4,0.8,0.5,0.7,,0.6,0.7,0.5,0.5,0.6,,0.6,0.7,0.5,0.4,0.5,0.3,0.5,0.5,0.4,0.6,0.5,0.7,0.5,0.8,0.4,0.5,0.3,0.4,0.3,0.4,0.4,0.5,0.8,0.8,,0.6,0.7,0.5,0.6,0.5,0.6,0.5,0.5,0.4,0.6,0.3,0.4,0.4,,0.3,0.3,0.3,0.3,0.3,0.5,0.1,0.2,0.6,0.7,0.3,0.5,0.4,0.2,,,0.4,0.2,0.1,0.3,0.5,0.4,0.3,0.4,0.4,0.5,0.3,,,,0.5,0.4,,0.6,0.3,0.3,,,,0.5,,0.3,0.2,0.4,0.3,0.5,0.3,,0.5,0.4,,,,0.6,0.6,,0.8,0.9,0.8,0.3,0.5,,0.1,0.2,0.3,0.2,0.2,,0.5,0.3,,,,0.3,0.4,,0.4,0.4,,0.5,0.4,0.4,,0.5,0.4,0.5,0.2,0.4,0.5,0.4,,,0.3,0.4,0.4,0.4,0.4,0.4,0.4,,0.4,,,0.4,,0.5,0.5,,0.3,0.3,0.2,0.3,0.4,0.5,,0.4,0.5,0.3,0.1,0.4,0.3,0.3,0.4,0.5,0.4,0.4,0.5,0.6,0.6,0.5,0.4,0.4,0.3,0.3,,0.4,0.6,0.4,0.4,0.3,0.5,0.2,,0.6,0.6,,0.7,1.1,,,0.6,0.6,0.3,0.7,,0.4,0.5,0.7,0.5,0.3,,,0.1,0.3,0.5,0.1,0.1,0.4,0.7,0.5,0.6,0.6,0.6,0.6,,0.6,0.7,1,1.2,1.1,1,1.2,0.7,1,,2,0.5,0.8,0.7,0.6,0.8,0.7,0.5,,0.5,0.5,0.4,0.5,0.6,,0.4,0.4,0.6,0.6,0.6,0.5,0.5,0.4,,0.6,0.6,0.5,0.4,0.4,,0.8,0.4,0.4,0.4,0.5,0.6,0.4,0.6,0.4,0.4,0.4,0.4,,0.5,0.6,0.5,0.6,0.5,0.4,0.5,0.5,,0.5,0.6,,,0.6,0.6,0.7,0.5,0.6,0.5,0.7,0.5,0.6,0.5,0.3,0.4,0.6,0.7,0.6,0.6,0.5,0.8,0.7,0.6,0.4,0.5,0.5,0.4,0.5,0.7,,0.5,0.7,0.9,0.7,1,0.3,0.5,,,0.9,0.5,0.9,0.3,0.6,,0.4,0.3,0.6,0.6,,,0.6,0.3,0.3,0.3,0.3,0.5,0.5,0.4,0.5,0.4,0.7,,0.3,0.2,0.3,0.3,0.3,0.4,0.2,0.3,0.2,0.4,0.4,0.2,0.7,0.7,0.6,0.7,0.6,0.4,0.6,0.4,,0.5,0.8,0.6,0.7,,0.5,0.4,0.4,0.4,,,,0.6,0.3,,,,0.4,0.5,0.6,0.4,0.6,0.2,0.7,,0.6,0.7,1,0.7,0.8,,1,1,0.7,1,0.7,0.4,0.7,0.7,1,0.5,,0.5,0.8,0.6,0.6,0.6,0.6,0.7,0.5,0.5,,0.3,0.9,0.4,0.3,0.6,0.5,0.5,0.6,0.6,0.6,0.5,0.6,0.3,0.5,0.2,0.3,0.3,,,0.6,,0.3,0.7,0.3,0.7,0.5,,0.5,0.7,,,0.3,0.5,0.4,0.2,,0.3,0.5,0.5,,0.3,0.1,0.1,0.4,0.3,0.3,0.2,0.2,0.2,0.3,,,,0.3,,0.3,0.6,,0.3,0.3,0.4,0.5,0.5,0.2,0.3,0.5,0.3,0.3,,0.3,,,0.7,,0.7,0.5,2,0.4,0.6,0.5,0.4,0.4,,0.6,0.4,0.6,0.5,0.4,0.4,0.4,0.6,0.7,0.7,0.5,0.8,0.6,0.4,0.5,0.4,0.7,0.6,0.6,0.5,,0.6,0.4,0.5,,0.6,0.6,,0.4,0.7,0.7,0.5,0.6,,0.5,0.4,,,0.4,0.5,,0.7,,0.6,0.5,0.5,0.5,0.7,0.5,,0.6,0.7,,0.7,0.6,,,,1,0.9,1,,1.1,0.8,0.6,0.4,0.3,,0.8,0.9,0.9,1.4,1.3,0.4,0.3,0.8,1,0.4,1.3,0.5,0.6,0.3,2.2,1.5,0.6,0.6,0.4,0.6,0.5,0.4,0.6,0.5,0.7,0.6,0.6,0.7,0.7,0.5,0.5,0.5,0.1,,0.1,0.4,0.4,0.3,0.3,0.3,0.4,0.6,0.6,0.4,0.8,0.6,0.7,0.5,,0.7,0.6,0.7,,0.4,0.7,0.6,0.5,0.7,,0.7,0.3,0.2,,0.8,,0.7,0.4,0.4,0.4,0.6,1,0.8,,,,0.6,,0.6,,0.6,0.4,7.3,,0.7,0.7,0.6,0.5,0.5,,0.6,,0.4,0.6,0.4,0.5,0.5,0.8,,0.7,0.4,0.5,0.6,0.6,0.5,,0.6,,,0.6,0.4,,0.6,,0.6,0.6,0.5,0.6,0.7,0.8,0.6,0.7,0.7,1.1,1.5,1.1,1,0.9,0.3,0.3,0.7,0.4,0.8,0.7,0.6,0.7,0.6,0.4,0.7,,0.5,2.8,1.6,0.5,0.8,0.7,1.1,1,,,,,0.5,0.5,,0.6,0.7,0.5,0.3,0.4,0.5,0.3,0.7,0.5,0.5,0.4,0.4,0.7,1.2,0.8,0.6,0.8,,0.5,0.4,0.7,,0.6,0.5,,0.5,0.6,0.7,0.5,0.8,0.7,0.5,0.4,0.5,0.6,,0.6,0.6,,0.5,0.5,0.3,0.3,0.1,0.1,0.8,0.6,0.4,,0.5,0.2,0.3,0.4,0.3,0.3,0.5,0.2,0.2,,0.4,,,0.3,0.3,0.2,0.2,0.3,,,,,,0.2,0.3,0.4,,,0.3,,0.4,,,0.6,,0.6,0.3,0.7,0.5,0.6,0.8,0.3,0.4,0.3,,0.7,0.8,0.6,0.5,0.6,0.3,0.3,0.3,0.3,0.6,0.6,0.2,0.3,,0.6,0.4,,0.5,0.4,0.6,0.7,,,0.7,0.5,0.6,0.6,0.5,0.5,0.7,0.6,0.5,,,0.3,0.9,1,1.2,1,,0.7,0.5,0.4,0.7,0.6,0.5,0.4,,0.4,0.8,0.6,,,0.6,0.7,,0.7,0.6,0.4,,0.4,,0.6,0.5,,,,0.4,,,0.7,0.5,0.4,,,0.3,0.4,0.3,0.4,0.4,0.3,0.4,0.4,0.2,0.4,0.5,0.5,0.6,0.8,1.7,1.8,0.5,0.5,0.5,0.4,0.4,0.5,0.5,0.4,,0.5,0.4,0.5,,0.5,0.5,0.5,0.5,0.5,0.4,0.6,0.5,0.5,0.5,,0.4,,,0.5,0.6,0.6,0.4,0.5,0.5,0.5,0.6,0.5,0.5,0.6,0.3,0.6,0.5,0.6,0.7,0.6,,,0.5,0.3,0.3,0.3,0.4,0.4,,0.7,0.4,0.5,,0.6,0.6,0.5,,0.4,0.6,0.4,0.4,,0.5,0.6,0.5,0.9,0.5,0.7,0.6,0.6,0.4,0.5,0.7,,0.4,0.4,0.3,,0.7,0.5,,0.5,,0.4,,,,0.4,0.5,0.6,0.6,0.6,0.7,,0.6,,0.5,0.5,0.5,0.5,0.4,0.5,0.5,0.3,0.5,0.5,0.6,0.5,0.2,0.8,0.5,0.4,0.5,0.7,0.5,0.6,0.3,,0.5,0.3,0.9,0.5,0.7,0.8,0.4,5.4,0.8,2.8,0.5,0.2,0.7,0.8,0.8,,0.6,0.5,0.6,0.4,0.5,1.1,0.9,0.7,1.2,1.6,0.5,0.6,0.6,0.6,0.7,,0.6,0.8,0.5,0.8,0.7,0.7,0.6,0.6,0.4,0.4,0.7,,1.3,0.7,0.6,,0.6,0.6,0.7,0.8,,0.6,0.5,0.6,,0.6,0.7,0.6,0.8,0.8,0.9,0.9,0.8,0.6,0.7,0.8,0.6,0.6,,0.6,0.4,0.7,1,1,,1,1,0.4,0.8,0.8,0.7,,0.8,0.8,0.7,0.6,0.6,,0.6,0.9,0.2,,1.1,1.2,,0.5,0.4,0.5,0.5,,0.8,0.6,0.7,1.3,1.1,1.1,0.6,0.6,0.5,0.5,0.6,,,,0.5,0.5,,0.4,0.9,1,1.4,0.4,0.4,0.5,0.3,0.5,0.6,0.7,0.6,0.6,0.8,1.4,1,0.6,0.8,1.3,,1.2,1.7,0.5,0.9,0.4,0.2,0.5,1.1,0.9,0.9,0.8,0.5,0.5,0.5,0.7,0.7,0.6,0.6,0.6,0.8,0.7,0.5,0.6,0.7,0.7,0.7,0.5,0.5,,0.7,0.7,0.9,0.9,0.6,0.5,0.6,0.3,,0.4,0.2,0.3,0.3,0.3,0.5,0.5,0.2,0.3,0.5,0.3,0.5,0.5,0.3,0.4,,,0.4,0.4,0.6,,0.6,0.4,0.4,0.3,0.5,0.4,,0.4,0.6,0.4,,,,,0.4,0.4,0.4,0.5,0.5,0.3,0.2,0.4,,0.2,0.6,0.5,0.5,0.6,0.6,0.4,0.7,1.5,0.8,1,,,,,0.2,0.4,0.4,0.4,0.6,0.7,0.4,,0.3,0.5,0.4,0.3,0.2,0.7,0.6,0.5,0.6,0.4,0.7,0.9,0.5,0.6,,0.4,0.5,0.3,0.3,0.6,0.5,0.6,0.5,0.5,,0.3,0.7,,0.6,0.7,,0.4,0.2,0.4,,1.1,,0.4,,0.6,0.6,0.4,0.6,0.5,0.6,0.4,0.5,0.4,0.5,0.7,0.4,0.6,0.4,,0.5,0.4,0.5,0.6,0.8,0.3,,0.4,0.3,0.3,0.4,0.5,0.3,,0.7,0.8,0.4,0.1,0.7,,0.2,0.1,0.3,,0.3,0.6,0.7,0.4,0.4,0.4,0.3,,0.2,0.2,,0.4,0.4,0.6,0.4,0.8,0.6,,0.3,0.4,,0.5,0.3,0.2,0.3,0.4,0.1,0.4,0.5,0.3,,,,0.6,0.4,0.7,,0.3,0.4,0.5,0.4,0.7,0.3,0.4,0.6,0.5,0.4,0.5,0.5,0.6,,0.4,0.7,0.3,0.8,0.4,0.4,0.4,,0.4,,0.3,0.9,0.7,0.5,0.5,0.3,0.2,,0.5,0.6,0.6,0.4,0.4,0.4,,,0.5,0.3,0.4,0.5,,0.7,0.4,,0.6,,0.5,0.3,,,0.2,0.3,0.2,0.4,0.4,0.5,0.3,0.1,0.3,0.3,0.4,0.8,0.7,0.4,0.7,,2.1,0.6,,0.5,0.7,0.3,0.4,0.2,0.4,0.5,0.4,0.6,0.6,0.5,1.1,0.3,0.7,0.4,0.5,0.3,0.3,0.4,0.4,0.4,0.3,0.4,1.1,0.4,0.5,0.4,0.3,0.6,0.3,0.4,0.3,0.8,0.6,0.4,0.6,0.5,0.6,0.7,0.9,0.6,0.5,0.8,0.8,0.8,0.3,0.8,0.7,,0.6,0.4,0.4,0.4,0.5,0.6,0.7,,0.7,0.4,0.3,,0.5,0.3,0.5,0.6,0.3,0.8,0.3,0.7,0.6,0.5,0.6,0.3,0.7,0.4,0.7,,0.6,0.2,0.2,0.4,0.1,,0.3,0.4,0.3,0.3,0.4,0.2,0.5,0.3,0.4,0.5,0.5,0.5,0.6,0.4,0.3,0.4,,0.5,,0.4,0.6,0.4,0.5,0.4,0.6,0.6,0.6,0.7,0.6,0.7,0.6,0.4,0.5,0.5,0.6,,0.5,0.4,0.8,0.6,0.6,0.8,0.7,0.2,0.3,,0.9,0.2,0.5,0.3,0.5,0.7,0.6,1,0.6,0.6,0.5,0.6,0.4,,0.4,0.5,0.3,0.4,0.4,0.6,0.5,0.9,0.7,0.7,0.6,0.5,0.5,0.9,0.4,0.6,,1,0.4,0.6,0.5,0.6,0.2,0.8,0.1,0.2,0.1,0.6,0.3,0.2,0.6,0.5,0.5,0.3,0.7,0.8,1.1,0.7,0.2,0.6,0.7,0.6,0.5,0.7,0.7,0.7,0.5,0.7,0.7,0.7,0.5,0.5,0.5,0.4,0.3,0.2,0.4,,0.6,0.6,0.5,0.7,0.4,0.3,0.5,0.4,0.5,0.1,0.7,0.3,0.5,0.4,0.2,0.4,0.3,0.2,0.4,0.3,0.2,0.5,0.2,0.4,,0.5,0.5,0.7,0.6,0.4,0.5,0.5,0.6,0.5,0.3,0.4,0.4,0.7,0.5,0.4,0.4,0.3,0.4,0.7,0.7,0.4,0.4,0.6,0.6,0.4,0.7,0.4,0.6,0.6,1,,0.3,0.4,0.6,0.7,0.7,0.6,0.5,0.3,0.6,0.6,0.3,0.7,0.4,0.4,,0.6,0.4,0.3,0.5,0.4,0.4,,0.6,0.5,0.3,0.4,0.3,0.2,0.5,0.7,0.9,0.4,0.4,0.3,,,0.5,0.5,0.7,0.7,0.6,0.3,0.4,0.3,0.3,,0.7,0.5,0.5,0.9,0.5,0.3,0.4,0.3,0.5,0.4,0.4,,0.3,,0.5,0.7,,1.2,0.5,0.2,0.4,0.5,0.6,0.6,0.3,,0.3,0.5,0.5,0.5,,,0.7,0.6,0.4,0.3,0.5,0.3,0.9,0.3,0.3,0.6,1.2,0.2,0.3,0.1,0.5,0.3,0.4,0.3,0.3,0.4,0.6,0.7,0.6,0.8,0.7,0.9,0.8,0.6,0.7,1,0.7,0.4,0.5,0.6,0.5,0.5,0.5,0.4,0.5,0.3,0.6,0.8,0.5,0.5,1,0.7,0.4,0.6,0.5,0.6,0.5,0.5,0.4,0.6,0.8,0.7,,0.6,0.2,0.6,0.6,0.5,0.3,0.5,0.5,0.1,0.5,0.5,0.4,0.4,0.5,0.5,0.7,0.5,0.7,1.6,0.5,0.4,0.3,0.5,,0.7,0.6,0.2,0.3,0.6,0.6,0.6,0.6,0.7,0.5,0.6,0.5,0.6,0.5,0.5,0.6,0.4,0.7,0.5,0.2,0.6,0.6,0.3,0.4,0.6,0.6,0.6,0.6,0.7,0.5,0.3,0.3,1,0.1,0.4,0.1,0.3,0.3,0.4,0.4,0.5,0.5,0.7,0.4
20210719,20,CO_24h,0.5,0.5,0.7,0.7,0.6,0.7,0.5,0.5,0.5,0.5,0.5,0.6,,,0.8,,0.9,0.7,0.6,,1,,0.5,0.5,,0.6,0.5,,0.6,0.6,0.5,0.8,0.7,0.4,0.6,,0.9,0.7,,0.9,0.6,0.3,0.2,0.4,,0.3,,0.4,0.6,0.4,0.1,0.4,0.3,0.1,0.1,0.1,0.3,,0.5,0.5,0.1,0.7,0.7,0.8,,0.7,0.6,0.4,,0.5,0.4,0.2,0.3,0.3,0.5,,0.1,0.4,0.3,0.3,0.7,,0.6,0.6,0.5,0.7,0.5,0.6,,0.5,0.5,,,0.4,0.5,0.4,0.4,0.7,0.6,0.6,,0.6,0.6,0.5,0.5,0.6,,0.5,0.7,0.6,0.5,0.5,0.4,0.5,0.5,0.4,0.6,0.6,0.6,0.5,0.7,0.5,0.6,0.4,0.4,0.4,0.4,0.5,0.3,0.7,0.5,,0.5,0.6,0.5,0.6,0.3,0.5,0.4,0.4,0.5,0.5,0.3,0.4,0.4,,0.4,0.3,0.3,0.2,0.3,0.5,0.2,0.3,0.7,0.5,0.5,0.6,0.4,0.2,,0.3,0.5,0.3,0.1,0.3,0.5,0.4,0.3,0.4,0.5,0.5,0.3,,,,0.5,0.4,,0.5,0.4,0.3,,,,0.6,,0.4,0.2,0.4,0.3,0.4,0.3,,0.3,0.7,,,,0.6,0.5,,0.6,0.7,0.7,0.4,0.6,,0.2,0.2,0.3,0.2,0.2,,0.5,0.4,,0.3,,0.3,0.4,,0.4,0.5,,0.6,0.3,0.7,,0.5,0.4,0.4,0.3,0.4,0.5,0.4,,,0.3,0.4,0.4,0.4,0.4,0.4,0.4,,0.7,,,0.5,,0.6,0.5,,0.3,0.3,0.2,0.3,0.4,0.5,,0.3,0.4,0.3,0.2,0.4,0.4,0.3,0.4,0.5,0.5,0.5,0.6,0.5,0.6,0.5,0.5,0.2,0.5,0.4,,0.5,0.6,0.5,0.4,0.3,0.5,0.2,1.3,0.9,0.7,,1,0.8,,,0.8,0.6,0.3,0.8,,0.5,0.5,0.6,0.4,0.3,,,0.1,0.3,0.4,0.1,0.1,0.4,0.6,0.4,0.5,0.5,0.5,0.5,,0.6,0.5,0.8,0.8,0.7,0.9,0.8,0.6,0.8,,1,0.4,0.7,0.7,0.6,0.7,0.6,0.6,0.4,0.5,0.6,0.4,0.5,0.6,,0.5,0.4,0.6,0.6,0.6,0.5,0.6,0.4,0.4,0.6,0.6,0.5,0.4,0.4,,0.8,0.4,0.4,0.5,0.5,0.6,0.4,0.5,0.3,0.5,0.4,0.4,,0.5,0.5,0.5,0.6,0.5,0.5,0.4,0.5,0.6,0.5,0.5,,,0.6,0.5,0.7,0.4,0.6,0.5,0.7,0.5,0.5,0.5,0.3,0.4,0.6,0.6,0.6,0.6,0.4,0.7,0.7,0.5,0.3,0.4,0.5,0.4,0.4,0.5,,0.5,0.6,0.6,0.7,0.9,0.3,0.4,,,0.7,0.5,0.9,0.2,0.6,,0.4,0.4,0.6,0.6,,,0.6,0.3,0.3,0.4,0.5,0.6,0.6,0.5,0.6,0.5,0.7,,0.4,0.3,0.3,0.3,0.3,0.4,0.2,0.3,0.2,0.4,0.4,0.3,0.4,0.8,0.7,0.7,0.7,0.5,0.7,0.4,,0.7,0.9,0.7,0.8,,0.6,0.5,0.4,0.4,,,,0.9,0.3,,,,0.4,0.6,0.7,0.5,0.8,0.3,0.8,,0.8,0.7,0.9,0.8,0.7,0.8,1,0.7,0.7,0.9,0.7,0.4,0.6,0.7,0.8,0.6,,0.5,0.8,0.7,0.7,0.7,0.6,0.7,0.6,0.6,,0.4,1,0.4,0.4,0.5,0.4,0.6,0.7,0.5,0.6,0.5,0.6,0.3,0.5,0.2,0.3,0.3,0.3,,0.7,,0.3,0.6,0.3,0.8,0.5,,0.6,0.7,,,0.5,0.6,0.6,0.3,,0.2,0.5,0.3,,0.2,0.1,0.2,0.4,0.3,0.2,0.1,0.2,0.2,0.3,,,,0.3,,0.4,0.7,,0.4,0.4,0.5,0.6,0.4,0.2,0.3,0.4,0.4,0.4,,0.3,,,0.8,,0.7,0.6,0.8,0.4,0.6,0.5,0.3,0.4,,0.5,0.4,0.6,0.5,0.4,0.4,0.5,0.6,0.7,0.8,0.4,0.6,0.6,0.3,0.5,0.5,0.7,0.7,0.7,0.4,,0.5,0.5,0.4,,0.6,0.6,,0.4,0.7,0.7,0.6,0.6,,0.6,0.5,,,0.5,0.5,,0.6,,0.7,0.5,0.5,0.5,0.7,0.5,,0.8,0.7,,0.6,0.6,,0.6,,0.9,0.8,0.9,,0.7,0.8,0.3,0.2,0.1,,0.5,0.6,0.6,1,0.9,0.3,0.2,0.6,0.7,0.5,0.7,0.4,0.7,0.3,1,2,0.6,0.5,0.5,0.7,0.6,0.4,0.6,0.5,0.7,0.6,0.6,0.8,0.6,0.5,0.5,0.5,0.2,,0.1,0.4,0.4,0.3,0.4,0.3,0.5,0.4,0.6,0.4,0.5,0.7,0.7,0.6,,0.8,0.8,0.7,,0.5,0.6,0.5,0.5,0.8,,0.6,0.4,0.3,,0.7,,0.7,0.3,0.4,0.4,0.5,0.7,0.5,,,,0.5,,0.5,,0.4,0.5,0.9,,0.6,0.6,0.6,0.5,0.5,,0.6,,0.4,0.6,0.5,0.5,0.5,0.8,,0.7,0.6,0.5,0.7,0.6,0.6,,0.7,,,0.7,0.4,0.3,0.6,,0.7,0.8,0.7,0.7,0.7,0.4,0.5,0.7,0.6,0.8,1.1,1,1.1,0.8,0.4,0.3,0.4,0.5,0.8,0.5,0.6,0.7,0.6,0.5,0.7,,1.3,2.6,2.3,1.1,0.6,0.7,0.9,0.8,,,,,0.5,0.5,,0.6,0.7,0.5,0.3,0.3,0.4,0.3,0.7,0.5,0.7,0.6,0.4,0.5,0.5,0.8,0.7,0.9,,0.7,0.6,0.8,,0.6,0.6,,0.6,0.7,0.8,0.6,0.9,0.7,0.5,0.5,0.6,0.6,0.7,0.7,0.7,,0.5,0.6,0.3,0.4,0.3,0.2,0.7,0.6,0.5,,0.6,0.4,0.3,0.4,0.3,0.2,0.5,0.2,0.2,,0.4,,,0.3,0.3,0.2,0.2,0.4,,,,,,0.3,0.3,0.4,,,0.3,,0.5,,,0.6,,0.7,0.3,0.7,0.5,0.5,0.7,0.3,0.5,0.4,,0.6,0.7,0.7,0.5,0.6,0.4,0.3,0.3,0.3,0.6,0.6,0.1,0.4,,0.5,0.3,,0.5,0.4,0.5,0.6,,,0.6,0.5,0.5,0.5,0.4,0.5,0.8,0.8,0.5,,,0.4,0.6,0.7,0.8,0.6,,0.6,0.6,0.4,0.6,0.7,0.5,0.4,,0.4,0.7,0.7,,,0.7,0.9,,0.6,0.6,0.5,,0.5,,0.8,0.7,,,,0.4,,,0.6,0.5,0.4,,,0.3,0.4,0.3,0.2,0.4,0.3,0.4,0.4,0.3,0.4,0.4,0.6,0.5,0.4,0.5,0.8,0.6,0.5,0.5,0.6,0.4,0.3,0.6,0.4,,0.5,0.5,0.4,,0.3,0.4,0.5,0.5,0.6,0.4,0.5,0.5,0.4,0.5,0.4,0.4,,,0.5,0.6,0.7,0.6,0.5,1.3,0.4,1,0.5,1,1.1,0.5,0.6,0.5,0.6,0.7,0.6,,,0.4,0.7,0.5,0.5,0.4,0.3,,0.7,0.4,0.5,,0.6,0.6,0.5,,0.4,0.6,0.5,0.5,0.6,0.4,0.5,0.5,0.7,0.4,0.5,0.7,0.6,0.4,0.6,0.8,,0.3,0.4,0.3,,0.7,0.5,,0.6,,0.5,,,,0.5,0.6,0.6,0.5,0.5,0.7,,0.7,,0.4,0.5,0.4,0.4,0.6,0.5,0.5,0.4,0.5,0.5,0.6,0.4,0.2,0.5,0.5,0.4,0.5,0.6,0.5,0.5,0.4,,0.6,0.3,0.7,0.3,0.6,0.7,0.3,1.5,1.6,1,1.1,0.3,0.4,0.6,0.8,,0.5,0.5,0.6,0.4,0.5,1.1,0.9,0.6,1.1,1.3,0.5,0.7,0.6,0.4,0.5,,0.5,0.6,0.5,0.6,0.7,0.5,0.6,0.6,0.4,0.8,0.7,,0.6,0.5,0.4,,0.5,0.5,0.6,0.5,,0.5,0.5,0.6,,0.6,0.6,0.5,0.7,0.7,0.9,0.9,0.8,0.7,0.6,0.7,0.5,0.6,,0.6,0.4,0.7,1.2,0.7,,0.8,1,0.4,0.7,0.9,0.7,0.6,0.8,0.8,0.7,0.7,0.7,,0.6,0.8,0.4,,1,1.1,,0.6,0.4,0.4,0.4,,0.7,0.6,0.7,1.1,1,0.9,0.6,0.6,0.7,0.5,0.6,0.4,0.6,0.6,0.6,0.5,,0.5,0.9,1.1,1.4,0.5,0.5,0.6,0.5,0.6,0.6,0.7,0.6,0.5,0.7,1.4,0.9,0.8,0.8,1.3,0.6,0.5,0.5,1,0.7,0.4,0.4,0.4,0.9,0.8,0.9,0.7,0.5,0.8,0.5,0.7,0.7,0.6,0.6,0.7,0.8,0.8,0.5,0.5,0.5,0.7,0.7,0.5,0.6,0.6,0.7,0.7,0.9,0.9,0.5,0.5,0.6,0.3,,0.4,0.3,0.3,0.3,0.3,0.5,0.4,0.3,0.5,0.6,0.4,0.6,0.5,0.3,0.4,,,0.4,0.4,0.6,,0.6,0.4,0.4,0.4,0.4,0.5,,0.3,0.5,0.3,,,,,0.5,0.5,0.5,0.6,0.6,0.3,0.2,0.4,,0.3,0.5,0.5,0.4,0.6,0.6,0.4,0.7,1.3,0.7,0.8,,,,,0.3,0.3,0.5,0.5,0.5,0.5,0.4,,0.4,0.5,0.5,0.3,0.4,0.8,0.7,0.5,0.5,0.4,0.7,0.7,0.6,0.6,,0.5,0.4,0.3,0.3,0.3,0.3,0.6,0.5,0.5,,0.3,0.6,,0.7,0.6,,0.4,0.2,0.5,,0.4,,0.3,,0.6,0.6,0.4,0.8,0.7,0.7,0.5,0.5,0.4,0.6,0.5,0.5,0.6,0.5,,0.6,0.6,0.3,0.5,0.7,0.3,,0.3,0.3,0.3,0.4,0.4,0.3,,0.7,0.8,0.3,0.1,0.6,,0.2,0.2,0.2,,0.4,0.7,0.6,0.4,0.5,0.3,0.4,,0.3,0.3,,0.5,0.4,0.5,0.3,0.8,0.6,0.2,0.3,0.3,,0.8,0.1,0.3,0.2,0.4,0.2,0.5,0.5,0.3,,,0.6,0.9,0.7,0.8,,0.3,0.5,0.6,0.5,1.8,0.3,0.5,0.7,0.7,0.4,0.7,0.6,0.6,,0.5,0.6,0.4,0.6,0.4,0.4,0.5,,0.5,,0.3,0.9,0.7,0.5,0.8,0.8,0.4,0.4,0.5,0.5,0.6,0.4,0.4,0.4,,,0.5,0.4,0.3,0.6,,0.7,0.5,0.5,0.7,,0.4,0.4,,,0.2,0.4,0.3,0.5,0.4,0.5,0.3,0.2,0.3,0.5,0.6,0.7,0.4,0.4,0.7,,1,0.5,,0.4,0.6,0.3,0.4,0.2,0.5,0.4,0.5,0.5,0.6,0.5,0.5,0.4,0.7,0.4,0.7,0.3,0.4,0.5,0.4,0.6,0.3,0.5,0.8,0.4,0.5,0.5,0.4,0.6,0.4,0.4,0.3,0.7,0.6,0.5,0.5,0.6,0.6,0.7,0.6,0.6,0.4,0.8,0.5,0.7,0.5,0.7,0.7,,0.5,0.5,0.3,0.4,0.6,0.5,0.6,,0.6,0.5,0.3,0.4,0.3,0.3,0.4,0.5,0.5,0.9,0.3,0.6,0.5,0.5,0.6,0.3,0.6,0.5,0.8,,0.6,0.4,0.4,0.5,0.4,,0.3,0.4,0.4,0.3,0.4,0.2,0.4,0.3,0.4,0.6,0.4,0.5,0.7,0.6,0.3,0.2,,0.6,,0.5,0.6,0.6,0.6,0.4,0.6,0.6,0.7,0.8,0.6,0.7,0.6,0.4,0.5,0.5,0.6,0.6,0.5,0.4,0.6,0.6,0.6,0.8,0.7,0.2,0.4,0.5,0.9,0.3,0.7,0.4,0.5,0.7,0.5,0.8,0.8,0.4,0.5,0.6,0.5,,0.3,0.5,0.5,0.5,0.7,0.6,0.4,0.6,0.6,0.5,0.6,0.6,0.4,0.6,0.3,0.5,0.4,0.6,0.4,0.5,0.5,0.6,0.2,0.6,0.1,0.3,0.2,0.3,0.3,0.3,0.6,0.5,0.5,0.3,0.5,0.5,0.9,0.6,0.2,0.6,0.7,0.7,0.6,0.6,0.5,0.6,0.6,0.8,0.9,0.7,0.4,0.3,0.4,0.4,0.3,0.2,0.4,,0.4,0.6,0.5,0.6,0.3,0.4,0.5,0.4,0.5,0.2,0.6,0.3,0.4,0.4,0.2,0.5,0.4,0.3,0.4,0.3,0.4,0.6,0.3,0.4,,0.5,0.5,0.7,0.6,0.3,0.5,0.5,0.7,0.6,0.3,0.4,0.4,0.7,0.8,0.6,0.3,0.3,0.6,0.8,0.7,0.5,0.4,0.6,0.6,0.5,0.7,0.4,0.5,0.5,0.5,,0.2,0.4,0.6,0.7,1.8,0.6,0.5,0.3,0.5,0.5,0.4,0.6,0.4,0.4,0.7,0.6,0.4,0.6,0.5,0.5,0.5,,0.6,0.6,0.4,0.5,0.3,0.2,0.7,0.7,0.8,0.5,0.5,0.4,0.3,,0.4,0.7,0.7,0.7,0.6,0.4,0.4,0.3,0.4,,0.6,0.5,0.7,0.8,0.6,0.4,0.5,0.4,0.4,0.4,0.4,,0.4,,0.5,0.6,,1.2,0.5,0.2,0.4,0.5,0.5,0.5,0.3,,0.4,0.5,0.6,0.5,,,0.9,0.6,0.4,0.3,0.6,0.5,0.9,0.7,0.9,0.5,1,0.2,0.3,0.1,0.4,0.2,0.3,0.3,0.2,0.4,0.5,0.6,0.9,0.7,0.7,0.8,0.8,0.6,0.7,1,0.6,0.3,0.6,0.6,0.4,0.6,0.5,0.3,0.8,0.1,0.5,0.5,0.5,0.5,0.9,0.5,0.6,0.6,0.5,0.5,0.5,0.5,0.4,0.7,1,1.1,,0.7,0.3,0.5,0.6,0.6,0.4,0.5,0.5,,0.5,0.4,0.4,0.4,0.5,0.5,0.8,0.6,0.7,1,0.5,0.4,0.3,0.4,,0.6,0.6,0.2,0.3,0.8,0.7,0.4,0.8,0.6,0.5,0.6,0.4,0.6,0.5,0.5,0.6,0.5,0.8,0.7,0.3,0.4,0.6,0.8,0.7,0.5,0.6,0.6,0.5,0.5,0.4,0.2,0.3,0.8,0.1,0.4,0.2,0.4,0.3,0.4,0.4,0.5,0.4,0.7,0.5
20210719,21,AQI,45,36,51,43,43,45,38,45,39,35,45,45,,,27,,29,26,34,,31,,20,25,,23,32,,33,33,28,32,24,29,41,,47,41,,39,54,26,41,37,,30,,57,50,59,27,33,37,35,34,32,31,,41,,34,33,26,30,,54,44,51,,53,43,37,41,37,32,,42,46,52,48,30,,19,27,27,24,27,22,,35,40,,,35,37,55,33,32,31,24,,36,22,29,25,29,,38,20,28,22,20,23,25,24,23,22,21,55,48,62,29,36,16,29,53,53,38,33,35,35,,53,49,52,,40,29,46,46,28,28,21,27,24,,28,19,22,21,33,35,41,33,36,,34,35,40,17,,19,16,31,45,19,19,12,,12,25,16,17,,,,44,25,,42,44,36,,,,41,,24,29,20,19,31,17,,,28,,,,36,17,,26,35,43,22,17,,16,20,22,21,21,28,24,17,,,,,26,,32,28,,29,26,25,,32,24,43,24,20,21,14,,,23,13,18,22,15,24,9,,25,,,17,,17,21,,,19,23,16,18,14,,51,59,47,42,47,22,37,16,34,29,34,33,39,37,34,27,26,28,12,,23,26,27,20,23,19,22,29,30,24,,31,41,,,31,44,42,,,48,44,49,55,21,,,13,17,19,19,21,15,40,39,47,42,,,,48,38,48,58,52,52,62,57,45,,64,32,56,31,59,36,40,33,,50,51,32,15,14,,15,16,14,20,14,21,13,17,,11,14,12,14,10,,12,13,12,12,10,15,10,10,28,14,25,13,,16,41,27,9,17,9,10,,,14,13,,,16,16,15,16,15,15,11,11,23,16,16,17,53,65,56,64,133,48,60,59,25,22,28,24,20,46,,37,34,44,38,37,31,30,,,38,26,45,50,36,,37,39,37,35,,,40,72,18,22,31,39,34,34,29,34,20,,18,20,19,21,21,18,21,,20,23,27,40,,22,30,21,26,24,25,31,,,20,30,19,,60,43,40,,,,,46,50,,,,44,44,39,34,46,39,37,,56,64,40,39,46,43,29,41,30,31,32,23,,29,45,35,,52,35,,34,51,49,44,45,51,,39,26,,24,23,24,25,28,24,20,23,22,35,33,26,36,37,,,34,,20,23,22,20,42,,36,48,,,,30,30,45,,25,46,,,36,55,29,26,32,27,20,22,21,27,,,,22,,29,40,,38,39,40,46,17,19,24,29,20,20,,30,,,11,,13,11,34,25,20,,25,24,,20,19,27,20,20,21,22,,27,32,42,28,63,,10,11,20,20,26,16,,29,42,,,25,29,,20,18,17,22,18,,19,18,,,42,53,,42,,36,30,36,35,25,40,,35,39,,31,38,,,,38,43,31,,35,33,30,32,26,,15,61,23,36,27,20,19,43,38,29,37,15,43,20,30,26,21,19,34,39,58,35,35,36,23,21,23,71,26,16,40,39,36,,35,45,31,21,28,20,36,33,34,,35,42,31,44,,42,68,52,,44,28,36,27,29,,38,31,27,,30,,35,27,31,28,61,56,52,,,,60,,53,,33,35,35,,28,57,26,29,27,,29,,32,37,50,30,34,34,,33,32,38,36,32,37,,17,,,22,18,,38,,21,28,,25,32,38,25,38,58,50,47,58,51,44,20,19,22,30,28,,30,34,35,33,39,,43,,54,27,20,29,28,25,,,,,29,29,,25,26,33,31,18,32,,19,16,19,17,17,24,18,22,,23,,26,25,24,,25,25,,22,34,42,33,,33,50,36,43,23,25,25,24,,55,56,403,47,45,57,74,38,40,,35,28,45,,31,30,28,34,34,,35,,,22,22,17,18,21,,,,,,20,15,19,,,18,,18,,,17,,22,22,30,15,16,14,16,20,22,,,28,20,22,28,25,27,42,41,29,36,13,16,,56,45,,43,54,61,,,,43,,32,26,32,30,29,29,33,,,33,30,31,30,17,,29,28,30,29,31,29,22,,36,29,22,,,24,28,,34,25,,,24,,48,43,,,36,43,,,60,61,36,,,26,21,26,27,60,62,70,40,31,25,28,26,27,30,44,28,25,36,38,19,25,25,31,22,,57,40,20,,32,34,35,31,30,36,39,32,13,34,,28,,,39,23,37,42,22,16,63,69,29,22,20,25,50,36,43,52,21,,,32,23,28,27,29,31,,25,35,35,,39,36,41,,45,56,40,36,,48,28,26,30,44,24,28,29,19,19,26,,29,26,,26,58,58,,39,,29,,,,22,21,19,36,33,31,,21,,36,28,26,18,14,18,13,,25,28,30,41,26,24,23,25,43,44,42,34,22,,16,27,52,50,47,44,8,28,25,22,26,16,30,26,24,,34,43,43,42,32,20,38,30,27,42,34,28,23,35,37,,36,44,46,32,27,32,27,31,37,25,31,,46,63,65,,40,54,45,40,,45,45,30,,32,25,28,48,28,20,19,20,20,23,52,43,39,,45,38,32,36,42,,40,32,19,18,21,23,27,24,25,22,51,39,,26,26,30,,40,43,,37,28,20,20,,25,24,24,16,30,24,90,,22,39,,,,,24,22,,18,19,20,20,20,15,28,18,21,39,25,37,43,45,16,28,38,38,31,,52,32,31,50,18,16,22,31,24,24,32,26,63,20,46,65,52,53,78,83,36,24,64,53,42,44,25,16,,38,59,59,60,49,49,23,26,,25,,35,30,31,32,44,47,50,31,33,36,36,41,34,,,28,25,27,,37,21,18,21,22,30,,40,38,43,,,,,36,30,27,25,25,23,,33,,32,37,36,25,31,36,13,23,59,29,29,,,,,27,,22,22,27,23,22,,19,31,32,34,33,37,32,35,34,22,36,28,24,35,,13,26,21,13,18,9,35,32,16,,28,39,,33,,,18,17,17,,,,35,,19,15,30,31,26,37,37,38,37,38,31,28,27,23,,34,31,35,38,44,55,,126,145,30,29,432,420,,26,28,38,35,36,,43,48,32,,32,84,36,43,26,37,56,,42,42,,55,31,,,52,51,33,29,31,,41,35,35,31,28,37,40,41,40,,,35,33,38,32,,28,35,34,50,37,20,26,16,25,30,25,,21,,26,38,33,56,18,21,24,,36,,22,39,40,25,15,11,412,28,52,45,44,25,23,19,,,49,24,24,30,,41,44,,44,,,24,,,17,25,28,18,36,31,19,40,18,24,23,30,43,25,36,,25,28,,20,31,34,32,42,48,24,31,28,30,22,,15,28,38,52,20,39,42,33,36,30,36,31,20,22,22,22,40,32,32,30,27,32,37,41,23,24,24,,57,44,29,38,53,37,28,20,,36,30,22,23,36,20,21,,32,39,,,38,23,35,43,34,55,79,58,40,51,37,16,65,25,17,,20,43,38,42,39,,205,23,14,19,21,20,26,18,23,21,47,32,39,52,34,45,,42,,26,17,15,32,19,20,24,16,14,14,15,14,10,11,11,20,,20,11,39,15,16,15,28,45,34,,30,26,28,46,31,55,29,15,22,35,38,29,31,,26,28,25,17,,36,42,,20,25,23,26,30,29,35,26,28,36,65,39,43,35,24,41,39,27,,31,20,21,51,44,54,39,22,16,38,29,36,19,22,52,24,57,139,49,27,51,80,42,12,33,32,16,16,36,35,,24,32,31,43,46,38,50,48,25,24,44,18,45,41,16,17,22,16,17,44,43,45,37,45,,13,18,12,25,11,15,13,22,11,13,17,9,25,42,,55,36,34,26,46,39,30,,26,36,25,21,35,45,49,,42,46,32,26,15,33,23,18,28,35,25,35,29,35,33,23,35,40,52,20,,,49,37,38,39,17,18,,71,45,32,39,26,47,,37,46,40,25,12,22,35,26,17,,60,43,,64,26,22,21,23,22,30,17,,22,,35,22,,12,28,20,18,54,45,31,14,,17,47,36,30,,,45,43,27,32,44,32,52,53,51,63,48,27,29,46,52,62,52,51,66,68,23,40,53,43,22,54,,25,41,63,33,15,22,18,26,21,40,46,47,,46,23,25,27,36,28,46,10,11,29,10,18,17,15,49,43,,45,34,30,32,58,32,29,17,16,55,42,31,51,40,34,20,25,45,48,20,31,30,49,,31,,23,42,26,,53,24,55,41,51,35,33,31,19,46,39,40,28,28,42,21,35,52,47,45,45,34,,40,46,,33,30,38,33,35,14,44,49,25,20,35,29
20210719,21,PM2.5,21,25,19,21,15,21,18,18,16,16,22,16,,,15,,12,11,19,,17,,10,14,,16,12,,18,23,19,18,11,18,19,,30,16,,27,28,18,22,22,,19,,40,35,24,14,21,9,22,15,14,19,,24,5,23,23,18,16,,38,17,25,,15,30,13,19,14,15,,29,29,19,14,21,,9,18,13,11,13,11,,15,13,,,14,16,19,19,14,16,13,,14,15,20,14,16,,26,8,7,8,5,10,6,6,2,10,8,28,18,24,12,12,9,7,10,20,17,14,17,24,,17,9,19,,26,16,14,16,6,19,7,8,6,,6,10,12,7,12,14,12,9,22,,7,19,9,10,,8,2,4,31,5,7,2,4,5,13,,5,,,,24,12,,15,20,9,,,,14,,5,12,5,7,14,9,,7,7,,,,23,4,,13,18,30,5,6,,5,13,11,7,14,11,10,7,,10,,16,18,,14,9,,13,9,12,,12,12,21,9,7,10,6,,,16,3,9,6,5,4,6,,14,,,6,,3,4,,,8,9,10,6,6,,23,27,20,20,17,11,14,9,14,17,12,17,17,17,22,17,5,19,3,,6,8,4,5,8,9,4,5,9,10,,12,9,,,17,22,12,,,24,22,20,24,12,,,5,9,5,2,2,7,27,24,24,29,,20,,23,26,32,41,32,33,44,40,29,,46,13,24,16,24,10,22,17,22,17,11,16,6,7,,6,7,8,10,7,12,6,9,1,,3,1,1,,,2,,,5,2,3,3,4,4,7,8,2,,7,12,7,3,2,2,1,7,5,2,9,,,9,9,10,11,10,10,5,4,10,7,11,7,32,47,39,46,101,33,43,42,9,13,19,15,14,18,,21,22,25,16,19,21,15,,,16,14,19,22,14,,19,23,21,18,,,20,27,5,7,5,14,12,14,14,14,2,,9,11,6,6,10,4,12,11,5,8,10,6,,6,10,5,11,10,10,13,,12,9,8,11,,27,19,18,,,,,11,15,,,,14,14,10,12,13,12,16,,14,46,28,27,32,30,19,20,21,20,22,14,20,20,31,13,,14,10,24,14,7,22,17,17,12,,23,12,27,14,13,12,13,15,10,14,14,14,24,17,9,8,10,,,12,,10,11,11,14,17,,17,22,,,17,8,17,26,,14,18,29,,12,19,,14,15,17,10,2,12,2,,,,9,,13,17,,19,22,14,18,4,5,3,9,2,4,,7,,,4,,9,7,16,10,9,11,12,9,,7,12,15,14,13,6,2,,16,22,24,18,45,4,1,5,7,10,15,11,,9,14,12,,14,15,,12,6,9,15,9,,7,3,,,29,27,,13,,25,9,10,14,17,28,,24,27,,16,26,,43,,26,30,18,,23,23,12,20,16,,10,13,14,17,14,10,12,25,24,17,21,8,19,14,16,18,10,9,12,24,31,24,20,15,13,7,16,17,11,11,20,19,10,,24,18,5,6,18,7,22,7,15,,20,21,21,18,,17,36,24,,27,19,25,14,17,,17,13,9,,21,,24,15,14,16,30,30,30,,,,39,,36,,6,24,5,,18,40,17,6,6,,4,,22,22,27,17,21,11,,23,22,26,25,22,22,,9,,,13,6,,26,,11,19,19,16,22,12,17,22,41,35,30,35,30,29,6,12,13,14,19,,16,23,21,19,19,,24,17,21,11,5,20,19,7,,,,,8,8,,11,18,23,12,11,22,25,12,9,12,8,6,14,12,8,5,7,,7,7,9,,6,4,,6,17,13,19,19,15,18,15,19,7,12,7,5,,21,16,124,16,15,14,13,8,9,,13,3,15,8,12,16,16,15,15,,17,,,,,5,4,8,,,,,,6,8,1,,,3,,4,,,5,,6,4,7,6,6,7,6,4,7,,14,16,9,8,10,6,7,19,18,14,14,9,11,,29,18,,18,28,19,26,,,30,23,22,18,13,10,10,12,19,,,10,5,12,15,9,,5,18,17,9,7,12,11,,17,18,12,,,2,7,,10,15,4,,5,,25,9,,,13,30,,,27,18,23,,,16,11,2,2,21,23,15,17,17,14,16,14,10,20,13,17,17,25,26,11,15,14,17,13,,28,14,11,,12,,12,12,8,17,27,22,8,13,11,13,,,12,16,16,29,13,11,19,35,20,10,12,17,17,12,15,20,14,,,22,13,9,10,15,18,,17,20,18,,22,24,24,,22,30,14,25,,14,18,16,1,26,16,11,1,2,11,18,,16,12,8,2,34,32,,27,,20,,,,5,5,10,,15,15,,8,,23,13,12,7,5,12,3,4,17,19,20,24,12,13,11,8,22,23,21,17,6,,5,16,23,22,24,20,4,19,9,7,18,7,17,18,10,,21,19,19,22,22,13,20,18,17,23,13,13,9,20,20,,20,12,19,22,16,19,14,14,16,9,13,,24,45,47,,24,27,31,24,,22,23,8,,5,14,19,33,18,14,11,11,11,16,29,15,27,,31,26,20,21,20,,26,20,11,10,8,7,5,9,3,3,27,27,,16,16,17,,22,30,,22,8,10,8,,14,14,8,2,7,14,44,,12,27,,,,,13,14,,3,6,6,7,9,4,19,12,14,27,14,23,30,28,3,12,26,14,18,,36,17,14,35,11,6,10,11,8,13,10,15,45,6,31,47,25,37,57,61,22,15,46,37,21,25,17,9,28,26,30,39,43,17,34,13,16,,5,14,24,17,19,8,29,23,25,21,23,16,19,14,21,,,15,9,15,,14,4,8,8,7,19,,20,26,19,,,,,25,14,6,8,5,5,,23,,2,8,9,8,17,12,9,4,37,8,20,,,,,10,,10,14,13,12,15,,5,16,9,15,17,8,19,4,16,15,25,16,6,15,,9,18,4,4,8,4,15,4,11,,18,17,,10,,,3,9,5,,58,,5,,6,7,15,13,14,13,5,7,5,6,6,9,9,6,,14,5,6,19,10,26,,63,84,5,9,105,123,,8,8,17,7,6,,4,14,10,,14,14,19,22,3,6,13,,8,14,,12,9,,,18,17,8,11,12,,13,8,9,16,14,11,11,4,25,,,9,2,2,13,,11,10,10,14,20,10,12,8,15,18,13,13,5,,4,15,7,23,8,9,8,,25,,9,18,20,17,1,5,151,19,36,26,18,5,9,9,,,22,5,11,14,,17,13,15,24,,,9,,,2,13,9,5,19,14,6,5,5,12,16,19,6,16,25,,13,19,,11,14,15,21,7,33,15,14,16,6,4,,8,13,19,13,7,21,16,23,12,5,19,11,10,9,11,9,28,22,22,19,12,8,16,24,8,10,9,31,31,19,18,17,31,1,7,13,,15,12,6,8,12,12,11,,14,23,19,,23,14,4,21,11,17,35,35,28,26,19,5,34,8,9,,7,17,14,17,5,,95,8,3,7,4,5,8,6,5,10,27,22,20,4,9,17,,29,,6,7,3,8,8,11,13,8,7,5,8,6,3,3,3,14,,10,,27,2,10,8,8,10,22,20,14,18,18,32,19,28,10,5,9,17,26,6,6,,12,17,5,11,5,5,29,21,4,17,9,17,7,4,18,18,14,19,31,27,30,22,6,16,27,9,5,16,6,7,13,16,27,27,15,10,14,12,11,7,15,20,14,40,106,21,7,34,59,22,5,17,15,10,7,19,24,,6,14,18,23,26,14,20,21,5,8,28,4,17,18,5,2,8,6,,9,5,3,6,15,,6,7,7,13,2,6,4,7,3,1,8,,12,20,20,36,25,16,12,14,23,14,,15,16,13,10,24,20,34,,29,32,22,18,10,17,7,12,19,7,8,18,20,22,23,12,24,20,17,5,7,,22,17,18,15,10,5,18,38,18,13,18,13,12,,10,9,22,8,2,8,14,12,9,,43,30,,46,15,6,9,11,15,12,11,,3,,24,12,,3,17,14,9,37,28,13,5,,5,20,17,10,,,31,14,6,16,15,17,32,27,31,42,20,18,20,32,19,41,26,25,36,34,15,28,29,30,14,38,8,5,28,45,20,5,7,7,6,7,12,17,15,15,14,10,9,17,17,9,19,5,2,20,2,8,8,10,19,21,,17,19,21,22,23,12,11,5,9,39,29,9,27,9,14,7,9,24,21,7,11,13,16,,16,5,9,14,16,22,32,11,21,16,19,15,19,21,11,14,20,18,17,15,29,3,18,36,29,18,20,23,,16,22,20,22,18,14,9,13,4,17,29,10,6,21,20
20210719,21,PM2.5_24h,15,16,15,15,13,16,15,16,15,16,16,15,,,28,,22,16,29,,24,,21,19,,25,17,,18,21,12,18,16,23,20,,28,30,,38,28,14,23,18,,20,,20,23,17,22,20,16,24,17,15,11,,14,8,16,28,24,21,,36,25,15,,14,26,19,24,14,13,,16,16,11,6,17,,11,14,18,14,16,14,,12,11,,,9,10,13,12,14,15,15,,15,14,17,15,16,,18,13,12,13,11,10,12,12,12,15,10,18,14,21,14,13,11,8,13,14,15,11,13,17,,14,14,15,,19,12,14,11,10,17,9,11,8,,11,10,10,12,15,15,17,10,22,23,12,17,16,16,,10,9,9,25,11,12,11,13,11,17,13,7,,,,22,17,,21,18,16,,,,21,,7,12,10,9,13,11,,10,10,,,,17,13,,21,22,25,16,15,,16,13,13,16,17,15,11,10,,11,,15,14,,15,15,,17,17,16,,17,19,16,14,13,12,9,,,9,5,8,17,14,12,15,,12,,,14,,11,12,,10,11,12,8,7,7,,19,14,18,17,16,15,12,14,20,14,20,17,18,21,20,20,15,19,5,,10,9,7,6,12,11,10,14,16,16,,16,6,,,14,20,14,19,,23,19,17,20,9,,,6,5,5,3,7,10,21,18,20,20,25,17,,17,19,14,18,15,15,25,21,17,,14,11,23,22,20,25,15,17,20,17,18,16,12,13,,11,12,11,14,12,12,13,12,1,,2,1,2,3,,1,1,2,6,2,3,2,9,8,10,12,5,,10,15,9,5,5,5,1,7,6,2,8,,,11,10,11,9,9,9,5,4,16,17,16,15,23,28,22,24,26,21,25,22,10,8,10,7,7,14,,15,18,15,13,13,11,13,,,15,10,17,16,11,,24,23,19,16,,,21,19,9,12,14,23,13,17,22,18,10,,9,9,5,6,9,10,5,6,4,5,8,4,22,19,17,17,21,21,17,16,,21,17,19,23,,22,16,20,16,,,,10,10,,,,14,13,12,20,39,22,17,,16,27,24,27,19,20,17,16,23,15,17,21,12,17,17,19,,19,18,19,18,10,19,14,19,17,,14,12,16,15,12,14,14,15,14,13,18,16,23,22,9,8,10,6,,15,,16,12,12,14,19,,17,19,,,19,17,18,21,,16,16,17,,13,18,10,17,18,12,15,9,16,10,,,,16,,15,13,,16,19,15,17,6,5,4,17,13,19,,16,,,15,,14,19,16,10,9,12,13,9,,14,12,16,12,15,10,16,15,15,12,18,14,19,6,5,8,11,12,14,9,,12,14,13,,15,16,,16,15,14,16,14,,15,7,,,27,26,,10,,11,11,10,14,7,15,,14,13,,21,21,,30,,17,23,22,,16,15,10,14,9,,9,10,10,14,16,9,9,22,18,12,17,9,17,11,14,24,9,8,8,28,24,21,26,24,15,11,12,14,15,14,15,15,12,,17,9,5,7,13,7,20,14,16,18,17,20,21,17,,23,19,22,,21,18,19,12,13,,13,14,14,,8,,12,8,8,13,23,22,19,,,,26,,31,,12,16,17,,21,26,20,9,9,,8,,9,9,11,17,12,9,,20,21,15,22,19,20,,14,,,14,8,6,10,,18,30,26,23,18,6,8,16,24,30,31,27,32,25,9,9,11,10,13,13,12,15,16,14,11,,26,12,23,20,15,17,17,11,,,,,9,7,,10,16,17,11,11,15,20,17,14,19,15,14,8,10,22,19,16,,13,14,18,,11,9,,12,17,17,19,18,16,17,14,20,18,17,14,14,,19,19,102,28,16,19,18,7,5,,10,9,11,9,8,15,19,10,10,,6,,,4,4,6,9,11,,,,,,10,10,13,,,6,,8,,,12,,11,11,8,12,13,14,14,15,11,,21,17,17,16,18,15,15,17,17,19,20,10,10,,22,17,,14,15,12,14,,,20,10,12,8,16,15,16,16,20,,,15,2,5,9,8,,1,12,14,11,7,13,18,,19,15,16,,,14,13,,14,12,11,,9,,24,16,,,10,17,,,20,19,24,,,12,14,4,3,16,18,14,18,16,19,19,14,8,11,11,14,13,15,14,13,18,19,20,20,,21,15,12,,7,9,12,13,15,15,19,16,9,15,7,18,,,16,14,12,20,9,19,10,22,14,16,12,22,16,12,17,15,18,,,7,34,31,37,14,15,,20,19,12,,19,19,20,,19,23,21,18,13,19,16,18,14,19,15,21,12,12,12,17,,12,9,10,7,24,20,,21,,20,,,,4,9,8,9,11,12,,9,,19,18,16,8,8,12,12,6,19,18,26,12,12,12,11,10,18,16,14,13,10,,8,13,16,14,18,17,4,19,14,10,16,14,14,18,14,,9,24,20,24,18,13,16,16,16,14,17,16,16,16,19,,19,9,18,17,16,16,16,14,20,21,19,,20,23,22,,22,21,24,20,,18,20,19,,17,19,19,21,21,13,13,15,12,12,22,18,23,,24,24,21,18,16,,17,16,8,14,17,6,11,15,18,15,22,24,,15,15,17,,11,17,,19,7,11,9,,10,9,8,2,7,16,17,,13,20,,24,,27,28,28,,6,7,7,6,9,11,12,16,14,15,18,16,22,25,12,17,23,16,27,21,17,12,20,14,8,8,9,19,16,22,20,10,18,14,14,20,16,46,52,49,51,21,30,23,23,35,14,16,27,19,19,43,43,15,10,10,10,,8,6,16,10,13,8,15,15,15,12,12,10,11,9,8,,,16,16,18,,20,10,7,6,7,20,,12,16,11,,,,,16,7,6,6,8,9,11,18,,7,26,7,8,8,12,9,12,20,11,16,,,,,9,10,12,9,8,8,17,,14,7,9,16,16,8,6,5,14,9,15,12,13,11,,12,15,7,6,7,5,11,6,12,,10,6,,9,6,,3,5,4,,14,,11,,5,5,13,18,16,17,9,9,9,10,9,11,10,9,,15,8,5,9,9,22,,81,114,12,8,67,75,,12,11,10,11,5,,15,16,9,,13,13,13,14,6,10,14,,10,15,,16,11,,11,20,18,8,9,4,,14,8,10,11,11,6,11,10,21,,,13,16,14,11,,6,13,12,16,20,10,4,13,28,20,19,13,14,,8,15,18,22,9,14,14,,20,,11,20,26,19,8,9,111,9,23,18,14,9,15,7,,,22,13,13,18,,15,15,18,16,,9,24,,,2,18,13,9,23,19,6,4,7,14,14,14,12,11,25,,23,17,,15,15,12,15,4,30,17,18,16,8,9,14,8,21,17,14,10,25,11,17,15,5,22,12,14,23,15,14,9,22,14,15,11,17,13,9,14,14,15,20,29,13,14,17,19,14,16,10,,19,12,10,5,7,9,8,,17,13,12,18,19,16,6,18,19,14,24,29,20,19,13,9,28,15,11,,11,17,17,20,6,,93,9,7,10,9,11,11,12,8,12,15,14,14,14,11,8,,23,,12,9,6,19,13,11,15,13,11,10,9,7,4,4,4,9,13,15,,14,6,12,10,15,7,24,28,21,22,19,25,19,20,10,11,10,14,15,16,15,,8,12,6,9,7,7,8,13,17,14,12,19,11,4,11,16,14,16,15,17,17,14,6,14,26,13,10,15,10,9,21,21,22,12,9,12,18,14,5,17,19,14,18,18,29,25,28,19,48,28,11,14,13,12,13,17,19,,11,22,20,17,20,16,19,20,12,17,23,13,16,16,11,17,11,19,3,10,12,14,12,20,,12,10,8,9,5,11,5,12,10,4,10,2,12,12,29,23,19,24,27,25,13,15,19,15,21,22,17,16,25,20,,27,14,23,29,22,18,7,12,6,6,19,16,17,15,17,9,15,19,15,12,14,,23,17,14,16,11,5,29,19,18,14,18,16,11,,12,13,23,17,6,12,12,12,18,,23,29,17,37,26,9,13,10,8,11,12,,8,,13,11,,7,12,9,8,22,22,14,14,,10,13,13,11,,,18,14,12,15,15,21,39,34,36,26,18,17,26,27,19,32,25,20,26,23,17,16,28,14,18,30,18,10,30,24,23,7,18,15,25,18,12,9,16,165,149,8,12,16,18,7,20,15,2,20,6,10,11,10,14,17,,19,15,13,17,10,13,12,4,8,25,17,15,25,10,17,15,14,12,20,14,20,14,12,,11,20,7,9,17,21,23,12,16,15,18,15,15,15,13,18,21,19,13,21,20,6,38,41,14,17,15,20,12,12,15,14,21,18,18,8,13,7,22,24,8,4,15,24
20210719,21,PM10,45,35,52,43,43,45,38,45,39,35,45,45,,,27,,29,26,34,,31,,17,23,,18,32,,33,26,24,32,24,29,37,,47,41,,25,57,26,41,37,,28,,58,48,67,23,33,31,35,34,32,27,,41,29,34,31,24,30,,27,44,52,,55,40,37,41,37,32,,36,46,53,48,27,,16,27,27,24,27,22,,31,19,,,23,29,60,24,32,31,24,,36,22,28,25,29,,36,17,28,16,13,23,18,11,11,16,21,60,48,73,29,36,16,29,56,55,38,33,35,30,,55,49,54,51,40,29,46,46,28,28,21,27,24,,28,19,22,21,33,19,31,29,31,34,34,34,36,17,,19,16,31,37,19,19,12,14,12,25,16,9,,,,44,25,,42,44,36,,,,41,,24,29,20,19,31,17,,29,28,,,,36,16,,26,35,34,22,17,,10,19,22,14,20,28,24,14,,11,,33,21,,32,28,,29,26,25,,32,24,43,24,20,21,14,,,9,13,18,22,15,24,7,,25,,,17,,17,21,,,19,23,16,18,14,,52,68,47,42,47,20,37,16,34,29,34,33,39,31,34,27,24,22,12,,23,26,27,20,23,19,22,29,30,24,,31,41,,,31,44,42,49,,48,44,49,59,14,,,7,5,12,7,9,9,40,39,47,39,,52,,48,34,48,60,53,54,50,51,45,,66,32,61,27,68,19,40,30,51,50,51,32,12,14,,15,16,14,20,14,21,12,17,8,7,14,12,7,6,,7,3,7,12,4,8,7,6,28,14,25,4,,16,41,27,7,17,8,7,22,,14,13,,,16,16,14,8,14,10,4,9,16,16,14,17,55,59,61,64,108,46,69,62,4,12,26,24,19,32,,37,19,28,38,34,31,30,,,38,26,45,50,36,,29,39,36,35,,,29,38,14,22,31,39,34,34,29,34,19,,14,13,14,21,20,17,16,15,11,18,27,40,,19,30,6,26,21,25,31,,,20,30,19,,69,36,25,,,,,32,14,,,,21,27,27,31,46,32,35,,62,44,32,38,43,34,19,41,28,31,31,17,,29,22,31,,53,23,29,29,51,44,22,34,51,,39,22,30,21,23,24,24,14,24,11,13,21,27,33,26,36,37,,,34,,14,17,12,17,42,,31,48,,,,30,30,45,,18,46,39,,36,59,29,22,24,27,19,22,19,27,,,,17,,29,40,,38,39,16,46,9,9,9,29,10,20,,17,,,10,,7,10,34,25,20,,25,24,,7,19,27,13,8,9,12,24,27,29,42,28,31,,2,11,16,17,26,,,29,42,,,25,29,,20,18,17,12,18,,12,18,,,39,55,,42,,28,22,36,35,23,36,,27,31,,31,16,,39,,34,24,31,,35,26,30,32,26,,14,72,23,36,27,20,19,43,38,29,37,14,43,17,30,4,21,19,34,39,66,30,35,36,23,21,21,91,26,12,40,39,36,,29,45,31,21,28,20,36,33,34,37,21,42,31,44,,42,86,53,,37,22,32,27,29,,38,31,8,,12,,19,13,13,24,71,62,54,,,,69,,56,,33,28,4,,28,19,26,7,12,,6,,31,37,50,29,34,34,,33,30,33,31,25,37,,17,,,22,18,,11,,20,25,25,18,22,38,17,38,56,48,47,65,52,44,12,15,16,30,28,,29,34,35,33,39,,43,48,58,19,20,19,23,25,,,,,14,25,,25,26,19,31,18,28,24,19,16,19,16,17,24,17,22,,22,,10,11,14,,16,11,,16,28,42,32,49,31,50,28,43,17,19,14,24,,59,61,503,42,35,63,97,12,24,,17,13,45,32,31,27,16,34,34,,35,,,9,9,12,12,21,,,,,,14,14,17,,,18,,12,,,17,,22,22,30,14,16,14,16,20,22,,21,28,20,22,28,14,13,32,31,23,25,11,15,,62,45,,43,57,72,,,,29,40,19,26,32,10,8,12,9,,,33,30,31,30,17,,29,24,17,22,15,20,22,,36,29,6,,,24,16,,34,25,27,,18,,42,33,,,36,39,,,70,72,36,,,26,21,7,6,27,46,22,40,31,25,28,26,27,30,44,28,15,22,22,19,25,16,31,22,,63,26,18,,32,34,35,31,24,17,38,29,13,34,29,28,,,39,19,37,42,22,16,75,88,21,22,20,18,50,36,43,54,21,,,20,11,16,20,29,31,,13,29,30,,39,36,41,,45,61,13,32,,48,26,24,30,44,24,17,29,19,15,24,,29,26,12,26,66,66,,27,,14,,,,22,21,18,36,33,31,,21,,36,28,26,18,13,15,8,,24,28,30,41,14,24,23,11,41,41,42,34,22,,16,27,54,50,47,44,4,26,25,22,24,11,30,18,24,,34,43,43,42,27,20,38,30,27,42,34,28,23,35,37,,36,44,46,32,27,32,27,31,18,24,28,,46,63,73,,40,57,45,40,,45,45,6,,11,10,12,9,10,14,16,19,9,15,54,43,36,,42,28,32,36,42,,40,31,10,18,21,23,13,10,9,10,51,36,,26,26,30,,40,31,,37,24,19,18,,5,17,16,16,30,24,130,19,22,27,31,,,,19,21,,11,10,9,10,20,13,15,12,21,32,25,37,28,45,16,28,34,38,31,,46,32,31,47,18,13,22,31,24,24,32,26,20,2,46,48,53,27,58,63,36,24,46,43,42,44,23,16,48,36,67,67,49,49,49,23,26,,18,11,31,21,31,22,44,47,50,31,31,31,29,21,34,,,17,19,27,,37,14,18,21,17,30,,40,27,32,,,,,36,30,10,14,14,17,,28,,12,12,20,23,31,36,4,23,67,25,18,,,,,27,,13,20,27,22,20,,14,16,31,18,26,10,25,28,34,15,31,16,13,35,,12,12,21,11,18,8,35,14,16,,24,39,,22,13,,12,17,16,,,,5,,14,11,21,31,22,37,10,19,20,19,17,27,27,17,,33,31,16,31,44,60,,201,239,13,17,532,520,,12,27,38,23,14,,23,31,26,,15,24,32,22,10,23,62,,25,42,,59,19,28,,54,52,17,29,20,,18,18,22,21,28,22,14,34,29,,,25,13,26,32,,10,26,27,47,37,20,26,16,21,30,25,34,21,,18,38,33,62,18,21,24,,5,,22,39,39,22,5,10,512,22,43,45,44,19,23,13,,,49,24,24,30,,33,27,38,44,,30,24,,,17,25,28,14,36,31,12,40,17,24,23,26,15,24,25,,23,27,,20,31,34,20,22,35,24,19,28,6,12,,12,28,38,21,17,39,42,26,36,15,33,31,18,12,10,9,12,25,29,24,27,8,22,38,23,24,24,56,63,44,28,38,55,37,23,20,,36,30,14,23,21,20,21,,32,39,33,,38,19,4,43,34,59,108,66,24,52,37,16,79,25,17,,13,43,26,34,39,,353,23,14,19,21,20,26,18,23,21,47,28,33,53,34,45,,31,,26,17,15,32,19,20,24,16,14,14,10,14,8,8,6,14,,20,7,36,9,16,15,28,45,34,32,30,25,28,41,31,59,27,11,22,35,29,3,6,,5,25,25,17,31,36,23,28,20,25,23,20,24,29,35,23,28,36,80,34,40,25,24,41,24,14,,31,12,12,51,44,58,32,18,12,38,29,8,7,7,54,24,54,146,49,5,52,75,42,12,33,32,12,14,36,32,,24,32,31,43,46,26,36,48,25,23,44,18,45,31,16,17,13,16,9,34,27,45,26,36,,12,18,12,25,4,12,8,22,11,6,17,5,25,42,31,59,31,31,26,46,39,30,,23,36,18,21,35,45,48,,37,27,30,22,11,25,23,17,23,35,25,33,23,34,28,23,29,37,54,19,17,,49,37,34,31,14,7,66,91,45,32,39,26,23,,15,26,40,25,7,22,35,26,17,,47,34,,54,26,11,12,18,19,30,17,,22,,32,17,,11,28,18,18,58,45,31,14,,17,47,36,14,,,45,43,27,32,44,32,54,56,51,76,48,25,29,8,53,74,54,51,81,85,12,32,56,40,19,40,,11,41,40,33,9,21,14,26,19,38,12,39,127,46,23,17,27,36,28,45,9,11,23,9,18,17,14,49,38,,45,34,17,14,65,29,20,10,14,28,35,20,51,32,27,18,14,45,48,14,31,30,49,,31,2,13,28,14,18,55,22,60,41,52,35,33,10,19,46,39,33,28,27,38,10,35,40,47,45,45,14,50,22,32,32,33,30,38,33,35,14,44,49,22,10,35,19
20210719,21,PM10_24h,22,28,26,24,24,26,25,26,28,25,25,28,,,46,,39,39,48,,40,,29,29,,30,33,,24,29,22,19,27,25,20,,51,49,,44,50,22,34,31,,38,,33,29,40,32,36,39,39,29,33,22,,30,27,28,40,35,36,,36,41,38,,48,39,37,40,25,18,,15,24,17,25,28,,19,24,28,28,29,24,,24,18,,,22,26,33,23,25,34,32,,38,25,31,28,27,,32,21,24,16,17,17,21,16,19,21,14,38,37,56,32,30,20,17,43,29,37,22,30,27,,36,31,40,35,34,25,41,33,22,23,20,26,22,,31,20,19,20,33,26,34,29,37,35,31,35,33,19,,18,17,26,39,19,19,19,18,21,25,22,17,,,,37,31,,37,38,32,,,,48,,23,29,25,20,24,24,,24,31,,,,28,28,,33,37,39,30,26,,25,25,24,21,22,25,24,18,,17,,32,26,,34,27,,38,30,32,,41,39,31,30,20,18,18,,,10,21,14,35,29,29,33,,21,,,28,,24,25,,26,21,20,14,14,16,,34,35,31,39,36,25,30,23,34,32,36,39,38,42,37,35,37,31,13,,22,18,21,18,25,27,25,31,38,30,,43,32,,,30,35,37,42,,42,38,37,38,11,,,8,9,10,12,9,18,31,27,32,28,35,38,,34,27,21,27,29,22,26,27,24,,32,18,36,30,37,37,30,34,30,30,35,26,28,26,,26,32,24,29,27,25,25,24,6,9,10,10,10,12,,7,6,10,15,5,7,5,7,27,21,28,22,,26,32,24,12,17,11,9,20,16,18,17,,,23,20,22,19,19,15,8,11,27,32,27,25,49,52,44,40,45,41,56,42,19,16,24,19,17,17,,25,23,17,30,25,18,22,,,24,20,30,34,24,,38,39,31,32,,,37,29,22,27,39,37,38,42,35,29,34,,19,9,11,14,13,13,10,12,11,11,16,16,34,31,36,36,33,29,30,25,,51,30,38,36,,37,32,43,44,,,,22,14,,,,28,34,58,67,56,54,54,,72,39,29,40,36,33,16,24,21,26,25,27,13,25,24,39,,48,35,39,36,48,45,27,39,47,,24,23,22,23,23,23,26,23,22,15,29,31,29,33,21,24,28,22,,24,,29,15,17,22,37,,37,35,,,36,32,27,42,,23,31,31,,33,42,29,27,26,21,21,19,20,30,,,,24,,25,34,,35,30,18,37,8,10,8,28,20,25,,22,,,24,,20,27,28,20,19,40,21,17,,26,24,26,22,34,25,28,29,25,35,26,25,28,11,14,13,27,28,27,16,,24,27,25,,31,30,,28,26,31,26,25,,36,13,,,49,45,,26,,19,23,32,29,15,21,,19,19,,24,20,,27,,34,24,24,,28,19,21,26,19,,18,31,19,32,31,16,17,44,33,23,32,17,36,23,28,38,38,18,29,39,55,32,39,39,24,24,20,47,27,15,34,23,29,,29,25,22,26,39,17,34,29,28,32,23,35,36,33,,40,38,43,,32,27,26,24,24,,28,28,11,,8,,23,11,10,22,37,34,35,,,,43,,42,,22,21,13,,33,24,33,17,22,,20,,22,19,22,28,28,28,,27,31,25,26,23,26,,21,,,19,13,16,10,,27,40,43,36,24,24,15,32,37,43,48,51,48,38,18,17,19,22,22,18,22,27,28,27,23,,36,27,33,33,18,17,18,18,,,,,22,22,,22,25,25,32,24,19,20,30,33,33,35,30,14,10,33,32,31,,19,23,32,,21,22,,26,31,31,32,31,31,33,31,28,33,25,24,34,,91,82,500,45,36,38,56,15,24,,20,43,33,22,22,25,27,33,33,,18,,,10,10,17,17,20,,,,,,18,18,20,,,10,,18,,,20,,26,24,21,23,24,23,27,28,22,,31,30,30,29,31,24,23,27,27,30,30,14,16,,55,37,,33,32,25,19,,,21,21,14,16,24,28,28,30,27,,,35,18,15,18,15,,18,21,25,25,28,27,20,,25,22,19,,,28,27,,28,24,29,,37,,49,45,,,34,24,,,54,44,36,,,24,27,15,12,26,33,18,31,33,28,35,30,19,23,22,30,33,29,33,28,37,30,43,37,,46,33,18,,19,29,34,30,27,24,28,26,22,28,22,34,,,50,24,29,38,23,28,31,32,14,16,26,27,39,24,41,36,37,,,11,40,38,45,26,27,,17,23,22,,30,35,33,,36,54,27,32,30,33,20,27,24,40,28,41,21,27,25,24,,21,25,12,18,46,40,,36,,33,,,,17,19,19,21,20,26,,24,,31,32,30,20,20,20,29,15,31,27,45,23,14,19,21,20,31,30,36,31,24,,23,29,30,30,35,36,5,31,22,21,24,21,35,27,28,,23,40,36,40,23,26,26,24,28,35,32,27,27,25,34,,34,37,34,30,34,33,32,30,37,43,39,,30,34,34,,32,46,37,34,,34,31,25,,28,29,29,29,31,17,18,20,17,19,37,34,37,,31,21,27,31,35,,34,29,16,26,17,24,18,14,18,18,40,31,,20,23,25,,21,20,,32,18,23,21,,5,11,17,19,22,33,40,31,28,31,32,40,38,42,44,41,,13,14,14,18,20,20,22,25,26,34,39,40,32,43,25,31,42,52,44,27,22,21,40,28,18,13,14,33,35,44,39,25,39,25,30,35,38,64,74,68,71,34,28,34,49,52,27,25,47,33,49,74,70,25,23,20,18,,28,19,18,17,26,21,25,28,25,21,22,21,20,13,17,,,21,24,28,,35,20,18,16,21,34,,25,18,24,,,,,27,17,15,16,15,19,22,18,,20,22,18,19,21,33,13,12,33,21,27,,,,,20,20,19,16,16,15,25,,24,15,15,20,24,12,21,15,18,13,17,17,14,17,,14,12,10,8,14,12,19,11,16,,12,18,,8,13,,10,9,8,,36,,12,,13,9,24,38,34,37,16,19,23,19,20,25,22,20,,33,32,9,24,26,49,,290,324,16,26,402,427,,17,22,28,34,16,,35,32,24,,15,17,20,18,15,18,35,,23,41,,42,24,19,32,47,48,30,41,9,,39,29,33,23,26,22,29,39,35,,,45,39,47,31,,15,45,36,75,37,28,14,27,36,32,32,20,20,,36,32,35,49,16,23,31,,21,,20,38,46,27,21,20,485,34,36,33,38,24,32,14,,,31,34,22,39,,36,26,39,33,,30,49,,,18,29,30,14,29,33,13,17,16,31,19,21,23,16,19,,48,30,,30,31,34,21,18,33,23,32,12,18,23,28,20,39,34,33,22,42,28,16,27,16,35,33,26,23,21,17,12,45,28,22,19,25,24,14,20,21,21,35,43,24,27,34,23,37,32,26,,37,26,24,19,14,17,15,,32,46,31,25,22,21,15,30,42,36,93,42,31,40,29,23,51,34,22,,19,44,55,62,22,,406,23,13,19,18,20,23,19,22,16,24,20,32,59,33,25,,37,,28,12,17,32,24,21,30,32,27,27,22,14,9,12,10,9,28,29,9,26,11,20,21,36,29,45,45,34,34,31,45,27,40,19,21,27,20,20,26,26,,7,23,14,13,21,13,16,22,31,22,19,19,16,19,17,17,29,34,31,23,33,21,18,35,32,27,22,24,27,16,41,40,45,20,12,13,29,23,7,12,18,41,26,26,45,40,45,32,73,51,20,23,27,17,22,30,41,,24,34,28,39,36,29,32,31,17,29,36,25,31,25,22,22,16,27,12,38,62,41,43,71,,23,17,14,18,11,9,15,29,20,11,23,6,26,25,42,40,22,48,49,53,35,37,31,24,35,33,32,27,39,33,,34,18,33,37,32,27,20,11,18,26,38,31,23,24,27,17,23,42,31,27,24,,38,32,25,32,12,11,51,44,35,31,34,26,26,,19,28,44,24,13,27,26,22,32,,30,38,31,56,38,14,23,21,17,25,22,,23,,22,16,,17,29,13,15,33,35,30,30,,21,29,29,11,,,22,43,29,31,35,45,65,57,54,24,35,22,43,39,70,72,50,46,55,54,32,24,61,18,26,29,30,18,38,28,29,14,31,28,35,28,30,17,54,799,856,16,22,27,30,18,68,26,11,20,12,22,25,31,29,38,,34,35,11,12,33,30,25,11,11,35,33,26,44,31,42,32,29,22,45,25,39,29,31,,25,20,14,30,21,26,33,29,34,31,31,27,25,16,15,42,36,34,46,40,31,17,65,45,22,33,25,24,25,26,28,29,39,32,43,29,41,13,41,42,14,8,27,34
20210719,21,SO2,1,3,1,3,3,2,3,3,1,1,3,3,,,7,,5,4,11,,4,,6,8,,5,4,,4,4,4,5,5,3,5,,1,5,,4,1,7,5,5,,5,,5,5,3,5,6,4,5,5,5,4,,6,,7,8,9,8,,7,9,7,,7,2,4,3,10,4,,5,6,4,4,3,,4,3,1,3,2,3,,8,6,,,3,6,9,7,9,7,13,,6,7,2,4,3,,5,10,5,5,6,10,6,8,9,6,7,3,3,4,4,3,3,4,3,4,3,10,8,9,,10,16,19,22,22,15,9,12,1,3,6,3,7,,3,5,6,5,4,7,3,7,8,8,2,4,4,7,,1,4,2,1,1,3,5,6,10,7,6,6,,,,8,8,,9,8,6,,,,8,,4,5,2,5,2,3,,5,6,,,,4,5,,7,17,8,4,3,,4,2,2,3,9,3,7,5,,3,,2,4,,4,7,,5,5,4,,5,2,6,5,6,7,8,,,8,6,8,5,3,5,3,,6,,,5,,7,4,,,2,3,5,3,4,,3,4,4,4,4,5,5,6,5,6,6,4,8,7,4,5,4,5,2,,4,5,5,3,2,4,6,3,6,4,,8,2,,,3,9,10,10,,10,9,10,8,5,,,5,4,5,5,4,4,3,3,3,2,,3,,3,3,4,3,6,4,6,5,5,,5,5,7,4,5,4,7,6,4,4,5,5,5,3,,5,6,5,5,6,5,4,5,4,4,5,5,9,2,,6,4,5,6,4,5,5,5,7,7,6,6,,4,6,3,4,2,2,1,6,5,3,6,,,7,8,7,4,5,6,5,8,6,8,6,8,7,7,7,6,6,5,6,4,1,3,5,4,5,5,,4,6,6,5,7,7,4,,,10,5,3,2,5,,3,1,7,4,,,5,8,5,2,5,7,6,5,4,5,3,,10,6,5,6,8,9,6,7,10,6,6,8,6,4,3,4,4,5,2,4,,4,5,5,5,,4,3,5,,,,,8,4,,,,7,7,11,10,6,10,10,,24,10,7,8,13,7,7,10,7,6,5,4,3,4,4,11,,4,6,8,3,8,10,6,9,11,,3,2,4,14,4,2,4,4,2,2,3,6,3,5,4,4,3,,,10,,7,4,4,6,4,,2,7,,,6,4,3,9,,5,4,4,,30,6,5,8,2,7,7,5,5,8,,,,1,,5,8,,9,7,6,6,4,5,1,3,3,3,,5,,,6,,9,7,22,7,8,8,10,8,,5,5,5,5,5,5,5,12,12,15,8,5,4,6,6,8,5,5,5,5,,4,8,4,,10,9,,5,2,4,4,9,,7,6,,,4,8,,3,,11,8,63,15,9,5,,9,10,,2,2,,4,,5,7,9,,11,8,9,9,6,,5,4,4,4,3,4,3,14,15,16,6,6,9,7,12,14,7,6,5,16,112,8,32,18,8,5,7,6,4,4,6,8,5,,4,4,3,5,2,2,3,5,3,8,11,8,4,6,,4,4,21,,8,6,6,5,5,,7,7,5,,4,,1,4,6,3,3,3,1,,,,3,,4,,1,3,3,,2,4,5,3,2,,2,,6,5,7,5,2,2,,7,7,9,6,8,8,,5,,,8,1,,2,,6,30,7,7,6,6,5,7,9,8,11,10,6,6,3,2,9,7,6,6,10,19,6,3,4,,13,17,10,5,5,4,6,8,,,,,6,7,,6,3,9,5,2,2,4,5,3,5,5,5,5,4,6,6,5,,3,2,3,,3,2,,2,4,3,1,,3,5,2,3,6,8,4,3,,6,6,3,4,6,6,7,6,8,,8,5,4,5,4,5,10,5,5,,5,,,3,3,4,3,8,,,,,,6,4,2,,,5,,4,,,6,,5,6,8,8,10,12,12,14,6,,6,6,5,7,9,8,6,5,4,2,4,5,8,,4,6,,4,11,6,7,,,7,5,5,7,6,3,4,5,4,,,2,9,5,2,5,,9,9,11,8,7,8,4,,4,5,4,,,2,6,,16,10,7,,6,,6,8,,,5,5,,,5,6,19,,,1,4,12,11,6,8,5,5,8,3,6,4,7,10,10,10,4,2,5,4,4,8,3,6,,6,7,5,,14,8,9,11,3,3,10,6,6,8,4,7,,,10,5,5,7,5,5,8,2,3,8,6,6,8,7,7,6,1,,,5,4,5,6,6,11,,4,9,9,,11,13,10,,11,5,8,6,,2,2,6,3,11,3,14,15,5,5,8,,4,4,5,5,5,9,,3,,3,,,,6,5,9,3,4,4,,11,,6,5,5,5,4,4,1,4,2,4,13,4,4,4,5,5,10,16,14,13,5,,4,7,13,18,20,7,5,13,30,17,14,4,10,9,6,,10,14,16,11,19,4,4,13,3,10,48,30,32,54,7,,8,5,4,14,6,5,5,5,7,8,13,,5,1,1,,8,6,6,4,,4,2,1,,5,6,6,9,7,6,5,6,6,7,6,6,1,,7,4,6,17,10,,9,6,4,4,4,5,2,4,6,4,2,6,,4,4,1,,5,5,,20,6,5,5,,4,3,1,9,10,21,7,2,6,8,6,,,,5,7,,6,2,11,8,11,8,10,17,13,14,13,7,6,9,7,4,9,1,5,1,4,24,17,1,4,6,5,14,13,6,9,8,10,8,8,8,7,4,6,4,3,3,11,8,7,36,12,8,8,7,8,6,8,8,11,6,5,,2,7,6,6,6,11,11,13,11,7,4,3,6,5,8,,,5,5,5,,6,8,11,3,10,4,,9,2,7,,,,,5,6,5,5,4,14,9,13,,9,8,11,7,6,7,2,3,28,7,5,,,,,5,8,5,6,13,8,2,,5,5,4,4,5,5,7,9,6,6,6,5,5,8,,11,6,5,4,6,8,4,9,9,,10,6,,8,8,,9,6,5,,10,,10,,9,9,5,5,6,4,5,5,8,6,4,5,4,5,,4,8,5,6,14,6,,5,5,2,4,5,4,,6,7,6,3,4,,3,4,5,,6,11,13,10,10,15,6,,3,8,,7,1,3,2,6,7,4,5,9,,19,5,9,4,6,8,5,7,4,,,6,6,6,9,,3,7,7,28,8,4,9,6,5,5,5,,5,,3,8,11,7,6,8,4,,4,,4,9,4,6,7,8,4,11,8,1,7,4,5,3,,,10,6,3,6,,5,10,7,9,,4,4,,,2,8,8,5,8,4,4,10,3,5,5,2,8,7,2,,5,2,,6,7,6,9,6,16,5,4,5,5,4,,2,12,8,6,3,15,6,2,7,10,3,9,6,8,4,4,7,11,2,8,7,4,6,7,6,6,7,1,1,7,14,8,5,22,8,1,,2,5,4,5,7,3,4,,1,5,6,7,5,5,9,2,8,7,7,3,4,5,14,4,2,2,2,,9,10,10,8,18,,10,4,8,4,3,5,6,5,3,6,3,7,4,5,13,7,,6,,5,4,5,9,1,6,7,8,5,12,7,7,6,9,4,8,,6,7,7,6,5,7,2,5,6,,4,3,9,10,3,10,5,5,5,1,2,3,3,,3,2,4,3,9,2,10,10,6,6,7,9,37,7,5,10,10,2,1,5,5,6,6,8,3,7,11,5,3,3,6,2,20,8,6,5,2,6,9,5,8,9,6,5,6,6,9,10,6,7,5,6,4,7,4,20,3,,3,3,3,6,18,4,6,5,5,5,4,6,8,6,3,2,2,5,1,8,12,9,10,20,,6,7,6,8,2,6,7,6,3,6,2,3,5,4,7,2,9,3,2,2,10,6,,6,5,3,2,1,2,2,,1,1,4,8,7,17,9,6,22,11,6,3,6,4,7,6,10,8,8,3,8,,5,11,9,13,3,4,6,8,6,6,6,6,7,,5,3,5,8,3,3,6,3,4,,8,1,9,8,8,4,3,3,4,4,3,,4,,4,1,,6,6,1,5,4,8,7,4,,2,14,14,10,,,6,7,1,8,1,2,1,8,2,1,4,3,2,6,5,10,7,10,8,7,4,1,2,2,6,3,4,3,11,12,6,4,4,7,5,6,5,10,22,1,3,4,4,5,8,2,8,6,7,10,4,8,7,9,9,11,,8,6,1,5,3,8,8,8,6,7,4,4,5,1,11,3,2,7,21,6,6,6,6,,3,2,3,2,4,1,3,2,3,3,1,1,3,7,8,8,11,4,13,5,6,3,3,2,1,3,1,1,8,10,7,,2,5,7,3,7,5,8,5,7,5,4,6
20210719,21,SO2_24h,1,3,2,3,3,2,3,3,2,1,2,4,,,8,,5,5,9,,4,,6,9,,6,5,,5,3,3,5,4,3,5,,3,7,,5,2,7,4,4,,3,,3,4,3,6,8,5,6,5,5,4,,6,7,7,8,9,8,,9,6,7,,7,4,5,3,10,4,,5,6,3,3,4,,4,3,2,4,2,2,,9,7,,,4,7,8,9,12,8,24,,9,15,20,16,16,,8,10,6,5,6,10,6,8,7,5,5,3,3,4,4,3,4,4,3,4,3,12,8,7,,11,16,19,16,13,14,11,13,1,4,6,3,7,,3,5,6,5,5,8,4,8,9,2,2,4,1,7,,2,7,3,2,1,3,6,9,10,7,7,6,,,,8,8,,6,8,6,,,,9,,5,3,3,6,2,3,,4,7,,,,5,5,,7,9,6,5,4,,4,1,3,3,6,3,7,5,,3,,4,4,,5,7,,6,4,5,,6,3,5,4,9,7,10,,,7,6,8,5,4,6,3,,6,,,4,,7,5,,2,2,4,5,3,4,,3,4,3,4,4,6,6,6,6,7,8,5,10,6,6,6,6,8,2,,4,4,4,3,2,5,7,10,7,6,,11,6,,,3,8,9,9,,7,6,8,5,5,,,5,4,5,5,5,5,3,3,3,2,3,3,,3,3,3,2,5,4,6,5,5,,4,5,8,6,6,5,7,6,5,5,7,5,5,5,,6,7,7,5,7,5,5,5,4,4,5,5,8,3,,6,4,5,6,4,5,5,5,8,8,6,6,,6,5,4,4,2,4,1,7,6,3,6,,,8,8,7,5,6,7,5,9,8,13,8,9,9,10,9,7,8,11,7,7,5,3,4,4,5,4,,3,5,6,6,7,7,4,,,10,7,3,2,4,,5,2,8,3,,,7,13,7,2,6,6,5,5,5,5,5,,7,6,5,6,8,9,6,7,10,6,6,8,7,4,3,4,5,5,2,4,,4,5,5,5,,24,3,9,11,,,,9,5,,,,8,9,8,7,4,9,9,,10,12,12,13,10,8,7,9,7,7,6,3,5,5,5,7,,4,3,11,5,9,11,8,9,12,,4,2,4,4,4,2,5,5,2,2,2,7,3,3,3,4,4,4,,12,,9,5,4,8,5,,4,6,,,6,4,4,8,,6,7,2,,9,8,6,9,3,7,9,7,8,10,,,,2,,5,10,,8,9,7,9,4,5,1,3,2,3,,10,,,7,,7,9,11,7,8,7,11,8,,13,7,9,9,6,11,8,10,15,21,8,5,7,6,6,8,5,7,8,5,,5,6,4,,9,8,,6,4,7,7,11,,10,5,,,3,7,,4,,14,9,18,18,9,5,,9,9,,3,3,,6,,11,8,13,,17,9,9,12,6,,6,4,4,6,3,5,3,10,9,10,7,8,9,11,11,13,6,6,5,11,17,8,22,9,9,6,7,8,4,4,6,7,5,,4,5,4,4,2,3,3,6,3,8,4,9,6,6,,5,4,13,,9,7,6,6,5,,9,16,4,,4,,2,4,6,3,3,3,2,,,,3,,4,,1,3,2,,2,4,6,3,4,,6,,6,5,7,5,2,2,,7,6,8,6,8,8,,5,,,8,1,3,2,,10,12,8,13,9,6,5,9,11,10,14,10,9,8,3,3,10,6,4,5,9,9,9,4,5,,17,15,16,9,5,8,9,6,,,,,6,7,,6,4,7,6,5,3,4,7,7,7,6,7,5,4,6,7,5,,6,2,3,,3,2,,3,4,3,1,4,4,5,3,2,6,9,4,4,,10,8,8,5,9,7,7,5,6,,10,5,4,5,4,5,9,5,5,,7,,,4,4,4,4,8,,,,,,5,4,2,,,5,,4,,,6,,5,8,8,7,9,10,10,10,7,,7,4,7,7,9,9,7,7,5,2,4,5,9,,5,6,,8,7,6,7,,,8,5,5,7,6,3,4,6,4,,,3,8,5,2,5,,8,11,5,10,8,10,4,,4,5,5,,,3,6,,14,13,9,,6,,18,18,,,6,5,,,12,9,17,,,2,4,12,12,6,9,6,6,8,2,7,5,7,8,9,9,6,4,6,5,4,13,3,6,,8,8,5,,14,12,10,11,3,4,9,6,6,7,5,9,,,9,5,5,7,6,11,8,3,7,12,10,6,8,8,8,6,6,,,3,3,4,4,8,11,,4,11,11,,14,14,6,,4,6,11,9,7,2,2,6,4,13,4,10,13,8,4,9,,5,4,7,6,7,8,,4,,4,,,,7,6,7,6,4,2,,8,,8,6,6,4,4,4,2,6,5,7,8,5,4,6,7,5,6,10,7,5,5,,6,9,9,11,12,8,9,12,20,16,17,5,7,14,8,,6,19,23,12,12,4,5,8,6,18,13,8,17,10,8,,8,6,5,12,6,6,6,6,9,12,14,,5,1,2,,4,5,5,4,,5,3,1,,5,7,7,9,8,6,5,6,6,7,6,6,2,,10,4,9,17,9,,14,6,4,4,5,5,3,4,6,4,5,8,,3,4,1,,5,4,,18,6,5,5,,5,4,1,8,9,25,11,6,7,11,9,15,14,16,17,12,,2,2,7,9,9,8,8,10,8,13,10,8,6,13,7,4,6,8,2,3,5,6,5,3,4,5,5,11,10,8,12,10,11,11,11,9,10,5,6,5,5,7,13,11,12,17,10,9,8,7,8,21,22,8,5,5,5,,2,6,6,7,7,11,10,12,10,8,6,4,4,6,9,,,5,5,6,,6,8,11,6,8,5,,9,6,8,,,,,7,7,8,8,6,13,10,12,,7,7,11,7,6,7,2,3,12,5,6,,,,,6,7,5,6,8,6,2,,4,5,4,7,8,6,7,8,6,6,6,6,9,11,,10,7,5,4,5,8,4,9,9,,10,6,,7,8,,9,5,5,,6,,9,,8,9,8,20,16,11,5,6,8,6,5,11,3,5,,31,27,5,6,9,6,,5,5,3,2,5,4,,6,7,6,2,15,,4,4,6,,9,9,11,13,11,15,8,,5,10,,8,2,3,2,5,7,6,7,9,,11,4,10,3,6,8,5,7,4,,,9,7,8,13,,2,7,7,14,23,5,9,7,8,6,6,13,6,,2,6,13,6,6,7,4,,4,,4,9,4,5,7,9,18,13,7,5,10,5,5,4,,,10,5,3,6,,9,16,7,14,,4,4,,,2,8,7,5,8,4,4,4,4,6,4,3,9,6,3,,5,3,,8,7,7,10,5,13,6,11,6,5,6,2,2,10,8,15,4,13,6,2,7,9,5,9,11,11,9,8,6,12,4,7,8,5,6,8,6,6,8,2,1,10,14,8,6,24,9,2,,2,6,4,6,8,3,4,,2,11,6,7,5,5,9,2,9,8,8,3,35,6,13,7,2,4,4,,9,16,13,13,20,,16,4,8,4,4,5,6,5,3,6,3,7,4,17,16,7,,6,,6,4,5,9,1,7,8,8,6,9,8,7,6,8,4,8,7,17,7,7,6,6,8,8,5,6,3,4,2,11,9,3,10,4,5,5,2,2,3,2,,2,2,5,3,12,3,10,8,6,6,6,9,14,7,5,11,10,3,4,6,6,5,7,10,4,9,12,5,4,4,8,5,6,10,4,6,4,6,10,6,7,13,6,5,9,10,36,17,8,13,7,6,4,7,5,17,5,,3,3,3,10,13,4,6,5,5,4,5,7,7,8,3,3,2,5,1,7,11,10,8,14,,6,7,6,9,3,6,7,14,5,6,3,4,6,4,7,2,9,3,2,3,4,7,5,7,7,3,3,1,2,1,,1,1,5,7,34,14,8,5,14,14,8,3,7,5,7,6,9,10,8,5,9,,5,15,9,12,3,4,6,11,6,7,7,5,9,,5,22,5,8,3,3,2,3,6,,9,7,11,10,16,4,4,3,4,9,10,,4,,5,2,,6,6,2,6,4,8,6,4,,4,15,23,10,,,6,8,2,7,2,2,4,11,6,2,4,4,4,9,5,9,7,10,7,7,3,1,2,2,7,2,4,4,10,9,10,4,4,7,6,5,8,8,13,2,2,4,5,5,12,3,22,6,7,10,4,8,8,10,13,15,,8,6,1,6,4,8,7,7,7,7,3,6,6,2,11,3,3,6,10,6,7,6,4,,3,2,4,3,4,2,2,2,3,3,2,3,3,10,11,8,7,7,13,10,7,4,3,3,1,3,2,3,6,7,8,6,2,6,6,5,7,6,9,5,8,6,9,7
20210719,21,NO2,17,10,18,10,15,16,19,17,16,19,16,29,,,15,,18,14,32,,22,,40,7,,8,12,,44,24,19,37,28,32,15,,17,23,,24,16,9,45,8,,4,,13,15,16,18,14,14,25,23,21,12,,15,13,14,28,20,22,,9,22,36,,21,9,14,12,15,17,,21,38,29,20,35,,7,44,44,26,27,30,,18,12,,,13,14,28,20,28,23,29,,18,20,30,20,23,,39,18,29,8,10,7,15,11,4,15,2,63,35,70,18,28,9,24,35,57,48,19,17,6,,21,26,36,25,18,14,18,26,16,13,15,10,12,,20,18,11,20,23,20,11,30,11,,29,33,16,11,,9,15,9,11,15,25,8,,2,8,5,12,,,,19,16,,13,20,11,,,,22,,14,48,19,12,38,27,,27,31,,,,28,26,,24,38,23,5,5,,8,4,9,6,8,6,5,7,,10,,6,7,,24,25,,28,19,24,,19,19,25,17,33,7,16,,,8,9,12,13,4,16,12,,13,,,20,,21,16,,,5,10,16,22,14,,24,35,24,23,31,14,39,8,39,28,16,16,23,74,38,15,11,25,2,,10,6,7,4,8,14,9,20,18,10,,22,35,,,14,23,33,50,,44,29,39,31,10,,,26,12,5,11,7,15,17,17,12,16,,12,,17,13,26,64,41,43,66,45,25,,66,11,41,18,40,7,12,11,23,16,19,9,13,16,,16,16,24,24,16,25,16,16,11,14,14,17,28,12,,4,12,8,12,20,30,11,15,20,18,18,26,,15,39,29,16,24,15,14,25,21,18,22,,,12,20,21,9,11,16,7,11,46,26,17,28,13,17,22,18,21,22,23,26,6,7,14,18,14,29,,39,52,34,32,26,32,16,,,41,30,56,61,24,,18,19,28,37,,,21,9,19,34,18,9,18,36,22,38,23,,15,11,16,19,17,23,21,,16,18,22,29,18,13,27,15,25,13,16,14,,7,8,22,16,,40,13,32,33,,,,27,11,,,,22,22,21,32,8,24,20,,16,24,21,17,16,19,16,10,10,15,14,2,11,33,8,38,,17,28,,17,20,17,19,12,19,,36,17,25,9,8,5,9,20,45,16,7,8,8,12,11,12,11,13,,22,,6,8,10,16,19,,18,21,,,11,15,10,11,,9,19,21,,21,10,7,14,16,32,9,12,15,11,,,,12,,10,12,,14,18,12,25,16,12,3,9,10,14,,4,,,8,,12,8,30,16,15,22,19,10,,17,29,35,21,14,13,6,11,14,23,11,19,21,4,6,3,7,8,9,10,,15,19,13,,11,12,,8,10,10,8,15,,38,8,,,13,16,,23,,23,8,14,14,9,2,,10,4,,13,21,,,,20,21,21,,21,17,22,18,23,,15,10,38,25,26,10,2,26,24,17,21,5,25,12,21,25,7,10,12,23,24,15,16,14,17,13,16,31,17,7,14,2,5,,7,20,15,19,14,8,10,13,10,10,8,39,47,54,,19,20,20,,11,11,13,20,4,,30,17,1,,10,,7,12,4,5,10,18,18,,,,16,,11,,8,11,2,,14,15,12,4,9,,6,,29,18,19,14,21,34,,16,16,13,10,14,7,,12,,,6,16,8,7,,12,19,16,13,18,19,8,24,20,30,29,38,30,26,5,4,9,24,29,25,32,15,29,17,32,,40,,45,14,18,25,35,44,,,,,12,19,,29,21,13,13,27,18,18,15,24,21,8,19,37,31,21,9,16,,5,5,17,,11,7,,12,7,15,15,14,18,20,11,18,9,7,8,20,,10,6,12,12,20,12,26,16,21,,15,20,11,18,20,7,15,24,24,,17,,,2,2,15,16,9,,,,,,9,13,13,,,12,,6,,,13,,13,21,26,30,30,27,25,34,23,,15,35,28,26,32,5,7,21,19,17,13,9,5,,22,32,,35,53,16,28,,,15,8,6,9,13,4,2,6,1,,,14,23,30,29,30,,21,8,13,11,15,9,19,,15,14,18,,,18,8,,19,19,13,,16,,6,19,,,14,17,,,15,13,15,,,11,13,10,11,6,6,5,14,14,8,11,10,12,28,34,25,13,38,38,14,6,4,14,8,,26,5,23,,14,23,16,17,14,5,7,6,13,13,8,17,,,32,15,9,19,12,18,21,34,6,12,12,5,41,24,24,32,7,,,23,16,11,19,14,18,,10,8,5,,14,4,39,,11,8,13,15,,10,1,7,46,31,48,55,32,20,13,16,,11,16,,3,29,29,,7,,10,,,,19,28,20,18,3,8,,19,,46,17,38,8,5,6,7,5,18,17,30,8,3,7,10,5,20,17,18,23,13,,6,17,31,21,36,16,3,21,44,20,25,3,8,17,2,,23,22,21,15,37,8,34,22,27,34,9,7,10,18,14,,17,22,17,8,19,25,18,16,4,6,25,,12,24,35,,16,10,14,26,,23,18,10,,1,10,12,11,9,8,7,9,8,10,12,9,10,,12,9,10,24,18,,9,6,4,26,24,13,13,9,8,17,19,18,,16,18,15,,13,13,,13,2,15,11,,11,6,8,10,6,21,16,22,15,18,28,,,,10,12,,8,16,8,9,14,15,12,11,15,8,10,8,8,18,9,5,14,3,6,1,13,31,14,17,3,4,7,25,29,32,26,18,8,10,19,18,26,12,28,22,13,17,36,23,14,19,13,14,10,9,26,15,11,13,14,6,11,,18,14,12,13,27,25,21,23,31,19,16,13,11,6,24,,,7,17,10,,15,42,12,18,43,12,,41,19,8,,,,,10,41,11,20,21,14,5,10,,3,7,15,12,17,10,5,22,45,58,31,,,,,45,22,20,17,28,46,22,,6,5,5,7,9,10,12,15,8,14,10,9,8,12,,7,8,15,12,14,18,38,15,22,,11,32,,12,18,,10,26,16,,25,,5,,10,6,9,6,12,14,5,9,17,10,3,7,7,8,,20,38,3,8,4,35,,28,22,17,18,19,18,,8,8,32,18,7,,18,8,11,,17,4,56,10,8,6,25,,14,22,,23,20,10,8,16,41,20,27,5,,19,20,13,9,8,2,11,14,14,,,18,10,11,20,,22,20,17,11,54,24,4,15,9,10,13,27,27,,11,40,6,25,9,24,16,,12,,13,33,28,12,12,15,13,35,6,18,22,7,16,4,,,20,14,8,12,,26,18,12,19,,5,4,,,20,35,38,8,21,10,8,64,14,28,14,39,33,13,25,,16,15,,20,13,14,8,10,17,17,6,7,4,14,,5,34,10,12,17,17,29,10,21,19,13,25,10,9,7,5,28,52,17,8,42,6,4,8,13,16,12,11,12,15,14,16,37,16,9,10,,7,11,14,44,8,19,34,,36,35,8,17,19,2,3,29,13,40,27,9,10,23,12,7,8,12,19,,11,39,15,9,18,,14,19,17,23,16,15,24,17,16,13,8,11,19,11,21,20,,10,,11,5,5,8,5,10,24,19,19,25,29,16,15,13,9,5,,32,8,12,7,11,11,9,14,8,31,19,15,33,9,4,21,4,11,18,10,12,9,9,,11,3,11,10,8,25,40,,18,19,23,7,21,54,14,25,9,34,18,12,17,8,10,18,12,7,21,17,10,6,34,23,14,16,20,17,23,36,4,28,12,12,12,16,28,24,10,14,18,17,20,20,18,7,9,17,17,,16,5,11,40,40,19,12,20,7,6,29,20,40,23,12,10,6,9,3,11,19,15,23,13,,14,14,13,21,7,8,26,9,10,5,16,14,18,26,9,19,12,8,28,32,6,17,29,18,9,12,24,8,12,15,,11,1,8,10,7,13,21,8,24,23,24,10,16,15,22,36,20,10,19,7,7,,21,23,9,11,8,14,13,40,20,9,11,8,14,,12,5,21,26,2,11,19,13,10,,37,15,17,14,20,13,12,9,13,15,11,,18,,5,12,,5,31,12,22,63,27,15,10,,17,14,15,9,,,6,13,24,15,19,17,42,16,21,27,15,22,21,28,20,38,11,8,28,35,4,13,52,17,18,13,5,10,33,17,26,17,6,12,17,8,13,6,15,,19,21,5,42,18,20,8,11,13,16,16,20,16,22,22,18,,18,9,8,5,41,12,16,15,12,14,21,7,15,14,26,30,10,14,7,9,28,14,46,,4,3,4,7,9,23,10,10,40,14,24,8,13,12,12,19,37,26,24,20,11,9,16,24,11,15,13,7,15,13,5,18,18,13,23,12,26,11,22,11,9,8,26,8
20210719,21,NO2_24h,13,9,21,11,15,20,23,9,11,13,19,20,,,19,,19,17,27,,26,,35,8,,8,12,,35,24,16,22,19,21,11,,17,22,,22,17,4,14,12,,12,,9,11,7,16,16,16,16,21,22,12,,12,10,13,24,18,20,,11,24,22,,27,13,15,12,16,16,,6,15,12,10,27,,10,27,27,24,21,19,,14,16,,,16,17,18,14,17,24,22,,14,17,19,17,20,,17,14,19,6,8,8,11,10,6,17,3,28,23,34,15,19,13,15,20,18,30,17,16,8,,17,26,28,20,23,15,20,25,12,15,14,9,14,,16,18,10,15,19,19,20,24,14,19,20,26,13,9,,6,15,8,11,12,17,7,27,2,4,7,10,,,,13,11,,7,13,8,,,,27,,13,23,10,10,20,16,,13,20,,,,19,21,,21,23,21,6,7,,9,5,7,6,6,4,6,7,,8,,4,4,,16,18,,23,15,22,,20,18,12,18,28,8,20,,,9,10,11,21,9,17,17,,12,,,18,,17,17,,9,4,8,10,14,13,,14,18,18,15,19,12,17,9,28,24,19,18,23,29,25,27,17,22,2,,10,3,4,3,7,14,8,24,20,14,,27,26,,,14,15,21,25,,19,21,19,14,7,,,8,9,7,9,9,14,18,18,11,13,18,14,,18,8,13,35,29,28,33,25,37,,27,9,23,23,24,10,12,12,23,12,21,10,29,21,,23,28,23,21,25,17,29,15,9,16,12,13,23,15,,4,12,8,11,15,18,11,14,22,21,21,23,,24,34,31,15,18,13,14,24,21,19,20,,,13,16,19,10,9,13,6,13,31,34,17,18,22,18,25,19,18,22,23,20,11,8,13,12,9,12,,23,26,19,21,31,22,15,,,28,30,37,25,20,,27,30,34,33,,,29,10,15,28,24,19,18,30,28,27,20,,13,10,10,14,10,14,10,10,11,8,15,15,17,17,27,15,23,13,17,18,,12,13,23,19,,26,12,39,40,,,,28,8,,,,22,22,43,47,47,55,38,,36,20,15,23,13,20,13,18,12,12,13,3,7,25,7,30,,21,28,29,21,15,18,15,13,18,,13,11,15,7,7,10,11,12,13,9,7,6,5,11,7,7,8,6,,14,,8,8,11,13,10,,12,16,,,11,13,12,17,,8,11,14,,12,4,7,12,10,16,14,13,14,17,,,,8,,8,10,,11,11,10,18,6,4,2,14,13,19,,8,,,5,,7,11,17,11,9,8,11,6,,14,17,16,16,22,12,9,11,10,15,11,17,19,6,8,4,17,12,13,12,,14,13,13,,8,9,,7,10,12,10,12,,28,9,,,13,12,,22,,18,13,17,18,6,2,,12,3,,13,18,,13,,16,15,14,,16,15,17,19,12,,6,8,13,16,17,7,2,15,19,8,16,5,18,10,25,32,11,10,13,14,15,9,14,12,17,18,17,12,16,8,14,5,9,,7,13,14,16,14,9,8,9,8,7,7,15,22,28,,19,18,18,,13,12,19,12,5,,17,12,2,,9,,6,10,5,6,6,8,8,,,,12,,11,,5,3,3,,16,15,10,7,13,,9,,15,16,11,13,15,11,,12,24,11,9,9,10,,9,,,4,11,7,7,,12,19,19,14,12,10,6,16,14,24,22,22,21,21,10,9,8,11,17,13,19,23,22,22,18,,20,11,31,18,13,18,19,20,,,,,6,15,,18,14,13,10,12,12,16,19,20,23,19,18,17,15,18,14,15,,6,7,19,,20,13,,16,9,12,14,14,16,9,9,14,14,12,11,11,,12,12,13,18,19,17,26,16,19,,17,23,12,14,10,8,17,18,18,,9,,,4,4,15,16,8,,,,,,10,11,9,,,8,,8,,,10,,11,15,19,19,19,15,15,21,19,,13,19,22,20,24,6,3,15,13,13,11,10,4,,26,15,,16,16,12,18,,,12,8,6,8,12,6,4,11,3,,,19,15,16,17,14,,11,12,19,12,15,14,12,,14,14,12,,,13,12,,12,16,22,,21,,14,19,,,12,9,,,20,12,15,,,6,7,9,10,6,7,5,8,9,6,9,9,7,11,15,9,8,18,18,16,6,4,10,8,,18,8,14,,7,12,14,12,9,5,6,5,9,8,7,22,,,33,8,10,11,11,13,9,16,7,11,12,5,20,13,30,22,13,,,12,13,6,7,7,11,,8,14,12,,18,7,16,,7,10,9,10,5,9,2,6,26,30,36,45,24,16,21,15,,14,10,6,3,22,23,,9,,11,,,,13,16,7,17,3,5,,17,,20,19,19,7,6,7,8,7,15,11,19,7,2,8,8,5,19,23,19,18,9,,10,6,13,9,15,10,4,9,20,15,15,7,9,17,3,,11,15,12,15,15,9,13,14,14,13,6,6,7,10,11,,12,15,12,11,16,17,13,14,12,13,19,,11,8,8,,15,9,10,12,,13,8,14,,3,12,13,10,11,8,7,8,8,8,8,6,7,,10,9,9,28,16,,13,9,4,18,9,11,12,8,11,15,18,16,,12,9,9,,12,11,,14,2,6,6,,8,5,8,5,5,13,11,19,12,11,13,8,10,15,14,14,,13,12,17,10,15,16,13,13,22,7,9,8,8,16,5,7,3,5,7,6,12,8,19,10,4,3,4,19,27,21,19,16,14,17,17,16,19,17,21,17,13,9,13,13,11,16,12,15,8,16,22,19,19,7,8,6,13,,14,11,11,10,18,15,15,12,18,11,12,12,9,5,17,,,6,12,8,,11,13,8,8,17,13,,18,9,12,,,,,9,10,12,16,15,11,5,9,,23,11,9,9,12,16,7,14,25,22,20,,,,,16,11,14,15,18,21,19,,6,6,7,10,15,8,7,7,8,10,11,12,11,12,,6,7,8,10,8,14,16,8,13,,6,10,,8,8,,8,20,9,,8,,8,,7,5,9,14,17,17,7,11,14,10,5,8,8,9,,20,18,3,13,8,27,,15,14,21,22,18,15,,8,9,19,12,13,,23,15,13,,16,4,16,18,9,8,11,,10,22,,21,18,9,10,19,24,11,10,5,,34,14,15,12,9,5,12,11,8,,,30,25,27,10,,11,39,36,26,32,13,4,24,11,10,15,21,12,,23,23,13,20,11,15,12,,11,,6,20,27,11,20,16,15,19,10,13,18,6,13,6,,,19,18,7,12,,23,17,27,13,,2,5,,,11,26,26,7,15,6,8,25,6,23,10,30,16,15,18,,24,11,,20,9,14,10,6,14,13,10,7,8,14,25,7,22,9,25,20,9,15,6,13,13,8,13,12,11,9,9,13,34,15,6,37,8,8,9,9,9,8,5,11,12,12,14,21,20,13,6,,6,15,11,22,8,13,15,,33,30,6,15,13,2,5,17,17,18,25,12,16,19,9,7,8,19,15,,10,38,24,25,12,,13,18,15,16,14,13,16,16,15,7,7,11,24,16,12,12,,8,,9,5,4,12,5,10,23,27,21,24,26,15,13,17,11,7,25,25,7,8,12,13,10,11,7,12,21,19,14,24,8,2,18,5,11,15,5,7,11,10,,11,4,8,7,8,18,15,9,13,13,16,9,19,22,4,22,18,33,21,12,16,7,6,24,13,11,18,13,11,6,14,15,10,15,13,13,12,15,8,10,13,11,10,8,16,15,21,14,13,16,12,11,16,8,9,9,17,,10,6,10,30,18,21,12,16,5,4,19,15,21,15,6,12,6,10,2,16,54,16,32,30,,17,8,9,11,11,11,27,12,13,5,19,14,14,12,15,9,11,17,22,26,4,11,22,12,10,11,19,7,12,7,,11,2,9,11,15,10,18,8,20,25,14,13,14,14,17,12,11,13,13,9,8,,11,13,5,12,8,5,13,21,19,10,12,9,16,,12,10,19,20,3,7,10,7,18,,14,12,13,16,19,9,8,13,10,13,10,,13,,12,7,,5,21,10,16,26,17,15,16,,14,11,12,4,,,5,12,29,13,22,14,25,15,19,9,8,17,19,23,32,30,17,14,22,25,3,8,34,9,14,7,7,11,25,8,18,8,10,16,17,13,15,10,36,9,12,14,14,23,17,11,18,7,14,13,17,15,15,23,20,30,,18,6,9,6,19,15,13,11,7,14,25,10,13,8,21,21,17,13,16,9,25,14,14,,3,3,6,7,11,15,4,10,20,10,15,6,14,17,8,17,18,28,18,16,12,12,13,21,8,7,12,14,14,22,5,10,10,11,24,11,25,12,17,7,6,16,22,12
20210719,21,O3,97,85,118,112,106,111,103,79,94,94,113,89,,,72,,63,76,61,,69,,42,77,,71,71,,54,72,69,49,55,72,131,,73,65,,67,61,78,31,100,,96,,101,102,89,86,89,118,66,73,93,98,,92,95,98,60,71,68,,40,84,64,,80,84,79,69,62,66,,63,52,59,74,61,,59,28,32,66,53,7,,111,127,,,111,117,94,104,34,53,46,,42,60,52,62,58,,44,64,52,69,63,73,78,75,71,68,53,62,101,66,84,85,43,39,49,44,75,104,102,80,,89,85,74,83,93,90,106,85,25,30,22,27,36,,31,25,32,28,82,110,130,103,115,123,93,112,126,23,,26,38,26,26,29,22,34,26,30,23,32,54,,,,71,76,,75,76,76,,,,56,,44,14,40,52,11,35,,,68,,,,101,53,,80,90,124,46,50,,51,62,67,66,65,58,62,54,,,,,69,,50,75,,40,62,52,,54,46,46,74,7,28,20,,,30,26,21,19,25,23,22,,72,,,46,,26,26,,,30,21,20,11,20,,57,35,75,85,74,68,43,47,62,70,82,78,85,16,51,81,81,78,38,,29,39,34,24,35,50,55,33,51,45,,48,29,,,46,114,84,73,,72,110,92,122,65,,,37,54,60,59,66,47,70,69,70,70,,,,61,64,46,32,40,50,6,69,50,,28,96,64,99,62,114,91,104,,86,83,89,45,38,,40,37,30,30,42,18,40,34,,34,26,20,13,30,,38,39,37,31,24,32,32,30,26,29,29,16,,36,12,13,27,19,27,32,29,29,34,27,,,34,27,25,39,35,32,35,33,8,44,32,31,107,92,103,95,90,97,76,98,78,68,47,61,59,146,,113,108,139,64,117,57,85,,,117,74,79,71,55,,118,102,118,88,,,125,177,57,55,73,82,69,50,69,57,64,,56,61,60,62,66,57,65,,64,72,57,57,32,70,52,65,62,75,72,80,,70,55,65,55,,105,137,125,122,,,,145,157,,,,139,139,123,107,141,122,118,,153,82,89,112,91,77,90,96,91,87,97,72,,50,76,109,,125,111,53,107,147,154,138,141,141,,34,83,,76,69,74,80,88,46,62,71,70,68,66,35,33,34,33,,87,,62,72,68,61,104,,113,96,,,81,77,77,90,,80,90,,,71,95,79,81,101,48,64,61,65,69,,,,70,,69,106,,110,117,127,106,52,58,75,49,64,58,,94,,,35,,27,35,11,55,58,40,61,59,,61,48,39,61,64,65,69,53,53,45,86,38,67,27,31,34,62,61,61,39,,36,36,36,,63,63,,53,55,53,54,28,,4,47,,,98,111,,68,,86,96,96,94,51,62,,68,63,,65,60,,65,,74,46,69,,74,67,69,78,63,,36,31,28,30,24,46,12,49,62,31,45,47,54,41,30,29,62,42,17,62,60,60,69,73,64,50,56,21,51,31,86,78,97,,94,43,38,47,20,7,99,96,95,97,111,51,35,60,,134,120,131,,140,61,63,47,45,,35,44,86,,82,,90,85,97,88,106,92,95,,,,69,,95,,75,60,110,,80,67,70,92,85,,91,,81,78,105,96,74,68,,76,80,81,83,92,74,,52,,,54,51,,25,,67,74,,77,36,75,78,54,59,49,44,49,34,51,63,59,69,79,77,,93,105,90,101,92,,78,113,89,85,30,88,71,57,,,,,90,92,,75,72,80,81,56,67,75,52,38,41,52,36,36,38,61,67,71,,83,78,74,,78,79,,69,107,63,104,106,104,75,114,105,71,78,80,61,,138,136,105,149,141,127,106,121,127,,109,87,94,81,89,95,87,81,81,,39,,,70,70,52,56,58,,,,,,63,48,59,,,49,,57,,,36,,35,25,23,15,15,13,19,17,19,,114,87,39,44,30,77,85,134,131,90,113,26,22,,69,58,,41,25,41,42,,,93,,62,55,48,94,91,92,105,,,49,48,42,46,40,,50,88,93,92,98,92,43,,51,54,70,,,70,88,,77,70,,,74,,151,136,,,80,48,,,127,132,107,,,57,57,81,86,168,169,176,64,67,72,71,64,54,36,30,19,74,54,37,56,71,79,55,60,,110,127,64,,32,8,23,26,96,114,75,74,31,36,,36,,,24,51,84,49,48,20,16,13,31,33,34,39,20,47,46,39,49,,,63,72,89,84,61,71,,28,110,112,,102,106,80,,127,126,126,99,,74,87,82,18,36,19,14,8,40,60,50,,57,63,74,19,120,143,,86,,87,,,,70,61,59,66,96,90,,44,,50,47,32,42,44,43,39,41,59,59,52,69,82,75,65,79,136,139,130,83,31,,45,13,24,26,14,35,23,55,34,60,39,49,56,48,54,,7,56,55,65,34,61,23,39,42,26,43,54,50,36,58,,48,50,54,29,48,40,46,55,116,78,98,,57,62,49,,73,88,83,61,,72,65,94,,100,80,88,81,89,60,59,63,63,60,81,81,91,,54,60,68,76,82,,89,101,60,46,31,54,84,75,77,70,75,70,,52,58,49,,62,71,,86,88,64,63,,80,74,74,37,46,58,67,68,70,60,40,,,,76,70,,57,58,63,62,42,45,49,47,49,71,72,82,68,68,49,74,78,68,65,,42,47,67,45,13,50,44,22,15,13,9,46,55,61,68,65,71,96,75,76,89,35,34,42,58,55,37,33,42,80,55,91,96,73,94,63,67,,80,,88,95,71,100,92,102,90,85,101,113,114,129,101,,,89,79,74,,76,7,33,36,35,57,,96,112,136,,,,,95,54,85,79,77,73,,71,,101,117,114,79,73,84,27,33,28,30,19,,,,,15,,68,69,42,2,46,,58,98,101,106,104,116,100,111,26,29,62,87,76,73,,37,42,35,41,8,6,73,100,49,,87,53,,104,73,,56,54,53,,52,,112,,58,47,95,96,83,95,116,119,116,120,98,87,85,73,,107,90,111,119,121,111,,82,94,96,90,96,96,,83,88,98,110,115,,135,152,100,,100,187,113,137,83,117,114,,134,113,,109,99,119,124,122,95,103,88,98,,130,110,112,97,87,117,127,131,126,,,111,104,121,77,,88,111,106,158,70,33,60,37,79,70,74,68,40,,81,36,63,127,23,19,54,,96,,66,95,127,71,46,34,98,75,135,51,52,78,50,59,,,82,44,73,71,,131,139,,77,,76,47,,,54,44,33,55,72,91,60,12,55,72,57,94,136,78,60,,78,18,,31,61,99,101,133,105,49,97,38,96,69,,46,52,97,161,63,66,76,52,88,95,115,22,64,69,68,70,52,100,97,93,74,100,117,130,59,50,53,,91,108,91,60,54,55,88,63,,92,61,69,31,115,28,14,,49,109,,,56,72,112,65,73,60,127,82,49,140,78,46,84,43,46,,61,98,120,134,124,,97,24,23,19,38,27,21,29,25,25,133,91,122,144,85,61,,86,,33,36,31,50,40,40,28,35,34,28,25,31,31,34,35,52,,20,33,81,46,37,33,54,52,84,60,74,78,76,136,91,142,90,47,32,70,72,91,98,,81,87,35,52,,48,19,110,64,58,50,83,95,19,35,67,76,111,128,124,107,112,60,88,100,84,45,66,61,65,88,102,86,54,61,50,32,42,113,60,67,78,66,49,75,45,84,74,79,51,23,54,65,50,49,100,61,,73,93,88,99,67,121,159,136,32,74,130,41,95,131,28,30,68,43,54,140,137,125,116,142,,41,54,34,18,34,47,27,62,25,39,39,28,26,60,,89,76,106,65,68,91,38,47,83,91,77,42,77,74,76,,95,104,81,80,23,105,24,27,67,35,79,111,88,109,91,69,82,125,86,63,,,106,81,120,124,52,57,,65,106,88,93,82,148,,116,147,70,67,37,44,35,34,45,,25,37,,103,53,69,67,72,48,55,43,,23,,86,68,,33,28,51,53,33,94,73,27,,21,91,86,94,,,66,88,59,62,74,65,38,70,59,64,77,86,70,59,74,57,86,93,95,66,71,57,77,78,70,72,91,79,97,120,98,45,68,57,75,65,125,145,150,84,89,38,79,28,67,48,145,30,26,52,29,28,30,37,138,137,,133,79,95,93,28,100,91,53,51,78,75,98,107,126,108,63,78,91,63,63,56,54,38,,69,,71,133,81,,102,74,22,100,65,56,83,99,59,98,84,125,45,89,98,65,62,63,134,79,89,107,117,127,147,79,93,80,29,81,24,28,105,114,80,63,90,88
20210719,21,O3_24h,127,134,141,141,132,137,140,137,136,153,131,151,,,139,,163,158,146,,153,,116,177,,148,166,,139,143,111,138,137,157,131,,149,128,,126,127,96,127,122,,120,,132,126,119,135,136,148,132,132,136,126,,132,133,126,81,96,88,,95,134,134,,138,153,158,148,157,123,,104,121,112,105,108,,115,100,100,110,97,104,,150,137,,,155,150,144,141,108,114,116,,108,130,143,121,127,,145,100,90,94,93,96,108,94,91,100,92,103,102,99,103,95,110,100,98,98,107,146,146,126,,146,154,137,143,131,135,134,141,82,80,84,77,81,,86,76,80,77,161,156,164,149,154,154,138,150,190,102,,122,113,111,112,108,113,136,131,132,115,140,96,,,,103,144,,114,114,110,,,,174,,147,142,146,148,118,135,,146,185,,,,174,178,,189,189,209,124,132,,136,110,117,112,112,105,103,96,,121,,108,96,,171,160,,162,154,177,,181,164,148,133,61,86,74,,,76,75,79,86,89,77,90,,101,,,140,,143,142,,48,83,76,56,57,54,,114,122,143,151,148,100,98,104,152,170,156,170,164,142,145,144,154,156,80,,80,75,77,57,114,126,130,106,106,120,,104,102,,,104,179,201,173,,182,212,191,233,88,,,81,81,87,91,84,90,70,72,77,81,79,69,,61,70,109,104,114,107,97,105,83,,127,134,197,198,196,193,150,197,181,164,162,155,67,73,,80,71,88,77,75,71,62,82,40,43,36,32,35,54,,53,54,52,49,38,49,41,44,63,66,70,77,,64,75,75,58,61,49,54,87,93,87,85,,,83,83,67,56,50,50,57,55,99,91,104,115,184,186,193,179,159,176,168,154,99,91,78,85,89,152,,149,162,198,172,177,166,179,,,169,173,176,168,150,,240,203,246,183,,,239,177,100,93,96,111,95,89,98,99,94,,78,72,91,97,94,86,105,100,85,99,88,87,105,89,76,93,94,110,113,128,,96,86,82,88,,228,164,202,191,,,,192,204,,,,197,208,167,160,151,159,209,,163,196,215,226,164,158,139,172,119,133,143,98,114,196,148,164,,157,164,171,152,180,181,186,175,176,,104,112,105,90,89,91,95,119,104,102,96,99,99,102,107,110,101,95,,108,,98,111,113,104,161,,162,147,,,132,136,130,186,,114,124,122,,125,132,121,119,144,105,96,98,102,117,,,,139,,133,139,,144,172,174,162,83,84,96,83,121,87,,128,,,100,,95,96,101,74,80,85,93,83,,116,104,114,108,113,111,95,87,106,102,86,78,78,63,53,60,71,70,68,57,,58,88,74,,108,106,,114,116,114,101,94,,82,74,,,134,159,,125,,130,135,131,132,78,74,,71,76,,113,110,,122,,104,108,103,,108,97,103,102,105,,86,84,90,89,86,86,68,145,153,143,132,131,125,99,81,68,96,97,83,110,101,107,109,105,117,116,116,120,120,95,88,82,97,,99,88,90,95,92,80,116,105,113,101,111,158,172,151,,155,152,155,,156,104,116,100,103,,119,92,99,,82,,90,85,97,88,124,131,128,,,,87,,104,,104,100,110,,89,75,85,92,85,,91,,147,145,164,152,157,141,,114,109,138,151,120,145,,108,,,104,103,102,77,,94,105,122,107,90,107,85,102,141,142,126,141,123,143,76,69,127,130,128,116,138,147,138,150,163,,176,205,172,171,113,131,148,101,,,,,173,164,,147,113,140,151,139,120,117,126,110,108,111,125,77,86,106,119,122,,96,96,111,,105,107,,100,116,140,133,123,134,127,130,131,106,117,120,114,,143,143,130,206,193,165,154,128,136,,132,114,124,108,118,136,127,164,164,,81,,,87,87,89,102,91,,,,,,92,81,124,,,85,,84,,,142,,121,122,124,142,152,150,142,143,119,,189,164,184,191,183,165,172,162,161,115,146,93,79,,104,126,,142,133,113,100,,,151,78,80,75,72,94,91,92,107,,,182,77,75,78,77,,80,96,114,111,118,112,88,,87,86,87,,,85,88,,110,105,99,,99,,185,179,,,98,66,,,199,202,155,,,86,91,109,108,190,190,190,105,98,101,100,97,91,98,79,107,153,152,135,116,79,85,71,74,,149,150,99,,93,92,90,112,114,127,110,90,91,79,98,86,,,103,130,126,133,190,118,112,109,96,106,115,91,151,122,118,132,122,,,120,104,102,109,151,151,,81,136,151,,140,141,150,,154,169,159,157,96,97,110,99,136,159,146,172,95,136,134,113,,146,115,104,82,191,210,,154,,151,,,,111,106,115,113,122,114,,129,,132,135,136,83,88,80,75,82,99,108,104,101,95,91,90,90,136,139,136,141,94,,86,81,85,94,86,84,84,131,124,116,120,102,90,89,89,,107,121,137,137,124,116,114,117,120,129,106,110,109,108,105,,103,108,103,104,107,107,107,107,116,78,109,,83,98,92,,86,89,88,112,,133,128,94,,100,102,109,97,110,82,79,85,82,88,135,129,135,,83,87,96,107,121,,118,129,90,106,108,128,102,104,92,93,123,120,,119,131,120,,108,112,,127,101,106,94,,96,93,93,94,91,156,122,117,114,129,129,55,71,67,147,128,,139,147,157,136,110,115,99,93,89,140,118,131,122,123,69,82,104,86,86,100,89,107,133,100,80,81,80,97,92,94,94,78,86,81,108,122,113,142,150,158,160,106,93,96,137,140,119,124,86,118,107,139,140,103,119,122,134,,140,133,120,128,119,198,198,201,173,121,129,137,144,156,143,,,115,118,116,,112,129,120,114,125,102,,169,156,155,,,,,154,146,139,147,150,122,110,118,,120,160,170,156,155,146,87,70,77,74,82,,,,,106,89,100,96,70,70,94,,92,143,141,122,123,128,124,134,75,77,95,101,92,94,,62,59,57,57,31,36,140,141,99,,115,99,,125,119,,72,72,93,,111,,120,,77,70,122,126,128,120,135,139,143,151,104,106,102,93,,146,147,127,176,150,159,,108,117,134,133,116,117,,113,99,144,143,146,,155,167,146,,140,215,146,145,122,127,151,,157,172,,172,134,141,139,134,125,138,129,144,,153,129,121,111,112,117,130,138,134,,,126,119,133,95,,109,124,124,172,177,144,80,72,144,176,146,149,89,,100,129,191,204,77,147,155,,159,,139,150,251,107,59,58,120,126,175,147,119,119,155,99,,,142,186,111,161,,203,205,193,124,,104,159,,,89,186,170,81,107,126,79,74,157,158,106,170,187,176,113,,140,126,,78,110,173,159,145,141,82,130,56,96,93,99,72,148,99,207,95,105,114,70,106,122,148,86,80,82,86,82,106,159,136,115,151,100,162,148,110,112,110,127,100,132,130,104,98,176,134,99,,135,128,133,86,136,100,105,,94,210,112,138,94,100,118,168,200,141,162,91,85,206,112,93,102,174,127,,101,218,171,181,177,,119,91,78,89,84,74,89,86,79,76,135,130,165,187,156,105,,125,,131,108,92,169,110,69,78,69,72,78,64,64,43,42,46,56,33,85,44,81,56,77,81,110,110,153,127,169,167,183,168,114,188,118,138,146,101,98,91,98,,86,88,103,102,116,94,115,131,91,113,96,114,110,128,92,105,128,247,222,197,184,149,83,175,137,114,97,135,97,102,161,156,137,74,89,82,99,107,146,108,93,121,116,97,156,138,127,124,154,137,128,112,116,107,107,100,110,,147,127,127,162,150,136,190,174,123,102,219,154,172,162,127,127,107,122,92,196,188,205,135,177,,65,78,58,58,43,53,74,101,79,59,67,50,81,109,149,131,132,139,136,136,118,132,165,153,159,146,132,77,104,89,,96,119,92,108,116,110,93,85,183,87,138,187,154,144,151,136,147,225,194,108,95,,143,177,174,152,92,87,152,147,144,126,145,140,185,,139,198,139,118,59,143,108,113,177,,99,107,117,154,111,98,107,90,98,75,67,,68,,143,121,,107,75,75,76,162,142,111,78,,86,135,131,128,,,77,127,150,137,109,142,136,126,141,118,111,150,162,121,120,116,134,138,149,144,77,77,107,96,94,104,91,87,148,166,122,80,102,90,117,81,155,146,165,114,120,103,137,104,93,77,173,104,37,77,86,79,84,96,174,184,,154,103,95,93,99,164,163,75,81,224,158,134,156,154,170,129,99,154,111,105,186,107,125,,92,78,80,134,81,122,125,78,135,130,128,117,114,138,108,142,190,169,135,93,99,110,136,145,134,131,117,132,146,152,167,118,124,99,115,102,102,84,141,164,120,96,137,128
20210719,21,O3_8h,112,111,130,126,119,121,115,114,114,130,117,120,,,105,,110,119,104,,109,,75,109,,102,118,,113,112,90,103,99,122,108,,94,86,,89,85,90,101,112,,112,,117,116,108,114,115,118,106,109,114,112,,112,116,115,73,88,81,,76,114,107,,114,125,124,115,90,82,,95,100,97,94,90,,87,79,79,93,86,63,,141,133,,,145,143,133,133,79,81,77,,76,98,101,90,93,,102,81,63,77,74,82,90,80,74,78,69,86,96,80,97,88,90,81,84,88,97,134,126,111,,124,122,112,123,118,123,124,126,48,48,43,47,51,,53,39,48,44,128,131,138,127,129,134,113,132,156,74,,90,88,80,81,80,82,80,75,79,64,84,70,,,,90,96,,97,101,98,,,,138,,113,106,116,118,84,109,,126,149,,,,148,138,,164,161,185,95,101,,104,93,98,94,92,87,87,79,,96,,106,88,,112,126,,106,116,113,,119,115,103,104,27,48,42,,,46,41,41,19,52,44,57,,89,,,114,,90,88,,,45,38,31,22,29,,90,79,118,124,116,87,80,80,115,116,121,128,130,99,104,117,120,126,58,,44,58,54,38,84,72,67,72,78,77,,68,60,,,70,144,162,132,,137,165,138,186,73,,,64,67,66,76,72,69,58,57,58,61,57,56,,47,60,76,69,70,80,47,89,62,,78,114,152,158,137,168,129,162,144,136,134,129,53,56,,59,56,55,61,60,47,48,60,36,38,32,27,23,41,,46,47,47,37,28,33,33,33,42,47,50,35,,48,44,36,33,33,34,37,51,50,51,46,,,53,52,41,46,41,40,48,47,45,58,58,54,145,135,142,135,120,140,123,125,83,82,62,67,75,129,,129,135,168,136,149,129,144,,,140,138,136,136,113,,198,168,184,142,,,198,155,87,78,88,99,85,78,87,84,78,,70,65,75,79,82,75,85,83,78,89,74,73,81,71,63,79,75,88,87,97,,82,71,74,69,,177,156,157,149,,,,168,180,,,,177,184,141,127,139,138,160,,139,155,154,179,139,118,125,131,104,121,126,87,105,138,121,148,,147,147,144,141,168,171,172,166,166,,79,93,98,83,76,74,88,100,81,91,86,87,86,84,65,63,59,60,,101,,88,98,95,88,138,,140,128,,,114,115,112,121,,99,115,111,,108,116,108,107,128,84,78,79,90,91,,,,117,,104,127,,134,153,153,138,72,73,82,65,88,73,,102,,,64,,61,61,52,65,70,66,72,73,,83,72,76,77,81,82,80,68,82,83,63,49,50,46,43,48,63,61,60,45,,46,66,59,,83,82,,75,78,78,72,63,,49,53,,,118,141,,101,,114,112,118,118,65,67,,67,69,,89,85,,94,,93,89,90,,92,83,85,89,86,,59,53,58,54,51,63,34,92,110,93,90,96,82,71,50,40,74,63,51,94,85,91,92,92,102,83,96,89,92,64,82,76,93,,96,48,44,50,40,36,102,101,101,94,104,106,113,110,,144,137,145,,140,86,91,79,84,,88,68,86,,62,,70,67,74,68,110,111,110,,,,79,,97,,90,84,108,,76,65,74,74,72,,79,,120,120,134,128,126,116,,108,98,118,127,113,118,,71,,,86,92,94,62,,85,93,105,95,53,94,80,82,84,64,70,75,66,81,68,64,105,104,115,107,120,126,120,131,133,,151,168,146,142,59,100,96,67,,,,,116,121,,119,93,106,120,101,93,102,72,73,60,75,66,63,67,88,101,98,,86,88,91,,92,93,,78,109,121,122,116,123,111,126,121,89,101,103,94,,135,136,121,183,176,148,124,121,129,,122,107,103,90,105,114,108,132,132,,58,,,74,74,70,79,75,,,,,,80,70,100,,,65,,69,,,96,,85,80,76,80,85,81,89,93,50,,156,131,127,136,124,138,149,148,146,109,137,55,47,,90,102,,89,102,84,80,,,119,74,69,67,63,81,79,82,91,,,117,65,64,65,65,,67,88,105,103,110,103,69,,77,74,82,,,78,78,,97,92,93,,88,,161,157,,,91,58,,,171,180,132,,,73,76,102,101,181,181,180,91,87,90,87,84,63,62,52,63,123,116,101,96,74,80,65,69,,136,143,89,,68,60,62,74,107,115,93,79,46,50,51,64,,,60,99,100,96,99,58,62,44,62,69,66,72,82,81,66,70,71,,,98,80,82,89,110,116,,49,128,138,,130,130,130,,140,148,145,140,,87,101,92,55,69,57,62,46,71,72,83,,107,81,76,44,169,187,,129,,123,,,,87,84,90,88,112,104,,71,,79,81,71,61,66,58,53,64,82,88,83,82,90,81,79,84,86,91,94,93,59,,60,59,55,60,50,55,57,91,88,89,89,82,72,66,71,,74,96,103,106,93,83,69,76,79,80,73,78,74,70,87,,81,86,84,64,71,68,69,73,80,72,89,,66,82,75,,54,80,80,96,,103,102,79,,87,82,90,82,91,64,64,69,70,72,117,114,120,,54,58,65,91,102,,104,113,80,75,72,89,95,91,85,86,100,96,,87,97,87,,85,90,,109,91,89,83,,82,83,78,68,70,102,93,88,91,95,85,,,,117,103,,91,93,101,96,66,74,74,68,72,85,96,86,100,93,58,77,89,78,80,71,61,82,90,76,47,68,68,49,43,46,45,65,72,64,92,97,90,118,117,119,123,78,71,74,110,111,81,80,66,103,95,121,121,83,101,94,101,,108,124,106,113,99,139,139,146,128,106,118,125,130,142,132,,,98,96,94,,93,77,77,77,82,83,,142,134,136,,,,,129,119,119,119,124,108,90,102,,111,123,131,124,123,122,64,60,56,62,55,,,,,66,75,83,84,56,50,72,,81,125,120,117,117,123,118,130,47,51,83,93,87,88,,47,51,49,52,18,22,125,125,86,,95,80,,115,104,,64,62,77,,88,,113,,68,62,114,118,116,114,125,129,129,134,95,97,90,82,,120,121,103,144,125,151,,95,110,120,116,107,110,,100,95,133,133,136,,148,161,129,,130,206,134,140,112,124,139,,148,158,,153,120,133,132,128,116,120,113,132,,141,121,117,103,102,111,124,131,124,,,117,114,126,89,,102,119,117,157,147,73,69,55,110,106,113,112,76,,90,108,153,179,41,89,125,,131,,115,131,206,92,50,47,112,114,157,105,85,96,123,80,,,116,106,95,118,,172,179,171,102,,96,123,,,72,137,125,69,94,111,68,48,71,128,82,146,167,139,89,,106,73,,54,82,144,136,129,125,64,104,46,79,80,61,56,106,89,177,79,90,102,64,100,112,132,58,74,77,79,76,87,148,118,104,117,84,139,141,80,72,76,112,93,121,114,86,74,144,110,85,,122,87,112,65,124,63,63,,77,166,109,100,78,91,112,133,165,117,155,77,64,182,100,66,93,106,72,,89,162,140,160,159,,112,45,42,51,56,46,55,54,47,42,126,117,152,158,132,81,,111,,94,72,76,129,80,55,59,54,58,54,42,43,36,38,40,51,,54,41,63,48,62,54,77,84,126,105,124,127,124,150,105,172,105,69,65,85,86,78,82,,66,68,72,86,89,69,83,120,74,96,66,103,102,85,65,79,105,186,195,159,145,136,71,118,126,91,77,109,84,88,128,129,114,68,78,67,65,73,132,90,84,100,92,81,121,88,102,106,120,100,83,82,91,84,86,81,77,,120,114,106,146,123,126,172,153,83,91,190,116,140,149,88,74,80,92,73,153,158,162,123,156,,52,70,48,45,38,46,42,77,48,52,56,34,55,93,105,119,111,106,99,96,109,99,109,110,129,125,74,64,89,82,,86,104,80,83,65,103,53,49,142,57,125,149,127,133,115,120,129,162,132,92,80,,130,140,148,140,72,77,,118,128,112,128,111,174,,131,168,115,100,45,76,73,63,114,,74,85,94,125,71,86,88,77,78,62,55,,43,,126,98,,71,58,66,68,115,125,95,49,,44,122,118,115,,,71,114,109,101,94,101,80,90,93,99,95,121,109,98,102,100,110,118,127,115,63,62,89,78,80,86,76,69,131,135,106,66,89,76,95,73,142,138,148,102,104,70,102,81,85,67,152,65,30,66,46,52,52,70,160,160,,143,95,73,73,72,134,120,66,67,117,113,110,134,143,153,98,88,133,86,84,123,88,84,,84,60,71,128,77,107,108,74,94,114,104,97,103,123,94,129,148,153,93,80,86,82,97,92,123,109,106,107,135,146,144,107,107,90,64,93,57,47,120,148,108,77,124,103
20210719,21,O3_8h_24h,112,112,130,126,119,121,115,115,114,130,117,120,,,110,,119,128,109,,116,,99,134,,119,145,,116,116,95,107,104,124,111,,112,103,,103,101,92,109,113,,112,,117,116,108,122,123,128,119,119,119,116,,119,122,120,74,89,82,,82,119,112,,117,136,136,128,111,95,,99,105,104,96,93,,95,89,86,94,89,82,,145,133,,,148,146,138,136,99,95,97,,96,113,115,104,110,,124,92,86,87,86,90,99,85,83,89,81,95,96,91,101,89,106,94,95,96,100,142,133,123,,139,139,128,136,125,130,130,136,71,68,68,66,68,,75,48,67,63,134,132,138,130,130,143,118,134,156,90,,113,106,104,101,100,106,104,100,103,86,106,85,,,,95,105,,103,108,104,,,,159,,132,131,133,134,108,128,,129,165,,,,157,161,,174,171,191,110,116,,121,100,105,101,98,96,99,91,,96,,106,92,,129,131,,130,126,132,,137,136,123,110,54,74,63,,,61,66,72,86,70,61,71,,91,,,128,,124,124,,50,83,71,44,39,39,,104,100,127,132,124,90,91,90,134,133,137,146,146,125,122,128,130,141,72,,59,68,67,49,101,94,88,82,88,92,,76,79,,,82,152,179,149,,154,178,154,194,82,,,75,78,87,85,79,82,58,57,58,61,57,56,,50,64,88,90,91,88,82,94,73,,100,114,169,165,153,173,136,170,149,145,143,139,55,59,,62,58,65,68,63,56,51,70,36,38,32,29,27,42,,47,48,48,40,35,41,35,34,46,49,54,49,,48,57,44,39,42,38,41,58,57,54,54,,,60,60,49,50,44,43,49,49,58,65,69,63,152,144,151,140,125,148,130,128,85,83,69,72,81,129,,129,135,168,140,149,134,146,,,140,140,136,140,121,,206,179,186,152,,,206,155,96,82,90,102,87,83,92,90,87,,71,65,75,80,82,75,86,85,78,90,77,82,85,71,63,79,75,91,92,97,,86,73,74,72,,198,157,166,155,,,,170,182,,,,182,189,141,127,139,138,160,,139,168,159,184,146,151,130,143,110,128,132,90,105,165,125,156,,149,151,161,145,170,171,174,166,167,,95,102,98,84,78,76,90,114,103,96,90,91,90,91,89,89,82,81,,106,,94,107,106,96,143,,144,135,,,125,129,121,144,,104,120,117,,117,120,112,110,131,92,87,86,94,96,,,,126,,111,129,,136,159,156,145,82,78,88,73,93,75,,110,,,82,,79,77,76,72,78,74,76,76,,98,85,92,89,93,91,84,80,92,90,74,70,68,52,47,50,66,64,62,56,,58,76,68,,87,85,,81,85,86,75,78,,70,55,,,118,141,,113,,119,117,123,122,68,68,,67,70,,95,90,,99,,96,96,93,,97,85,95,94,95,,79,78,86,78,81,80,62,117,126,114,110,113,103,88,69,54,86,86,73,100,92,98,98,96,112,104,108,112,112,85,82,77,93,,96,76,65,78,71,66,107,101,101,94,104,131,141,131,,145,145,146,,140,92,102,86,94,,104,80,88,,64,,70,67,74,68,110,111,110,,,,79,,97,,90,84,108,,76,65,74,74,72,,79,,124,128,135,132,138,121,,112,101,122,138,116,128,,92,,,97,95,94,69,,89,99,109,99,69,96,80,89,108,99,98,104,98,107,70,65,108,108,121,107,122,127,122,135,136,,156,170,148,148,79,106,103,74,,,,,121,128,,131,97,114,130,115,102,108,82,82,70,85,77,69,75,92,104,101,,86,88,91,,97,100,,86,109,128,124,116,125,116,127,124,92,105,108,100,,135,136,125,189,180,153,154,121,129,,122,109,123,101,108,118,112,143,143,,75,,,82,82,83,94,87,76,,82,,,88,76,107,,,83,,82,,,123,,109,106,103,116,122,119,116,119,82,,161,148,153,161,151,150,154,148,146,111,140,77,66,,94,113,,102,112,93,89,,,127,74,74,71,68,81,79,82,94,,,142,70,70,70,71,,70,88,110,107,113,107,84,,82,78,84,,,80,78,,98,93,93,,91,,170,167,,,94,61,,,176,185,136,,,77,83,104,103,183,182,180,98,94,96,94,88,88,89,72,93,128,130,109,104,74,80,67,71,,140,143,95,,87,85,76,90,111,123,99,83,64,62,69,75,,,85,116,112,119,144,91,83,75,84,89,89,86,116,102,87,99,95,,,105,80,82,89,124,126,,51,130,143,,135,135,140,,142,149,146,143,90,93,104,94,88,106,96,92,70,102,92,97,,124,90,86,62,175,190,,135,,130,,,,102,98,103,102,115,109,,90,,108,109,107,76,81,71,66,75,90,98,95,90,92,85,85,86,89,94,101,101,76,,73,74,70,78,68,69,66,102,100,97,97,92,81,80,79,,91,105,107,108,100,98,92,95,98,109,84,90,85,86,96,,89,95,92,83,82,82,81,85,80,72,93,,66,86,84,,81,83,80,104,,121,117,89,,93,87,92,84,93,78,74,82,78,85,122,117,122,,76,68,84,94,107,,108,117,90,84,83,104,97,94,87,91,105,101,,96,107,95,,96,100,,115,91,94,88,,86,86,85,78,77,125,99,94,98,106,103,45,62,57,130,112,,109,114,122,114,85,90,84,78,82,102,104,99,109,104,60,78,92,79,81,91,73,92,101,88,62,72,73,81,74,75,78,65,73,64,93,100,91,121,130,129,136,98,88,91,122,127,98,105,86,104,97,123,122,83,101,103,110,,116,124,107,115,106,152,148,154,140,106,118,125,130,142,137,,,100,100,104,,96,94,85,84,90,86,,144,134,136,,,,,134,128,123,127,131,113,94,108,,113,127,140,149,137,128,73,66,65,69,68,,,,,76,77,85,86,59,60,80,,83,129,122,119,119,124,120,132,58,61,86,94,90,91,,54,52,53,54,22,26,135,130,91,,95,80,,116,110,,66,64,81,,99,,116,,68,62,116,120,120,118,125,129,130,134,97,100,91,84,,125,128,105,153,133,155,,101,112,129,126,112,112,,104,96,137,135,139,,150,163,138,,134,206,141,140,116,126,145,,152,169,,162,127,135,132,128,116,120,116,133,,141,122,117,105,104,111,124,131,124,,,117,115,126,90,,102,119,117,157,153,102,71,58,121,136,126,116,84,,92,122,170,184,68,128,141,,136,,125,138,217,93,50,50,113,120,159,125,103,99,142,89,,,120,135,97,127,,175,182,171,110,,100,140,,,83,164,151,75,98,115,74,71,94,140,84,146,167,143,93,,110,110,,67,87,148,140,129,128,72,112,48,79,84,82,59,116,89,179,86,98,108,67,104,116,132,73,75,78,80,77,95,154,124,106,119,93,148,142,95,96,97,112,93,124,120,92,84,162,111,85,,124,104,120,69,124,87,87,,81,177,109,109,86,95,114,147,180,128,157,77,76,188,100,79,93,125,91,,96,176,148,165,164,,114,72,64,76,76,63,76,76,66,51,126,121,156,169,137,97,,117,,117,93,89,149,95,61,67,59,62,58,50,49,37,38,40,51,36,62,42,73,50,70,60,83,99,136,117,150,142,147,150,108,175,108,91,91,85,86,84,94,,66,68,88,97,97,83,99,121,77,100,75,107,102,100,70,82,110,196,201,168,150,138,79,140,128,100,89,118,93,97,141,136,115,69,82,73,84,85,137,93,87,106,98,92,131,113,110,109,133,116,112,92,103,93,95,81,90,,129,114,106,153,133,127,172,154,107,98,198,139,150,149,112,98,95,109,90,153,158,162,123,156,,56,71,52,51,39,46,43,80,59,53,58,36,69,95,115,122,121,106,102,109,114,119,130,131,134,132,102,67,89,83,,86,104,81,88,94,106,77,58,149,68,129,159,139,136,118,127,135,172,144,100,86,,132,152,151,142,83,86,152,131,132,119,139,122,177,,132,174,117,105,48,102,92,91,132,,94,100,104,125,82,89,91,79,90,65,61,,63,,133,101,,83,60,68,68,136,130,99,62,,69,127,125,119,,,71,121,115,112,95,118,103,103,116,101,96,130,126,108,106,105,118,125,133,126,63,66,92,78,80,86,82,69,131,135,107,75,90,80,95,74,144,138,148,109,113,88,111,96,87,71,160,83,33,71,57,60,60,84,164,165,,143,100,73,73,90,138,128,74,78,147,128,116,134,149,164,102,91,137,91,92,138,95,103,,86,70,76,128,77,107,108,74,101,114,107,100,104,128,97,133,166,157,102,84,89,93,115,113,123,109,107,107,140,148,144,115,107,93,93,97,83,77,124,154,114,81,130,111
20210719,21,CO,0.6,0.7,0.7,0.6,0.7,0.7,0.5,0.6,0.5,0.6,0.5,0.6,,,1.3,,1.5,0.7,0.9,,0.7,,0.4,0.4,,0.4,0.5,,0.6,0.6,0.5,0.7,0.6,0.3,0.6,,0.5,0.4,,0.4,0.3,0.4,0.2,0.4,,0.3,,0.5,0.7,0.4,0.1,0.4,0.3,0.1,0.1,0.1,0.4,,0.4,,0.1,0.6,0.7,0.8,,0.7,0.5,0.6,,0.4,0.3,0.1,0.2,0.3,0.5,,0.3,0.7,0.4,0.4,0.7,,0.6,0.6,0.6,0.6,0.6,0.8,,0.5,0.4,,,0.4,0.4,0.5,0.4,0.8,0.5,0.7,,0.6,0.6,0.5,0.5,0.6,,0.6,0.7,0.5,0.4,0.5,0.3,0.5,0.5,0.4,0.6,0.5,0.8,0.6,0.9,0.4,0.6,0.3,0.4,0.4,0.5,0.5,0.5,0.8,0.6,,0.6,0.7,0.5,0.6,0.5,0.6,0.5,0.5,0.5,0.6,0.3,0.4,0.4,,0.3,0.3,0.3,0.3,0.3,0.5,0.1,0.2,0.6,0.5,0.3,0.5,0.5,0.1,,0.3,0.4,0.3,0.1,0.3,0.4,0.4,0.3,0.4,0.4,0.5,0.4,,,,0.5,0.4,,0.6,0.3,0.3,,,,0.4,,0.3,0.3,0.4,0.3,0.6,0.3,,0.5,0.5,,,,0.9,0.6,,0.5,1,0.8,0.3,0.5,,0.1,0.2,0.3,0.2,0.2,,0.5,0.3,,0.4,,0.3,0.4,,0.5,0.4,,0.6,0.4,0.4,,0.5,0.4,0.5,0.3,0.4,0.5,0.4,,,0.4,0.4,0.4,0.4,0.3,0.4,0.4,,0.4,,,0.4,,0.5,0.4,,,0.3,0.2,0.3,0.4,0.5,,0.4,0.5,0.3,0.1,0.4,0.4,0.3,0.4,0.5,0.4,0.4,0.5,0.5,0.7,0.5,0.4,0.4,0.3,0.3,,0.5,0.6,0.4,0.4,0.3,0.5,0.2,0.8,0.6,0.5,,0.7,0.7,,,0.6,0.6,0.3,0.9,,0.5,0.5,0.8,0.5,0.3,,,0.1,0.3,0.4,,0.1,0.4,0.6,0.5,0.6,0.6,,0.6,,0.6,0.7,1,1.2,1,1.1,1.1,0.6,0.9,,1.9,0.4,0.9,0.6,0.7,0.7,0.7,0.5,0.5,0.5,0.5,0.4,0.5,0.6,,0.4,0.4,0.6,0.6,0.6,0.5,0.5,0.4,0.4,0.6,0.6,0.5,0.4,0.4,,0.8,0.4,0.3,0.5,0.5,0.6,0.4,0.5,0.3,0.4,0.3,0.4,,0.4,0.5,0.5,0.6,0.5,0.4,0.4,,0.5,0.5,0.5,,,0.6,0.6,0.7,0.5,0.6,0.5,0.7,0.5,0.6,0.5,0.3,0.4,0.6,0.6,0.6,0.7,0.7,0.8,0.7,0.6,0.3,0.5,0.5,0.5,0.5,0.7,,0.5,0.8,0.8,0.7,0.9,0.3,0.5,,,0.9,0.5,1,0.4,0.6,,0.4,0.4,0.6,0.7,,,0.6,0.4,0.3,0.3,0.2,0.5,0.6,0.4,0.6,0.3,0.6,,0.4,0.2,0.3,0.3,0.3,0.4,0.3,0.4,0.2,0.4,0.4,0.2,0.6,0.6,0.6,0.6,0.6,0.3,0.6,0.3,,0.6,0.8,0.6,0.6,,0.5,0.5,0.6,0.3,,,,0.6,0.3,,,,0.4,0.6,0.6,0.5,0.6,0.2,0.8,,0.7,0.7,1,0.9,0.8,0.8,1.1,0.8,0.7,1,0.7,0.3,0.5,0.7,0.9,0.6,,0.6,0.8,0.7,0.7,0.6,0.6,0.7,0.5,0.5,,1.2,1,0.5,0.3,0.7,0.5,0.6,0.7,0.6,0.6,0.4,0.6,0.3,0.5,0.2,0.3,0.4,0.3,,0.7,,0.2,0.6,0.3,0.7,0.5,,0.6,0.7,,,0.3,0.5,0.4,0.2,,0.3,0.6,0.5,,0.2,0.1,0.1,0.4,0.3,0.3,0.1,0.1,0.2,0.2,,,,0.3,,0.2,0.6,,0.3,0.3,0.4,0.6,0.5,0.2,0.2,0.5,0.3,0.3,,0.3,,,0.8,,0.7,0.6,2.2,0.4,0.6,0.5,0.3,0.4,,0.6,0.5,0.8,0.6,0.4,0.4,0.4,0.6,0.7,0.7,0.5,0.8,0.6,0.3,0.5,0.4,0.7,0.6,0.6,0.4,,0.6,0.4,,,0.7,0.6,,0.4,0.7,0.7,0.5,0.6,,0.6,0.5,,,0.4,0.5,,0.6,,0.7,0.5,0.5,0.5,0.6,0.5,,0.6,0.7,,0.6,0.6,,0.9,,1.1,1,1,,1,0.9,0.6,0.4,0.3,,0.6,0.7,0.8,1.1,0.9,0.3,0.2,0.7,0.8,0.5,1,0.5,0.7,0.3,1.2,1.5,0.6,0.6,0.4,0.7,1.1,0.4,0.6,0.5,0.7,0.6,0.6,0.8,0.7,0.5,0.5,0.5,0.2,,0.1,0.4,0.3,0.4,0.3,0.3,0.5,0.6,0.6,0.4,0.8,0.7,0.8,0.6,,0.7,0.6,0.8,,0.4,0.7,0.6,0.5,0.7,,1.2,0.3,0.3,,0.8,,0.7,0.3,0.4,0.4,0.6,0.9,0.6,,,,0.6,,0.6,,0.4,0.5,0.9,,0.6,0.6,0.6,0.5,0.5,,0.5,,0.4,0.6,0.4,0.4,0.6,0.8,,0.7,0.4,0.4,0.7,0.6,0.5,,0.6,,,0.6,0.4,0.4,0.6,,0.6,0.6,0.5,0.7,0.7,0.7,0.6,0.8,0.7,1,1.3,1.1,1,0.9,0.3,0.3,0.7,0.6,0.9,0.8,0.6,0.7,0.6,0.5,0.7,,1.4,2.7,1.7,0.4,1,0.7,1.1,1,,,,,0.5,0.5,,0.7,0.7,0.5,0.3,0.4,0.5,,0.5,0.4,0.5,0.4,0.4,0.8,0.9,0.7,0.5,0.7,,0.6,0.4,0.6,,0.6,0.5,,0.5,0.6,0.7,0.6,,0.7,0.6,0.4,0.5,0.6,0.5,0.6,0.6,,0.5,0.6,0.2,0.3,0.1,0.1,0.9,0.6,0.4,,0.5,0.4,0.3,,0.3,0.2,0.5,0.2,0.2,,0.4,,,0.3,0.3,0.2,0.2,0.3,,,,,,0.2,0.3,0.3,,,0.3,,0.4,,,0.6,,0.6,0.3,0.7,0.6,0.6,0.8,0.3,0.4,0.3,,,0.8,0.7,0.6,0.6,0.3,0.2,0.3,0.3,0.6,0.6,0.2,0.3,,0.6,0.4,,0.5,0.6,0.6,0.8,,,0.8,0.5,0.6,0.5,0.5,0.5,0.7,0.6,0.5,,,0.3,0.8,1.1,1.2,1.2,,1,0.5,0.4,0.7,0.7,0.5,0.3,,0.4,0.6,0.8,,,0.6,0.6,,0.7,0.6,0.4,,0.5,,0.6,0.4,,,,0.5,,,0.6,0.5,0.5,,,0.3,0.4,0.3,0.3,0.4,0.3,0.4,0.4,0.3,0.5,0.4,0.5,0.5,0.5,1,1.1,0.6,0.4,0.5,0.4,0.3,0.5,0.5,0.3,,0.6,0.3,0.3,,0.4,0.5,0.6,0.5,0.6,0.4,0.5,0.4,0.5,0.5,0.4,0.4,,,0.5,0.7,0.6,0.6,0.5,0.5,0.7,3.8,0.5,0.6,0.6,0.4,0.6,0.6,0.6,0.7,0.6,,,0.5,0.5,0.4,0.4,0.4,0.4,,0.7,0.3,0.4,,0.4,0.5,0.5,,0.5,0.6,0.5,0.4,,0.4,0.5,0.5,0.7,0.4,0.6,1.2,0.6,0.4,0.5,0.7,,0.4,0.4,0.3,,0.7,0.5,,0.5,,0.4,,,,0.4,0.5,0.7,0.6,0.6,0.6,,0.8,,0.5,0.5,0.5,0.5,0.3,0.5,0.5,0.3,0.5,0.5,0.8,0.5,0.2,0.5,0.5,0.4,0.5,0.6,0.5,0.5,0.3,,0.5,0.4,0.9,0.5,0.8,0.8,0.3,1.6,1.5,0.4,1.4,0.2,0.4,0.6,0.8,,0.6,0.5,0.6,0.4,0.5,1.1,1,0.8,1.2,1.5,0.5,0.7,0.6,0.5,0.6,,0.5,0.7,0.4,0.5,0.7,0.6,0.6,0.6,0.4,0.5,0.7,,1.2,0.9,0.8,,0.6,0.7,0.7,0.6,,0.6,0.5,0.6,,0.6,0.6,0.5,0.7,0.7,0.9,1,0.8,0.7,0.6,0.8,0.6,0.6,,0.6,0.4,0.7,1.3,1.1,,0.7,1.1,0.4,0.8,0.8,0.7,0.5,0.8,0.8,0.8,0.6,0.6,,0.6,0.8,,,1.1,1.2,,0.5,0.4,0.5,0.4,,0.8,0.6,0.7,1.4,1.1,1.1,0.6,0.6,0.6,0.5,0.7,,,,0.5,0.5,,0.5,0.9,1,1.4,0.4,0.4,0.5,0.4,0.6,0.7,0.5,0.7,0.5,0.8,1.4,0.9,0.9,0.8,1.3,0.3,0.9,1.4,0.4,0.8,0.4,0.4,0.4,1,0.9,1,0.8,0.5,0.5,0.5,0.7,0.7,0.6,0.7,0.8,0.9,0.7,0.5,0.7,0.7,0.7,0.8,0.5,0.6,,0.6,0.7,0.9,0.9,0.6,0.6,0.6,0.4,,0.4,0.3,0.4,0.3,0.6,0.5,0.5,0.3,0.3,0.6,0.3,0.6,0.5,0.3,0.5,,,0.4,0.4,0.6,,0.6,0.4,0.4,0.3,0.5,0.4,,0.4,0.6,0.4,,,,,0.5,0.5,0.4,0.5,0.5,0.3,0.2,0.4,,0.2,0.5,0.5,0.4,0.6,0.6,0.4,0.8,1.1,1,1,,,,,0.3,0.4,0.5,0.5,0.6,0.8,0.4,,0.3,0.4,0.3,0.3,0.3,0.7,0.7,0.6,0.5,0.5,0.6,0.6,0.6,0.7,,0.5,0.5,0.4,0.3,0.5,0.5,0.7,0.5,0.5,,0.3,0.8,,0.7,0.8,,0.4,0.2,0.5,,1.1,,0.4,,0.6,0.6,0.4,0.6,0.5,0.7,0.4,0.6,0.4,0.6,0.6,0.4,0.5,0.4,,0.5,0.5,0.4,0.5,0.7,0.4,,0.4,0.4,0.3,0.4,0.4,0.4,,0.7,0.8,0.4,0.1,0.7,,0.2,0.1,0.2,,0.4,0.6,0.8,0.4,0.5,0.3,0.4,,0.3,0.3,,0.4,0.4,0.6,0.4,0.8,0.8,0.1,0.5,0.4,,0.5,0.2,0.2,0.3,0.6,0.1,0.4,0.5,0.4,,,0.5,0.7,0.4,0.8,,0.3,0.4,0.6,0.4,1.2,0.3,0.5,0.6,0.5,0.4,0.5,0.4,0.6,,0.4,0.7,0.2,0.8,0.5,0.4,0.4,,0.4,,0.3,0.9,0.7,0.5,0.5,0.4,0.1,,0.5,0.6,0.6,0.5,0.4,0.4,,,0.4,0.3,0.3,0.8,,0.7,0.4,0.7,0.6,,0.4,0.3,,,0.2,0.4,0.3,0.4,0.4,0.5,0.3,0.1,0.3,0.3,0.5,0.8,0.5,0.4,0.7,,1.3,0.6,,0.4,0.7,0.3,0.4,0.2,0.5,0.5,0.4,0.5,0.6,0.4,,0.3,0.7,0.6,0.5,0.2,0.3,0.4,0.4,0.6,0.3,0.5,1,0.4,0.5,0.4,0.3,1,0.3,0.4,0.3,0.7,0.6,0.4,0.6,0.6,0.6,0.7,0.7,0.6,0.5,0.9,0.7,0.8,0.3,0.6,0.7,,0.6,0.4,0.2,0.4,0.5,0.6,0.8,,0.6,0.4,0.3,,0.4,0.3,0.4,0.7,0.3,0.9,0.4,0.6,0.5,0.6,0.6,0.3,0.7,0.4,0.9,,0.6,0.3,0.3,0.4,0.1,,0.3,0.4,0.3,0.3,0.4,0.2,0.5,0.3,0.4,0.5,0.6,0.5,0.7,0.4,0.3,0.4,,0.5,,0.4,0.6,0.4,0.5,0.4,0.6,0.6,0.7,0.7,0.6,0.7,0.6,0.4,0.5,0.5,0.6,,0.5,0.4,0.7,0.5,0.6,0.8,0.8,0.2,0.3,,0.9,0.2,0.5,0.4,0.6,0.8,0.5,0.8,0.6,0.4,0.7,0.6,0.4,,0.4,0.5,0.3,0.4,0.5,0.5,0.6,0.7,0.6,0.5,0.6,0.5,0.4,0.8,0.4,0.4,,0.7,0.4,0.6,0.5,0.6,0.2,0.4,0.1,0.3,0.1,0.5,0.3,0.2,0.6,0.5,0.5,0.3,0.7,0.6,0.7,0.7,0.2,0.6,0.7,0.6,0.6,0.7,0.8,0.7,0.5,0.7,0.9,0.6,0.5,0.4,0.4,0.4,0.3,0.3,0.4,,0.7,0.5,0.4,0.8,0.7,0.4,0.5,0.4,0.5,0.1,0.6,0.3,0.5,0.4,0.2,0.4,0.4,0.2,0.4,0.3,0.2,0.5,0.2,0.3,,0.5,0.5,0.7,0.7,0.4,0.5,0.5,0.6,0.6,0.3,0.4,0.4,0.7,0.5,0.3,0.4,0.3,0.4,0.7,0.8,0.4,0.4,,0.6,0.4,0.6,0.4,0.6,0.5,1.1,,0.4,0.4,0.6,0.6,0.7,0.6,0.6,0.4,0.7,0.6,0.4,0.7,0.4,0.4,0.8,0.7,0.4,0.3,0.5,0.4,0.4,,0.6,0.5,0.3,0.4,0.3,0.2,0.6,0.8,0.9,0.3,0.5,0.4,0.1,,0.6,0.6,0.8,0.6,0.6,0.3,0.4,0.3,0.3,,0.8,0.5,0.7,0.9,0.5,0.4,0.4,0.3,0.5,0.4,0.4,,0.3,,0.5,0.7,,1.2,0.5,0.2,0.4,0.6,0.6,0.5,0.3,,0.3,0.5,0.6,0.5,,,0.9,0.6,0.4,0.3,0.6,0.3,0.8,0.4,0.3,0.7,0.7,0.2,0.3,0.1,0.5,0.3,0.4,0.3,0.3,0.5,0.6,0.7,0.6,0.9,0.7,1.4,0.8,0.6,0.7,0.9,0.8,0.4,0.5,0.5,0.3,0.5,0.5,0.4,0.6,0.3,0.6,0.6,0.5,0.5,1.1,0.8,0.4,0.6,0.5,0.5,0.5,0.5,0.5,0.6,0.8,0.7,,0.6,0.2,0.5,0.6,0.6,0.3,0.6,0.5,,0.7,0.2,0.4,0.4,0.5,0.5,0.8,0.5,0.6,1.5,0.4,0.5,0.3,0.6,,0.6,0.6,0.2,0.3,0.5,0.6,0.5,0.5,0.7,0.6,0.7,0.5,0.6,0.5,0.5,0.6,0.5,0.7,0.6,0.3,0.5,0.5,0.4,0.4,0.7,0.6,0.7,0.5,0.6,0.5,0.3,0.3,1.1,0.1,0.4,0.1,0.3,0.3,0.4,0.4,0.6,0.5,0.7,0.4
20210719,21,CO_24h,0.5,0.5,0.7,0.7,0.6,0.7,0.5,0.5,0.5,0.5,0.5,0.6,,,0.8,,0.9,0.7,0.6,,1,,0.5,0.5,,0.6,0.5,,0.6,0.6,0.5,0.8,0.7,0.4,0.6,,0.9,0.7,,0.9,0.6,0.3,0.2,0.4,,0.3,,0.4,0.6,0.4,0.1,0.4,0.3,0.1,0.1,0.1,0.3,,0.5,0.5,0.1,0.7,0.7,0.8,,0.7,0.6,0.4,,0.5,0.4,0.2,0.3,0.3,0.5,,0.1,0.4,0.3,0.3,0.7,,0.6,0.6,0.5,0.7,0.5,0.6,,0.5,0.5,,,0.4,0.5,0.4,0.4,0.8,0.6,0.6,,0.6,0.6,0.5,0.5,0.6,,0.5,0.7,0.5,0.5,0.5,0.4,0.5,0.5,0.4,0.6,0.6,0.6,0.5,0.7,0.5,0.6,0.3,0.4,0.4,0.4,0.5,0.3,0.7,0.5,,0.5,0.6,0.5,0.6,0.3,0.5,0.4,0.4,0.5,0.5,0.3,0.4,0.4,,0.4,0.3,0.3,0.2,0.3,0.5,0.2,0.3,0.7,0.5,0.5,0.6,0.4,0.2,,0.3,0.5,0.3,0.1,0.3,0.5,0.4,0.3,0.4,0.5,0.5,0.3,,,,0.5,0.4,,0.5,0.4,0.3,,,,0.6,,0.4,0.2,0.4,0.3,0.4,0.3,,0.3,0.7,,,,0.6,0.5,,0.6,0.8,0.7,0.4,0.6,,0.2,0.2,0.3,0.2,0.2,,0.5,0.4,,0.3,,0.3,0.4,,0.4,0.5,,0.6,0.3,0.7,,0.5,0.4,0.4,0.3,0.4,0.5,0.4,,,0.3,0.4,0.4,0.4,0.4,0.4,0.4,,0.7,,,0.5,,0.6,0.5,,0.3,0.3,0.2,0.3,0.4,0.5,,0.3,0.4,0.3,0.2,0.4,0.4,0.3,0.4,0.5,0.5,0.5,0.6,0.5,0.6,0.6,0.5,0.2,0.5,0.4,,0.5,0.6,0.4,0.4,0.3,0.5,0.2,1.3,0.8,0.7,,1,0.8,,,0.8,0.6,0.3,0.8,,0.5,0.5,0.6,0.4,0.3,,,0.1,0.3,0.4,0.1,0.1,0.4,0.6,0.4,0.5,0.5,0.5,0.5,,0.6,0.5,0.8,0.9,0.7,0.9,0.8,0.6,0.8,,1,0.4,0.8,0.7,0.6,0.7,0.6,0.6,0.4,0.5,0.6,0.4,0.5,0.6,,0.5,0.4,0.6,0.6,0.6,0.5,0.6,0.4,0.4,0.6,0.6,0.5,0.4,0.4,,0.8,0.4,0.4,0.5,0.5,0.6,0.4,0.5,0.3,0.5,0.4,0.4,,0.5,0.5,0.5,0.6,0.5,0.5,0.4,0.5,0.6,0.5,0.5,,,0.6,0.5,0.7,0.4,0.6,0.5,0.7,0.5,0.5,0.5,0.3,0.4,0.6,0.6,0.6,0.6,0.4,0.7,0.7,0.5,0.3,0.4,0.5,0.4,0.4,0.5,,0.5,0.6,0.6,0.7,0.9,0.3,0.4,,,0.7,0.5,0.9,0.2,0.6,,0.4,0.4,0.6,0.6,,,0.6,0.3,0.3,0.4,0.5,0.6,0.6,0.5,0.6,0.5,0.7,,0.4,0.3,0.3,0.3,0.2,0.4,0.2,0.3,0.2,0.4,0.4,0.2,0.4,0.8,0.7,0.7,0.7,0.5,0.7,0.4,,0.7,0.9,0.7,0.8,,0.6,0.5,0.4,0.4,,,,0.8,0.3,,,,0.4,0.6,0.7,0.5,0.8,0.3,0.8,,0.8,0.7,1,0.8,0.7,0.8,1,0.7,0.7,0.9,0.7,0.4,0.6,0.7,0.8,0.6,,0.5,0.8,0.7,0.7,0.7,0.6,0.7,0.6,0.6,,0.4,1,0.4,0.4,0.5,0.4,0.6,0.7,0.5,0.6,0.5,0.6,0.3,0.5,0.2,0.3,0.3,0.3,,0.7,,0.3,0.6,0.3,0.8,0.5,,0.6,0.7,,,0.5,0.6,0.6,0.3,,0.2,0.5,0.3,,0.2,0.1,0.2,0.4,0.3,0.2,0.1,0.2,0.2,0.3,,,,0.3,,0.4,0.7,,0.4,0.4,0.5,0.6,0.4,0.2,0.3,0.4,0.4,0.4,,0.3,,,0.8,,0.7,0.6,0.8,0.4,0.6,0.5,0.3,0.4,,0.5,0.4,0.6,0.5,0.4,0.4,0.5,0.6,0.7,0.8,0.4,0.6,0.6,0.3,0.5,0.5,0.7,0.7,0.7,0.4,,0.5,0.5,0.4,,0.6,0.6,,0.5,0.7,0.7,0.6,0.6,,0.6,0.5,,,0.5,0.5,,0.6,,0.7,0.5,0.5,0.5,0.7,0.5,,0.8,0.7,,0.6,0.6,,0.6,,0.9,0.8,0.9,,0.7,0.8,0.4,0.3,0.1,,0.5,0.6,0.6,1,0.9,0.3,0.2,0.6,0.7,0.5,0.8,0.4,0.7,0.3,1,1.9,0.6,0.5,0.5,0.7,0.6,0.4,0.6,0.5,0.7,0.6,0.6,0.8,0.6,0.5,0.5,0.5,0.2,,0.1,0.4,0.4,0.3,0.4,0.3,0.5,0.4,0.6,0.4,0.5,0.7,0.8,0.6,,0.8,0.8,0.7,,0.4,0.6,0.5,0.5,0.8,,0.6,0.4,0.3,,0.7,,0.7,0.3,0.4,0.4,0.5,0.7,0.5,,,,0.5,,0.5,,0.4,0.5,0.9,,0.6,0.6,0.6,0.5,0.5,,0.6,,0.4,0.6,0.5,0.5,0.5,0.8,,0.7,0.6,0.5,0.7,0.6,0.6,,0.7,,,0.7,0.4,0.3,0.6,,0.7,0.8,0.7,0.7,0.7,0.4,0.5,0.7,0.6,0.8,1.1,1,1.1,0.8,0.4,0.3,0.5,0.5,0.8,0.5,0.6,0.7,0.6,0.5,0.7,,1.4,2.6,2.3,1.1,0.6,0.7,0.9,0.8,,,,,0.5,0.5,,0.6,0.7,0.5,0.3,0.3,0.4,0.3,0.7,0.5,0.7,0.6,0.4,0.5,0.6,0.8,0.6,0.8,,0.6,0.6,0.8,,0.6,0.6,,0.6,0.7,0.8,0.6,0.9,0.7,0.5,0.5,0.6,0.6,0.6,0.7,0.7,,0.5,0.6,0.3,0.4,0.3,0.2,0.7,0.6,0.5,,0.6,0.4,0.3,0.4,0.3,0.2,0.5,0.2,0.2,,0.4,,,0.3,0.3,0.2,0.2,0.3,,,,,,0.3,0.3,0.4,,,0.3,,0.5,,,0.6,,0.7,0.3,0.7,0.5,0.5,0.7,0.3,0.5,0.4,,0.6,0.7,0.7,0.6,0.6,0.3,0.3,0.3,0.3,0.6,0.6,0.1,0.4,,0.5,0.3,,0.5,0.4,0.5,0.6,,,0.6,0.5,0.5,0.5,0.4,0.5,0.8,0.7,0.5,,,0.4,0.6,0.8,0.8,0.7,,0.6,0.6,0.4,0.6,0.7,0.5,0.4,,0.4,0.7,0.7,,,0.7,0.9,,0.6,0.6,0.5,,0.5,,0.8,0.7,,,,0.4,,,0.6,0.5,0.4,,,0.3,0.4,0.3,0.3,0.4,0.3,0.4,0.4,0.3,0.4,0.5,0.6,0.5,0.4,0.6,0.8,0.6,0.5,0.5,0.6,0.4,0.4,0.6,0.4,,0.5,0.5,0.4,,0.3,0.4,0.5,0.5,0.6,0.4,0.5,0.5,0.4,0.5,0.4,0.4,,,0.5,0.7,0.7,0.6,0.5,1.3,0.4,1.1,0.5,1,1.1,0.5,0.6,0.5,0.6,0.7,0.6,,,0.4,0.7,0.5,0.5,0.4,0.3,,0.7,0.4,0.5,,0.6,0.6,0.5,,0.4,0.6,0.5,0.5,0.6,0.4,0.5,0.5,0.7,0.4,0.5,0.7,0.6,0.4,0.6,0.8,,0.3,0.4,0.3,,0.7,0.5,,0.6,,0.5,,,,0.5,0.6,0.6,0.5,0.6,0.7,,0.7,,0.4,0.5,0.5,0.4,0.5,0.5,0.5,0.4,0.5,0.5,0.7,0.4,0.2,0.5,0.5,0.4,0.5,0.6,0.5,0.5,0.4,,0.6,0.3,0.7,0.3,0.6,0.7,0.3,1.5,1.7,1,1.1,0.3,0.4,0.6,0.8,,0.5,0.5,0.6,0.4,0.5,1.1,0.9,0.7,1.1,1.3,0.5,0.7,0.6,0.4,0.5,,0.5,0.6,0.5,0.6,0.7,0.6,0.6,0.6,0.4,0.8,0.7,,0.7,0.5,0.4,,0.5,0.5,0.6,0.5,,0.5,0.5,0.6,,0.6,0.6,0.5,0.7,0.7,0.9,0.9,0.8,0.7,0.6,0.7,0.5,0.6,,0.6,0.4,0.7,1.2,0.7,,0.8,1,0.4,0.7,0.9,0.7,0.6,0.8,0.8,0.7,0.7,0.7,,0.6,0.8,0.4,,1,1.1,,0.6,0.4,0.4,0.4,,0.7,0.6,0.7,1.1,1,0.9,0.6,0.6,0.6,0.5,0.6,0.4,0.6,0.6,0.6,0.5,,0.5,0.9,1.1,1.4,0.5,0.5,0.6,0.5,0.6,0.6,0.7,0.6,0.5,0.7,1.4,0.9,0.8,0.8,1.3,0.6,0.6,0.6,0.9,0.7,0.4,0.4,0.4,0.9,0.8,0.9,0.7,0.5,0.8,0.5,0.7,0.7,0.6,0.6,0.7,0.8,0.8,0.5,0.5,0.5,0.7,0.7,0.5,0.6,0.5,0.7,0.7,0.9,0.9,0.5,0.5,0.6,0.3,,0.4,0.3,0.3,0.3,0.3,0.5,0.5,0.3,0.5,0.6,0.4,0.6,0.5,0.3,0.4,,,0.4,0.4,0.6,,0.6,0.4,0.4,0.4,0.4,0.5,,0.3,0.5,0.3,,,,,0.5,0.5,0.5,0.6,0.6,0.3,0.2,0.4,,0.2,0.5,0.5,0.4,0.6,0.6,0.4,0.7,1.3,0.7,0.8,,,,,0.3,0.3,0.5,0.5,0.5,0.5,0.4,,0.4,0.5,0.4,0.3,0.4,0.8,0.7,0.5,0.5,0.4,0.7,0.7,0.6,0.6,,0.5,0.4,0.3,0.3,0.3,0.3,0.6,0.5,0.5,,0.3,0.6,,0.7,0.6,,0.4,0.2,0.5,,0.4,,0.3,,0.6,0.6,0.4,0.8,0.7,0.7,0.5,0.5,0.4,0.6,0.5,0.4,0.6,0.5,,0.6,0.6,0.3,0.5,0.7,0.4,,0.3,0.3,0.3,0.4,0.4,0.3,,0.7,0.8,0.3,0.1,0.6,,0.2,0.2,0.2,,0.4,0.6,0.6,0.4,0.5,0.3,0.4,,0.3,0.3,,0.5,0.4,0.5,0.3,0.8,0.6,0.2,0.4,0.3,,0.8,0.1,0.3,0.2,0.4,0.2,0.5,0.5,0.3,,,0.6,0.9,0.6,0.8,,0.3,0.5,0.6,0.5,1.8,0.3,0.5,0.6,0.7,0.4,0.7,0.6,0.6,,0.5,0.6,0.4,0.7,0.4,0.4,0.5,,0.4,,0.3,0.9,0.7,0.5,0.8,0.8,0.4,0.4,0.5,0.5,0.6,0.4,0.4,0.4,,,0.5,0.4,0.3,0.6,,0.7,0.5,0.5,0.6,,0.4,0.4,,,0.2,0.4,0.3,0.5,0.4,0.5,0.3,0.2,0.3,0.5,0.6,0.7,0.4,0.4,0.7,,1,0.5,,0.4,0.6,0.3,0.4,0.2,0.5,0.4,0.5,0.5,0.6,0.5,0.5,0.4,0.7,0.4,0.7,0.3,0.4,0.5,0.4,0.6,0.3,0.5,0.8,0.4,0.5,0.5,0.4,0.6,0.4,0.4,0.3,0.7,0.6,0.4,0.5,0.6,0.6,0.7,0.6,0.6,0.4,0.8,0.5,0.7,0.4,0.7,0.7,,0.5,0.5,0.3,0.4,0.6,0.5,0.6,,0.6,0.5,0.3,0.4,0.4,0.3,0.4,0.5,0.5,0.9,0.4,0.6,0.5,0.5,0.6,0.3,0.6,0.5,0.8,,0.6,0.4,0.4,0.5,0.4,,0.3,0.4,0.4,0.3,0.4,0.2,0.5,0.3,0.4,0.6,0.4,0.5,0.7,0.6,0.3,0.2,,0.6,,0.5,0.6,0.5,0.6,0.4,0.6,0.6,0.7,0.8,0.6,0.7,0.6,0.4,0.5,0.5,0.6,0.5,0.5,0.4,0.6,0.6,0.6,0.8,0.7,0.2,0.4,0.5,0.9,0.3,0.7,0.4,0.5,0.7,0.5,0.8,0.8,0.4,0.5,0.6,0.5,,0.3,0.5,0.5,0.5,0.7,0.6,0.4,0.6,0.6,0.5,0.6,0.6,0.4,0.6,0.3,0.5,0.4,0.6,0.4,0.5,0.5,0.6,0.2,0.6,0.1,0.3,0.2,0.4,0.3,0.3,0.6,0.5,0.5,0.3,0.5,0.5,0.9,0.6,0.2,0.6,0.7,0.7,0.6,0.6,0.5,0.6,0.6,0.8,0.9,0.7,0.4,0.3,0.4,0.4,0.3,0.2,0.4,,0.4,0.6,0.4,0.7,0.3,0.4,0.5,0.4,0.5,0.2,0.6,0.3,0.4,0.4,0.2,0.5,0.4,0.3,0.4,0.3,0.4,0.6,0.3,0.4,,0.5,0.5,0.7,0.6,0.4,0.5,0.5,0.7,0.6,0.3,0.4,0.4,0.7,0.8,0.6,0.3,0.3,0.6,0.8,0.7,0.5,0.4,0.6,0.6,0.5,0.7,0.4,0.5,0.5,0.5,,0.2,0.4,0.6,0.7,1.8,0.6,0.5,0.4,0.5,0.5,0.4,0.6,0.4,0.4,0.7,0.6,0.4,0.6,0.5,0.5,0.5,,0.6,0.6,0.4,0.5,0.3,0.2,0.7,0.7,0.8,0.5,0.5,0.4,0.3,,0.4,0.6,0.7,0.7,0.6,0.4,0.4,0.3,0.4,,0.6,0.5,0.7,0.8,0.6,0.4,0.5,0.4,0.4,0.4,0.4,,0.4,,0.5,0.6,,1.2,0.5,0.2,0.4,0.5,0.6,0.5,0.3,,0.4,0.5,0.6,0.5,,,0.9,0.6,0.4,0.3,0.6,0.5,1,0.7,0.9,0.5,1,0.2,0.3,0.1,0.4,0.3,0.3,0.3,0.2,0.4,0.5,0.6,0.9,0.7,0.7,0.8,0.8,0.6,0.7,1,0.6,0.3,0.6,0.6,0.4,0.6,0.5,0.3,0.8,0.1,0.5,0.5,0.5,0.5,0.9,0.5,0.6,0.6,0.5,0.5,0.5,0.5,0.4,0.7,1,1.1,,0.7,0.3,0.5,0.6,0.6,0.4,0.5,0.5,,0.5,0.4,0.4,0.4,0.5,0.5,0.8,0.6,0.7,1.1,0.5,0.4,0.3,0.4,,0.6,0.6,0.2,0.3,0.7,0.7,0.4,0.7,0.6,0.5,0.6,0.4,0.6,0.5,0.5,0.6,0.5,0.8,0.7,0.3,0.4,0.6,0.8,0.7,0.5,0.6,0.6,0.5,0.5,0.5,0.2,0.3,0.8,0.1,0.4,0.2,0.4,0.3,0.4,0.4,0.5,0.4,0.7,0.5
20210719,22,AQI,42,35,43,42,41,44,47,38,39,37,45,54,,,32,,32,28,40,,28,,30,25,,26,29,,30,39,39,29,22,29,36,,42,39,,46,46,26,50,38,,42,,54,53,66,28,24,35,37,29,29,30,,37,,34,38,36,34,,57,42,53,,53,36,27,37,43,32,,38,44,45,46,27,,18,27,34,19,23,24,,48,36,,,31,35,54,30,35,36,25,,45,20,25,23,26,,42,20,24,21,20,22,25,25,22,19,23,56,54,64,39,38,22,30,54,55,48,36,34,38,,44,37,53,,39,29,46,44,14,22,18,25,20,,17,15,20,20,,33,40,36,36,,29,46,40,16,,16,16,,40,24,33,9,8,9,21,20,17,,,,36,28,,32,36,31,,,,29,,17,40,22,19,34,22,,34,24,,,,33,17,,21,28,30,19,15,,14,20,21,20,20,,18,15,,,,,20,,43,33,,35,31,33,,38,31,42,27,18,14,13,,,18,16,16,22,16,24,9,,19,,,16,,16,21,,,22,20,14,17,12,,48,60,48,41,48,22,34,23,27,23,34,34,29,41,34,21,25,26,13,,18,20,21,18,17,16,17,23,31,27,,26,35,,,30,46,49,63,,59,37,53,49,22,,,13,16,17,19,20,15,35,30,30,35,,,,30,38,53,54,55,51,58,62,46,,63,31,48,32,43,35,49,38,,38,37,30,12,11,,12,14,13,20,12,15,15,12,10,,10,8,14,10,,14,14,13,11,10,14,9,9,21,11,16,13,,10,31,9,15,16,9,10,,15,12,17,,,14,17,16,13,10,12,11,10,21,24,17,17,57,97,73,78,114,72,63,59,20,20,30,26,22,40,,38,33,34,44,33,35,33,,,34,30,45,52,32,,31,37,37,30,,,36,45,19,41,46,32,34,44,34,51,39,,22,,18,23,23,19,17,20,18,19,29,23,,21,20,19,23,20,21,24,,27,17,19,22,,86,53,61,35,,,,46,46,,,,38,40,35,51,53,56,36,,59,50,38,38,50,44,29,29,30,39,33,21,41,35,30,30,,55,29,42,38,57,44,38,,51,,18,21,,27,24,27,28,26,28,21,22,24,29,29,20,29,27,25,,41,,19,22,20,,51,,42,51,,,35,26,29,46,,27,52,,,50,49,27,27,27,24,20,20,19,19,,,,22,,22,30,,34,36,39,46,19,18,22,19,21,16,,29,,,16,,13,12,33,30,20,,23,24,,20,21,32,17,23,18,22,,31,53,40,,,12,,10,17,16,18,13,,14,36,,,28,26,,18,19,20,16,18,,29,19,,,50,45,,35,,34,44,35,36,28,43,,35,46,,18,32,,,,39,42,38,,39,30,30,28,27,,18,63,22,36,27,16,18,41,54,30,38,18,43,29,29,38,17,14,28,43,60,33,40,33,22,20,20,70,28,16,43,,29,,30,41,24,22,24,14,39,29,29,33,34,48,42,48,,40,59,51,,42,34,36,44,26,,46,28,27,,26,,32,26,29,26,58,57,53,,,,45,,48,,28,36,32,,34,42,29,29,27,,29,,27,30,51,25,32,43,,34,32,34,32,28,30,,16,,,32,23,20,26,,19,24,,23,55,52,26,48,38,47,59,57,45,45,19,,24,33,30,,34,35,41,30,38,,40,,35,36,28,25,22,25,,,,,27,26,,32,33,29,32,26,30,36,24,16,28,21,18,27,33,19,36,20,,25,24,22,,19,14,,23,32,34,41,35,32,48,34,38,29,23,23,21,,61,59,405,41,38,41,53,37,39,,30,36,53,,53,28,33,49,49,,25,,,23,23,18,20,23,,,,,,17,13,18,,,11,,16,,,16,,20,24,23,20,19,17,19,16,20,,35,30,20,21,22,17,19,35,35,23,27,11,12,,55,56,,37,44,33,,,,46,29,32,26,29,29,29,29,32,,,26,33,34,31,16,,27,28,30,27,28,27,24,,32,22,26,,,27,26,,37,36,25,,25,,48,54,,,30,46,,,42,55,34,,,24,25,20,20,52,52,52,37,28,24,26,29,18,26,32,50,49,33,39,28,35,30,38,26,,59,31,20,,33,42,31,33,29,35,35,29,14,18,,29,,,28,20,33,78,24,29,27,65,33,22,21,26,52,43,42,57,20,,,23,28,27,28,25,31,,22,39,31,,27,34,44,,51,58,39,33,,41,29,27,16,33,33,41,25,21,19,26,,32,30,,26,42,61,,30,,31,,,,22,29,29,31,32,33,,21,,42,42,37,14,13,13,12,11,26,26,42,24,25,21,22,24,45,50,54,37,40,,14,30,50,52,52,36,6,35,44,27,26,14,30,26,19,,32,41,42,46,32,25,46,34,41,49,35,29,26,36,38,,44,47,47,31,35,34,32,33,31,28,38,,51,59,64,,45,53,53,51,,51,54,27,,30,26,28,27,28,18,20,20,20,19,52,35,36,,39,38,35,36,38,,40,35,20,29,50,27,24,22,23,21,49,39,,28,30,33,,30,43,,35,22,21,17,,24,25,18,21,28,50,75,,42,50,,,,,22,22,,17,17,17,19,15,18,19,20,26,48,32,,43,48,18,25,38,42,31,,44,52,32,52,18,15,19,35,39,37,30,19,104,17,51,69,60,54,77,92,44,27,54,43,28,51,22,12,,39,67,56,57,52,47,23,24,,27,22,44,39,40,28,52,48,46,35,34,37,36,33,39,,,30,28,28,,32,19,15,11,32,39,,41,35,38,,,,,42,42,26,25,26,24,,45,,31,35,37,25,32,32,20,,55,36,23,,,,,31,,20,20,26,28,23,,,30,31,30,38,34,33,34,22,19,36,27,22,37,,30,28,18,14,20,20,28,29,29,,28,34,,32,20,,17,15,20,,,,32,,19,15,27,25,23,32,35,36,36,37,,27,27,20,,62,52,32,38,46,58,,136,157,33,29,345,408,,31,31,58,34,34,,43,45,30,,30,64,39,39,25,51,62,,39,39,,44,27,,,44,68,36,67,28,,35,33,31,30,31,35,35,40,42,,,30,29,33,65,,20,33,29,50,42,21,24,13,24,27,26,,21,,21,46,22,56,14,20,24,,32,,,47,39,26,12,12,408,25,57,30,44,27,22,22,,,42,22,19,33,,40,37,35,41,,,39,,,19,23,24,17,33,34,20,52,17,21,25,30,26,34,36,,39,39,,16,25,30,35,37,49,20,30,42,31,14,37,15,32,42,48,21,36,47,33,36,28,39,43,18,18,20,20,29,39,42,30,29,30,33,37,18,16,20,56,51,39,29,42,51,28,25,28,,33,41,22,28,35,20,22,,31,59,,,40,26,33,45,34,60,91,52,45,52,45,17,59,22,17,,14,49,44,57,40,,250,19,21,19,16,17,22,19,23,11,47,31,38,43,40,38,,35,,25,10,16,29,18,14,22,12,11,14,13,10,11,10,12,29,,23,10,39,14,16,13,29,44,36,30,30,22,33,45,29,55,27,14,22,34,33,26,29,,25,27,16,18,,37,36,,33,32,30,29,23,30,31,27,25,30,43,39,46,39,20,35,35,23,,24,19,20,44,40,54,39,20,22,35,20,17,24,33,50,30,57,137,51,25,45,108,36,13,17,28,14,14,54,40,,19,29,36,46,57,36,45,39,23,21,36,17,38,37,23,14,20,16,15,44,42,58,32,47,,16,22,10,20,10,19,14,17,12,13,10,8,30,40,,62,43,37,25,55,37,44,32,25,32,28,25,30,33,52,,57,39,26,27,12,43,26,18,32,37,37,34,28,35,43,25,44,46,39,20,21,,55,39,36,37,15,18,,59,53,35,29,25,35,,29,42,42,21,12,27,29,19,18,,56,52,,65,34,20,27,20,21,20,18,,22,,38,24,,13,42,43,27,55,40,30,18,,15,34,42,28,,,46,35,34,28,47,43,59,61,55,60,43,32,50,,65,67,54,46,65,64,24,39,,43,26,68,27,24,36,47,40,17,20,15,22,19,39,43,48,111,29,24,19,29,39,32,45,11,9,26,11,15,14,18,48,57,,39,37,30,35,52,33,24,17,15,36,78,30,57,48,38,22,23,30,51,15,38,25,52,,31,,22,40,29,,47,28,54,45,49,35,43,27,28,47,49,36,89,32,53,17,53,55,45,46,46,33,,36,47,,43,,31,31,36,13,39,46,25,20,43,30
20210719,22,PM2.5,18,20,18,20,15,19,21,19,18,16,22,20,,,18,,15,11,22,,15,,10,16,,18,13,,20,27,21,18,9,20,24,,25,18,,32,27,18,27,19,,29,,30,32,26,15,16,8,23,20,17,15,,19,14,20,26,16,17,,40,15,22,,15,22,11,18,21,22,,26,29,19,7,18,,10,16,18,9,11,11,,17,17,,,16,20,22,19,16,17,15,,15,12,15,13,15,,24,8,5,8,4,9,6,6,2,10,13,27,19,26,16,16,9,6,13,20,16,13,16,26,,14,6,17,,27,16,20,16,5,15,7,8,1,,7,8,14,6,12,12,14,9,17,,14,19,12,11,,8,5,4,28,5,7,,4,6,13,,,,,,25,9,,21,22,19,,,,11,,,12,5,2,12,9,,12,9,,,,13,2,,8,15,21,11,5,,6,13,12,8,14,,8,9,,10,,15,14,,18,15,,15,14,14,,13,12,20,10,7,5,5,,,12,11,7,5,5,4,6,,10,,,6,,3,5,,,6,8,6,5,4,,28,25,21,20,16,15,10,13,12,9,17,14,17,27,22,7,2,17,2,,6,4,3,5,9,8,3,5,9,15,,12,8,,,19,20,17,26,,27,20,17,29,12,,,9,9,2,2,5,7,24,20,21,24,,21,,21,26,37,38,32,30,41,44,32,,37,10,20,15,24,11,22,16,19,16,10,20,6,6,,6,6,7,10,6,9,6,7,,,,,2,,,1,,1,3,2,3,2,3,4,7,8,2,,5,10,2,3,,2,1,8,8,2,8,,,8,10,8,9,7,7,3,3,12,8,9,8,40,72,53,57,86,52,45,42,10,14,21,13,15,17,,19,23,23,19,14,24,19,,,19,9,19,17,19,,19,21,22,16,,,19,25,7,12,9,22,14,12,22,22,2,,10,,7,7,7,5,5,14,4,9,10,,6,7,9,5,11,10,9,11,,12,9,6,11,,30,31,20,24,,,,7,9,,,,20,11,4,9,20,18,6,,17,35,26,25,30,28,20,20,21,19,23,9,20,24,21,16,,14,10,29,18,14,17,14,,19,,10,7,23,12,13,12,12,18,17,13,13,14,20,20,7,6,5,9,,13,,12,10,11,10,24,,22,24,,,24,9,18,23,,13,14,22,,12,22,2,14,10,12,6,2,9,,,,,8,,13,7,,12,24,16,17,2,5,2,12,2,11,,14,,,4,,9,8,11,15,11,11,13,10,,7,14,12,9,16,7,9,,20,27,28,,,3,,2,5,7,8,9,,5,13,12,,15,16,,11,7,8,5,9,,13,4,,,28,25,,15,,20,7,14,18,19,30,,24,32,,11,22,,20,,27,29,26,,21,17,15,13,18,,12,14,13,14,12,9,12,18,37,13,21,10,19,13,15,26,8,9,9,22,25,22,22,16,11,7,12,18,13,11,22,,9,,21,20,7,8,12,6,26,14,10,13,21,19,20,20,,17,42,25,,23,23,25,9,17,,19,16,8,,18,,22,15,16,14,31,31,30,,,,27,,28,,8,25,6,,11,29,19,7,8,,6,,17,17,22,10,18,11,,17,22,23,22,19,19,,10,,,12,9,6,18,,12,16,18,16,39,12,10,27,25,31,35,38,31,31,6,,16,12,19,,18,23,23,18,20,,28,15,24,20,5,16,12,10,,,,,8,8,,13,21,20,15,18,21,25,12,7,13,10,6,9,23,7,7,6,,8,8,9,,6,7,,8,13,15,27,21,15,18,18,21,9,9,5,5,,21,20,134,15,16,14,14,16,10,,12,10,15,5,21,16,8,12,12,,14,,,,,2,3,8,,,,,,11,8,1,,,2,,2,,,6,,6,3,5,7,7,7,4,4,6,,16,17,9,8,8,4,5,18,20,11,11,6,8,,28,21,,15,20,15,21,,,32,20,22,18,20,7,2,8,16,,,12,12,14,16,9,,5,16,21,9,5,15,10,,19,14,12,,,9,9,,14,19,8,,6,,26,20,,,14,25,,,19,28,20,,,13,11,2,2,19,21,20,16,16,12,14,13,9,18,14,21,22,23,27,16,18,16,18,16,,33,12,14,,16,4,8,10,11,16,23,14,5,12,9,12,,,10,13,21,27,10,11,14,47,23,15,11,18,17,14,17,22,14,,,16,18,13,10,12,16,,15,27,15,,17,19,24,,26,25,21,20,,15,12,16,5,23,10,18,1,8,12,18,,16,7,25,7,20,42,,20,,14,,,,6,5,7,4,15,15,,8,,22,14,16,6,5,9,3,4,12,10,23,10,9,9,8,8,22,24,23,21,5,,4,12,28,22,31,17,1,21,9,7,10,7,10,18,11,,22,22,22,22,22,16,26,19,20,26,17,16,14,23,20,,22,9,16,21,18,21,16,15,17,15,19,,27,38,46,,31,34,37,29,,25,26,8,,6,10,11,16,10,10,14,12,14,9,36,15,25,,27,26,24,22,19,,21,21,14,13,35,9,6,9,4,4,26,27,,12,13,16,,20,30,,22,7,8,9,,11,13,12,5,10,24,21,,18,34,,,,,12,15,,5,6,6,9,8,12,11,13,18,33,17,26,30,33,3,13,20,13,14,56,30,36,19,36,12,9,10,14,8,10,9,13,78,5,31,50,26,35,56,68,24,18,25,23,17,21,15,6,27,27,30,36,40,17,20,13,14,,8,13,26,19,19,13,36,29,25,24,23,17,21,9,17,,,21,9,16,,16,6,9,4,3,27,,21,24,23,,,,,29,10,8,4,6,6,9,31,,8,9,8,8,18,11,11,,34,17,9,,,,,5,8,13,13,10,16,16,,,18,15,18,17,9,18,2,15,13,25,15,9,16,,21,19,,3,11,6,19,14,20,,19,18,,12,6,,2,7,7,,56,,3,,7,6,14,12,14,13,7,11,8,8,6,9,6,6,,26,7,5,15,13,30,,70,94,7,6,109,108,,12,10,15,9,12,,4,18,8,,18,21,23,23,6,9,12,,8,11,,11,9,,8,19,44,8,14,16,,14,5,9,12,16,11,8,15,29,,,10,10,2,8,,9,9,8,16,19,10,14,7,15,17,13,20,6,,10,13,6,21,6,9,8,,20,,,20,21,18,3,5,161,16,40,18,18,7,10,9,,,25,4,9,16,,13,15,14,23,,,9,,,5,11,8,3,23,15,6,9,5,11,12,21,9,15,25,,19,27,,9,13,15,24,7,34,14,9,21,5,5,16,9,14,29,15,6,25,9,23,13,1,23,9,11,12,11,9,20,27,29,21,15,9,15,21,8,11,11,31,28,27,18,15,30,,7,11,,15,12,5,13,16,12,11,,14,28,16,17,22,17,5,21,8,22,41,36,31,23,21,4,30,8,9,,8,28,11,30,5,,107,7,3,7,5,6,4,9,3,7,27,19,20,4,12,15,,23,,6,7,3,9,7,8,12,6,5,5,6,7,3,4,3,20,,10,,27,1,10,7,14,10,16,19,14,15,23,31,18,28,11,6,9,17,23,6,7,,12,17,9,9,,5,25,18,10,22,21,15,12,17,17,18,13,14,16,27,32,27,6,20,24,9,2,9,5,7,19,21,27,27,10,15,18,5,4,3,23,22,17,40,104,31,5,31,81,25,6,9,14,8,8,30,9,,6,18,19,22,28,14,20,21,5,8,25,4,14,23,6,7,10,7,,7,4,9,4,14,,8,10,6,10,3,9,5,7,4,1,7,,15,19,25,30,30,19,12,22,20,16,17,17,13,11,12,21,17,36,,40,27,14,12,6,30,5,9,22,4,16,16,19,23,30,12,20,20,24,5,9,,21,24,17,14,8,,26,30,23,9,16,11,11,,10,9,16,7,2,10,12,9,9,,25,36,,47,20,5,12,11,8,11,12,,1,,26,15,,1,25,30,13,37,22,12,5,,4,13,20,11,,,32,13,8,19,22,25,39,22,39,34,12,13,23,,17,36,31,18,39,33,14,27,25,30,13,49,10,9,25,30,28,5,6,6,4,6,14,19,12,10,10,11,8,20,22,17,16,3,1,18,5,7,7,8,20,22,,18,18,21,24,20,16,9,2,7,25,57,9,29,12,13,6,11,18,20,7,16,9,15,,14,5,8,6,15,30,32,10,20,20,21,15,20,17,12,24,27,19,22,14,37,5,24,39,29,19,21,23,,22,20,17,20,,11,9,10,3,11,24,10,2,26,21
20210719,22,PM2.5_24h,15,16,15,16,14,16,16,17,16,16,16,15,,,28,,21,16,28,,23,,20,19,,24,17,,18,21,12,18,16,23,20,,28,30,,38,28,14,23,18,,21,,20,23,17,22,20,15,24,17,15,11,,14,8,16,28,24,21,,36,25,16,,15,25,18,23,15,14,,17,17,12,6,17,,11,14,18,14,16,14,,12,11,,,9,11,13,12,14,15,15,,15,14,17,15,16,,18,12,11,12,10,10,11,11,11,14,10,18,14,21,14,13,10,8,13,15,15,11,13,18,,14,14,15,,20,12,14,11,9,17,9,11,8,,10,10,10,11,15,15,17,10,21,23,12,17,15,16,,10,8,8,26,10,11,11,12,11,17,12,6,,,,22,17,,21,18,17,,,,21,,7,12,9,9,13,11,,10,10,,,,17,12,,21,22,25,16,14,,16,13,13,16,17,15,11,10,,11,,15,14,,14,15,,17,16,16,,17,18,15,14,12,12,9,,,10,6,8,17,13,11,15,,12,,,13,,10,12,,10,10,12,8,7,6,,20,14,18,18,16,15,12,14,20,14,21,18,18,22,21,20,15,20,5,,10,10,7,6,12,11,9,13,16,16,,16,6,,,14,19,15,19,,23,19,17,20,9,,,7,5,5,3,7,10,21,18,20,20,25,17,,18,19,16,19,16,16,26,22,18,,15,11,23,21,20,24,15,17,20,17,18,17,12,13,,11,11,11,14,12,12,13,12,1,,1,,2,3,,1,1,2,6,2,2,2,9,8,10,12,5,,10,15,9,4,4,5,1,7,6,2,8,,,11,10,11,8,8,9,5,4,15,16,16,14,24,30,23,25,29,22,26,23,10,8,10,7,8,13,,14,17,15,13,13,12,12,,,14,10,16,16,11,,25,24,19,16,,,21,19,9,12,13,23,13,17,22,18,10,,9,9,6,6,9,10,5,6,4,5,7,4,21,19,17,17,20,21,16,16,,20,16,18,22,,23,17,20,17,,,,9,10,,,,15,13,11,20,40,22,17,,17,28,24,27,20,20,17,16,23,16,18,21,13,17,17,19,,19,17,20,17,10,19,14,19,17,,14,12,16,14,12,14,14,14,14,13,18,16,23,22,8,8,10,6,,15,,15,12,12,13,19,,17,19,,,19,17,18,21,,16,16,17,,13,19,10,17,18,12,14,8,16,10,,,,15,,15,12,,16,19,15,17,6,5,4,17,12,19,,16,,,14,,13,18,16,11,10,12,13,9,,13,12,16,12,15,10,16,16,16,13,19,14,18,6,4,7,10,11,14,10,,12,14,13,,15,16,,16,15,14,16,14,,15,6,,,27,26,,10,,11,11,11,14,8,16,,14,14,,21,21,,30,,18,24,23,,17,15,10,13,10,,9,10,10,13,16,9,9,22,18,12,16,9,17,11,14,24,9,8,8,28,24,21,26,24,14,11,12,14,14,14,16,15,12,,17,10,5,7,13,7,20,14,15,18,17,20,21,18,,23,20,23,,21,18,19,12,13,,14,14,14,,8,,11,8,8,12,24,23,20,,,,27,,31,,12,17,15,,21,26,21,9,9,,8,,9,10,12,16,13,9,,20,21,15,22,19,20,,13,,,13,8,6,10,,18,29,26,23,18,7,8,16,24,31,31,28,32,25,9,8,11,9,12,12,12,15,16,14,12,,26,13,24,20,14,17,16,11,,,,,9,7,,9,16,17,11,11,15,21,16,14,19,15,14,8,10,22,19,16,,13,13,18,,10,9,,12,17,17,19,18,16,17,14,21,18,17,13,13,,20,19,107,26,16,19,17,8,5,,10,9,12,8,9,15,18,10,10,,7,,,4,4,6,8,10,,,,,,10,10,13,,,5,,7,,,11,,11,10,8,12,13,14,14,14,11,,20,17,17,16,17,15,15,17,17,18,19,10,10,,22,17,,14,15,12,14,,,20,10,13,9,16,14,15,16,20,,,14,3,6,9,8,,1,12,13,11,7,13,18,,19,15,16,,,14,13,,14,13,11,,8,,24,16,,,10,18,,,20,19,23,,,12,14,4,3,16,18,14,18,16,19,19,14,8,11,11,14,13,14,14,13,18,19,20,20,,20,14,12,,7,8,12,13,15,15,19,16,9,15,7,18,,,16,14,12,20,9,18,10,24,14,16,12,21,16,12,18,16,18,,,7,32,29,34,14,16,,18,19,12,,20,19,21,,20,23,22,19,13,19,16,18,15,19,15,21,12,12,12,16,,12,9,10,7,24,21,,21,,20,,,,4,9,8,9,12,13,,9,,20,18,17,8,8,12,12,6,18,17,26,12,12,12,11,10,18,16,14,13,10,,8,13,16,14,18,17,4,19,15,10,16,14,14,18,14,,9,24,20,23,18,14,16,16,16,14,17,15,16,16,19,,19,10,18,18,16,16,16,14,19,20,19,,21,24,24,,23,22,25,21,,19,20,19,,16,19,19,20,21,13,13,15,13,12,23,18,23,,24,24,21,18,16,,17,16,9,14,18,6,11,15,18,15,22,24,,15,15,17,,11,18,,20,7,11,9,,10,9,9,2,7,17,17,,14,21,,24,,27,28,28,,6,7,6,6,9,12,12,16,14,16,18,17,22,25,12,17,22,16,26,23,18,13,20,15,9,8,10,18,16,22,20,10,21,14,15,22,17,45,51,49,49,20,30,23,23,35,14,15,28,18,19,42,43,15,11,10,10,,8,7,16,10,13,8,16,15,15,12,12,11,12,9,8,,,16,15,17,,19,10,7,6,7,21,,12,16,12,,,,,16,7,6,6,7,8,11,18,,7,24,7,8,8,12,9,12,21,11,17,,,,,9,10,12,9,8,9,17,,14,7,9,16,16,8,6,5,14,9,15,12,12,11,,12,15,7,6,7,5,11,7,12,,10,6,,9,6,,3,5,4,,16,,11,,5,5,13,18,16,17,9,9,9,10,9,11,10,9,,15,8,5,9,10,22,,83,117,12,8,71,79,,12,11,10,10,5,,15,15,8,,13,13,14,14,6,10,14,,10,15,,16,11,,11,20,19,7,10,4,,14,8,10,11,11,6,9,10,19,,,13,16,14,11,,6,13,12,16,20,11,4,13,27,20,19,13,13,,8,14,18,22,8,14,13,,20,,11,20,26,19,8,9,117,8,25,17,14,9,15,8,,,23,13,13,18,,15,15,18,16,,8,24,,,2,18,13,9,23,19,6,4,7,14,14,14,11,11,24,,23,18,,15,15,12,15,4,30,17,18,16,8,9,14,8,20,18,15,10,25,11,18,15,5,22,12,14,22,15,13,9,23,15,15,10,17,13,9,13,14,15,21,30,13,14,16,20,14,16,10,,19,12,10,6,7,9,8,,17,13,13,19,19,16,6,18,19,14,25,30,21,19,13,8,28,15,12,,11,17,17,20,6,,97,8,7,9,8,11,10,12,8,11,15,14,14,14,11,8,,23,,12,9,6,19,13,11,15,12,10,10,9,7,4,4,4,10,13,14,,15,6,12,10,15,7,24,28,21,22,20,26,19,21,10,11,10,14,16,16,15,,8,11,6,9,8,7,8,14,18,14,13,19,10,4,11,16,14,16,15,17,18,15,6,14,26,13,10,15,9,10,21,21,23,13,9,12,18,14,5,17,19,15,18,19,32,26,27,20,45,29,11,14,13,12,12,17,19,,10,22,20,17,20,16,19,21,12,17,23,12,16,16,11,17,11,18,2,9,12,13,12,21,,12,10,8,9,5,10,5,12,9,4,11,2,12,12,29,24,20,24,27,24,13,15,19,15,21,22,18,17,25,21,,28,15,23,28,22,18,6,12,7,6,19,16,17,16,17,8,15,19,15,12,14,,23,18,14,16,11,5,28,20,18,14,18,16,11,,12,13,23,16,6,12,12,11,18,,23,28,17,38,26,9,13,11,8,11,12,,8,,14,11,,7,13,9,9,23,22,14,13,,10,13,13,11,,,18,14,12,16,15,22,40,34,37,26,18,17,26,27,20,33,25,20,27,24,17,17,29,15,18,32,18,9,29,24,22,7,17,15,24,18,12,9,16,160,146,9,12,16,19,7,21,14,2,20,6,10,11,10,15,17,,20,16,13,17,11,14,11,3,8,25,19,15,26,10,17,15,13,12,20,13,19,14,12,,11,19,7,9,17,21,24,11,17,16,19,15,15,15,13,19,21,19,13,21,21,6,38,41,14,18,16,21,12,12,15,14,21,18,18,8,13,7,21,25,8,4,16,24
20210719,22,PM10,42,35,43,42,41,44,47,38,39,37,45,57,,,32,,32,28,40,,28,,17,25,,21,29,,30,32,39,29,22,27,36,,42,39,,37,46,21,50,38,,36,,57,55,82,19,24,31,37,27,29,24,,37,39,34,31,36,34,,29,42,55,,56,36,27,37,43,28,,31,44,45,46,27,,16,27,34,18,23,24,,48,27,,,19,31,58,24,35,36,25,,45,20,25,23,26,,42,17,24,15,12,22,17,10,11,16,23,61,58,77,39,38,22,30,58,59,48,36,34,32,,44,37,56,36,36,29,46,44,14,22,18,25,20,,17,15,20,20,35,17,36,36,30,35,29,46,31,14,,16,16,,32,24,33,7,7,4,21,20,14,,,,36,28,,32,36,31,,,,29,,17,40,22,19,34,22,,34,24,,,,33,14,,21,28,26,19,15,,11,18,21,7,20,,15,15,,17,,18,20,,43,33,,35,31,33,,38,31,42,27,18,14,13,,,8,11,16,22,16,24,7,,19,,,16,,16,21,,,22,20,14,17,12,,48,70,48,41,48,15,34,23,27,22,34,34,29,41,34,19,17,24,13,,18,20,21,18,17,16,17,23,31,27,,26,35,,,30,46,49,76,,68,37,56,49,9,,,7,5,9,9,12,9,26,30,29,25,,35,,30,34,51,58,60,52,50,56,40,,75,31,48,32,43,26,49,38,26,38,37,28,12,11,,12,14,13,20,12,15,12,12,8,7,10,8,7,7,,6,3,10,11,4,8,8,6,21,9,16,11,,4,31,7,15,16,7,8,9,15,12,17,,,14,17,16,10,10,12,6,7,17,18,11,17,55,67,72,86,124,54,62,49,10,18,23,26,18,37,,38,21,34,44,33,27,33,,,34,30,45,54,32,,30,37,37,30,,,28,37,19,41,46,27,34,44,34,51,39,,22,,17,23,23,17,10,14,13,19,29,23,,21,18,5,23,18,19,24,,27,17,19,22,,122,55,71,33,,,,28,14,,,,28,30,30,52,55,61,36,,68,37,22,38,50,44,12,27,25,39,24,17,19,34,12,28,,60,24,33,38,63,44,24,,51,,18,19,48,21,23,23,23,19,28,9,11,24,27,27,20,29,27,25,,41,,14,7,17,,51,,42,51,,,34,26,29,46,,27,53,38,,50,49,27,27,24,24,12,12,19,12,,,,22,,22,30,,34,36,11,46,9,7,9,19,10,15,,19,,,16,,9,11,33,30,20,,23,24,,8,21,32,17,12,15,22,27,31,56,40,,,12,,5,12,14,18,3,,14,36,,,28,26,,15,8,20,16,18,,29,19,,,50,45,,35,,34,44,34,36,25,37,,32,30,,18,19,,27,,39,31,27,,39,30,30,28,27,,14,76,22,36,27,16,18,41,57,30,38,18,43,29,29,5,16,14,28,43,70,33,40,33,22,20,20,89,28,13,43,,19,,24,41,24,22,24,14,39,28,26,33,25,48,42,48,,40,46,51,,29,34,25,44,26,,46,28,9,,12,,26,17,16,25,65,64,55,,,,45,,48,,28,25,5,,34,13,29,14,16,,8,,27,30,52,23,32,43,,34,29,34,24,22,30,,16,,,32,23,6,12,,14,24,22,6,31,53,26,48,38,47,67,63,44,44,17,,16,33,30,,34,35,41,30,38,,26,39,30,36,28,19,22,25,,,,,18,25,,32,33,4,32,26,26,24,24,16,28,21,18,27,24,19,36,20,,15,11,13,,19,13,,23,32,34,41,35,29,48,34,38,29,14,17,21,,71,67,505,33,38,41,56,6,22,,20,36,56,58,56,28,33,49,49,,25,,,9,9,10,11,23,,,,,,15,13,17,,,10,,8,,,16,,20,24,23,19,19,17,19,15,20,,23,28,20,21,22,11,11,34,35,19,22,11,11,,59,61,,37,44,33,,,,27,19,19,24,24,5,14,8,8,,,26,33,34,31,14,,27,22,30,20,27,27,24,,32,22,5,,,27,16,,37,36,25,,16,,37,58,,,30,46,,,42,60,34,,,24,25,17,8,29,30,22,37,28,18,26,29,15,24,32,50,49,29,31,28,35,30,38,26,,68,28,16,,33,42,31,33,23,28,35,29,12,16,28,29,,,28,20,33,106,24,29,27,73,15,14,21,16,54,43,42,64,19,,,16,12,14,15,25,31,,12,27,30,,27,34,44,,51,66,30,29,,41,29,27,16,30,33,41,25,21,19,14,,32,30,26,26,42,72,,24,,4,,,,21,29,29,31,32,33,,21,,42,42,37,14,13,10,11,5,26,20,42,19,12,12,12,8,45,50,57,37,40,,13,30,50,54,54,36,2,35,27,27,24,14,30,24,19,,30,41,42,46,22,25,46,34,41,49,35,29,26,36,38,,44,47,47,31,35,34,32,33,26,28,38,,52,68,70,,37,55,46,52,,52,57,16,,9,10,14,14,12,16,17,20,16,18,26,35,34,,32,27,25,36,38,,40,35,19,29,24,27,14,16,8,13,49,25,,28,30,33,,30,35,,35,18,21,17,,10,17,17,17,28,50,100,22,42,50,47,,,,16,17,,13,13,9,10,15,14,19,20,24,47,32,,26,41,18,25,38,42,31,24,44,43,32,45,18,15,19,35,39,37,30,12,32,7,51,50,70,58,99,97,44,27,57,43,28,52,14,12,40,23,83,61,51,53,47,23,24,,27,22,44,39,40,22,46,48,46,34,34,32,30,21,39,,,23,19,28,,32,19,15,5,32,25,,41,29,38,,,,,31,42,18,10,9,24,,33,,14,13,18,25,32,32,20,,59,36,23,,,,,31,10,20,20,26,28,21,,,21,28,20,38,16,33,22,19,15,22,12,11,37,,22,12,18,9,20,20,24,24,26,,25,34,,15,20,,7,14,20,,,,2,,16,9,13,23,23,32,4,22,14,17,,11,15,9,,74,54,12,25,46,65,,222,264,21,21,456,508,,17,20,66,28,14,,30,39,22,,21,25,35,21,17,52,73,,32,29,,44,26,24,,44,85,36,84,28,,27,20,26,22,31,8,25,40,41,,,27,28,32,79,,17,33,27,50,38,21,24,13,21,27,26,39,21,,20,46,22,61,14,20,24,,3,,,47,39,22,12,12,508,23,40,30,44,22,22,17,,,42,22,19,33,,40,33,35,41,,28,39,,,16,23,24,17,27,34,10,53,12,21,25,29,23,34,25,,39,26,,16,25,30,24,22,35,20,19,42,10,14,37,12,32,41,16,14,36,47,26,36,20,39,43,18,16,12,5,29,37,34,27,29,9,20,35,18,14,20,61,51,35,29,42,52,28,17,28,,33,41,22,28,25,20,22,,31,67,25,44,40,26,6,45,34,69,131,28,26,53,45,17,68,22,17,,10,49,44,63,37,,385,19,21,19,16,17,22,19,23,11,47,31,35,42,40,38,,35,,25,7,16,29,18,14,22,12,10,13,10,9,9,10,7,17,,23,2,36,6,16,13,29,44,36,30,30,22,27,41,29,59,26,13,22,34,29,9,12,,4,23,16,16,,37,27,36,33,19,27,24,22,30,31,27,25,27,43,29,42,28,16,35,22,14,,24,19,9,44,40,58,28,20,19,35,20,14,7,7,50,30,57,144,52,7,42,108,29,13,16,28,9,14,57,40,,17,26,36,46,64,28,39,39,23,21,34,17,38,37,23,14,15,16,9,22,27,66,30,47,,16,22,10,20,6,19,9,17,12,3,9,5,30,40,20,73,27,37,25,59,37,44,32,21,24,19,25,26,33,52,,43,24,19,14,12,26,26,18,32,37,37,30,23,35,37,25,44,46,39,17,14,,60,39,27,34,14,17,68,67,55,35,29,13,26,,16,31,42,20,8,27,29,19,18,,62,33,,63,34,11,27,14,21,20,15,,22,,31,21,,12,42,25,27,59,40,30,18,,15,34,42,17,,,44,35,34,28,47,43,67,72,54,70,43,32,50,,80,84,58,46,79,78,24,33,51,37,12,54,6,11,34,47,40,14,15,15,12,11,39,16,48,172,29,24,14,26,39,32,35,11,9,17,5,15,14,18,48,63,,38,37,18,16,53,29,24,11,9,36,45,19,63,48,38,20,11,30,51,15,38,25,54,,31,,12,33,14,28,47,16,58,45,49,35,43,12,28,47,49,36,127,32,42,8,56,36,45,46,46,15,43,24,43,33,43,26,31,31,36,13,39,46,18,6,43,19
20210719,22,PM10_24h,23,29,27,24,26,26,25,26,29,27,26,29,,,44,,38,38,47,,39,,28,29,,29,33,,24,30,23,20,27,25,21,,52,49,,44,49,21,34,31,,38,,35,30,42,32,35,39,39,29,33,23,,31,28,29,40,35,36,,36,42,40,,49,38,36,39,26,19,,16,25,18,26,28,,19,24,28,28,30,25,,24,18,,,21,26,32,22,26,34,31,,37,25,31,28,27,,32,20,23,15,16,18,21,15,18,21,14,39,38,56,33,30,19,17,42,30,36,23,31,27,,37,31,40,35,34,26,42,34,21,22,20,25,22,,31,20,19,20,33,26,34,29,36,35,31,36,33,19,,18,17,26,39,20,20,19,18,20,24,22,17,,,,37,31,,37,38,31,,,,48,,23,29,24,20,24,24,,24,30,,,,27,28,,33,37,38,30,25,,25,25,24,21,22,25,24,18,,17,,32,26,,33,26,,38,30,32,,41,38,31,29,20,18,18,,,10,20,14,35,29,29,32,,21,,,28,,24,25,,27,21,20,13,14,15,,35,36,31,39,36,24,30,23,35,32,37,40,38,43,38,36,38,32,12,,22,18,21,18,25,27,25,30,38,30,,42,32,,,30,35,38,44,,43,38,38,38,11,,,7,9,10,11,9,17,31,28,32,28,35,38,,34,27,22,29,30,23,28,29,25,,34,19,37,30,37,38,31,35,30,31,35,26,27,25,,26,30,23,28,26,24,24,23,6,9,9,10,10,12,,7,6,10,14,4,7,5,7,27,21,28,21,,26,32,23,12,16,11,9,19,16,17,17,,,23,20,21,19,19,15,8,10,27,31,26,24,50,53,46,41,48,42,57,42,19,16,24,19,17,18,,25,21,17,30,24,18,21,,,23,20,30,34,24,,38,40,32,33,,,37,30,22,28,39,37,38,42,35,31,34,,19,9,11,15,13,14,10,12,11,11,16,16,34,31,35,35,33,29,30,25,,49,30,37,35,,41,32,45,45,,,,22,14,,,,29,34,57,68,58,54,54,,72,40,29,41,38,34,15,24,21,27,26,27,13,26,24,40,,48,34,39,36,48,44,27,40,47,,23,22,23,23,23,23,26,23,22,15,28,30,29,32,21,24,27,22,,24,,28,14,17,22,38,,37,35,,,36,31,27,42,,23,32,31,,33,42,29,27,26,21,20,18,19,29,,,,24,,25,34,,36,30,18,37,8,10,8,27,19,24,,22,,,23,,19,24,28,20,19,41,21,17,,26,25,27,23,34,25,28,30,26,36,27,25,28,11,14,13,27,27,26,15,,24,27,25,,30,30,,27,26,30,25,25,,36,13,,,50,45,,27,,19,24,32,30,15,21,,20,19,,24,21,,27,,34,24,25,,28,19,22,26,19,,18,33,19,32,30,16,17,45,33,23,33,17,36,23,27,37,37,18,29,39,55,32,38,38,23,24,20,50,27,15,36,24,29,,29,26,22,25,38,17,34,29,28,32,23,36,37,34,,40,38,44,,32,28,26,25,24,,28,28,11,,8,,22,11,10,22,39,36,36,,,,44,,43,,23,22,12,,33,23,33,17,21,,20,,22,19,23,28,28,28,,27,31,26,26,23,27,,20,,,20,13,16,10,,27,39,43,35,24,26,16,33,37,43,49,52,48,39,18,17,18,21,21,17,22,28,29,27,24,,36,28,34,34,18,17,18,18,,,,,21,22,,22,26,24,32,24,19,21,30,32,33,34,29,15,11,33,33,30,,19,23,32,,21,21,,26,31,31,32,31,31,34,31,28,32,24,24,34,,93,84,519,44,37,38,56,15,25,,20,43,35,24,24,26,27,34,34,,18,,,9,9,17,17,20,,,,,,18,17,20,,,10,,18,,,20,,25,23,21,23,24,22,27,28,21,,30,30,30,29,31,23,22,27,27,30,29,14,16,,55,38,,33,32,25,19,,,21,22,14,16,24,27,27,30,26,,,35,19,16,18,15,,18,21,25,25,27,27,20,,25,22,19,,,28,27,,28,24,29,,36,,48,46,,,34,25,,,53,45,35,,,24,27,14,12,26,33,18,31,32,28,35,30,18,22,22,30,34,29,32,28,37,30,43,35,,44,32,18,,20,30,33,30,27,24,29,26,22,27,22,34,,,50,23,29,41,23,28,31,34,13,16,26,25,40,25,41,37,38,,,11,38,36,42,26,28,,15,23,23,,31,36,34,,38,56,28,32,30,33,20,27,25,40,29,42,22,27,24,24,,21,26,13,18,47,42,,36,,32,,,,18,19,20,22,21,26,,24,,32,33,31,20,19,20,29,15,30,26,45,22,13,19,21,20,31,30,36,31,25,,23,29,30,32,36,36,5,31,23,21,24,21,35,27,28,,24,40,36,39,23,26,27,24,28,36,32,27,27,25,34,,34,37,34,30,34,33,32,30,36,42,39,,32,36,37,,33,47,38,36,,36,33,25,,27,28,29,29,30,17,17,20,17,19,37,34,37,,32,20,27,31,36,,35,29,16,26,18,25,17,14,18,18,41,30,,20,23,25,,22,20,,33,18,23,21,,6,11,17,18,23,33,43,30,29,32,33,40,37,43,43,40,,13,14,14,18,20,19,22,25,26,35,38,40,32,43,24,31,41,52,44,28,23,22,40,29,19,13,14,32,35,43,39,25,39,25,32,36,40,62,73,69,69,32,29,34,50,53,26,24,48,31,48,75,70,26,24,20,17,,28,19,19,18,27,21,25,28,25,22,23,22,21,13,17,,,20,23,28,,35,20,18,16,22,34,,26,18,25,,,,,27,18,15,15,14,18,22,18,,19,19,18,19,22,32,14,12,35,21,28,,,,,20,19,20,16,16,16,24,,24,15,15,20,25,12,21,16,18,13,16,16,14,17,,14,12,10,8,14,12,19,12,16,,12,19,,9,13,,10,10,9,,35,,11,,13,9,24,38,34,37,15,19,22,19,20,24,22,19,,35,33,9,24,26,50,,297,332,16,26,419,446,,17,22,28,34,15,,35,31,22,,15,17,20,18,16,19,36,,24,41,,42,23,19,32,46,49,29,41,9,,39,29,33,22,25,19,18,29,24,,,45,39,47,33,,15,45,35,75,37,29,14,26,35,31,31,21,20,,35,33,35,50,16,23,31,,20,,20,38,46,27,20,20,505,34,37,33,38,23,32,14,,,32,34,22,38,,37,26,40,33,,30,49,,,18,29,29,14,29,33,13,17,16,30,19,20,21,16,20,,47,30,,29,31,35,21,17,33,22,32,13,18,22,29,20,38,35,33,22,42,29,16,28,16,35,34,26,23,21,17,13,46,28,22,19,25,24,14,20,21,20,37,44,24,27,34,25,37,31,26,,37,26,24,19,14,17,15,,33,45,31,26,24,21,14,31,42,37,95,42,31,40,29,23,52,34,22,,19,44,54,59,23,,421,22,13,18,17,19,23,18,22,16,25,20,32,59,33,26,,37,,28,12,17,32,24,20,29,30,25,26,21,14,9,12,10,9,27,29,9,26,10,19,20,36,30,44,44,34,33,30,45,27,42,20,21,27,21,21,25,25,,7,22,14,13,21,14,16,23,31,21,19,19,16,18,17,17,29,34,33,23,34,22,17,36,32,26,22,24,27,15,41,40,47,20,12,14,29,22,7,12,18,41,26,28,48,40,43,33,70,51,20,23,27,17,21,30,41,,24,34,29,39,37,28,32,32,17,30,36,24,31,25,22,21,16,27,11,37,62,42,43,72,,23,18,14,18,11,9,14,29,20,11,23,6,26,25,41,42,22,48,48,53,35,39,31,25,34,32,32,27,39,35,,35,19,32,36,32,27,20,11,18,26,36,31,23,24,27,17,22,42,32,26,24,,39,32,25,32,12,11,51,45,35,31,34,25,26,,19,29,44,24,13,27,26,21,32,,32,38,31,57,37,14,23,21,17,25,21,,23,,23,16,,17,29,13,16,34,35,30,31,,21,29,29,11,,,22,42,31,31,36,45,64,58,55,27,36,23,44,40,70,71,52,47,56,55,32,24,63,19,26,31,29,17,38,29,29,13,31,27,34,28,30,17,54,787,838,16,21,27,30,18,68,25,10,20,12,22,25,30,30,40,,34,35,11,12,34,31,24,11,11,35,33,25,46,32,42,32,28,22,46,25,39,29,31,,26,20,14,29,21,26,35,28,34,31,32,28,26,16,16,42,37,34,50,40,33,17,64,45,23,34,26,24,25,25,29,29,40,32,43,29,41,13,40,43,14,8,28,34
20210719,22,SO2,1,3,1,3,3,2,3,3,1,2,1,3,,,8,,5,4,20,,4,,7,8,,5,4,,4,4,3,5,5,4,5,,1,5,,5,1,8,5,5,,5,,5,6,3,5,6,4,5,5,5,4,,5,,7,8,9,7,,7,9,7,,8,2,5,3,10,3,,4,6,4,3,3,,4,3,2,4,2,1,,9,6,,,4,6,8,7,9,10,31,,6,7,7,7,19,,5,10,4,5,6,9,5,8,9,7,6,3,2,4,4,2,3,4,3,4,3,10,8,9,,6,17,22,14,21,16,10,13,1,3,6,3,7,,3,5,7,5,4,7,4,8,8,8,1,4,4,7,,1,4,2,1,1,3,5,6,10,6,7,6,,,,8,8,,5,8,7,,,,8,,4,4,2,5,2,2,,5,7,,,,6,6,,8,10,8,5,4,,4,2,2,3,4,,7,4,,4,,3,4,,4,8,,7,5,5,,5,3,6,5,6,7,10,,,7,6,8,5,3,5,3,,6,,,6,,6,4,,,2,3,5,3,4,,3,4,4,4,4,6,6,6,5,10,10,6,11,7,10,6,4,6,2,,4,4,4,3,2,4,5,4,2,3,,8,1,,,3,7,9,8,,6,6,8,6,5,,,5,4,5,4,4,4,3,3,3,2,3,3,,3,3,4,3,5,4,6,5,5,,5,5,7,4,5,4,6,6,4,4,5,6,5,3,,5,6,5,5,6,5,4,5,4,4,4,5,9,2,,6,4,5,5,4,4,7,6,8,7,6,6,,4,5,3,3,2,2,1,6,6,3,6,,,7,8,7,6,5,6,5,8,7,8,6,8,7,7,8,6,6,5,6,4,2,3,5,5,5,5,,4,5,6,6,6,8,4,,,10,6,3,2,5,,4,2,6,3,,,5,12,5,1,5,6,6,4,4,4,3,,14,,5,6,8,9,7,10,10,6,6,8,6,4,3,4,4,5,2,4,,4,5,5,5,,4,4,5,5,,,,6,5,,,,6,6,9,8,7,10,10,,17,10,6,9,10,7,6,6,6,7,4,4,121,5,4,18,,4,12,17,5,8,9,6,,11,,3,2,5,2,5,3,4,6,2,1,3,6,3,5,4,4,3,5,,12,,8,5,4,6,4,,2,5,,,6,3,3,9,,8,4,2,,12,7,5,8,2,7,7,6,6,8,,,,2,,5,9,,8,8,6,5,4,5,1,3,2,3,,5,,,7,,8,9,11,7,8,7,9,8,,5,5,5,6,12,5,5,13,20,10,9,,,7,6,8,5,5,5,5,,4,7,4,,8,7,,5,2,4,4,10,,9,9,,,4,7,,3,,12,9,103,60,9,5,,9,10,,2,2,,4,,8,12,11,,16,7,9,10,5,,5,4,4,4,3,5,3,15,12,12,6,7,8,7,12,13,6,6,5,31,15,11,49,31,7,5,7,7,4,4,6,,5,,5,5,3,5,2,3,3,6,3,8,11,8,4,6,,5,4,26,,9,7,6,3,5,,6,20,6,,3,,1,4,5,3,5,5,1,,,,2,,4,,1,3,2,,2,4,6,3,2,,2,,6,5,7,5,2,2,,9,7,9,6,8,7,,5,,,8,1,3,2,,7,14,6,14,9,6,6,8,10,7,10,8,6,6,3,,9,6,6,5,16,14,8,4,4,,12,27,11,5,5,9,6,13,,,,,6,7,,5,4,9,6,2,1,4,5,3,5,5,5,6,5,6,6,5,,3,2,3,,3,2,,2,4,3,2,4,3,5,2,1,6,8,4,4,,6,16,3,4,6,5,6,6,7,,8,5,4,5,4,6,10,5,5,,5,,,3,3,3,3,8,,,,,,6,4,2,,,5,,4,,,6,,5,6,8,9,11,12,11,11,6,,5,5,6,7,9,7,6,5,5,2,4,5,8,,3,6,,4,8,6,6,,,7,5,6,7,6,3,4,5,4,,,1,9,5,2,5,,8,9,8,10,10,7,4,,4,5,4,,,2,6,,14,10,8,,6,,6,10,,,5,5,,,4,5,18,,,1,4,12,11,8,7,5,5,6,4,7,5,6,7,9,11,4,2,5,4,4,8,3,6,,14,8,6,,20,11,9,10,4,3,9,6,6,6,4,7,,,10,5,6,6,5,11,8,2,3,10,6,6,6,8,5,6,2,,,3,3,5,5,5,12,,4,9,10,,17,13,11,,9,5,6,7,,2,2,6,4,5,3,8,26,6,5,20,,6,4,5,5,7,8,,3,,2,,,,6,5,7,5,4,4,,12,,7,6,6,5,4,3,1,4,2,4,6,4,4,5,4,5,10,15,11,12,5,,4,7,11,15,17,4,5,10,27,25,18,4,11,10,6,,5,10,14,12,23,4,3,7,4,16,38,25,38,28,5,,11,6,8,2,6,7,5,5,10,14,21,,5,1,2,,3,7,6,3,,4,2,1,,5,6,7,11,8,6,5,6,6,7,6,8,2,,6,4,7,16,12,,10,6,4,4,4,5,2,5,6,4,2,7,,4,4,1,,6,5,,26,6,5,5,,4,3,2,8,7,31,7,2,7,11,8,,,,5,7,,20,2,13,11,10,8,8,13,13,23,12,17,6,10,7,4,10,1,4,3,4,10,28,1,3,7,7,12,12,7,10,8,8,8,8,14,7,5,6,4,5,4,22,16,6,41,10,9,8,8,8,6,9,9,5,6,5,,2,6,6,6,7,12,10,11,9,6,16,9,4,5,8,,,5,5,5,,6,7,11,4,9,4,,8,3,7,,,,,5,6,5,5,4,14,10,13,,8,8,11,7,5,6,2,,20,8,5,,,,,5,8,4,6,10,8,2,,,5,4,5,5,6,6,8,6,6,6,5,5,6,,15,8,5,4,5,8,4,9,5,,9,6,,8,8,,8,5,5,,9,,9,,10,9,5,6,6,5,5,5,8,6,4,5,4,4,,12,9,4,4,17,6,,5,6,2,4,7,5,,6,7,6,3,4,,4,4,5,,19,13,14,7,10,16,6,,4,12,,6,2,3,2,6,7,4,4,8,,18,4,6,4,6,8,5,6,4,,,6,6,8,11,,2,7,7,22,8,4,8,6,5,5,5,,6,,3,7,12,6,6,8,4,,3,,4,7,4,7,7,8,5,12,7,1,6,5,5,4,,,11,5,3,6,,12,10,10,10,,4,4,,,2,9,8,5,7,4,4,8,3,6,4,2,8,7,2,,6,2,,6,7,5,8,6,14,4,3,6,4,4,11,2,8,8,11,2,17,7,2,11,9,4,9,6,7,4,4,6,10,3,8,6,4,6,7,6,6,8,1,1,8,14,8,5,22,8,3,,2,5,4,6,8,3,4,,3,5,6,7,7,5,10,2,7,7,6,3,5,5,11,5,2,3,2,,22,10,10,8,16,,10,4,8,4,4,5,7,5,3,6,3,7,4,6,12,6,,6,,5,4,5,9,1,7,7,8,5,12,7,7,6,8,4,8,,6,7,7,6,6,8,3,5,6,8,4,3,9,9,3,10,4,5,5,1,1,3,2,,1,2,4,2,,3,10,9,7,6,7,9,20,7,5,13,9,3,1,5,6,6,7,7,3,7,10,4,3,3,6,1,22,7,6,5,2,6,10,5,7,10,6,8,6,9,11,12,7,6,6,6,4,7,5,43,3,,3,3,3,6,16,4,6,6,6,5,4,6,7,6,3,2,2,5,1,9,13,9,10,18,,6,7,6,9,2,7,8,14,4,6,2,4,5,4,7,2,9,3,2,2,10,7,4,6,5,3,5,1,3,2,,1,1,4,10,7,16,9,7,19,12,5,3,6,4,6,6,9,12,7,4,8,,5,22,9,14,4,4,7,9,6,5,5,6,7,,5,3,5,8,3,3,5,4,4,,23,1,10,9,11,4,3,3,4,11,13,,5,,6,2,,6,7,1,5,4,8,6,4,,2,10,17,8,,,6,8,2,9,3,2,1,8,3,1,4,3,2,,5,10,8,10,8,7,4,1,2,2,6,2,4,3,13,13,11,4,4,7,6,5,6,9,20,2,3,5,4,5,10,1,8,6,7,9,3,8,7,10,11,28,,8,6,1,6,2,8,8,7,6,8,4,4,5,1,9,2,2,6,16,6,7,6,5,,3,2,4,2,4,2,3,3,3,4,1,3,3,18,8,8,8,15,10,21,6,3,1,2,1,3,1,2,9,9,7,,1,5,6,3,7,5,8,5,8,4,4,5
20210719,22,SO2_24h,1,3,2,3,3,2,3,3,2,1,2,4,,,8,,5,5,9,,4,,6,9,,6,5,,5,3,3,5,4,3,5,,3,7,,5,2,7,4,4,,3,,3,4,3,6,8,5,6,5,5,4,,6,7,7,8,9,8,,8,6,7,,7,4,5,3,10,4,,5,6,3,3,4,,4,3,2,5,2,2,,9,7,,,4,7,8,9,12,8,24,,9,15,20,16,16,,8,10,6,5,6,10,6,8,7,5,5,3,3,4,4,3,4,4,3,4,3,12,8,7,,11,16,19,16,14,14,11,13,1,4,6,3,7,,3,5,6,5,5,8,4,8,9,2,2,4,2,7,,2,6,3,2,1,3,5,9,10,7,7,6,,,,8,8,,6,8,6,,,,9,,5,3,3,6,2,3,,4,7,,,,5,5,,7,9,6,5,4,,4,1,3,3,6,3,7,5,,3,,4,4,,5,7,,6,4,5,,6,3,5,4,9,7,10,,,7,6,8,5,4,6,3,,6,,,4,,7,5,,2,2,4,5,3,4,,3,4,3,4,4,6,6,6,6,7,8,6,10,6,6,7,6,8,2,,4,4,4,3,2,5,7,10,7,6,,11,6,,,3,8,9,9,,7,7,8,5,5,,,5,4,5,5,5,5,3,3,3,2,3,3,,3,3,3,2,5,4,6,5,5,,4,5,8,6,6,5,7,6,5,5,7,5,5,5,,6,7,7,5,7,5,5,5,4,4,5,5,8,3,,6,4,5,6,4,5,5,5,8,8,6,6,,6,5,4,4,2,4,1,7,6,3,6,,,8,8,7,5,6,7,5,9,8,13,8,9,9,10,9,7,8,11,7,7,4,3,4,4,5,4,,4,5,6,6,7,7,4,,,10,7,3,2,4,,5,2,8,3,,,7,14,7,2,6,6,5,5,5,5,4,,8,6,5,6,8,9,6,7,10,6,6,8,6,4,3,4,5,5,2,4,,4,5,5,5,,24,3,9,11,,,,9,5,,,,8,9,8,7,4,9,9,,11,12,12,13,10,8,7,9,7,7,6,3,11,6,5,8,,5,4,12,5,9,11,8,9,12,,3,2,4,4,4,2,5,5,2,2,2,7,3,3,3,4,4,4,,13,,9,5,4,8,5,,4,6,,,6,4,4,8,,6,7,2,,9,8,6,9,3,7,8,6,8,10,,,,2,,5,10,,8,9,7,9,4,5,1,3,2,3,,10,,,7,,7,9,11,7,8,7,11,8,,13,7,9,9,6,11,7,10,16,22,8,5,7,6,6,8,5,7,8,5,,5,6,4,,8,8,,6,4,7,7,11,,10,5,,,3,7,,4,,14,10,22,20,9,5,,9,9,,3,3,,6,,11,8,13,,17,9,9,12,6,,6,4,4,6,3,5,3,10,8,10,7,8,9,11,11,13,6,6,5,12,18,8,22,9,9,6,7,8,4,4,6,7,5,,4,5,4,4,2,3,3,6,3,8,5,9,6,7,,5,4,14,,9,7,6,6,5,,9,17,4,,4,,2,4,6,3,3,3,2,,,,3,,4,,1,3,2,,2,4,5,3,4,,6,,6,5,7,5,2,2,,7,6,8,6,8,8,,5,,,8,1,3,2,,10,12,8,13,8,6,5,9,11,10,15,10,9,8,3,3,10,6,4,5,9,9,9,4,5,,17,16,16,9,5,8,9,6,,,,,6,7,,5,4,7,6,5,3,4,7,7,7,6,7,5,4,6,7,5,,6,2,3,,3,2,,3,4,3,1,4,4,5,3,2,6,9,4,4,,10,8,8,5,9,7,7,5,6,,10,5,4,5,4,5,9,5,5,,6,,,4,4,4,4,8,,,,,,5,4,2,,,5,,4,,,6,,5,8,8,7,9,10,10,9,7,,7,5,7,7,9,9,7,6,5,2,4,5,9,,5,6,,8,7,6,7,,,8,5,5,7,6,3,4,6,4,,,3,8,5,2,5,,8,11,5,10,8,10,4,,4,5,5,,,3,6,,14,13,9,,6,,18,18,,,6,5,,,12,9,17,,,2,4,12,12,6,9,6,6,8,3,7,5,7,8,9,9,6,4,6,5,4,13,3,6,,8,8,5,,14,12,9,10,3,4,9,6,6,7,4,9,,,9,5,5,7,6,11,8,3,7,12,10,6,8,8,8,6,6,,,3,3,4,4,8,11,,4,11,11,,15,14,7,,4,6,11,9,7,2,2,6,4,13,4,10,13,8,4,10,,5,4,6,6,7,8,,4,,4,,,,7,6,7,6,4,3,,8,,8,6,6,4,4,4,2,6,4,6,8,5,4,6,7,5,6,11,8,6,5,,6,9,10,11,13,8,9,12,21,17,17,5,7,14,8,,6,19,22,11,12,4,5,8,6,18,15,9,18,11,8,,8,6,5,11,6,6,6,6,9,11,13,,5,1,2,,4,5,5,4,,5,3,1,,5,7,7,10,8,6,5,6,6,7,6,6,2,,9,4,9,17,10,,12,6,4,4,4,5,3,4,6,4,5,8,,4,4,1,,5,4,,17,6,5,5,,5,3,1,8,9,26,11,5,7,11,9,15,14,16,16,12,,3,2,8,9,9,8,8,11,8,14,10,8,6,13,7,4,6,8,2,3,5,6,6,3,4,5,6,11,10,8,12,10,11,11,11,9,10,5,6,5,5,6,12,11,11,18,10,9,8,7,8,21,22,8,5,5,5,,2,6,6,7,7,11,10,12,10,8,6,5,4,6,9,,,5,5,6,,6,8,11,6,8,5,,9,6,8,,,,,7,7,8,8,6,13,10,12,,7,7,11,7,6,7,2,3,12,5,6,,,,,6,7,5,6,8,6,2,,4,5,4,7,8,6,7,8,6,6,6,6,8,10,,10,7,5,4,5,8,4,8,9,,10,6,,7,8,,9,5,5,,7,,9,,8,9,8,20,16,11,5,6,8,6,5,11,3,5,,32,27,5,6,9,6,,5,5,2,2,5,4,,6,7,6,2,15,,4,4,6,,9,9,11,13,11,15,8,,5,9,,8,2,3,2,5,7,6,7,9,,11,4,10,3,6,8,5,7,4,,,9,7,8,13,,2,7,7,15,23,5,9,7,8,6,5,14,6,,2,6,13,6,6,7,4,,4,,4,9,4,5,7,9,15,13,7,4,10,5,5,4,,,10,5,3,6,,9,16,7,14,,4,4,,,2,8,7,5,8,4,4,4,4,6,4,3,9,6,3,,5,3,,8,7,7,10,5,13,6,11,6,5,6,3,2,10,8,15,4,13,6,2,7,9,5,9,11,11,9,8,6,12,4,7,8,5,6,8,6,6,8,2,1,10,14,8,6,24,9,2,,2,6,4,6,8,3,4,,2,11,6,7,5,5,10,2,9,8,8,3,32,6,14,7,2,4,4,,9,16,13,13,20,,16,4,8,4,4,5,6,5,3,6,3,7,4,17,16,7,,6,,6,4,5,9,1,7,8,8,6,9,8,7,6,8,4,8,7,17,7,7,6,6,8,8,5,6,3,4,2,10,9,3,10,4,5,5,2,2,3,2,,2,2,5,3,12,3,10,8,6,6,6,9,15,7,6,11,10,3,4,6,6,6,7,9,4,9,12,5,4,4,7,4,6,10,4,5,4,6,10,6,7,13,6,5,9,10,35,17,7,13,7,6,4,7,5,18,5,,3,3,3,10,14,4,6,5,5,4,5,7,7,8,3,3,2,5,1,7,11,10,8,14,,6,7,6,9,3,6,7,14,5,6,3,4,6,4,7,2,9,3,2,3,4,7,5,7,6,3,4,1,2,1,,1,1,5,8,33,14,8,5,15,14,8,3,7,5,7,6,9,11,8,5,9,,5,15,9,12,3,4,6,11,6,7,7,5,9,,5,22,5,8,3,3,2,3,6,,9,6,11,10,16,4,4,3,4,10,11,,4,,5,2,,6,6,2,6,4,8,6,4,,4,15,23,10,,,6,8,2,7,2,2,4,11,6,2,4,4,4,9,5,9,7,10,7,7,3,1,2,2,6,2,4,4,10,9,10,4,4,7,6,5,8,8,13,2,2,4,5,5,13,3,22,6,7,10,3,8,8,10,13,16,,8,6,1,6,4,8,7,7,7,7,3,6,6,2,11,3,3,6,11,6,7,6,4,,3,2,4,3,4,2,2,2,3,3,2,3,3,10,11,8,7,7,13,10,7,4,3,3,1,3,2,3,7,7,8,6,2,6,6,5,7,6,9,5,8,6,8,7
20210719,22,NO2,16,12,18,11,17,17,18,11,12,17,18,31,,,19,,18,18,42,,19,,60,8,,15,13,,56,28,18,48,26,26,12,,15,24,,23,17,22,47,20,,13,,15,17,24,15,19,12,21,26,19,13,,14,13,19,29,19,19,,10,22,21,,21,8,15,15,20,24,,24,39,29,24,45,,6,46,58,19,24,34,,18,15,,,15,15,16,20,33,43,45,,30,16,28,21,25,,37,13,16,5,5,6,9,8,4,17,2,47,35,73,28,36,11,30,41,70,38,19,13,11,,20,23,31,20,26,16,20,25,15,15,17,11,15,,19,18,19,25,,23,12,32,14,,28,39,14,9,,10,18,10,12,13,21,8,9,1,8,7,14,,,,16,12,,11,17,9,,,,16,,14,43,18,11,26,20,,32,39,,,,39,33,,24,31,23,7,5,,8,4,9,6,8,,5,10,,11,,6,6,,28,31,,27,26,30,,29,28,20,24,33,8,18,,,8,11,10,12,3,19,11,,15,,,16,,20,16,,,3,7,13,17,13,,27,32,21,22,35,14,17,9,27,46,25,15,31,70,51,23,9,18,2,,8,3,5,4,8,13,10,17,16,12,,19,28,,,8,19,29,23,,30,18,22,20,9,,,19,14,6,10,7,17,12,15,9,10,75,8,,14,9,20,59,48,35,66,52,40,,54,8,19,22,20,6,17,11,18,14,17,8,20,18,,18,26,22,28,17,24,29,15,10,10,13,15,28,11,,4,12,7,12,20,27,12,16,18,22,21,26,,16,21,14,21,24,17,14,28,24,20,24,,,12,27,24,7,9,15,6,12,41,48,33,26,18,14,25,22,24,17,30,25,6,13,24,19,14,31,,36,54,41,34,32,30,18,,,42,37,62,65,26,,22,28,56,49,,,27,11,14,33,21,11,31,33,24,31,30,,15,,16,20,18,19,20,12,17,19,22,15,15,15,15,16,31,15,15,19,,7,9,23,15,,59,32,76,49,,,,23,11,,,,15,20,40,48,14,28,34,,24,20,19,17,19,15,18,25,15,17,18,3,10,29,7,59,,18,41,34,24,21,16,17,,19,,16,17,29,3,6,2,3,32,34,15,7,10,10,20,11,12,10,9,,22,,8,9,11,15,19,,19,32,,,10,15,11,14,,16,25,19,,22,11,7,15,14,16,7,9,13,14,,,,12,,9,12,,15,17,12,38,10,11,5,9,7,21,,4,,,12,,14,12,27,16,16,12,20,15,,17,23,33,26,22,14,6,16,16,22,10,,,6,6,3,6,6,8,11,,12,16,11,,11,12,,7,10,13,12,20,,30,11,,,12,16,,27,,16,12,15,18,7,2,,9,2,,14,18,,,,22,31,17,,20,20,18,17,16,,9,9,23,12,33,5,2,18,23,20,22,8,26,18,25,35,10,12,16,26,22,17,24,18,16,15,21,31,15,7,14,,6,,8,15,18,23,18,10,9,11,9,7,7,29,44,61,,22,20,21,,11,14,12,15,3,,20,46,1,,8,,5,12,5,6,12,23,20,,,,13,,12,,6,4,2,,14,12,10,5,9,,6,,21,9,11,15,22,33,,16,23,12,37,14,6,,14,,,6,11,8,11,,12,21,17,16,16,26,11,25,16,33,58,35,31,26,5,,7,24,30,24,43,25,31,17,28,,25,,54,19,19,18,25,34,,,,,8,22,,25,17,15,16,28,40,26,18,18,23,11,21,35,39,19,12,14,,5,6,18,,33,28,,23,6,17,17,19,17,19,14,17,10,10,11,14,,13,9,17,11,17,12,20,18,20,,20,20,16,31,29,10,19,50,50,,14,,,2,2,13,13,10,,,,,,13,15,11,,,22,,8,,,12,,11,20,26,40,36,33,25,32,17,,13,26,30,30,31,3,6,23,22,19,15,8,5,,24,49,,38,32,13,18,,,28,12,5,8,18,5,2,14,2,,,16,24,25,29,21,,15,8,13,16,23,11,17,,23,18,16,,,14,9,,26,35,8,,10,,4,18,,,14,18,,,13,5,11,,,8,12,9,13,8,7,5,16,18,6,11,10,5,12,23,26,28,21,42,26,7,5,12,9,,35,14,26,,4,15,13,12,14,6,5,6,9,12,9,18,,,28,11,18,28,12,27,10,30,5,10,11,5,33,34,31,26,5,,,24,15,9,12,13,18,,11,8,5,,40,12,37,,10,7,12,14,,10,2,7,28,27,40,70,28,25,17,18,,11,17,,4,20,28,,6,,6,,,,14,18,8,11,3,9,,20,,54,13,35,8,6,6,8,6,14,8,42,6,4,8,7,5,29,27,28,22,16,,6,9,33,15,39,16,3,14,33,32,28,4,7,11,2,,18,22,23,23,37,12,22,22,23,36,9,12,16,16,14,,19,24,17,9,18,18,17,16,12,14,23,,14,22,28,,12,9,12,17,,18,11,12,,2,10,14,10,12,9,8,8,10,11,14,10,11,,14,11,13,19,11,,10,6,4,27,21,12,12,11,9,17,19,16,,13,15,13,,14,14,,16,2,15,14,,12,6,16,15,6,26,37,31,36,37,29,,,,11,16,,9,9,11,8,30,15,13,14,27,6,11,6,6,18,6,5,12,4,6,3,12,13,42,10,4,5,5,24,25,32,26,25,14,11,21,32,48,11,26,22,22,17,35,30,11,22,19,15,15,9,31,18,13,6,6,8,16,,18,16,19,15,77,38,25,29,41,13,20,13,11,5,32,,,7,12,11,,10,34,13,14,35,10,,37,17,22,,,,,6,29,11,10,13,12,5,16,,2,9,12,10,16,8,7,,43,61,25,,,,,30,25,30,17,26,43,19,,,7,6,10,14,12,7,16,9,20,9,9,9,13,,13,12,12,11,13,18,13,14,17,,12,29,,13,23,,6,21,15,,22,,8,,8,7,8,6,10,14,7,11,15,11,3,5,5,7,,66,67,3,7,5,20,,43,29,13,21,27,32,,8,7,33,16,9,,16,11,8,,60,3,34,13,13,6,19,,14,11,,21,21,12,8,21,92,14,38,5,,33,19,23,19,22,5,20,20,16,,,29,16,21,16,,40,37,31,14,84,21,3,18,10,10,12,25,21,,19,45,7,24,10,21,15,,5,,12,40,32,22,16,14,19,21,5,18,29,4,15,4,,,22,14,8,14,,15,15,8,12,,4,5,,,17,46,40,8,17,10,7,54,14,39,9,46,36,15,20,,23,16,,24,14,17,10,13,15,16,7,9,4,25,46,6,34,11,15,16,24,26,10,23,20,15,26,10,14,8,5,21,64,17,10,44,6,6,9,16,17,16,14,12,13,13,18,39,12,10,10,,8,15,13,43,10,14,29,,31,42,8,23,24,2,3,35,13,47,15,9,9,20,14,8,8,13,17,,15,40,21,28,13,,17,20,17,20,17,19,21,19,16,7,7,15,16,15,19,12,,11,,11,6,6,9,7,9,27,18,15,27,25,17,13,19,10,4,,32,8,11,7,10,11,12,15,8,32,18,15,47,8,5,22,4,11,23,9,11,10,9,,9,3,10,7,,36,36,34,46,17,28,11,34,56,17,36,16,30,14,10,19,9,8,18,12,8,18,17,11,6,31,15,16,18,19,26,21,18,21,47,9,10,16,26,26,30,10,18,24,26,21,10,17,7,8,18,19,,13,5,7,30,39,20,14,19,7,6,20,16,37,25,11,14,6,10,3,14,30,27,47,23,,17,15,13,22,7,11,27,13,16,4,19,15,31,22,9,19,13,9,30,51,8,18,53,22,6,8,31,6,13,13,,14,2,9,10,8,12,22,8,35,18,35,9,20,28,29,38,32,12,29,5,7,,25,17,10,12,10,12,14,35,35,13,10,9,15,,14,6,19,17,2,14,14,14,10,,43,27,15,15,26,12,5,12,9,14,9,,15,,12,6,,6,45,19,33,56,22,14,13,,15,10,17,12,,,5,10,39,9,17,20,28,26,22,30,16,38,35,,52,43,13,9,38,43,3,10,,12,12,18,5,11,35,16,32,11,7,14,14,8,17,10,19,27,20,18,20,29,20,23,7,14,16,11,21,20,14,36,30,18,,20,15,7,5,25,14,23,13,12,12,21,6,18,20,21,26,11,13,5,16,32,16,28,,3,5,7,9,6,17,10,6,47,13,24,11,14,13,10,19,26,31,32,19,11,15,21,23,10,11,15,7,20,15,5,19,18,13,27,12,25,11,21,7,9,10,42,8
20210719,22,NO2_24h,13,9,20,10,15,19,23,9,12,13,19,20,,,18,,19,17,27,,25,,36,8,,8,12,,35,24,17,23,19,21,11,,17,22,,22,17,5,16,12,,12,,9,11,8,16,15,16,16,21,22,12,,12,10,13,24,18,20,,11,23,21,,25,12,14,12,16,17,,7,16,13,10,28,,10,28,28,24,21,19,,13,15,,,15,16,17,13,17,24,23,,15,17,19,17,20,,18,14,19,6,8,8,11,10,6,17,3,29,23,34,16,19,12,15,20,20,28,17,16,8,,17,26,28,20,22,15,20,25,12,15,13,9,13,,16,18,10,16,19,16,17,21,11,16,20,24,12,9,,6,15,8,11,12,17,7,26,2,4,7,11,,,,13,11,,8,13,8,,,,27,,13,23,11,10,19,16,,13,21,,,,19,21,,21,24,22,6,6,,9,5,7,6,6,4,5,7,,9,,4,4,,16,18,,23,15,22,,20,18,12,18,28,8,20,,,9,10,11,21,9,17,17,,12,,,18,,17,17,,9,4,8,10,14,13,,14,18,18,15,18,12,17,9,28,25,20,18,23,31,26,27,17,22,2,,10,3,4,3,7,14,8,24,20,13,,26,27,,,14,15,21,25,,20,20,19,15,8,,,8,10,7,9,9,14,18,18,11,13,21,13,,18,8,14,36,30,29,35,26,37,,28,9,22,22,24,10,12,12,22,12,20,10,28,21,,23,27,23,21,24,17,28,14,9,15,12,13,24,14,,4,12,8,11,15,19,11,15,22,21,21,23,,24,32,29,15,18,13,14,24,21,19,20,,,13,17,19,10,9,13,6,13,32,34,18,18,22,18,26,19,18,22,23,20,11,8,14,13,9,13,,24,27,20,22,30,22,15,,,29,30,38,27,20,,27,30,35,34,,,28,10,14,27,23,18,18,29,27,27,19,,13,10,10,14,10,14,10,10,11,8,15,15,16,16,26,14,23,13,17,17,,11,12,22,18,,28,13,42,41,,,,27,8,,,,22,21,43,47,48,55,38,,36,20,16,22,13,19,13,17,12,12,13,3,7,24,7,29,,20,28,28,21,15,16,15,12,18,,12,11,16,7,7,9,10,13,13,9,7,6,5,11,7,7,9,6,,14,,8,8,11,13,11,,12,17,,,11,14,12,17,,8,11,14,,13,5,7,12,10,16,13,13,14,17,,,,8,,8,10,,11,11,10,19,6,4,2,14,12,18,,8,,,5,,6,10,17,11,10,8,11,7,,15,18,17,16,23,12,9,11,10,15,11,17,18,6,8,4,16,12,12,12,,14,12,13,,8,9,,7,10,12,10,12,,28,9,,,13,12,,22,,18,13,17,18,6,2,,11,3,,13,18,,13,,16,16,14,,16,15,17,19,12,,6,8,13,16,17,7,2,15,18,8,15,5,18,10,24,33,11,10,13,14,15,9,14,12,16,17,17,13,15,8,14,5,9,,7,13,14,16,14,8,8,9,8,7,7,15,22,28,,18,17,18,,12,13,19,13,5,,17,14,2,,9,,6,10,5,6,7,8,8,,,,12,,11,,5,4,4,,16,15,11,7,12,,8,,15,16,11,13,16,12,,11,22,11,11,9,10,,9,,,4,11,7,8,,12,19,18,14,12,11,6,16,14,24,24,23,21,22,9,9,7,11,17,13,19,22,22,21,18,,21,12,32,18,13,18,20,21,,,,,6,15,,18,14,13,10,13,12,15,18,20,22,18,18,18,16,17,14,14,,6,7,19,,20,14,,16,9,12,15,14,15,9,9,14,14,11,8,11,,12,12,13,17,18,16,22,16,19,,17,23,12,15,10,8,17,19,19,,9,,,4,4,15,16,8,,,,,,10,11,9,,,9,,8,,,10,,11,15,19,19,19,15,15,21,19,,12,19,22,21,24,6,4,15,13,13,11,10,4,,26,16,,17,17,12,17,,,13,8,6,8,12,6,4,11,3,,,19,15,16,17,14,,11,12,18,12,15,14,12,,14,14,12,,,13,12,,13,16,21,,21,,14,19,,,12,10,,,18,11,15,,,6,7,7,9,6,7,5,9,9,6,9,9,7,10,15,9,9,18,19,16,6,4,10,8,,18,8,14,,7,12,14,12,9,5,6,5,9,8,7,22,,,33,9,10,12,11,13,9,17,7,11,11,5,21,14,29,22,13,,,12,13,7,7,7,11,,8,14,12,,19,7,17,,7,10,9,10,5,8,2,6,25,30,35,46,24,16,20,15,,13,10,6,3,21,23,,9,,11,,,,13,17,7,17,3,5,,17,,21,18,20,6,6,7,8,6,14,10,20,7,2,8,8,5,19,23,19,18,9,,10,6,14,10,16,11,4,9,20,15,16,6,9,17,3,,11,16,13,15,15,9,13,14,14,14,6,6,8,10,11,,12,15,12,11,15,17,13,14,12,13,18,,11,9,9,,15,9,11,12,,13,8,13,,3,12,13,10,11,8,7,8,8,8,9,6,7,,10,10,9,26,16,,13,9,4,17,10,11,12,9,11,16,18,17,,12,9,9,,12,11,,13,2,6,6,,8,5,8,5,5,13,11,19,13,12,13,7,9,15,14,14,,13,12,17,10,15,16,13,13,22,7,9,8,8,16,5,6,4,5,6,6,12,8,20,10,4,3,4,18,27,22,19,17,14,17,17,16,20,16,20,17,13,9,14,14,11,16,12,15,9,15,23,19,19,7,8,6,13,,14,11,11,10,20,16,16,12,19,11,13,12,9,5,18,,,6,12,8,,11,14,8,8,18,13,,17,9,11,,,,,9,11,12,15,15,11,5,9,,21,11,9,9,12,16,7,14,26,24,21,,,,,16,12,14,15,18,22,18,,6,6,7,10,14,8,6,7,8,11,10,11,11,12,,6,7,8,10,8,14,16,8,14,,6,11,,8,8,,8,20,9,,9,,8,,7,5,9,13,17,17,7,11,14,10,4,8,7,9,,22,21,3,13,8,26,,16,14,21,22,19,15,,8,9,18,12,12,,23,15,13,,17,4,16,17,8,7,11,,10,21,,21,16,9,9,19,27,11,11,5,,35,14,14,11,8,5,12,11,9,,,30,25,26,11,,12,39,36,27,35,13,4,22,11,10,14,21,12,,22,24,13,21,11,16,12,,10,,6,20,27,12,20,16,15,18,9,14,19,6,13,6,,,19,18,7,12,,22,16,26,13,,2,5,,,11,26,26,7,15,6,8,25,7,23,10,30,17,15,18,,23,11,,20,9,14,10,6,14,13,10,7,7,14,27,7,22,9,25,20,10,15,6,13,13,9,13,11,11,9,8,14,34,15,6,37,8,8,8,9,10,9,6,11,12,12,14,22,19,13,6,,6,15,11,23,8,14,16,,33,30,6,15,14,2,5,17,17,19,24,12,15,19,9,7,8,19,15,,9,39,24,25,13,,12,17,15,16,14,13,16,16,15,7,7,11,24,16,13,12,,8,,9,5,4,12,5,10,22,25,20,24,25,15,13,18,11,7,25,26,7,8,12,12,10,10,7,12,21,19,14,24,8,2,18,5,11,15,5,8,11,10,,11,4,8,7,8,19,16,11,15,13,16,9,19,23,4,22,18,33,21,11,16,7,6,23,13,10,18,13,11,6,14,15,10,15,14,14,13,15,9,12,13,10,10,9,16,16,20,14,12,17,13,11,16,8,9,9,17,,10,6,11,29,18,18,12,16,5,5,18,15,21,15,6,12,6,10,2,15,54,16,33,30,,17,9,9,12,11,11,26,12,13,5,19,14,15,13,14,10,11,17,22,27,4,12,22,13,9,11,20,7,12,7,,12,2,9,11,15,10,18,8,20,25,14,13,14,15,18,11,12,13,14,9,8,,12,13,5,12,9,5,13,20,19,11,12,9,15,,11,10,19,19,3,7,10,8,17,,16,13,13,16,19,9,8,13,10,13,10,,13,,12,7,,6,22,10,17,27,17,15,16,,14,11,12,4,,,5,12,28,12,21,14,25,15,18,10,8,18,19,22,32,29,17,14,23,24,3,8,33,10,13,8,6,11,25,9,18,8,9,15,16,12,15,10,37,9,11,14,14,23,17,11,18,6,14,13,16,16,15,24,19,30,,18,6,8,5,19,15,13,11,8,13,24,10,13,8,20,20,17,13,16,9,25,14,14,,3,3,7,7,11,15,4,10,20,10,15,6,13,17,9,16,19,28,19,15,12,13,13,21,8,8,12,14,14,22,5,10,10,11,24,11,25,12,17,7,6,16,22,12
20210719,22,O3,86,91,94,95,84,95,102,81,93,96,90,79,,,59,,57,63,38,,64,,21,72,,62,60,,36,57,58,32,49,70,110,,73,58,,64,56,61,32,72,,75,,92,84,57,89,76,111,73,69,92,93,,93,97,87,60,69,71,,36,66,65,,64,77,68,59,52,53,,43,27,52,53,36,,57,20,16,60,43,2,,101,113,,,99,109,99,94,30,21,26,,19,61,49,54,52,,42,61,58,65,62,68,78,77,69,59,54,79,90,51,84,83,35,42,59,24,77,90,92,76,,76,73,63,74,71,71,92,69,22,22,19,23,27,,27,20,21,18,67,103,127,102,115,123,87,103,126,24,,25,33,25,23,28,19,28,23,22,20,24,52,,,,56,70,,71,67,65,,,,44,,23,10,24,30,16,25,,8,17,,,,47,27,,38,48,75,37,41,,42,61,63,64,59,,56,45,,37,,,64,,37,47,,29,37,32,,29,27,47,49,5,26,18,,,29,23,24,22,23,18,20,,58,,,32,,21,20,,,27,19,18,11,16,,43,38,77,77,62,67,64,70,70,43,65,84,68,18,34,66,80,82,39,,25,42,33,20,29,42,48,37,51,34,,46,26,,,53,103,88,101,,90,118,113,118,68,,,40,49,53,59,63,45,78,73,76,81,39,,,66,84,38,26,23,45,4,43,26,,20,85,98,86,94,109,81,85,,80,84,96,32,31,,31,23,29,24,36,17,21,37,32,35,26,22,14,30,,42,43,41,29,24,31,28,27,25,24,24,14,,29,26,28,22,18,24,29,25,24,29,23,,,32,19,20,35,30,25,35,31,17,18,18,22,86,91,88,74,74,100,60,85,62,53,38,53,57,128,,105,80,83,46,86,41,62,,,96,50,51,41,49,,97,86,71,55,,,113,141,52,46,62,73,42,45,63,56,44,,53,,57,54,61,58,53,57,57,58,54,60,37,61,61,60,46,63,67,60,,63,47,56,48,,70,104,65,94,,,,146,145,,,,120,128,109,79,121,113,108,,122,76,78,93,68,73,82,69,74,81,85,67,43,57,63,78,,124,91,103,110,123,134,121,,123,,48,67,,85,74,84,88,67,50,65,70,66,64,53,33,27,29,34,,82,,58,69,63,56,103,,115,76,,,80,73,70,77,,59,65,,,57,78,67,67,85,54,63,61,59,58,,,,56,,55,96,,95,105,122,82,59,55,68,45,66,39,,92,,,28,,25,21,16,53,55,43,53,49,,62,49,40,50,50,57,55,42,50,43,83,,,28,28,29,52,51,52,36,,36,36,37,,54,53,,57,58,51,49,25,,19,38,,,97,108,,52,,80,76,82,79,54,65,,67,65,,57,60,,64,,63,54,62,,71,58,66,72,63,,28,25,35,36,14,48,9,54,63,26,38,48,43,40,28,15,53,37,16,53,59,57,55,64,60,44,42,15,43,27,86,,90,,90,50,35,38,14,4,94,91,92,95,108,64,50,51,,124,119,124,,133,50,53,44,54,,36,18,86,,81,,89,82,90,83,96,69,81,,,,64,,75,,74,76,101,,79,72,71,91,85,,91,,72,75,102,79,67,53,,70,62,81,38,81,52,,41,,,38,36,64,10,,58,62,,66,27,51,64,46,57,33,7,46,32,44,59,,74,72,66,,64,82,77,95,76,,76,110,47,59,24,80,50,46,,,,,85,82,,63,67,67,74,44,40,60,51,42,22,42,29,34,18,58,66,63,,78,76,70,,36,43,,46,70,46,96,98,102,68,105,101,67,71,72,66,,134,131,95,131,113,119,102,116,124,,93,88,84,60,72,80,73,44,44,,42,,,73,73,56,63,53,,,,,,53,40,56,,,28,,50,,,33,,33,21,18,4,7,6,17,16,18,,112,93,25,27,22,53,60,110,108,73,86,28,24,,54,31,,28,40,42,44,,,71,51,59,56,38,92,90,91,102,,,50,44,46,46,51,,56,89,90,84,87,86,46,,36,45,82,,,79,83,,59,42,71,,77,,153,136,,,77,42,,,123,133,106,,,58,56,63,62,161,161,161,60,58,75,68,63,57,51,33,13,35,60,31,35,73,83,60,62,,87,98,53,,44,30,22,22,92,109,71,73,42,38,,33,,,25,50,61,22,34,7,26,10,23,31,27,46,24,26,27,35,49,,,46,87,85,87,52,62,,9,97,99,,70,80,73,,119,114,123,103,,74,90,86,34,34,22,3,14,29,49,46,,52,56,62,11,110,112,,96,,97,,,,69,71,76,62,92,83,,42,,39,46,30,36,34,39,38,35,69,83,28,76,78,67,68,75,73,98,70,88,18,,42,12,20,29,11,31,19,56,40,38,34,38,55,54,55,,12,49,43,51,21,48,34,38,48,22,41,42,37,31,54,,41,43,47,15,50,51,47,49,97,75,102,,55,64,56,,91,95,89,79,,81,78,86,,95,82,89,86,88,55,55,62,60,60,73,74,83,,41,51,52,73,81,,83,88,61,34,27,42,76,69,71,65,70,70,,48,54,47,,51,59,,78,68,55,50,,76,77,55,12,40,53,28,50,32,27,32,,,,69,56,,54,53,53,60,10,35,44,32,36,80,69,84,64,65,52,72,80,66,50,,48,65,35,64,13,42,47,17,13,14,8,35,34,54,61,43,41,75,49,53,57,31,32,36,54,46,35,28,30,76,37,83,88,96,108,60,61,,79,64,62,85,36,87,85,81,70,83,101,117,113,103,81,,,71,88,75,,85,3,31,34,38,47,,84,81,94,,,,,91,58,81,78,82,67,,48,,98,109,116,80,72,83,21,,18,31,23,,,,,23,,44,55,27,2,42,,,93,98,95,90,106,103,106,22,18,58,84,70,69,,28,31,37,43,7,5,89,92,40,,76,45,,101,59,,54,48,47,,49,,102,,60,45,85,77,73,72,112,114,114,116,89,84,85,61,,46,34,102,119,120,124,,55,82,105,90,84,76,,97,99,88,107,106,,136,144,95,,59,171,122,122,77,119,115,,123,122,,104,86,96,102,111,43,104,64,78,,112,103,99,93,74,109,112,119,118,,,95,90,105,73,,62,90,90,117,27,31,60,30,76,62,69,62,40,,66,19,49,65,20,17,39,,102,,54,73,117,55,37,30,89,78,122,42,40,86,36,69,,,65,46,59,61,,119,118,102,81,,69,38,,,58,19,16,46,61,79,63,22,54,24,60,52,82,66,59,,59,20,,24,55,93,100,117,97,48,94,29,99,40,5,45,42,97,151,67,54,81,40,79,87,120,13,57,55,61,63,57,50,94,86,55,95,104,118,51,42,45,88,70,106,82,51,46,46,79,67,,86,48,56,28,110,34,18,,43,84,,,38,65,105,48,53,38,131,81,51,99,69,42,74,41,43,,44,93,98,97,126,,90,22,24,20,34,17,22,26,22,27,123,72,120,137,85,58,,70,,30,30,26,40,33,42,26,33,34,24,27,28,34,26,36,51,,14,29,77,44,33,31,51,44,73,39,66,70,57,128,87,117,85,42,22,73,74,83,92,,79,85,30,55,51,26,16,80,48,40,38,92,72,7,24,44,68,96,125,115,112,109,64,85,88,73,44,52,55,62,91,118,78,49,51,25,34,56,54,29,69,77,51,26,65,53,78,68,52,37,15,53,56,43,44,96,55,,60,91,84,112,62,114,143,124,28,65,94,26,62,109,21,22,64,33,47,139,133,116,100,123,,35,51,32,18,32,43,24,51,27,40,32,25,4,58,,86,71,99,51,39,84,42,13,63,102,88,17,85,70,75,,93,97,81,85,13,100,13,16,35,29,55,107,68,87,60,50,52,97,56,61,66,,90,88,114,116,48,56,,66,72,80,90,78,110,,92,133,64,65,37,36,32,28,44,,24,23,28,95,44,63,82,61,47,54,47,,21,,70,76,,27,9,43,39,27,82,59,19,,17,89,73,88,,,69,89,38,65,64,58,43,54,51,44,76,50,42,,39,50,80,84,58,54,68,74,76,82,82,60,85,76,91,84,103,54,63,48,69,60,123,135,135,61,81,48,60,40,61,45,144,26,22,51,21,28,31,10,118,126,,124,65,92,88,44,103,75,52,48,70,75,95,103,113,106,68,73,81,60,48,37,42,53,,70,18,68,126,91,,97,88,6,102,52,49,68,85,48,84,102,111,27,102,105,52,50,61,123,78,78,105,101,113,150,69,87,75,20,77,20,26,99,115,77,64,61,86
20210719,22,O3_24h,127,134,141,141,132,137,140,137,136,153,131,151,,,139,,163,158,146,,153,,116,177,,148,166,,139,143,111,138,137,157,131,,149,128,,126,127,96,127,122,,120,,132,126,119,135,136,148,132,132,136,126,,132,133,126,81,96,88,,95,134,134,,138,153,158,148,157,123,,104,121,112,105,108,,115,100,100,110,97,104,,150,137,,,155,150,144,141,108,114,116,,108,130,143,121,127,,145,100,90,94,93,96,107,89,91,100,92,103,102,99,103,95,110,100,98,98,107,146,146,126,,146,154,137,143,131,135,134,141,82,78,84,77,81,,86,63,78,73,161,156,164,149,154,154,138,150,190,102,,122,113,111,112,108,113,136,131,132,115,140,96,,,,103,144,,114,114,110,,,,174,,147,142,146,148,118,135,,146,185,,,,174,178,,189,189,209,124,132,,136,110,117,112,112,72,103,96,,121,,108,96,,171,160,,162,154,177,,181,164,148,133,61,82,74,,,69,74,78,86,89,77,90,,101,,,140,,143,142,,47,83,76,47,56,53,,114,122,143,151,148,100,98,104,152,170,156,170,164,142,145,144,154,156,80,,80,75,77,57,114,126,130,106,106,120,,104,102,,,104,179,201,173,,182,212,191,233,88,,,81,81,87,91,84,90,78,73,77,81,79,69,,66,84,99,104,114,107,97,105,83,,127,134,197,198,196,193,150,197,181,164,162,155,67,73,,80,71,88,77,75,71,62,82,40,43,36,32,35,54,,53,54,52,49,38,49,41,44,63,66,70,77,,64,75,75,58,61,49,54,87,93,87,85,,,83,83,67,56,50,50,57,55,81,91,87,92,184,186,193,179,159,176,168,154,99,91,78,85,89,152,,149,162,198,172,177,166,179,,,169,173,176,168,150,,240,203,246,183,,,239,177,100,93,96,111,95,89,98,99,94,,78,60,91,97,94,86,105,100,85,99,88,87,105,89,76,93,94,110,113,128,,96,86,82,88,,228,164,202,191,,,,192,204,,,,197,208,167,160,151,159,209,,163,196,215,226,164,158,139,172,119,133,143,98,114,196,148,164,,157,164,171,152,180,181,186,120,176,,104,112,105,90,89,91,95,115,104,102,96,99,99,102,107,110,101,95,,108,,98,111,113,104,161,,162,147,,,132,136,130,186,,114,124,122,,125,132,121,119,144,105,96,98,102,117,,,,139,,133,139,,144,172,174,162,83,84,96,83,121,87,,128,,,100,,95,96,101,74,80,85,93,83,,116,104,114,108,113,111,95,87,106,102,86,41,46,63,53,60,71,70,68,57,,58,88,74,,108,106,,114,116,114,101,94,,82,72,,,134,159,,125,,130,135,131,132,75,73,,71,76,,113,110,,122,,104,108,103,,108,97,103,102,105,,86,84,90,89,86,86,68,145,153,143,132,131,125,99,81,68,96,97,83,110,101,107,109,105,117,116,116,120,120,95,88,68,97,,99,88,90,95,92,80,116,105,113,101,111,158,172,151,,155,152,155,,156,104,116,100,103,,119,92,99,,82,,90,85,97,88,124,131,128,,,,87,,104,,104,100,110,,89,75,85,92,85,,91,,147,145,164,152,157,141,,114,109,138,151,120,145,,108,,,104,103,102,77,,94,105,122,107,90,107,85,102,141,142,126,141,123,143,76,39,127,130,128,116,138,147,138,150,163,,176,205,172,171,113,131,148,101,,,,,173,146,,147,113,140,151,139,120,117,126,110,108,111,125,77,86,106,119,122,,96,96,111,,105,107,,99,116,140,133,123,134,127,130,131,106,117,120,114,,143,143,130,206,193,165,154,128,136,,132,114,124,103,115,136,127,164,164,,81,,,87,87,89,102,91,,,,,,92,81,124,,,85,,84,,,142,,121,122,124,142,152,150,142,143,119,,189,164,184,191,183,165,172,162,161,115,146,93,79,,104,126,,142,133,113,100,,,151,78,78,75,72,94,91,92,107,,,182,77,75,78,77,,80,96,114,111,118,112,88,,87,86,87,,,85,88,,110,105,99,,99,,185,179,,,98,66,,,199,202,155,,,86,91,109,108,190,190,190,105,98,101,100,97,91,98,79,107,153,152,135,116,79,85,71,74,,149,150,99,,93,92,90,112,114,126,110,90,91,79,98,86,,,103,130,126,133,190,118,112,109,96,106,115,91,151,122,118,132,122,,,120,104,102,109,151,151,,81,136,151,,140,141,150,,154,169,159,157,97,97,110,99,136,159,146,172,95,136,134,113,,146,115,104,82,191,210,,154,,151,,,,111,106,115,113,122,114,,129,,132,135,136,83,88,80,75,82,99,108,104,101,95,91,90,90,136,139,136,141,94,,86,81,85,94,86,84,84,131,124,116,120,102,90,89,89,,107,121,137,137,124,116,114,117,120,129,106,110,109,108,105,,103,108,103,104,107,107,107,107,116,78,109,,83,98,92,,91,95,89,112,,133,128,94,,100,102,109,97,110,82,79,85,82,88,135,129,135,,83,82,93,107,121,,118,129,90,106,108,128,102,104,92,93,123,120,,119,131,120,,108,112,,127,101,106,94,,96,93,93,94,91,156,122,117,114,129,129,56,71,68,147,128,,139,147,157,136,110,115,99,93,89,140,118,131,122,123,69,82,104,86,86,100,89,107,133,100,80,81,80,97,92,94,94,78,86,81,108,122,113,142,150,158,160,106,93,96,137,140,119,124,86,118,107,139,140,103,119,122,134,,140,133,120,128,119,198,198,201,173,121,129,137,144,156,143,,,115,118,116,,112,129,120,114,125,102,,169,156,155,,,,,154,146,139,147,150,122,110,118,,120,160,170,156,155,146,87,49,77,74,82,,,,,106,89,100,96,70,70,94,,41,143,141,122,123,128,124,134,75,77,95,101,92,94,,62,59,57,57,28,36,140,141,99,,115,99,,125,119,,72,72,93,,111,,118,,77,70,122,126,128,120,135,139,143,151,104,106,102,93,,146,147,127,176,150,159,,108,117,134,133,116,117,,113,99,144,143,146,,155,167,146,,140,215,146,145,122,127,151,,157,172,,172,134,141,139,134,125,126,121,144,,153,129,121,111,112,117,130,138,134,,,126,119,133,95,,109,124,124,172,177,144,79,72,144,176,146,149,89,,100,129,191,204,76,147,155,,159,,139,150,251,107,59,58,120,126,175,147,119,119,155,99,,,142,186,111,161,,203,205,193,124,,104,159,,,89,186,170,81,107,126,79,74,157,158,106,170,187,176,113,,140,126,,78,110,173,159,145,141,82,130,52,99,93,99,64,148,99,207,95,105,114,70,106,122,148,86,80,82,86,82,106,159,136,115,151,100,162,148,110,112,110,127,100,132,130,104,98,176,134,99,,135,128,133,86,136,100,105,,94,210,112,138,94,100,116,168,200,141,162,91,85,206,112,93,102,174,127,,101,218,171,181,177,,119,91,76,89,79,71,89,86,79,66,135,130,165,187,156,105,,125,,131,108,92,169,110,69,78,69,72,78,64,64,43,42,46,56,33,84,44,81,56,77,81,110,110,153,127,169,167,183,168,114,188,118,138,146,101,98,91,98,,86,88,103,102,116,94,115,131,91,113,96,114,110,128,92,105,128,247,222,197,184,149,83,175,137,114,97,135,97,102,161,156,137,74,89,82,99,107,142,108,93,121,116,97,156,138,127,124,154,137,128,112,116,107,107,100,110,,147,127,127,162,150,136,190,174,123,102,219,154,172,162,127,127,107,122,92,196,188,205,135,177,,65,78,58,58,43,53,74,101,73,59,67,50,81,109,149,131,132,139,136,136,118,132,165,153,159,146,132,85,104,89,,96,119,92,108,116,110,93,74,183,87,138,187,154,144,151,136,147,225,194,108,95,,143,177,174,152,92,87,152,147,144,126,145,140,185,,139,198,139,118,55,143,108,113,177,,99,107,117,154,111,98,107,90,98,75,67,,66,,143,121,,107,75,75,76,162,142,111,78,,86,135,131,128,,,77,127,150,137,109,142,136,126,141,118,111,150,162,65,120,116,134,138,149,144,77,77,107,96,94,104,91,87,148,166,122,80,102,90,117,81,155,146,165,114,120,103,137,104,93,77,173,104,37,77,86,79,84,96,174,184,,154,103,95,93,99,164,142,75,81,224,158,134,156,154,170,129,98,154,111,105,186,107,125,,92,78,80,134,91,122,125,88,135,130,128,117,114,138,108,142,190,169,135,102,105,110,136,145,134,131,117,132,146,152,167,118,124,99,115,102,102,84,141,164,120,96,137,128
20210719,22,O3_8h,108,111,127,123,116,119,116,110,115,128,116,114,,,98,,100,107,94,,98,,63,99,,91,106,,103,103,81,93,92,115,110,,88,78,,82,76,87,92,108,,108,,115,113,102,110,110,115,99,101,112,109,,109,113,111,71,84,80,,69,105,98,,105,118,116,107,78,74,,89,90,92,90,83,,81,70,68,89,81,50,,136,130,,,138,139,127,127,69,71,67,,66,91,91,82,85,,92,76,60,74,71,79,87,78,72,74,64,83,94,75,95,87,81,74,80,78,94,128,121,105,,117,114,104,116,111,115,120,118,42,41,36,41,45,,46,35,42,38,121,129,139,125,129,133,110,129,155,66,,78,79,71,73,70,70,67,62,66,52,71,65,,,,85,92,,92,95,92,,,,122,,98,90,101,104,72,95,,106,128,,,,133,120,,146,145,171,85,91,,94,89,93,90,88,,81,72,,82,,106,84,,95,111,,90,102,95,,102,98,90,94,21,42,35,,,41,36,35,20,48,39,49,,84,,,101,,75,74,,,41,33,28,20,26,,82,69,112,118,109,85,78,78,106,100,110,118,118,84,90,108,111,118,54,,40,55,49,35,74,62,62,63,73,69,,66,50,,,66,135,148,129,,130,153,132,175,72,,,59,63,63,72,70,63,62,61,62,65,57,58,,51,64,70,60,63,75,38,82,58,,67,112,140,149,131,159,120,152,143,125,126,124,49,51,,53,50,48,54,56,40,44,55,36,37,32,26,22,38,,46,47,46,35,26,33,32,32,39,43,46,28,,47,38,30,29,28,31,34,43,41,44,39,,,46,44,35,44,38,37,46,44,38,50,49,47,133,123,129,122,109,132,109,119,78,78,57,64,71,133,,127,129,161,125,144,118,134,,,134,130,128,124,105,,184,154,170,130,,,185,154,81,72,85,95,80,73,83,79,73,,68,,74,77,79,73,81,79,75,86,71,72,76,73,65,78,74,88,85,94,,79,67,73,68,,160,149,140,137,,,,165,178,,,,171,178,140,124,139,137,151,,138,142,144,167,128,75,118,118,99,115,119,84,92,122,114,137,,144,140,136,137,163,167,167,,160,,73,89,98,83,76,76,88,96,76,87,84,83,82,78,56,54,51,52,,98,,82,92,88,84,131,,134,121,,,109,108,106,114,,94,108,111,,100,112,102,102,122,79,74,75,85,84,,,,108,,97,124,,129,146,148,131,70,70,80,63,81,67,,99,,,56,,52,52,42,62,68,62,67,69,,77,66,68,71,75,77,74,62,75,76,65,,,43,41,45,61,60,59,43,,43,60,54,,79,77,,73,76,74,69,56,,43,52,,,116,137,,94,,110,108,113,113,64,67,,67,69,,82,79,,87,,88,82,85,,88,78,81,86,81,,52,46,51,49,42,59,28,81,98,81,79,88,72,64,44,34,70,58,44,87,80,84,86,87,95,75,87,77,83,56,82,,93,,96,42,37,44,30,27,101,101,101,96,106,96,100,99,,141,134,142,,140,79,83,74,80,,77,60,88,,67,,75,72,79,72,110,108,108,,,,78,,96,,91,85,106,,77,67,75,77,75,,81,,114,113,132,120,116,107,,103,93,113,114,109,109,,63,,,79,85,91,54,,81,88,102,90,48,90,78,77,76,60,57,67,56,72,67,,102,100,107,108,113,122,116,127,127,,142,163,134,131,46,96,84,61,,,,,111,113,,110,87,98,111,89,84,96,63,65,49,63,54,58,58,82,96,92,,86,88,88,,84,85,,74,105,110,118,113,120,106,123,118,84,95,98,89,,137,137,118,175,167,142,119,121,130,,120,104,101,89,103,110,103,120,120,,56,,,74,74,66,75,71,,,,,,76,65,93,,,59,,65,,,86,,76,67,63,63,66,63,75,77,40,,150,126,111,119,106,124,136,145,143,104,130,47,40,,86,91,,78,93,75,73,,,109,70,66,64,60,82,79,82,91,,,102,62,61,62,63,,66,89,103,100,106,100,61,,70,69,82,,,78,79,,92,86,89,,87,,159,153,,,89,55,,,164,173,128,,,70,72,97,96,179,178,178,87,83,88,85,81,59,57,47,53,114,108,93,86,74,81,64,68,,129,134,84,,63,53,55,65,105,114,89,77,43,46,48,57,,,52,89,93,83,83,46,56,36,55,62,59,67,66,71,56,60,65,,,91,81,82,88,100,106,,44,124,131,,118,123,122,,136,143,143,135,,84,100,91,45,56,44,40,35,60,67,75,,97,74,72,38,161,178,,125,,120,,,,82,79,86,83,108,100,,61,,68,70,59,57,60,55,50,58,78,86,74,79,89,79,77,82,81,89,86,87,50,,54,50,47,52,41,49,50,83,78,79,79,75,68,62,68,,65,90,95,99,84,75,59,66,70,66,65,70,65,61,82,,75,79,78,53,65,63,63,68,83,72,88,,65,79,71,,58,85,84,93,,97,96,80,,89,80,88,80,88,63,63,69,70,71,111,108,115,,54,57,64,87,97,,101,108,77,70,67,82,92,86,83,83,94,91,,80,89,80,,78,84,,104,87,84,78,,80,81,74,58,64,90,82,80,81,82,73,,,,107,95,,80,82,88,86,57,68,68,63,67,79,90,80,93,86,56,76,86,75,76,66,59,78,80,72,40,64,63,41,35,38,36,60,68,63,87,89,83,112,106,108,113,68,63,67,101,100,71,69,59,99,88,116,118,87,105,86,92,,102,114,101,110,90,129,127,135,114,104,116,126,130,137,124,,,92,93,90,,90,64,66,67,72,74,,135,128,132,,,,,124,109,112,113,117,102,87,94,,108,120,126,115,113,115,56,,48,56,47,,,,,56,73,80,82,52,41,66,,,122,117,114,113,121,116,126,40,44,78,92,85,84,,44,49,47,50,16,18,119,119,79,,96,77,,114,97,,62,60,71,,82,,111,,67,60,110,113,110,109,124,127,128,133,95,94,88,78,,107,108,105,137,122,147,,88,106,117,111,104,105,,99,96,127,129,131,,146,158,123,,120,201,131,137,106,123,134,,144,152,,145,115,128,128,127,108,118,106,126,,139,118,115,103,99,112,124,131,124,,,113,111,124,87,,98,115,114,151,132,59,68,51,102,94,103,104,70,,87,96,137,165,36,73,112,,129,,105,123,192,88,50,46,109,108,152,92,77,92,109,77,,,106,93,90,106,,166,172,162,97,,91,109,,,68,116,106,66,88,106,66,43,66,112,77,137,151,130,82,,98,61,,47,77,135,129,129,120,60,102,44,82,73,48,53,92,93,172,75,84,99,61,97,107,129,50,71,74,76,75,82,135,114,102,112,86,133,138,73,64,69,112,92,118,108,80,68,128,107,85,,116,80,104,60,123,55,52,,73,152,110,94,71,87,111,120,147,105,152,80,61,171,96,59,92,94,62,,83,149,133,151,153,,109,38,38,43,51,39,48,48,40,39,128,112,148,154,127,75,,104,,84,62,68,115,71,53,53,50,54,48,38,40,36,37,39,50,,46,39,63,47,56,48,73,76,118,92,113,117,111,148,102,164,101,59,54,85,87,80,84,,70,73,65,81,81,61,71,114,69,87,61,101,99,72,60,72,97,172,186,147,139,134,69,112,121,87,71,100,79,84,120,125,110,65,73,60,57,70,122,81,82,96,84,73,109,78,98,101,108,90,70,75,85,77,79,83,72,,112,111,105,141,114,125,170,149,74,87,178,100,128,146,74,61,76,82,68,154,155,156,122,152,,50,67,46,40,37,46,36,71,44,50,52,31,46,90,100,115,103,107,88,85,105,88,90,99,126,120,60,69,89,82,,90,106,78,80,53,104,44,43,127,50,115,139,118,127,102,111,118,152,123,87,76,,125,130,144,138,69,74,,110,122,108,121,103,165,,126,165,110,94,43,63,65,54,102,,65,74,82,123,64,84,88,73,72,60,53,,39,,117,93,,61,51,63,64,102,120,90,43,,38,117,111,111,,,70,109,99,96,91,93,70,82,83,92,92,108,99,,94,93,107,114,118,106,66,65,88,81,82,85,79,70,127,131,110,64,85,71,93,72,140,138,149,84,99,64,94,74,81,63,150,56,29,64,39,46,45,61,153,155,,139,90,78,78,66,128,112,63,63,107,105,106,130,138,146,94,85,126,82,79,106,83,75,,82,53,71,129,79,103,108,76,84,112,97,90,99,118,87,123,140,148,84,81,89,77,87,84,126,108,102,109,131,141,147,100,107,87,55,90,49,41,114,141,102,74,117,99
20210719,22,O3_8h_24h,112,112,130,126,119,121,116,115,115,130,117,120,,,110,,119,128,109,,116,,99,134,,119,145,,116,116,95,107,104,124,111,,112,103,,103,101,92,109,113,,112,,117,116,108,122,123,128,119,119,119,116,,119,122,120,74,89,82,,82,119,112,,117,136,136,128,111,95,,99,105,104,96,93,,95,89,86,94,89,82,,145,133,,,148,146,138,136,99,95,97,,96,113,115,104,110,,124,92,86,87,86,90,99,85,83,89,81,95,96,91,101,89,106,94,95,96,100,142,133,123,,139,139,128,136,125,130,130,136,71,68,68,66,68,,75,48,67,63,134,132,139,130,130,143,118,134,156,90,,113,106,104,101,100,106,104,100,103,86,106,85,,,,95,105,,103,108,104,,,,159,,132,131,133,134,108,128,,129,165,,,,157,161,,174,171,191,110,116,,121,100,105,101,98,70,99,91,,96,,106,92,,129,131,,130,126,132,,137,136,123,110,54,74,63,,,61,66,72,86,70,61,71,,91,,,128,,124,124,,49,83,71,44,39,39,,104,100,127,132,124,90,91,90,134,133,137,146,146,125,122,128,130,141,72,,59,68,67,49,101,94,88,82,88,92,,76,79,,,82,152,179,149,,154,178,154,194,82,,,75,78,87,85,79,82,62,61,62,65,57,58,,51,64,88,90,91,88,82,94,73,,100,114,169,165,153,173,136,170,149,145,143,139,55,59,,62,58,65,68,63,56,51,70,36,38,32,29,27,42,,47,48,48,40,35,41,35,34,46,49,54,49,,48,57,44,39,42,38,41,58,57,54,54,,,60,60,49,50,44,43,49,49,58,65,69,63,152,144,151,140,125,148,130,128,85,83,69,72,81,133,,129,135,168,140,149,134,146,,,140,140,136,140,121,,206,179,186,152,,,206,155,96,82,90,102,87,83,92,90,87,,71,61,75,80,82,75,86,85,78,90,77,82,85,73,65,79,75,91,92,97,,86,73,74,72,,198,157,166,155,,,,170,182,,,,182,189,141,127,139,138,160,,139,168,159,184,146,151,130,143,110,128,132,90,105,165,125,156,,149,151,161,145,170,171,174,112,167,,95,102,98,84,78,76,90,114,103,96,90,91,90,91,89,89,82,81,,106,,94,107,106,96,143,,144,135,,,125,129,121,144,,104,120,117,,117,120,112,110,131,92,87,86,94,96,,,,126,,111,129,,136,159,156,145,82,78,88,73,93,75,,110,,,82,,79,77,76,72,78,74,76,76,,98,85,92,89,93,91,84,80,92,90,74,38,44,52,47,50,66,64,62,56,,58,76,68,,87,85,,81,85,86,75,78,,70,55,,,118,141,,113,,119,117,123,122,68,68,,67,70,,95,90,,99,,96,96,93,,97,85,95,94,95,,79,78,86,78,81,80,62,117,126,114,110,113,103,88,69,54,86,86,73,100,92,98,98,96,112,104,108,112,112,85,82,66,93,,96,76,65,78,71,66,107,101,101,96,106,131,141,131,,145,145,146,,140,92,102,86,94,,104,80,88,,67,,75,72,79,72,110,111,110,,,,79,,97,,91,85,108,,77,67,75,77,75,,81,,124,128,135,132,138,121,,112,101,122,138,116,128,,92,,,97,95,94,69,,89,99,109,99,69,96,80,89,108,99,98,104,98,107,70,34,108,108,121,108,122,127,122,135,136,,156,170,148,148,79,106,103,74,,,,,121,128,,131,97,114,130,115,102,108,82,82,70,85,77,69,75,92,104,101,,86,88,91,,97,100,,86,109,128,124,116,125,116,127,124,92,105,108,100,,137,137,125,189,180,153,154,121,130,,122,109,123,101,108,118,112,143,143,,75,,,82,82,83,94,87,76,,82,,,88,76,107,,,83,,82,,,123,,109,106,103,116,122,119,116,119,82,,161,148,153,161,151,150,154,148,146,111,140,77,66,,94,113,,102,112,93,89,,,127,74,74,71,68,82,79,82,94,,,142,70,70,70,71,,70,89,110,107,113,107,84,,82,78,84,,,80,79,,98,93,93,,91,,170,167,,,94,61,,,176,185,136,,,77,83,104,103,183,182,180,98,94,96,94,88,88,89,72,93,128,130,109,104,74,81,67,71,,140,143,95,,87,85,76,90,111,123,99,83,64,62,69,75,,,85,116,112,119,144,91,83,75,84,89,89,86,116,102,87,99,95,,,105,81,82,89,124,126,,51,130,143,,135,135,140,,142,149,146,143,89,93,104,94,88,106,96,92,70,102,92,97,,124,90,86,62,175,190,,135,,130,,,,102,98,103,102,115,109,,90,,108,109,107,76,81,71,66,75,90,98,95,90,92,85,85,86,89,94,101,101,76,,73,74,70,78,68,69,66,102,100,97,97,92,81,80,79,,91,105,107,108,100,98,92,95,98,109,84,90,85,86,96,,89,95,92,83,82,82,81,85,83,72,93,,66,86,84,,81,85,84,104,,121,117,89,,93,87,92,84,93,78,74,82,78,85,122,117,122,,76,68,84,94,107,,108,117,90,84,83,104,97,94,87,91,105,101,,96,107,95,,96,100,,115,91,94,88,,86,86,85,78,77,125,99,94,98,106,103,43,61,56,130,112,,109,114,122,114,85,90,84,78,82,102,104,99,109,104,60,78,92,79,81,91,73,92,101,88,62,72,73,81,74,75,78,65,73,64,93,100,91,121,130,129,136,98,88,91,122,127,98,105,86,104,97,123,122,87,105,103,110,,116,124,107,115,106,152,148,154,140,106,118,126,130,142,137,,,100,100,104,,96,94,85,84,90,86,,144,134,136,,,,,134,128,123,127,131,113,94,108,,113,127,140,149,137,128,73,49,65,69,68,,,,,76,77,85,86,59,60,80,,33,129,122,119,119,124,120,132,58,61,86,94,90,91,,54,52,53,54,22,26,135,130,91,,96,80,,116,110,,66,64,81,,99,,116,,68,62,116,120,120,118,125,129,130,134,97,100,91,84,,125,128,105,153,133,155,,101,112,129,126,112,112,,104,96,137,135,139,,150,163,138,,134,206,141,140,116,126,145,,152,169,,162,127,135,132,128,116,120,116,133,,141,122,117,105,104,112,124,131,124,,,117,115,126,90,,102,119,117,157,153,102,71,58,121,136,126,116,84,,92,122,170,184,68,128,141,,136,,125,138,217,93,50,50,113,120,159,125,103,99,142,89,,,120,135,97,127,,175,182,171,110,,100,140,,,83,164,151,75,98,115,74,71,94,140,84,146,167,143,93,,110,110,,67,87,148,140,129,128,72,112,48,82,84,82,59,116,93,179,86,98,108,67,104,116,132,73,75,78,80,77,95,154,124,106,119,93,148,142,95,96,97,112,93,124,120,92,84,162,111,85,,124,104,120,69,124,87,87,,81,177,110,109,86,95,114,147,180,128,157,80,76,188,100,79,93,125,91,,96,176,148,165,164,,114,72,64,76,76,63,76,76,66,51,128,121,156,169,137,97,,117,,117,93,89,149,95,61,67,59,62,58,50,49,37,38,40,51,32,62,42,73,50,70,60,83,99,136,117,150,142,147,150,108,175,108,91,91,85,87,84,94,,70,73,88,97,97,83,99,121,77,100,75,107,102,100,70,82,110,196,201,168,150,138,79,140,128,100,89,118,93,97,141,136,115,69,82,73,84,85,137,93,87,106,98,92,131,113,110,109,133,116,112,92,103,93,95,83,90,,129,114,106,153,133,127,172,154,107,98,198,139,150,149,112,98,95,109,90,154,158,162,123,156,,56,71,52,51,39,46,43,80,59,53,58,36,69,95,115,122,121,107,102,109,114,119,130,131,134,132,102,69,89,83,,90,106,81,88,94,106,77,58,149,68,129,159,139,136,119,127,135,172,144,100,86,,132,152,151,142,83,86,152,131,132,119,139,122,177,,132,174,117,105,48,102,92,91,132,,94,100,104,125,82,89,91,79,90,65,61,,63,,133,101,,83,60,68,68,136,130,99,62,,69,127,125,119,,,71,121,115,112,95,118,103,103,116,101,96,130,126,56,106,105,118,125,133,126,66,66,92,81,82,86,82,70,131,135,110,75,90,80,95,74,144,138,149,109,113,88,111,96,87,71,160,83,33,71,57,60,60,84,164,165,,143,100,78,78,90,138,128,74,78,147,128,116,134,149,164,102,91,137,91,92,138,95,103,,86,70,76,129,79,107,108,76,101,114,107,100,104,128,97,133,166,157,102,84,89,93,115,113,126,109,107,109,140,148,147,115,107,93,93,97,83,77,124,154,114,81,130,111
20210719,22,CO,0.6,0.6,0.7,0.7,0.7,0.6,0.5,0.6,0.5,0.6,0.6,0.7,,,1.9,,1.6,1,0.5,,0.5,,0.4,0.4,,0.4,0.5,,0.6,0.6,0.5,0.7,0.6,0.3,0.6,,0.5,0.4,,0.4,0.3,0.4,0.2,0.5,,0.4,,0.5,0.8,0.7,0.1,0.4,0.3,0.1,0.1,0.1,0.5,,0.4,0.4,0.1,0.6,0.7,0.8,,0.7,0.5,0.4,,0.4,0.3,0.1,0.2,0.4,0.6,,0.2,0.7,0.4,0.4,0.6,,0.5,0.6,0.6,0.5,0.5,0.7,,0.5,0.4,,,0.4,0.4,0.5,0.4,0.8,0.6,1.6,,0.6,0.6,0.6,0.5,1,,0.5,0.7,0.5,0.4,0.5,0.3,0.5,0.5,0.4,0.6,0.5,0.8,0.6,0.9,0.6,0.7,0.3,0.4,0.5,0.5,0.5,0.5,0.8,0.6,,0.5,0.7,0.5,0.6,0.5,0.7,0.6,0.5,0.4,0.5,0.3,0.4,0.5,,0.3,0.3,0.3,0.2,0.4,0.6,0.2,0.2,0.6,0.4,0.3,0.6,0.5,0.2,,0.3,0.4,0.2,0.1,0.2,0.5,0.4,0.3,0.4,0.4,0.5,0.4,,,,0.5,0.4,,0.6,0.3,0.3,,,,0.4,,0.3,0.2,0.4,0.3,0.4,0.3,,0.5,0.6,,,,0.8,0.7,,0.5,0.8,0.8,0.3,0.5,,0.1,0.2,0.3,0.2,0.2,,0.5,0.3,,,,0.3,0.4,,0.5,0.4,,0.6,0.4,0.4,,0.6,0.4,0.5,0.3,0.4,0.5,0.4,,,0.4,0.4,0.4,0.4,0.3,0.4,0.4,,0.4,,,0.4,,0.5,0.5,,,0.3,0.2,0.3,0.4,0.5,,0.4,0.5,0.4,0.2,0.4,0.4,0.3,0.4,0.5,0.5,0.4,0.5,0.5,0.6,0.5,0.4,0.4,0.3,0.3,,0.4,0.6,0.4,0.3,0.3,0.5,0.2,0.9,0.6,0.5,,0.7,0.6,,,0.6,0.5,0.3,0.7,,0.5,0.4,0.7,0.4,0.3,,,0.1,0.3,0.4,,0.1,0.4,0.6,0.4,0.6,0.6,0.5,0.6,,0.5,0.7,0.9,1,1,1,1.2,0.7,1,,1.7,0.3,0.8,0.7,0.6,0.7,0.8,0.6,0.4,0.5,0.5,0.4,0.5,0.6,,0.5,0.4,0.6,0.6,0.6,0.5,0.5,0.4,0.3,0.6,0.6,0.5,0.4,0.5,,0.8,0.4,0.3,0.5,0.5,0.6,0.5,0.6,0.3,0.4,0.4,0.5,,0.5,0.3,0.4,0.6,0.5,0.4,0.5,,0.6,0.5,0.5,,,0.6,0.6,0.7,0.4,0.5,0.4,0.7,0.5,0.5,0.6,0.3,0.4,0.7,0.7,0.7,0.8,0.6,0.8,0.7,0.6,0.4,0.5,0.5,0.5,0.5,0.7,,0.6,0.7,0.8,0.7,0.9,0.3,0.5,,,0.9,0.5,0.9,0.4,0.6,,0.4,0.4,0.6,0.6,,,0.6,0.4,0.4,0.3,0.4,0.6,0.7,0.4,0.6,0.3,0.7,,0.4,,0.3,0.3,0.3,0.4,0.3,0.6,0.2,0.4,0.5,0.2,0.6,0.7,0.5,0.6,0.6,0.4,0.6,0.3,,0.6,0.8,0.6,0.6,,0.5,0.8,0.8,0.3,,,,0.5,0.3,,,,0.4,0.5,0.7,0.5,0.7,0.3,0.8,,0.7,0.7,0.9,0.8,0.6,0.8,1.2,0.8,0.8,1.4,1,0.3,0.3,0.7,0.9,0.7,,0.8,0.8,0.9,0.7,0.6,0.5,0.7,,0.5,,0.4,0.9,0.5,0.3,0.7,0.5,0.5,0.7,0.6,0.6,0.4,0.6,0.3,0.5,0.2,0.3,0.3,0.3,,0.8,,0.2,0.6,0.3,0.7,0.5,,0.6,0.8,,,0.3,0.5,0.4,0.3,,0.3,0.6,0.3,,0.2,0.1,0.1,0.3,0.2,0.2,0.1,0.3,0.1,0.3,,,,0.2,,0.2,0.6,,0.4,0.3,0.3,0.5,0.5,0.2,0.3,0.5,0.3,0.4,,0.2,,,1,,0.9,0.6,1,0.4,0.6,0.5,0.3,0.4,,0.6,0.4,0.7,0.5,0.4,0.5,0.4,0.7,0.7,0.7,0.5,,,0.3,0.5,0.4,0.6,0.6,0.6,0.4,,0.4,0.4,0.5,,0.6,0.6,,0.5,0.7,0.7,0.6,0.6,,0.6,0.5,,,0.4,0.5,,0.6,,0.6,0.5,0.5,0.5,0.6,0.5,,0.7,0.7,,0.4,0.6,,0.9,,1.2,1.2,1.1,,1.1,1.1,0.6,0.3,0.2,,0.5,0.6,0.6,0.9,0.9,0.3,0.2,0.6,0.9,0.5,0.9,0.5,0.7,0.3,0.7,1.3,0.6,0.6,0.4,0.8,0.5,0.4,0.7,0.6,0.7,0.6,0.6,0.8,0.7,0.5,0.5,,0.2,,0.1,0.4,0.3,0.4,0.4,0.3,0.5,0.5,0.6,0.3,0.7,0.6,0.8,0.6,,0.7,0.6,0.8,,0.4,0.7,0.6,0.4,0.7,,0.6,0.7,0.3,,0.8,,0.7,0.4,0.4,0.4,0.6,1,0.6,,,,0.6,,0.6,,0.5,0.5,0.6,,0.6,0.6,0.6,0.5,0.4,,0.5,,0.4,0.6,0.4,0.4,0.6,0.8,,0.7,0.4,0.4,0.7,0.6,0.5,,0.7,,,0.6,0.4,0.4,0.6,,0.7,0.7,0.5,0.7,0.8,0.7,0.6,0.8,0.6,1,1.1,0.9,1,0.9,0.3,,0.7,0.6,0.9,0.7,0.6,0.7,0.6,0.4,0.8,,0.6,2.6,1.7,0.5,1,0.7,1,1,,,,,0.5,0.5,,0.7,0.7,0.5,0.3,0.4,0.6,0.3,0.4,0.4,0.5,0.4,0.4,0.9,0.9,0.7,0.5,0.7,,0.6,0.5,0.6,,0.6,0.6,,0.6,0.6,0.7,0.6,0.7,0.7,0.5,0.5,0.5,0.5,0.5,0.6,0.5,,0.6,0.7,0.2,0.3,0.1,0.1,0.7,0.7,0.4,,0.6,0.4,0.3,,0.3,0.3,0.5,0.2,0.2,,0.3,,,0.3,0.3,0.2,0.2,0.4,,,,,,0.3,0.4,0.3,,,0.3,,0.4,,,0.6,,0.6,0.3,0.6,0.6,0.6,0.8,0.3,0.4,0.3,,0.4,0.7,0.7,0.6,0.6,0.3,0.2,0.3,0.3,0.6,0.6,0.2,0.3,,0.7,0.4,,0.5,0.5,0.6,0.7,,,0.8,0.6,0.6,0.5,0.5,0.5,0.7,0.6,0.5,,,0.3,0.8,1,1,0.9,,0.7,0.5,0.4,0.7,0.7,0.5,0.3,,0.4,0.6,0.5,,,0.5,0.6,,0.7,0.7,0.4,,0.4,,0.6,0.5,,,,0.5,,,0.6,0.4,0.4,,,0.3,0.3,0.3,0.2,0.4,0.3,0.4,0.4,0.2,0.4,0.4,0.7,0.4,0.3,0.6,1.5,0.7,0.4,0.5,0.5,0.3,0.5,0.5,0.3,,0.6,0.3,0.4,,0.4,0.5,0.5,0.5,0.6,0.5,0.5,0.4,0.4,0.5,0.4,0.4,,,0.5,0.5,0.7,0.7,0.5,2.7,0.4,5.6,0.5,0.5,0.5,0.4,0.6,0.6,0.7,0.8,0.6,,,0.5,0.4,0.3,0.3,0.4,0.3,,0.7,0.3,0.4,,0.5,0.6,0.4,,0.5,0.5,0.5,0.5,,0.4,0.5,0.4,0.7,0.4,0.6,0.8,0.6,0.4,0.5,0.7,,0.3,0.4,0.3,,0.6,0.5,,0.5,,0.3,,,,0.4,0.5,0.6,0.6,0.5,0.6,,0.8,,0.5,0.5,0.5,0.5,0.4,0.5,0.5,0.3,0.5,0.4,0.7,0.4,0.2,0.6,0.4,0.4,0.6,0.8,0.6,0.5,0.3,,0.5,0.3,0.8,0.4,0.7,0.7,0.3,0.8,4.4,1.1,2.6,0.2,0.3,0.6,0.8,,0.5,0.5,0.6,0.4,0.6,1.1,0.9,0.8,1.1,1.5,0.5,0.8,0.7,0.6,0.6,,0.6,0.7,0.6,0.5,0.7,0.5,0.6,0.6,0.5,0.5,0.8,,2.1,1,0.9,,0.7,0.8,0.9,0.6,,0.6,0.5,0.6,,0.6,0.6,0.5,0.7,0.7,1,1,0.8,0.8,0.7,0.8,0.6,0.6,,0.9,0.4,0.7,1,0.8,,0.7,1,0.4,0.8,0.8,0.7,0.5,0.8,0.8,0.8,0.6,0.7,,0.6,0.8,,,1.2,1.2,,0.6,0.4,0.4,0.5,,0.8,0.6,0.8,2.1,1.2,1,0.7,0.6,0.7,0.7,0.7,,,,0.5,0.5,,0.4,0.9,1,1.4,0.5,0.4,0.5,0.4,0.6,1.5,0.5,,0.5,0.8,1.3,0.8,1.1,0.8,1.3,0.3,0.6,0.7,0.8,0.8,0.4,0.4,0.4,1,0.9,1.1,0.8,0.4,0.6,0.5,0.8,0.8,0.6,0.7,0.7,0.9,1,0.5,0.7,0.7,0.7,0.9,0.5,0.5,,0.6,0.7,0.9,0.9,0.6,0.6,0.6,0.4,,0.4,0.4,0.4,0.3,0.4,0.5,0.5,0.3,0.4,0.6,0.5,0.6,0.6,0.4,0.5,,,0.4,0.3,0.5,,0.5,0.4,0.4,0.3,0.5,0.4,,0.4,0.6,0.4,,,,,0.5,0.5,0.5,0.5,0.5,0.3,0.2,0.4,,0.2,0.5,0.5,0.4,0.6,0.6,0.5,,1,1.2,0.5,,,,,0.3,0.3,0.5,0.5,0.7,1,0.4,,,0.5,0.3,0.3,0.4,0.8,0.7,0.6,0.5,0.5,0.6,0.5,0.6,0.7,,0.6,0.6,0.3,0.3,0.4,0.5,0.6,0.5,0.6,,0.3,0.8,,0.7,0.9,,0.4,0.2,0.5,,0.9,,0.4,,0.6,0.6,0.4,0.6,0.5,0.7,0.5,0.6,0.4,0.6,0.6,0.4,0.5,0.4,,1.3,0.7,0.4,0.5,0.7,0.4,,0.5,0.4,0.3,0.7,0.5,0.4,,0.7,0.8,0.4,0.3,0.7,,0.2,0.1,0.2,,0.3,0.7,0.7,0.4,0.5,0.3,0.4,,0.2,0.2,,0.5,0.5,0.6,0.5,0.8,1.5,0.1,0.5,0.3,,0.6,0.2,0.3,0.4,0.6,0.2,0.5,0.5,0.4,,,0.6,0.7,0.5,0.9,,0.4,0.5,0.6,0.4,1.7,0.3,0.4,0.6,0.5,0.4,0.5,0.4,0.6,,0.4,0.7,0.2,0.6,0.5,0.4,0.4,,0.3,,0.2,0.9,0.6,0.5,0.5,0.4,0.2,0.2,0.5,0.6,0.7,0.4,0.4,0.4,,,0.3,0.3,0.3,1.4,,0.6,0.4,0.7,0.6,,0.4,0.3,,,0.2,0.4,0.3,0.5,0.4,0.5,0.3,0.1,0.4,0.5,0.6,0.8,0.5,0.4,0.8,,0.7,0.7,,0.4,0.7,0.3,0.4,0.3,0.4,0.5,0.4,0.5,0.5,0.5,0.7,0.4,0.7,0.7,0.5,0.2,0.3,0.4,0.4,0.8,0.3,0.5,1,0.4,0.5,0.4,0.3,0.8,0.3,0.4,0.3,0.7,0.6,0.4,0.6,0.6,0.6,0.7,0.6,0.6,0.5,0.9,0.6,0.8,0.3,0.7,0.7,,0.6,0.5,0.2,0.4,0.5,0.5,0.7,,0.5,0.3,0.3,0.5,0.5,0.3,0.4,0.7,0.3,1,0.3,0.6,0.4,0.5,0.6,0.3,0.7,0.4,0.9,,0.6,0.4,0.3,0.4,,,0.3,0.4,0.3,0.3,0.4,0.2,0.5,0.3,0.4,0.5,0.6,0.5,0.7,0.4,0.2,0.3,,0.5,,0.4,0.6,0.4,0.5,0.4,0.6,0.6,0.7,0.7,0.6,0.7,0.6,0.4,0.5,0.5,0.6,,0.5,0.4,0.6,0.5,0.6,0.8,0.7,0.2,0.3,0.5,0.9,0.1,0.5,0.4,0.6,0.8,0.5,0.7,0.7,0.4,0.7,0.6,0.4,,0.4,0.5,0.3,0.4,0.4,0.7,0.5,,0.7,0.5,0.6,0.6,0.4,0.6,0.4,0.4,,0.6,0.3,0.5,0.5,0.6,0.2,0.5,0.1,0.2,0.1,0.3,0.3,0.2,0.6,0.5,0.5,0.3,0.7,0.6,1.1,0.6,0.2,0.6,0.7,0.7,0.6,0.7,0.8,0.7,0.5,0.7,1,0.6,0.5,0.3,0.4,0.4,0.3,0.3,0.3,,0.4,0.5,0.4,0.6,0.8,0.4,0.5,0.4,0.5,0.2,0.4,0.3,0.5,0.4,0.2,0.4,0.5,0.2,0.4,0.3,0.3,0.6,0.3,0.4,,0.5,0.5,0.7,0.6,0.4,0.5,0.5,0.7,0.6,0.3,0.3,0.4,0.7,0.4,0.4,0.4,0.2,0.4,0.7,0.8,0.4,0.4,0.5,0.6,0.4,0.6,0.4,0.6,0.5,1.2,,0.5,0.4,0.5,0.6,0.6,0.6,0.6,0.4,0.7,0.6,0.3,0.7,0.4,0.4,0.8,0.7,0.4,0.4,0.5,0.4,0.4,,0.6,0.4,0.3,0.4,0.3,0.2,0.7,0.8,0.9,0.4,0.5,0.3,0.1,,0.6,0.6,0.7,0.6,0.6,0.4,0.4,0.3,0.3,,0.7,0.6,0.5,0.9,0.5,0.4,0.4,0.4,0.4,0.4,0.4,,0.3,,0.5,0.6,,1.3,0.6,0.3,0.5,0.6,0.6,0.5,0.3,,0.3,0.5,0.6,0.5,,,0.8,0.6,0.4,0.3,0.7,0.3,0.7,0.4,0.5,0.8,0.5,0.2,0.4,,0.5,0.3,0.4,0.3,0.4,0.5,0.6,0.7,0.6,0.8,0.7,1.7,0.8,0.6,0.7,0.7,0.9,0.4,0.5,0.5,0.3,0.5,0.4,0.4,0.6,0.2,0.6,0.6,0.5,0.4,1.2,0.7,0.4,0.6,0.5,0.5,0.5,0.5,0.4,0.7,0.9,0.9,,0.6,0.2,0.5,0.6,0.5,0.4,0.6,0.5,,0.6,0.4,0.3,0.4,0.4,0.5,0.7,0.5,0.6,1.7,0.4,0.5,0.3,0.5,,0.6,0.7,0.2,0.4,0.5,0.6,0.6,0.5,0.7,0.6,0.6,0.5,0.6,0.6,0.5,0.6,0.5,0.9,0.5,0.3,0.6,0.5,0.4,0.4,0.7,0.6,0.7,0.6,0.6,0.5,0.2,0.3,1.1,0.2,0.4,0.1,0.3,0.3,0.4,0.3,0.6,0.4,0.7,0.4
20210719,22,CO_24h,0.5,0.5,0.7,0.7,0.6,0.7,0.5,0.5,0.5,0.5,0.5,0.6,,,0.9,,0.9,0.7,0.6,,1,,0.5,0.5,,0.6,0.5,,0.6,0.6,0.5,0.8,0.7,0.4,0.6,,0.8,0.7,,0.9,0.6,0.3,0.2,0.4,,0.3,,0.4,0.6,0.4,0.1,0.4,0.3,0.1,0.1,0.1,0.3,,0.5,0.5,0.1,0.7,0.7,0.8,,0.7,0.6,0.4,,0.5,0.4,0.2,0.3,0.3,0.5,,0.1,0.4,0.3,0.3,0.7,,0.6,0.6,0.5,0.7,0.5,0.6,,0.5,0.5,,,0.4,0.5,0.4,0.4,0.8,0.6,0.7,,0.6,0.6,0.5,0.5,0.6,,0.5,0.7,0.5,0.5,0.5,0.4,0.5,0.5,0.4,0.6,0.6,0.6,0.5,0.7,0.5,0.6,0.3,0.4,0.4,0.4,0.5,0.3,0.7,0.5,,0.5,0.6,0.5,0.6,0.3,0.5,0.4,0.4,0.5,0.5,0.3,0.4,0.4,,0.4,0.3,0.3,0.2,0.3,0.5,0.2,0.3,0.7,0.5,0.4,0.6,0.4,0.2,,0.3,0.5,0.3,0.1,0.3,0.5,0.4,0.3,0.4,0.5,0.5,0.3,,,,0.5,0.4,,0.5,0.4,0.3,,,,0.6,,0.4,0.2,0.4,0.3,0.4,0.3,,0.3,0.7,,,,0.6,0.6,,0.6,0.8,0.7,0.4,0.6,,0.2,0.2,0.3,0.2,0.2,,0.5,0.4,,0.3,,0.3,0.4,,0.4,0.5,,0.6,0.3,0.7,,0.5,0.4,0.4,0.3,0.4,0.5,0.4,,,0.3,0.4,0.4,0.4,0.4,0.4,0.4,,0.6,,,0.5,,0.6,0.5,,0.3,0.3,0.2,0.3,0.4,0.5,,0.3,0.4,0.3,0.2,0.4,0.4,0.3,0.4,0.5,0.5,0.5,0.6,0.5,0.6,0.6,0.5,0.2,0.5,0.4,,0.5,0.6,0.4,0.4,0.3,0.5,0.2,1.2,0.8,0.7,,1,0.8,,,0.8,0.6,0.3,0.8,,0.5,0.5,0.7,0.4,0.3,,,0.1,0.3,0.4,0.1,0.1,0.4,0.6,0.4,0.5,0.5,0.5,0.5,,0.6,0.5,0.8,0.9,0.7,0.9,0.8,0.6,0.8,,1.1,0.4,0.8,0.7,0.6,0.7,0.6,0.6,0.4,0.5,0.6,0.4,0.5,0.6,,0.5,0.4,0.6,0.6,0.6,0.5,0.6,0.4,0.4,0.6,0.6,0.5,0.4,0.4,,0.8,0.4,0.4,0.5,0.5,0.6,0.4,0.5,0.3,0.5,0.4,0.4,,0.5,0.5,0.5,0.6,0.5,0.5,0.4,0.5,0.6,0.5,0.5,,,0.6,0.5,0.7,0.4,0.6,0.5,0.7,0.5,0.5,0.5,0.3,0.4,0.6,0.6,0.6,0.6,0.4,0.7,0.7,0.5,0.3,0.4,0.5,0.4,0.4,0.5,,0.5,0.6,0.6,0.7,0.9,0.3,0.4,,,0.7,0.5,0.9,0.2,0.6,,0.4,0.4,0.6,0.6,,,0.6,0.3,0.3,0.4,0.5,0.6,0.6,0.4,0.6,0.5,0.7,,0.4,0.3,0.3,0.3,0.2,0.4,0.2,0.3,0.2,0.4,0.4,0.2,0.4,0.8,0.7,0.7,0.7,0.5,0.7,0.4,,0.7,0.9,0.7,0.8,,0.6,0.5,0.4,0.4,,,,0.8,0.3,,,,0.4,0.6,0.7,0.5,0.8,0.3,0.8,,0.8,0.7,1,0.8,0.7,0.8,1,0.8,0.7,0.9,0.7,0.4,0.6,0.7,0.8,0.6,,0.5,0.8,0.7,0.7,0.7,0.6,0.7,0.6,0.6,,0.4,1,0.5,0.4,0.5,0.4,0.6,0.7,0.5,0.6,0.5,0.6,0.3,0.5,0.2,0.3,0.3,0.3,,0.7,,0.3,0.6,0.3,0.8,0.5,,0.6,0.6,,,0.5,0.6,0.6,0.3,,0.2,0.5,0.3,,0.2,0.1,0.2,0.4,0.3,0.2,0.1,0.2,0.2,0.3,,,,0.3,,0.4,0.7,,0.4,0.4,0.5,0.6,0.4,0.2,0.3,0.4,0.4,0.4,,0.3,,,0.8,,0.7,0.6,0.8,0.4,0.6,0.5,0.3,0.4,,0.6,0.4,0.6,0.5,0.4,0.4,0.5,0.7,0.7,0.8,0.4,0.6,0.6,0.3,0.5,0.5,0.7,0.6,0.7,0.4,,0.5,0.5,0.4,,0.6,0.6,,0.5,0.7,0.7,0.6,0.6,,0.6,0.5,,,0.5,0.5,,0.6,,0.7,0.5,0.5,0.5,0.7,0.5,,0.7,0.7,,0.6,0.6,,0.7,,1,0.8,0.9,,0.7,0.8,0.4,0.3,0.1,,0.5,0.6,0.6,1,0.9,0.3,0.2,0.6,0.7,0.5,0.8,0.4,0.7,0.3,1,2,0.6,0.5,0.5,0.7,0.6,0.4,0.6,0.5,0.7,0.6,0.6,0.8,0.6,0.5,0.5,0.5,0.2,,0.1,0.4,0.4,0.3,0.4,0.3,0.5,0.4,0.6,0.4,0.5,0.6,0.7,0.6,,0.8,0.7,0.7,,0.4,0.7,0.5,0.5,0.8,,0.6,0.4,0.3,,0.7,,0.7,0.3,0.4,0.4,0.5,0.8,0.5,,,,0.5,,0.5,,0.4,0.5,1,,0.6,0.6,0.6,0.5,0.5,,0.6,,0.4,0.6,0.5,0.5,0.6,0.8,,0.7,0.6,0.5,0.7,0.6,0.6,,0.7,,,0.7,0.4,0.3,0.6,,0.7,0.8,0.7,0.7,0.7,0.5,0.5,0.7,0.6,0.9,1.1,1,1.1,0.8,0.4,0.3,0.5,0.5,0.8,0.5,0.6,0.7,0.6,0.5,0.7,,1.4,2.6,2.3,1.1,0.6,0.7,0.9,0.8,,,,,0.5,0.5,,0.6,0.6,0.5,0.3,0.3,0.4,0.3,0.7,0.5,0.7,0.5,0.4,0.5,0.6,0.8,0.6,0.8,,0.6,0.6,0.8,,0.6,0.6,,0.6,0.7,0.8,0.6,0.9,0.7,0.5,0.5,0.6,0.6,0.6,0.7,0.7,,0.5,0.6,0.3,0.4,0.2,0.2,0.7,0.6,0.5,,0.6,0.4,0.3,0.4,0.3,0.2,0.5,0.2,0.2,,0.4,,,0.3,0.3,0.2,0.2,0.3,,,,,,0.3,0.3,0.4,,,0.3,,0.5,,,0.6,,0.7,0.3,0.7,0.5,0.5,0.7,0.3,0.5,0.4,,0.6,0.7,0.7,0.6,0.6,0.3,0.3,0.3,0.3,0.6,0.6,0.1,0.4,,0.5,0.3,,0.5,0.4,0.5,0.6,,,0.6,0.5,0.5,0.5,0.4,0.5,0.8,0.7,0.5,,,0.4,0.6,0.8,0.9,0.7,,0.6,0.6,0.4,0.6,0.7,0.5,0.4,,0.4,0.7,0.7,,,0.7,0.9,,0.6,0.6,0.4,,0.5,,0.8,0.7,,,,0.4,,,0.6,0.5,0.4,,,0.3,0.4,0.3,0.2,0.4,0.3,0.4,0.4,0.3,0.4,0.5,0.6,0.5,0.4,0.6,0.8,0.6,0.5,0.5,0.6,0.4,0.4,0.6,0.4,,0.5,0.4,0.4,,0.3,0.4,0.5,0.5,0.6,0.4,0.5,0.5,0.4,0.5,0.4,0.4,,,0.5,0.6,0.7,0.7,0.5,1.3,0.4,1.3,0.5,0.9,1,0.5,0.6,0.5,0.6,0.7,0.6,,,0.4,0.7,0.5,0.5,0.4,0.3,,0.7,0.4,0.5,,0.6,0.6,0.5,,0.4,0.6,0.5,0.5,0.6,0.4,0.5,0.5,0.7,0.4,0.5,0.7,0.6,0.4,0.6,0.8,,0.4,0.4,0.3,,0.7,0.5,,0.6,,0.5,,,,0.5,0.6,0.6,0.6,0.6,0.7,,0.7,,0.5,0.5,0.5,0.4,0.5,0.5,0.5,0.4,0.5,0.5,0.7,0.4,0.2,0.5,0.5,0.4,0.5,0.6,0.5,0.5,0.4,,0.6,0.3,0.7,0.3,0.6,0.7,0.3,1.5,1.8,1,1.2,0.3,0.4,0.6,0.8,,0.5,0.5,0.6,0.4,0.5,1.1,0.9,0.7,1.1,1.3,0.5,0.7,0.6,0.4,0.5,,0.5,0.6,0.5,0.5,0.7,0.5,0.6,0.6,0.4,0.8,0.7,,0.8,0.5,0.4,,0.5,0.5,0.6,0.5,,0.5,0.5,0.6,,0.6,0.6,0.5,0.7,0.7,0.9,1,0.8,0.7,0.6,0.7,0.5,0.6,,0.6,0.4,0.7,1.2,0.7,,0.8,1,0.4,0.7,0.9,0.7,0.6,0.8,0.8,0.7,0.7,0.7,,0.6,0.8,0.4,,1,1.1,,0.5,0.4,0.4,0.4,,0.7,0.6,0.7,1.1,1.1,0.9,0.6,0.6,0.6,0.5,0.6,0.4,0.6,0.6,0.6,0.5,,0.5,0.9,1.1,1.4,0.5,0.5,0.6,0.5,0.6,0.6,0.6,0.6,0.5,0.7,1.4,0.9,0.8,0.8,1.3,0.6,0.6,0.6,0.9,0.7,0.4,0.4,0.4,0.9,0.8,0.9,0.7,0.5,0.8,0.5,0.7,0.7,0.6,0.6,0.7,0.8,0.8,0.5,0.5,0.5,0.7,0.7,0.5,0.6,,0.6,0.7,0.9,0.9,0.5,0.5,0.6,0.3,,0.4,0.3,0.3,0.3,0.3,0.5,0.5,0.3,0.5,0.6,0.4,0.6,0.5,0.3,0.4,,,0.3,0.4,0.6,,0.6,0.4,0.4,0.4,0.4,0.5,,0.3,0.5,0.3,,,,,0.5,0.5,0.5,0.6,0.6,0.3,0.2,0.4,,0.2,0.5,0.5,0.4,0.6,0.6,0.4,0.7,1.3,0.8,0.9,,,,,0.2,0.3,0.5,0.5,0.5,0.5,0.4,,0.4,0.5,0.4,0.3,0.4,0.7,0.7,0.5,0.5,0.4,0.7,0.7,0.6,0.6,,0.5,0.4,0.3,0.3,0.3,0.3,0.6,0.5,0.5,,0.3,0.6,,0.7,0.6,,0.4,0.2,0.5,,0.4,,0.3,,0.6,0.6,0.4,0.8,0.7,0.7,0.5,0.5,0.4,0.6,0.5,0.4,0.6,0.5,,0.6,0.7,0.3,0.5,0.7,0.3,,0.3,0.3,0.3,0.4,0.4,0.3,,0.7,0.8,0.3,0.1,0.6,,0.2,0.2,0.2,,0.4,0.6,0.6,0.4,0.5,0.3,0.3,,0.3,0.3,,0.5,0.4,0.5,0.3,0.8,0.7,0.2,0.4,0.3,,0.8,0.1,0.3,0.2,0.4,0.2,0.5,0.5,0.3,,,0.6,0.9,0.6,0.8,,0.3,0.5,0.6,0.5,1.9,0.3,0.5,0.6,0.7,0.4,0.6,0.6,0.6,,0.4,0.7,0.4,0.7,0.4,0.4,0.5,,0.4,,0.3,0.9,0.7,0.5,0.8,0.8,0.4,0.4,0.5,0.6,0.6,0.4,0.4,0.4,,,0.4,0.4,0.3,0.6,,0.7,0.5,0.5,0.6,,0.4,0.4,,,0.2,0.4,0.3,0.5,0.4,0.5,0.3,0.2,0.3,0.5,0.6,0.7,0.4,0.4,0.7,,1,0.5,,0.4,0.6,0.3,0.4,0.2,0.5,0.4,0.5,0.5,0.6,0.5,0.5,0.4,0.7,0.4,0.7,0.3,0.4,0.5,0.4,0.7,0.3,0.5,0.9,0.4,0.5,0.4,0.3,0.6,0.4,0.4,0.3,0.7,0.6,0.4,0.5,0.6,0.6,0.7,0.6,0.6,0.4,0.8,0.5,0.7,0.4,0.7,0.7,,0.6,0.5,0.3,0.4,0.6,0.5,0.6,,0.6,0.5,0.3,0.4,0.4,0.3,0.4,0.5,0.5,0.9,0.4,0.6,0.5,0.5,0.6,0.3,0.6,0.5,0.8,,0.6,0.4,0.4,0.5,0.4,,0.3,0.4,0.4,0.3,0.4,0.2,0.5,0.3,0.4,0.5,0.5,0.5,0.7,0.6,0.3,0.2,,0.6,,0.5,0.6,0.5,0.6,0.4,0.6,0.6,0.7,0.8,0.6,0.7,0.6,0.4,0.5,0.5,0.6,0.5,0.5,0.4,0.6,0.6,0.6,0.8,0.7,0.2,0.4,0.5,0.9,0.3,0.7,0.4,0.5,0.7,0.5,0.8,0.7,0.4,0.5,0.6,0.5,,0.4,0.5,0.5,0.5,0.7,0.6,0.5,0.6,0.6,0.5,0.6,0.5,0.4,0.6,0.3,0.5,0.4,0.6,0.4,0.5,0.5,0.6,0.2,0.6,0.1,0.3,0.1,0.4,0.3,0.3,0.6,0.5,0.5,0.3,0.5,0.5,0.9,0.6,0.2,0.6,0.7,0.7,0.6,0.6,0.5,0.6,0.6,0.8,0.8,0.7,0.4,0.3,0.4,0.4,0.3,0.2,0.4,,0.4,0.6,0.4,0.7,0.3,0.4,0.5,0.4,0.5,0.2,0.5,0.3,0.4,0.4,0.2,0.5,0.4,0.3,0.4,0.3,0.4,0.6,0.3,0.4,,0.5,0.5,0.7,0.6,0.4,0.5,0.5,0.7,0.6,0.3,0.4,0.4,0.7,0.8,0.6,0.3,0.3,0.6,0.8,0.7,0.4,0.4,0.6,0.6,0.5,0.7,0.4,0.5,0.5,0.6,,0.3,0.4,0.6,0.7,1.7,0.6,0.5,0.4,0.5,0.5,0.4,0.7,0.4,0.4,0.7,0.6,0.4,0.6,0.5,0.5,0.5,,0.6,0.6,0.4,0.5,0.3,0.2,0.6,0.7,0.8,0.5,0.5,0.4,0.3,,0.5,0.7,0.7,0.7,0.6,0.4,0.4,0.3,0.4,,0.6,0.5,0.7,0.9,0.6,0.4,0.5,0.4,0.4,0.4,0.4,,0.4,,0.5,0.6,,1.2,0.5,0.2,0.4,0.5,0.6,0.5,0.3,,0.4,0.5,0.6,0.5,,,0.9,0.6,0.4,0.3,0.6,0.5,1,0.7,0.9,0.5,1,0.2,0.3,0.1,0.4,0.3,0.4,0.3,0.2,0.4,0.5,0.6,0.9,0.7,0.7,0.9,0.8,0.6,0.7,1,0.6,0.3,0.6,0.6,0.4,0.6,0.5,0.3,0.8,0.1,0.5,0.5,0.5,0.5,0.9,0.5,0.6,0.6,0.5,0.5,0.5,0.5,0.4,0.7,1,1.1,,0.6,0.3,0.5,0.6,0.6,0.4,0.5,0.5,,0.5,0.4,0.4,0.4,0.5,0.5,0.8,0.6,0.7,1.1,0.5,0.4,0.3,0.4,,0.6,0.6,0.2,0.3,0.7,0.7,0.5,0.7,0.6,0.5,0.6,0.4,0.6,0.5,0.5,0.6,0.5,0.8,0.7,0.3,0.4,0.6,0.8,0.7,0.5,0.6,0.6,0.5,0.5,0.5,0.2,0.3,0.9,0.1,0.4,0.2,0.4,0.3,0.4,0.4,0.5,0.4,0.7,0.5
20210719,23,AQI,37,35,36,35,35,36,37,38,34,40,37,51,,,28,,26,25,44,,28,,24,36,,25,30,,40,39,35,43,24,32,48,,43,48,,41,39,29,51,59,,44,,53,48,34,29,32,38,45,30,33,28,,41,,36,42,36,38,,60,45,53,,53,,25,36,48,38,,32,44,43,46,20,,16,26,29,22,24,25,,36,33,,,25,35,50,26,30,40,33,,45,21,31,27,28,,25,20,25,19,18,23,22,20,20,17,22,51,46,65,51,50,18,19,54,52,,26,33,49,,33,34,38,,38,26,39,26,12,25,15,19,17,,11,15,13,13,,31,41,39,37,,31,46,36,17,,17,14,,39,15,26,10,8,9,22,9,17,,,,31,35,,37,36,31,,,,29,,19,34,18,14,22,14,,27,19,,,,13,20,,22,24,32,22,20,,12,19,18,19,23,,16,15,,32,,22,20,,34,36,,34,28,29,,,31,27,30,16,10,13,,,13,32,14,22,15,27,9,,15,,,13,,17,20,,,20,20,12,19,12,,50,42,38,42,44,22,29,24,23,,36,30,29,48,48,29,25,25,17,,18,18,19,17,21,16,17,26,29,26,,29,41,,,30,44,44,40,,48,34,36,39,20,,,12,15,16,18,20,,35,29,33,36,59,,,32,43,45,52,57,48,55,56,45,,63,22,40,25,44,27,30,34,,28,30,30,14,11,,13,13,12,23,12,20,16,15,11,,10,9,13,8,,14,14,14,10,10,16,10,9,15,9,12,12,,14,15,9,12,11,12,9,14,23,,15,,,11,12,22,10,18,15,12,10,20,17,17,16,68,88,65,67,88,75,84,75,14,23,32,26,22,37,,41,29,38,48,31,33,32,,,30,29,44,52,38,,35,37,35,31,,,35,39,22,39,46,42,44,41,39,44,31,,24,,16,24,19,,15,,17,23,24,20,29,19,19,16,25,20,20,24,,29,16,23,19,,52,37,60,,,,,42,40,,,,35,40,54,50,62,57,53,,58,46,38,,45,38,28,34,29,29,36,22,28,35,32,39,,57,32,40,35,62,34,39,,51,,20,22,19,28,26,26,29,28,29,,21,36,34,42,18,21,21,21,,25,,19,20,20,15,46,,41,53,,,28,29,27,47,,35,51,31,,41,34,27,19,24,18,20,18,17,19,,,,17,,15,30,,38,39,33,48,19,18,22,22,17,23,,28,,,18,,17,23,16,16,16,,24,12,,22,31,40,18,23,18,15,,45,56,30,30,,9,9,10,15,15,15,12,,12,35,,,23,23,,30,26,31,23,15,,14,13,,,44,53,,31,,26,66,29,28,32,46,,52,42,,30,30,,,,47,52,40,,57,23,36,26,25,,15,63,19,32,28,16,17,31,42,23,41,16,42,20,31,57,19,15,26,32,45,36,37,29,22,18,30,59,32,18,32,,34,,30,34,23,19,29,9,42,31,27,31,35,42,38,43,,41,63,52,,,33,32,51,23,,32,34,25,,29,,34,23,26,27,57,52,58,,,,48,,52,,27,38,33,,26,32,28,32,30,,31,,23,27,40,25,35,42,,33,32,29,28,26,28,,18,,,30,25,15,15,,18,28,26,20,58,55,33,47,45,45,67,55,45,52,19,,25,32,32,,37,35,38,29,42,,35,44,38,29,33,23,16,28,,,,,28,24,,30,31,44,25,28,43,32,21,16,30,25,20,25,27,16,21,20,,25,25,23,,26,20,,27,35,37,,40,32,43,47,42,22,20,22,20,,58,55,379,35,35,36,44,35,39,,37,47,54,,60,24,19,66,66,,22,,,24,24,16,19,30,,,,,,19,16,16,,,15,,19,,,20,,21,21,18,23,21,20,27,23,19,,27,29,23,20,22,13,13,30,32,19,20,12,12,,51,46,,32,24,32,,,,54,25,25,33,31,28,28,28,31,,,25,,22,55,20,,36,26,29,30,31,30,23,,34,24,30,,,29,26,,48,43,22,,24,,47,54,,,32,52,,,46,42,37,,,26,25,21,22,49,49,53,28,26,23,24,24,18,21,32,23,47,42,46,30,40,30,42,35,,55,33,19,,18,51,26,37,27,36,31,28,13,15,,28,,,29,18,44,,18,53,22,49,35,15,16,23,49,46,42,54,20,,,23,25,26,26,22,25,,26,35,27,,36,41,35,,42,56,37,34,,38,25,31,24,23,32,45,20,19,25,33,,23,32,,31,51,60,,33,,30,,,,23,23,25,,27,31,,22,,42,35,38,19,14,16,62,10,20,21,54,24,23,20,20,22,48,54,65,41,27,,14,33,49,37,57,36,12,37,23,17,22,15,29,,18,,,32,40,45,32,30,39,33,39,49,31,30,28,38,33,,44,40,40,29,33,34,39,39,39,40,41,,54,62,62,,47,52,60,49,,54,44,27,,29,25,29,27,28,19,23,23,20,23,45,28,36,,35,40,30,34,35,,41,35,22,33,46,26,22,21,22,20,44,43,,27,35,26,,37,39,,35,20,19,19,,24,78,19,23,27,65,55,,51,56,,,,,24,23,47,16,13,18,18,18,26,26,23,24,45,30,,33,40,19,23,36,40,35,,35,46,51,39,18,19,15,35,40,41,40,27,34,15,58,70,87,49,69,67,117,33,50,41,38,52,22,16,,40,71,62,53,40,38,26,18,,20,21,46,28,71,30,46,51,49,36,36,34,35,29,41,,,35,26,26,,30,22,15,14,34,39,,43,29,,,,,,30,25,26,24,27,21,29,36,,32,29,25,27,26,28,19,,52,45,33,,,,,39,12,20,21,27,33,25,,,26,28,26,38,30,41,33,25,14,49,24,20,28,,46,26,21,20,16,19,31,42,30,,30,28,,30,17,,15,14,22,,66,,33,,20,13,27,23,23,23,33,33,34,35,29,23,22,17,,55,59,29,36,37,69,,180,174,30,30,392,358,,30,29,54,35,30,,41,43,23,,41,45,42,24,24,37,42,,34,37,,39,24,,,62,98,55,61,30,,48,37,35,22,28,31,37,43,46,,,49,43,59,36,,24,48,32,55,40,25,35,13,24,26,24,60,27,,23,42,21,39,10,20,14,,33,,19,52,37,26,13,10,349,29,41,39,41,23,19,22,,,41,19,15,30,,44,44,33,39,,,22,,,18,28,21,17,24,31,20,25,17,21,22,39,32,27,35,,36,40,,22,18,33,30,35,45,20,28,53,34,15,51,15,32,45,38,22,42,38,36,29,23,46,37,22,19,18,18,31,67,40,28,34,30,31,35,20,19,28,56,46,39,29,36,52,,22,26,,38,22,19,,33,21,24,,27,61,28,,35,20,33,45,34,60,98,38,42,45,43,14,53,18,18,,15,41,46,40,44,,255,16,12,12,11,15,18,17,16,14,37,35,34,66,31,29,,35,,22,10,14,23,20,15,20,17,11,13,16,11,13,10,11,17,,21,9,28,14,15,10,37,56,31,32,28,20,54,51,27,51,28,16,24,30,33,26,28,,21,25,21,19,26,36,29,,31,33,28,36,28,30,29,33,20,26,39,35,45,39,21,39,39,22,24,16,17,18,39,39,56,63,18,20,22,18,20,17,26,48,38,57,108,52,,50,104,44,14,14,24,12,13,48,48,,19,33,34,54,54,35,34,35,23,19,32,20,25,28,19,12,20,16,13,41,35,52,49,48,,14,15,13,23,9,23,18,34,14,13,12,11,25,34,,54,40,46,28,59,35,31,36,28,34,32,28,32,34,52,,46,36,26,29,15,32,28,20,40,32,34,32,23,37,40,30,40,46,37,18,20,,54,32,33,32,16,17,,,51,32,28,23,33,,31,38,34,21,10,25,27,16,17,,49,49,22,60,35,16,25,22,22,30,25,,16,,43,29,,14,28,29,32,52,40,19,17,,14,32,40,25,,,46,35,57,37,56,36,58,55,56,52,41,30,47,,97,72,51,47,68,75,28,39,40,53,29,62,25,25,40,58,48,13,18,15,23,16,43,35,90,80,35,24,19,25,51,32,45,17,9,21,10,10,10,20,44,37,,40,37,30,35,41,36,26,15,16,43,80,30,56,40,37,29,21,23,47,18,36,16,39,,25,56,20,47,55,46,52,27,51,53,39,35,33,25,26,44,39,38,72,43,49,14,55,53,37,43,40,38,53,41,40,,49,26,28,31,35,12,38,42,24,19,56,26
20210719,23,PM2.5,18,24,17,19,15,17,18,19,18,19,20,19,,,15,,12,11,24,,16,,11,25,,17,15,,27,27,21,20,12,22,33,,24,26,,25,27,20,27,24,,27,,34,33,19,15,15,12,18,21,18,12,,19,12,23,29,21,23,,43,24,24,,15,14,13,22,25,25,,22,27,17,9,11,,10,14,16,11,12,10,,16,16,,,13,15,19,17,15,19,17,,15,14,21,16,16,,17,9,7,8,8,9,6,8,2,10,10,24,15,25,18,15,9,3,14,18,18,13,15,23,,14,6,16,,26,15,16,16,3,17,5,8,1,,6,4,7,7,,9,22,14,22,,2,22,17,11,,8,5,4,27,5,7,5,5,6,14,,2,,,,21,17,,20,21,20,,,,11,,,12,5,,7,7,,7,5,,,,5,8,,9,4,17,15,5,,5,13,12,8,16,,8,10,,22,,11,11,,16,19,,14,13,13,,,13,12,11,5,2,5,,,9,22,5,5,5,5,6,,3,,,6,,3,5,,,5,7,5,5,2,,27,23,20,18,16,15,9,12,9,,9,12,12,22,14,12,9,12,2,,6,3,3,4,10,8,3,4,9,17,,9,10,,,16,20,15,19,,22,17,20,22,7,,,2,5,5,,5,,24,20,23,25,42,22,,22,30,29,35,34,27,39,36,31,,34,11,23,13,25,11,17,18,,15,7,21,7,7,,6,6,6,13,6,10,6,7,,,,,1,,,2,,,4,2,3,2,4,3,6,8,5,,2,10,,3,2,3,1,7,8,,7,,,6,7,10,7,12,10,4,3,11,8,11,7,49,65,47,48,65,55,62,55,8,13,22,17,14,22,,22,20,26,23,15,23,17,,,18,15,15,18,21,,10,23,20,17,,,15,17,7,12,12,29,19,22,27,22,12,,11,,6,8,8,,6,,4,9,9,2,8,7,10,5,11,10,10,11,,14,8,6,13,,26,25,12,18,,,,4,12,,,,21,16,13,23,29,25,17,,12,32,26,,31,24,19,21,20,19,22,14,19,19,22,22,,19,17,16,24,14,17,7,,19,,7,6,8,11,18,12,11,19,14,,9,7,21,18,6,5,5,6,,13,,13,12,12,7,23,,17,29,,,19,20,17,20,,14,22,19,,7,9,2,9,10,7,4,,8,,,,,6,,9,9,,17,24,17,18,1,1,1,12,7,16,,9,,,5,,11,10,10,11,4,4,11,5,,9,16,20,10,16,9,7,,31,34,21,21,,3,1,2,6,6,5,7,,4,13,13,,16,11,,12,10,11,2,10,,5,4,,,25,24,,12,,18,10,17,16,22,32,,36,29,,15,21,,34,,32,36,28,,26,15,15,14,17,,10,12,9,8,13,10,11,20,28,10,20,10,20,9,18,40,8,7,7,20,22,25,21,16,11,7,11,14,15,12,22,,13,,20,16,7,5,9,5,29,14,9,18,24,20,19,20,,17,45,26,,,12,22,12,16,,12,15,12,,20,,22,16,14,13,34,30,26,,,,23,,29,,13,26,5,,11,22,12,11,10,,10,,12,14,22,10,18,12,,21,19,20,19,18,18,,12,,,13,10,8,10,,12,19,18,14,41,27,12,29,31,27,35,37,30,36,6,,14,12,18,9,18,24,20,18,22,,20,19,25,17,8,15,9,7,,,,,6,7,,13,21,26,17,10,30,22,13,9,14,10,12,7,17,6,7,4,,10,9,9,,7,6,,8,17,16,20,26,18,19,20,23,12,12,7,7,,16,19,129,16,14,12,15,7,9,,15,9,15,18,15,8,9,27,27,,10,,,2,2,4,4,21,,,,,,9,11,5,,,2,,4,,,6,,6,2,4,7,8,8,5,5,6,,18,18,11,7,8,4,5,14,18,7,9,3,6,,25,17,,12,9,15,13,,,38,17,17,23,17,7,2,8,15,,,10,,12,39,14,,7,10,19,7,9,20,11,,17,10,10,,,12,5,,33,18,12,,14,,27,22,,,11,33,,,19,24,24,,,9,,3,2,14,17,30,19,15,16,12,15,7,10,13,14,18,29,25,16,20,17,19,19,,35,22,13,,12,14,11,14,16,15,19,19,5,10,10,11,,,10,,19,28,10,22,14,34,24,10,8,16,18,15,18,24,14,,,16,14,10,8,10,13,,18,24,18,,19,24,24,,23,21,19,17,,15,16,16,7,16,9,16,5,3,12,23,,13,1,21,5,18,43,,19,,11,,,,1,7,1,16,16,14,,8,,19,15,17,6,3,8,2,3,9,11,38,8,6,7,7,8,23,26,24,20,5,,4,11,34,18,31,14,3,21,9,6,10,7,6,,11,,22,22,17,24,22,13,23,23,20,22,20,15,16,23,18,,22,6,18,15,18,21,22,15,22,22,20,,27,44,44,,31,34,43,31,,27,26,15,,12,11,11,16,12,11,16,16,13,15,31,13,18,,24,28,21,18,22,,17,24,12,17,32,8,6,9,5,5,27,30,,12,12,15,,23,27,,24,7,8,11,,14,57,13,6,12,17,16,,19,34,,,,,13,16,12,5,4,12,6,10,18,18,12,7,31,18,,23,28,4,11,16,13,16,,21,28,25,27,12,9,9,17,12,14,14,13,20,7,41,51,27,34,50,48,88,23,19,19,23,17,15,10,28,28,28,35,37,17,20,6,12,,11,13,32,19,26,18,21,30,26,25,25,20,20,13,17,,,24,9,17,,15,8,10,5,6,3,,24,20,,,,,,19,9,11,7,13,8,9,21,,12,12,8,8,8,10,13,,33,20,23,,,,,9,7,13,13,5,17,17,,,18,17,18,26,8,13,4,17,9,34,11,12,18,,32,18,12,4,9,10,21,29,21,,21,14,,14,3,,,7,7,,41,,3,,8,7,10,12,10,10,11,13,10,12,7,10,5,6,,26,19,5,10,16,34,,103,113,9,10,102,107,,13,13,18,15,12,,9,23,7,,15,29,23,16,8,14,12,,6,14,,11,10,,9,32,30,14,13,16,,15,7,10,15,17,11,14,10,26,,,14,14,9,8,,6,14,13,18,17,9,24,6,14,16,12,26,5,,12,8,7,16,4,9,6,,17,,6,17,14,18,5,5,141,12,23,21,16,7,8,9,,,19,5,7,14,,14,16,17,22,,,9,,,2,10,7,1,12,18,5,7,5,9,12,27,8,17,24,,19,28,,12,11,18,21,12,31,10,12,37,7,5,16,7,14,31,10,3,29,12,25,12,3,24,11,15,13,11,10,14,29,28,18,15,14,15,18,10,13,13,28,27,27,14,16,28,2,6,13,,15,12,3,,7,14,13,,12,25,17,,24,10,4,18,9,25,40,26,29,23,30,3,26,8,10,,10,28,13,24,2,,99,6,3,5,3,8,5,8,4,4,21,12,22,21,9,14,,24,,5,2,1,11,7,8,11,8,6,5,8,7,3,3,2,11,,9,,19,2,9,5,7,10,16,21,12,14,36,32,18,26,10,8,10,19,23,8,9,,13,17,11,13,2,7,20,22,18,23,18,18,10,4,15,23,12,12,8,24,31,27,6,17,27,5,5,6,4,5,24,27,27,45,12,14,15,4,4,3,18,21,23,40,81,30,,35,78,21,6,6,11,7,5,27,33,,4,21,21,26,26,22,20,22,5,9,20,5,7,17,6,7,10,6,,7,6,1,17,14,,7,6,9,12,3,16,6,22,5,2,7,2,12,18,4,27,28,21,12,24,18,16,20,19,9,8,12,22,18,31,,32,25,14,16,5,16,9,13,14,11,17,15,16,24,28,14,28,17,24,5,7,,20,14,17,12,11,2,27,41,22,12,14,9,11,,11,8,10,6,2,9,11,7,9,,20,34,15,43,21,6,7,11,10,14,14,,3,,30,20,,3,17,20,16,33,22,6,4,,4,12,20,11,,,30,15,3,25,30,22,41,27,36,36,21,9,22,,28,39,30,23,36,42,19,27,20,37,6,44,7,7,21,41,33,7,8,5,4,7,16,10,39,14,21,11,9,17,28,17,12,3,2,14,2,5,6,8,12,21,,18,18,21,24,24,25,14,2,9,26,59,12,27,13,10,8,9,9,22,8,16,6,14,,17,8,7,18,39,32,35,5,18,22,21,16,19,14,18,19,27,20,21,26,34,5,22,37,23,20,19,26,,20,16,14,23,,7,10,12,3,18,25,9,2,33,17
20210719,23,PM2.5_24h,15,17,15,16,14,16,16,17,16,17,17,15,,,27,,21,16,28,,22,,19,19,,24,17,,18,22,13,18,16,23,21,,28,30,,36,29,14,23,18,,21,,21,24,18,22,20,15,24,17,15,11,,15,9,16,28,23,21,,36,26,16,,15,25,17,23,15,15,,17,18,12,6,17,,10,14,18,14,16,14,,12,11,,,9,11,13,12,14,15,15,,15,14,17,15,16,,18,12,11,12,9,10,11,10,11,14,10,19,14,21,14,13,10,7,13,15,15,11,13,18,,14,14,15,,21,13,15,11,9,17,9,11,8,,10,10,9,11,15,14,17,10,21,22,12,17,15,15,,10,8,8,26,10,11,10,12,11,16,11,6,,,,22,17,,21,18,17,,,,21,,6,12,9,8,12,11,,10,10,,,,17,12,,21,22,24,16,14,,16,13,13,16,17,15,10,10,,11,,15,15,,14,14,,17,16,16,,17,18,15,13,12,11,8,,,10,6,7,16,13,11,15,,12,,,13,,10,12,,10,10,12,7,6,6,,20,14,18,18,16,14,12,14,20,15,21,18,19,23,21,20,15,20,5,,10,9,7,6,12,11,9,13,15,16,,15,7,,,15,19,15,20,,23,19,18,20,9,,,6,5,5,3,7,9,21,18,21,21,25,17,,18,20,16,20,17,17,27,23,19,,16,12,23,21,20,24,15,17,20,17,17,17,12,13,,10,11,11,13,11,12,12,11,1,,1,,1,3,,1,1,1,6,1,2,2,8,7,9,12,5,,10,14,8,4,4,4,1,7,6,2,8,,,11,10,11,8,8,8,5,4,15,16,15,14,25,32,24,26,31,24,28,24,10,8,11,7,8,14,,14,17,15,13,12,13,12,,,14,9,15,15,11,,24,24,19,16,,,21,19,9,12,13,23,13,18,22,19,10,,9,9,6,6,9,10,6,6,4,5,7,4,21,18,17,16,20,21,16,16,,20,16,18,21,,23,17,20,17,,,,9,10,,,,15,13,11,21,40,22,17,,17,28,25,28,20,21,18,17,22,16,18,20,13,18,18,20,,19,17,20,18,11,19,14,19,17,,13,11,16,14,13,14,14,14,14,12,18,15,23,21,8,7,10,6,,15,,15,12,12,13,19,,18,20,,,19,17,18,21,,16,16,18,,13,19,9,16,18,12,14,8,15,10,,,,15,,14,12,,16,20,15,17,6,5,3,16,12,19,,15,,,13,,12,16,16,11,9,12,13,9,,13,12,17,12,15,10,15,16,17,14,19,14,17,6,4,7,10,11,13,10,,12,14,13,,16,16,,16,14,14,16,14,,15,6,,,27,26,,10,,11,12,11,15,8,16,,14,15,,21,22,,30,,19,24,23,,17,16,10,13,10,,9,10,10,13,16,9,9,21,18,11,16,9,17,11,14,24,9,8,8,28,24,21,26,23,13,11,13,14,14,14,16,16,12,,18,10,6,7,13,7,20,14,15,18,17,20,21,18,,23,22,23,,21,19,19,12,14,,14,15,14,,9,,12,9,8,12,25,24,21,,,,27,,32,,12,18,15,,20,26,20,9,9,,8,,9,11,12,17,13,9,,20,21,16,22,18,20,,13,,,13,8,6,11,,17,29,25,22,19,8,8,17,24,31,32,29,33,26,9,8,11,9,12,12,12,16,16,14,12,,27,13,24,20,13,17,16,10,,,,,8,7,,9,16,17,12,11,16,20,16,13,18,15,14,9,11,21,18,16,,13,13,17,,10,9,,12,17,17,19,18,16,17,15,20,18,17,13,13,,20,20,112,25,16,19,17,8,5,,10,8,12,9,10,15,18,11,11,,6,,,4,4,6,8,11,,,,,,10,10,13,,,5,,7,,,11,,10,10,7,11,13,13,13,14,10,,20,17,16,15,17,14,14,17,17,18,19,9,9,,23,17,,14,15,12,14,,,21,11,13,9,15,14,15,16,20,,,14,3,6,10,9,,1,12,13,11,7,14,18,,19,15,16,,,14,13,,15,13,11,,8,,24,16,,,10,19,,,20,20,23,,,12,13,4,3,16,18,15,18,16,19,19,15,8,11,11,14,14,15,15,13,19,19,20,20,,20,14,12,,7,9,12,13,15,15,19,16,9,15,7,18,,,15,13,13,21,9,18,10,24,15,16,12,19,17,12,18,16,18,,,7,30,27,32,14,16,,17,20,13,,20,20,21,,20,23,22,19,13,19,16,18,14,19,14,21,12,12,12,16,,12,8,11,7,25,23,,21,,20,,,,4,9,8,9,12,13,,9,,20,18,17,8,8,12,12,6,18,17,27,12,11,12,12,10,18,16,15,14,10,,8,13,16,14,18,16,4,19,15,10,16,14,13,18,14,,9,24,19,22,17,14,17,17,16,15,17,15,16,16,19,,19,9,18,18,16,17,16,14,19,20,18,,22,26,26,,23,23,26,22,,19,21,18,,16,18,19,21,21,12,13,14,13,12,24,19,24,,24,24,22,18,16,,17,16,9,14,20,6,11,15,18,15,23,25,,15,15,17,,12,18,,20,7,11,9,,10,11,9,2,7,17,17,,15,21,,24,,27,27,27,12,6,7,6,6,9,12,13,16,14,16,17,17,22,25,11,17,22,15,25,24,19,14,20,16,9,8,10,18,15,21,19,10,21,14,17,23,18,45,50,47,46,20,30,23,24,33,14,15,28,18,19,42,43,15,11,9,10,,8,7,17,11,14,9,16,15,15,13,13,11,12,9,9,,,17,14,17,,18,10,7,6,6,20,,13,16,12,,,,,17,7,6,6,7,7,10,18,,7,22,7,8,8,12,9,12,22,12,18,,,,,9,10,12,10,7,9,17,,14,7,9,16,17,7,6,5,13,9,16,11,12,11,,12,15,7,6,7,5,12,7,12,,10,7,,9,6,,3,6,4,,17,,10,,5,5,13,18,16,17,9,9,9,10,9,11,9,9,,16,9,5,9,10,22,,87,121,12,8,74,82,,12,11,10,10,6,,15,15,8,,13,13,14,13,6,9,14,,10,15,,16,11,,11,20,19,7,10,5,,14,8,10,10,11,7,9,11,18,,,13,16,13,11,,6,13,12,16,21,11,5,12,26,20,18,13,13,,8,14,18,22,8,14,13,,21,,11,19,26,19,8,8,122,8,25,17,14,8,15,8,,,23,12,12,17,,15,15,18,16,,7,23,,,2,17,12,9,22,19,6,4,7,14,14,14,10,10,24,,22,18,,14,15,12,16,4,30,17,17,17,8,8,14,8,20,19,15,10,25,11,18,15,5,22,12,14,22,14,13,9,23,15,15,10,16,13,9,13,14,14,22,30,14,14,16,21,13,16,11,,19,12,10,6,7,10,9,,17,14,13,19,20,16,6,18,19,14,26,30,22,20,14,8,28,15,12,,11,17,17,20,6,,101,8,7,9,8,11,10,12,7,11,16,14,14,14,11,9,,23,,11,9,6,19,13,11,14,11,10,10,9,7,4,4,4,10,13,14,,16,5,11,9,15,7,23,28,20,21,20,27,19,22,10,11,10,15,17,15,14,,8,12,7,10,7,7,8,14,18,14,13,20,10,4,11,16,14,16,15,18,18,16,6,15,26,12,9,14,9,9,21,21,23,15,9,12,18,13,5,16,19,15,19,20,34,25,28,21,42,29,10,14,13,12,12,17,20,,10,22,20,17,20,16,19,21,11,17,23,12,15,16,11,16,11,18,2,9,12,13,12,21,,12,10,8,9,5,10,5,13,9,4,10,2,12,12,28,25,20,25,27,24,13,16,20,16,20,21,18,17,25,22,,29,16,22,28,21,18,6,12,7,6,18,16,18,16,18,8,15,19,16,11,13,,23,18,14,15,11,5,28,20,17,14,17,16,11,,12,12,22,16,6,12,12,11,17,,22,29,17,38,25,9,12,11,8,11,12,,7,,15,11,,6,13,10,9,23,22,14,13,,10,14,14,11,,,18,14,12,16,15,22,40,33,37,27,18,17,27,27,21,34,26,21,29,25,17,17,29,16,17,33,17,9,29,24,22,7,17,15,23,18,12,9,17,154,142,9,12,16,19,7,20,13,2,20,5,9,11,10,14,17,,20,16,14,17,12,14,11,3,8,25,21,15,26,10,17,15,13,12,20,13,19,13,12,,11,18,7,10,16,21,26,11,17,16,19,15,16,15,14,19,22,19,13,21,22,6,37,41,14,18,16,21,11,13,15,14,22,17,17,8,13,6,21,25,8,4,17,24
20210719,23,PM10,37,34,36,35,35,36,37,38,34,40,37,51,,,28,,26,25,44,,28,,18,35,,20,30,,40,37,35,43,24,28,40,,43,48,,41,37,23,52,68,,44,,56,47,34,17,32,38,45,30,33,24,,41,39,36,31,36,38,,27,45,55,,55,,25,36,48,38,,29,44,43,46,20,,16,26,29,22,24,25,,36,27,,,22,35,50,14,30,40,33,,45,21,31,27,28,,17,20,25,17,16,23,18,11,13,16,22,52,46,79,51,50,18,12,57,53,,26,33,49,,33,34,38,24,34,26,39,26,12,17,15,19,17,,11,15,13,13,,31,41,39,37,36,31,46,31,17,,17,14,,32,15,26,10,7,9,22,9,12,,,,31,35,,37,36,31,,,,29,,19,34,18,14,22,14,,27,19,,,,13,13,,22,24,32,19,20,,10,17,17,12,22,,12,13,,20,,15,20,,34,36,,34,28,29,,,31,27,30,16,10,13,,,8,11,14,22,15,27,9,,4,,,13,,17,20,,,20,20,12,19,12,,50,42,38,42,44,12,29,24,19,,36,30,29,48,48,29,19,19,17,,18,18,19,17,21,16,17,26,29,26,,29,41,,,30,44,44,40,,48,34,34,39,12,,,5,7,12,7,9,,21,24,26,32,41,26,,24,30,45,54,64,48,49,61,43,,76,15,40,19,44,14,30,34,,28,14,24,13,11,,13,13,12,23,11,20,11,15,7,8,9,9,6,7,,10,5,6,10,4,9,9,6,15,7,11,6,,11,9,9,12,11,12,9,14,23,,15,,,11,12,22,3,9,8,1,3,17,16,16,16,84,78,78,79,101,74,73,71,10,23,24,26,22,37,,41,22,33,48,31,28,32,,,30,29,44,54,38,,18,37,31,31,,,22,26,22,39,46,34,44,41,31,44,31,,24,,12,24,19,,11,,14,23,24,12,29,19,19,7,25,20,20,24,,29,15,23,17,,53,29,69,32,,,,15,17,,,,33,32,57,50,73,63,56,,66,40,20,,40,38,24,34,23,29,36,22,17,35,15,39,,64,32,40,31,73,34,19,,51,,6,18,18,21,26,22,22,20,29,,12,36,34,42,18,21,21,21,,22,,17,7,7,12,46,,41,55,,,28,18,27,47,,35,52,31,,41,34,27,19,24,12,9,9,17,19,,,,12,,14,30,,38,39,11,48,7,12,9,22,17,22,,7,,,18,,17,23,16,10,16,,24,4,,22,31,40,16,16,14,12,34,44,61,30,22,,1,3,4,9,5,9,5,,11,35,,,18,23,,30,26,31,23,13,,14,13,,,44,56,,31,,23,81,29,28,28,38,,36,36,,30,23,,24,,47,43,31,,64,23,36,26,25,,15,76,19,32,28,16,17,31,42,23,41,16,42,20,31,7,19,13,26,32,45,34,37,29,22,18,30,68,32,12,24,,34,,30,34,23,19,29,9,29,31,27,31,27,42,38,43,,41,33,53,,29,33,16,52,22,,32,34,8,,11,,34,18,17,27,63,54,66,,,,48,,53,,27,33,7,,23,11,16,15,22,,17,,22,27,40,23,35,42,,33,32,27,25,21,28,,17,,,30,25,9,13,,16,18,14,9,52,60,33,47,43,45,83,60,45,54,12,,17,32,32,21,37,35,38,29,42,,35,44,38,29,33,23,14,28,,,,,22,24,,30,31,44,24,28,31,32,21,16,30,25,20,25,27,15,21,12,,12,20,16,,26,18,,27,35,37,46,40,32,43,47,42,22,19,19,10,,65,60,483,29,31,36,44,7,34,,37,47,57,71,69,24,19,81,81,,22,,,5,5,7,6,24,,,,,,19,14,14,,,15,,19,,,20,,21,21,18,23,21,20,27,23,19,,25,29,23,20,22,13,12,30,32,15,20,12,12,,51,46,,32,24,32,,,,34,14,17,30,31,7,1,7,3,,,25,,22,29,9,,36,17,29,30,31,30,23,,34,24,4,,,20,21,,42,43,16,,13,,37,57,,,32,54,,,46,41,37,,,26,25,16,12,32,29,20,26,26,22,24,24,9,21,32,23,47,28,46,30,40,30,42,35,,60,33,16,,18,52,26,37,23,36,31,25,9,13,15,28,,,29,18,44,,18,56,22,35,22,15,16,14,49,46,42,57,15,,,19,12,11,12,22,25,,16,23,27,,36,41,31,,42,62,24,32,,38,22,31,24,4,32,45,20,19,25,24,,23,32,24,31,52,65,,23,,12,,,,21,17,15,,24,31,,22,,42,35,38,19,14,16,73,,16,17,57,16,11,15,15,11,48,58,79,41,27,,14,33,38,37,63,36,12,37,23,17,22,15,29,,18,,28,32,40,45,17,30,39,33,39,49,31,30,28,38,33,,44,40,40,29,33,34,39,39,39,40,41,,58,70,73,,47,53,48,49,,57,44,14,,12,7,19,17,22,19,21,20,20,23,37,28,36,,25,22,26,34,35,,41,35,13,33,9,26,13,10,9,13,44,29,,27,35,26,,37,38,,33,17,19,19,,11,8,17,23,27,80,60,31,52,61,38,,,,24,18,47,12,10,13,12,18,14,16,23,24,39,30,,22,40,14,23,36,40,35,,35,46,51,38,16,19,15,35,40,41,40,27,34,10,63,74,123,36,67,74,104,27,50,41,38,54,21,16,41,19,92,73,56,40,38,26,18,,14,21,34,26,43,27,46,52,49,34,34,34,29,19,41,,,27,14,26,,30,22,13,14,34,39,,43,27,,,,,,13,23,12,14,9,21,29,36,,6,14,17,20,17,28,17,,53,45,19,,,,,39,12,20,21,27,33,21,,,19,20,23,31,24,41,19,2,14,16,12,16,28,,33,18,19,8,16,19,31,17,28,,26,28,,14,16,,5,13,22,,82,,5,,14,10,10,21,16,20,11,18,32,17,4,10,4,12,,59,67,19,20,37,87,,310,297,21,19,493,466,,22,27,57,35,18,,33,43,21,,26,34,34,23,24,35,42,,33,30,,39,18,24,,73,146,60,71,30,,36,30,35,21,28,18,37,43,46,,,49,43,68,36,,24,48,32,60,36,25,27,13,19,26,24,69,27,,17,42,21,39,10,20,14,,3,,19,53,28,20,9,10,459,29,41,39,41,19,19,17,,,41,19,12,30,,44,44,33,39,,26,22,,,18,21,21,17,24,31,9,16,7,21,22,35,32,27,18,,36,38,,22,18,32,27,27,30,20,27,40,15,10,51,11,32,41,16,8,38,38,30,29,19,46,37,16,17,13,5,31,84,36,17,34,12,20,32,20,19,28,62,46,36,29,36,53,20,18,24,,38,22,19,,25,21,24,,27,72,28,48,29,20,6,45,34,70,145,31,19,45,30,11,55,18,18,,13,41,46,28,22,,388,16,12,12,11,15,18,17,16,14,37,35,34,82,31,29,,29,,22,5,14,23,20,15,20,15,11,13,16,11,8,9,5,12,,21,2,24,3,15,10,37,61,31,32,28,20,58,51,27,52,24,16,24,30,30,14,12,,6,23,21,16,26,36,25,35,31,20,28,36,28,30,29,24,16,19,23,34,42,26,15,39,29,12,24,12,17,12,39,39,61,40,14,17,18,13,13,5,9,48,38,51,110,54,27,45,95,44,14,9,24,10,9,48,44,,14,33,34,57,58,32,34,30,23,19,32,20,25,28,19,12,15,16,7,29,35,54,41,48,,14,15,13,23,6,5,18,34,14,8,11,9,25,34,37,58,38,46,28,68,35,31,36,27,11,12,28,29,34,53,,46,26,18,29,15,27,28,20,40,32,34,28,20,37,35,30,27,46,37,17,9,,57,32,29,29,9,17,47,,51,32,24,13,27,,18,30,34,21,8,25,27,16,17,,49,41,,59,35,11,9,22,22,30,25,,16,,27,20,,14,28,25,32,54,40,19,17,,14,32,40,16,,,46,35,64,37,62,36,66,60,61,43,41,30,47,,144,94,52,47,86,100,25,30,40,41,2,59,3,11,40,47,44,9,13,12,23,13,43,30,129,110,35,24,16,22,51,32,34,17,9,21,5,10,10,20,44,37,,40,37,17,16,41,30,26,12,7,43,39,16,62,40,37,29,14,17,47,18,36,16,39,,9,61,11,47,21,17,54,12,51,55,39,35,33,8,25,44,37,38,93,43,39,13,60,40,37,43,40,24,55,41,20,32,49,26,28,31,35,12,38,42,18,6,61,17
20210719,23,PM10_24h,24,30,27,25,26,26,25,26,30,27,26,29,,,43,,36,37,47,,37,,28,29,,28,33,,24,31,23,22,27,25,22,,51,48,,44,49,21,35,32,,39,,37,32,43,31,35,39,39,29,33,23,,32,29,30,39,35,36,,35,42,41,,50,37,34,39,28,20,,17,26,19,27,28,,19,24,29,28,30,25,,24,19,,,21,26,33,21,26,34,32,,37,24,31,28,27,,31,19,24,15,16,18,21,15,17,20,14,39,38,57,33,31,19,16,42,31,35,24,32,28,,37,32,41,35,35,26,41,34,21,22,19,25,22,,30,20,19,19,33,26,34,29,36,34,31,36,32,18,,17,17,26,39,20,19,18,18,20,24,22,17,,,,37,31,,37,38,31,,,,48,,23,29,24,20,23,24,,23,30,,,,27,27,,32,37,38,30,26,,24,25,24,21,22,25,24,18,,17,,32,26,,33,26,,37,29,31,,40,38,31,29,20,18,18,,,10,20,14,35,28,29,31,,21,,,27,,23,25,,27,21,20,13,14,15,,35,36,31,39,35,24,30,23,35,33,38,41,39,45,40,36,38,33,13,,22,18,21,18,25,27,25,30,38,30,,41,32,,,30,35,38,44,,44,38,38,39,11,,,7,8,10,11,9,17,32,28,32,29,35,38,,34,28,24,30,31,25,29,31,26,,36,19,37,30,37,38,31,34,30,30,34,27,26,24,,25,29,22,27,25,23,22,22,6,8,9,10,10,11,,7,6,9,14,4,7,6,7,27,20,27,20,,25,31,22,12,15,11,8,19,16,17,17,,,22,20,21,18,18,15,8,9,26,30,25,24,52,55,47,43,51,43,57,43,19,17,24,20,18,19,,25,20,17,30,23,18,20,,,23,20,30,34,24,,38,40,32,33,,,37,30,22,29,40,37,38,42,35,32,33,,20,10,11,15,13,14,10,11,11,12,16,16,33,30,34,33,32,28,29,24,,50,29,36,34,,41,32,47,45,,,,21,14,,,,29,35,57,68,60,55,54,,72,40,29,41,39,35,16,25,22,28,27,26,14,26,23,40,,49,34,39,36,49,43,26,41,49,,21,22,22,23,23,23,26,23,22,15,28,31,29,33,21,24,27,22,,24,,28,14,16,22,38,,38,36,,,36,31,27,42,,23,32,31,,33,42,29,26,26,20,20,18,19,29,,,,24,,24,34,,36,30,17,37,8,10,8,27,18,23,,21,,,22,,17,22,27,19,18,41,21,17,,26,26,28,23,34,25,27,31,27,38,27,25,28,11,14,12,26,26,25,15,,24,27,24,,30,29,,27,26,30,25,24,,35,12,,,50,46,,28,,19,27,33,30,16,21,,20,19,,25,21,,27,,34,25,25,,30,20,22,25,20,,18,35,18,32,30,15,17,44,32,23,32,17,37,23,27,34,37,18,29,39,55,31,38,37,22,23,21,52,26,15,35,25,30,,29,26,22,25,38,17,34,29,28,32,24,36,37,35,,40,38,45,,31,29,26,26,25,,29,29,11,,8,,23,11,10,21,41,38,39,,,,45,,44,,23,23,12,,32,22,32,16,21,,19,,23,19,24,29,28,29,,27,30,26,27,23,27,,20,,,20,13,15,10,,27,39,42,34,24,27,17,34,37,44,51,53,48,40,18,17,18,20,21,17,23,28,29,27,24,,37,29,35,33,18,17,18,18,,,,,20,21,,21,26,25,32,23,20,21,29,31,33,32,28,15,12,32,33,30,,18,23,31,,20,20,,26,31,31,33,31,31,34,32,29,32,23,23,32,,95,85,538,42,36,38,53,15,25,,20,43,37,27,26,26,26,35,35,,18,,,9,9,17,16,20,,,,,,18,17,20,,,10,,18,,,20,,25,23,21,23,24,22,27,28,21,,28,29,30,28,31,23,22,27,27,29,29,14,15,,55,38,,33,32,25,19,,,22,22,14,17,25,26,26,29,25,,,34,18,16,19,14,,18,21,25,25,28,27,20,,25,22,19,,,28,26,,29,25,28,,36,,48,46,,,34,26,,,52,45,35,,,24,27,13,12,26,33,18,31,32,28,34,31,18,22,22,30,34,28,33,29,37,30,43,33,,43,31,18,,20,30,32,30,27,24,29,26,22,27,22,34,,,49,23,30,41,23,29,32,35,13,16,25,24,41,26,41,38,38,,,12,36,34,39,27,28,,14,24,23,,32,37,35,,39,56,28,32,31,33,20,28,25,40,30,43,22,27,25,24,,22,26,13,19,48,43,,36,,31,,,,18,19,20,23,22,27,,24,,33,34,31,20,19,20,31,14,30,26,46,21,13,19,21,20,32,32,38,32,25,,23,29,31,32,37,36,5,31,23,21,24,21,34,27,28,,24,39,36,40,23,26,28,25,29,36,32,27,27,26,34,,35,37,34,30,33,33,32,30,35,42,38,,34,38,40,,34,48,39,37,,38,34,24,,26,27,28,28,30,17,18,19,17,19,38,35,38,,32,20,28,31,36,,37,30,16,26,18,25,17,14,17,18,42,31,,20,24,25,,22,21,,33,18,23,21,,6,11,16,19,23,36,43,29,30,32,33,41,38,43,42,39,47,13,14,14,18,20,19,22,25,26,35,38,40,32,43,23,30,39,51,43,29,24,23,41,29,19,13,14,32,35,43,39,26,39,24,34,37,44,60,70,68,66,31,30,34,50,53,26,24,46,30,49,74,70,27,25,20,16,,27,19,19,18,27,21,27,29,26,23,24,23,22,14,18,,,20,23,27,,34,20,17,16,21,34,,26,18,25,,,,,27,18,14,15,14,18,22,18,,18,16,18,19,22,32,14,12,36,23,29,,,,,21,19,20,17,17,16,24,,23,14,12,20,24,13,22,16,18,13,16,15,14,17,,15,11,10,8,14,12,20,12,17,,13,21,,9,13,,10,10,10,,37,,11,,13,9,23,37,33,37,15,19,21,19,20,24,22,19,,36,34,9,24,27,51,,308,342,16,25,437,462,,17,22,28,33,15,,35,31,20,,15,17,21,18,15,20,36,,24,40,,41,22,19,32,47,52,31,43,9,,40,29,33,19,23,19,14,26,22,,,46,39,49,33,,15,45,35,76,38,29,14,25,34,31,30,23,20,,34,33,35,50,16,22,31,,20,,20,38,46,27,20,20,522,30,38,33,38,23,31,14,,,33,34,22,36,,37,27,40,34,,30,49,,,18,28,28,15,29,33,12,16,16,30,19,20,20,16,20,,45,31,,28,30,35,21,17,33,22,32,13,18,22,30,20,37,36,33,21,42,29,17,28,16,36,35,26,22,20,16,13,46,29,22,19,24,24,14,20,21,20,40,45,25,27,34,26,36,31,26,,38,27,24,19,15,17,16,,34,46,31,28,24,21,14,31,43,38,97,41,30,41,29,22,53,34,22,,18,44,55,57,23,,437,22,13,18,17,19,22,18,22,15,26,21,32,61,33,26,,37,,28,12,17,32,24,20,28,29,24,25,20,14,9,11,9,9,27,28,8,26,10,19,20,36,31,43,44,34,32,31,46,28,43,21,21,27,22,21,25,24,,7,22,14,13,22,16,16,23,31,21,19,20,16,18,17,17,29,34,33,24,34,22,17,36,32,26,22,24,26,15,41,40,48,21,12,14,28,22,7,11,17,42,27,29,51,40,43,34,66,51,19,22,27,16,21,30,42,,24,34,30,40,38,28,31,33,17,29,36,24,30,25,22,21,16,26,11,37,62,42,43,71,,22,18,14,18,10,9,14,29,20,10,22,6,25,26,41,44,23,49,48,53,36,39,31,25,33,32,33,28,40,36,,37,19,32,36,31,27,20,11,19,26,35,31,24,25,28,16,20,41,32,26,23,,40,32,25,32,11,11,50,45,35,31,33,24,26,,19,29,43,24,12,27,26,21,31,,32,39,31,58,37,14,22,21,17,25,22,,23,,24,15,,18,29,14,17,35,35,30,31,,21,30,30,11,,,22,42,32,32,37,45,65,57,54,28,37,23,44,41,74,71,53,48,59,57,32,25,64,21,24,33,28,17,38,29,30,13,30,27,33,27,30,17,57,770,817,17,21,27,31,19,67,23,10,20,11,21,24,30,30,40,,35,36,11,12,35,31,24,11,11,35,33,25,47,32,41,29,28,22,47,25,39,29,31,,26,21,14,30,21,26,37,28,35,32,32,28,26,16,16,42,38,34,52,39,34,17,64,44,24,35,26,24,27,26,29,30,42,31,43,29,40,13,40,44,14,8,29,33
20210719,23,SO2,1,3,1,3,3,2,3,1,1,1,3,3,,,8,,5,4,18,,4,,6,9,,5,4,,4,4,3,5,5,4,6,,1,6,,5,2,7,5,6,,6,,4,5,3,5,6,4,5,4,5,4,,6,,7,8,8,7,,7,9,7,,7,2,6,1,11,2,,4,6,4,3,3,,4,3,3,2,1,1,,8,6,,,4,6,8,8,9,8,41,,9,12,21,27,22,,6,10,3,5,6,9,5,8,8,8,6,3,3,4,4,3,3,4,4,4,4,10,8,9,,6,18,20,13,17,16,10,12,1,3,6,3,6,,3,4,7,5,,7,3,7,9,9,1,4,3,5,,2,5,2,1,2,3,5,7,10,7,7,6,,,,8,8,,5,8,7,,,,8,,4,4,3,5,2,3,,5,7,,,,4,6,,9,11,9,4,4,,4,2,3,3,4,,7,5,,4,,3,4,,5,8,,7,4,5,,,3,6,5,6,7,11,,,8,6,8,5,3,5,3,,5,,,5,,7,5,,,2,3,4,3,4,,4,4,4,4,4,6,6,6,5,,15,6,15,7,9,9,5,7,2,,4,4,4,2,2,3,5,4,2,3,,8,1,,,3,7,8,8,,6,6,8,5,5,,,5,4,5,5,4,,3,3,3,2,3,3,,3,3,4,2,5,4,6,5,5,,5,5,7,4,5,4,5,6,4,4,5,6,5,3,,5,7,5,5,6,5,4,5,4,4,5,5,8,2,,7,4,5,6,4,6,7,11,7,7,5,6,,6,4,4,4,3,2,1,6,6,,6,,,7,7,7,6,5,6,5,8,8,9,9,8,7,8,10,7,5,5,6,5,1,3,4,4,6,5,,4,5,6,5,6,8,4,,,10,6,3,2,5,,4,2,6,3,,,5,7,5,1,6,7,5,5,5,4,3,,11,,5,7,10,,6,8,10,6,6,8,6,4,3,4,4,5,2,4,,4,5,5,6,,5,4,9,5,,,,6,4,,,,7,11,10,7,7,11,11,,17,9,5,6,9,7,7,8,7,8,5,4,3,4,4,5,,5,7,11,7,8,12,9,,12,,4,2,5,2,5,2,4,5,2,,3,6,3,5,4,5,4,4,,10,,9,5,4,7,4,,2,5,,,6,4,4,8,,8,11,2,,8,7,5,9,3,6,7,5,7,8,,,,1,,6,9,,8,9,6,5,4,5,1,4,2,4,,7,,,7,,9,12,9,6,7,7,9,8,,12,5,5,6,15,6,6,11,13,15,12,5,,6,6,8,5,5,5,5,,4,5,4,,6,5,,5,2,4,4,12,,6,6,,,4,7,,2,,10,9,72,14,9,5,,9,10,,2,2,,4,,7,12,9,,21,7,9,10,5,,5,4,4,4,3,5,3,14,10,11,6,7,9,7,13,14,6,6,5,27,6,8,52,28,7,5,7,7,4,4,6,,5,,5,5,4,4,2,3,2,5,3,8,11,8,4,6,,5,4,25,,9,7,7,4,5,,5,28,3,,3,,3,4,6,3,5,2,3,,,,2,,4,,1,3,2,,3,4,4,3,2,,2,,6,5,7,5,2,2,,8,7,9,6,9,7,,4,,,8,1,3,2,,12,8,6,10,9,10,11,9,12,7,13,8,5,7,3,,7,6,6,5,11,12,9,4,4,,6,26,11,5,5,5,6,13,,,,,6,8,,5,3,9,5,2,3,5,5,3,5,5,5,6,3,5,6,6,,3,2,3,,2,2,,2,4,3,2,4,4,5,3,2,5,8,4,4,,16,124,2,4,6,5,12,7,8,,10,6,4,5,4,7,12,7,7,,5,,,4,4,4,3,8,,,,,,6,4,2,,,5,,4,,,6,,5,7,9,7,9,10,11,11,6,,6,5,6,8,9,8,7,5,5,2,4,5,10,,3,7,,5,7,6,7,,,7,5,6,7,6,3,4,6,4,,,2,,5,3,5,,8,10,9,15,11,9,4,,4,6,4,,,2,6,,14,10,7,,6,,7,10,,,6,5,,,4,5,16,,,1,4,12,10,5,7,5,5,8,3,8,4,6,5,9,7,5,2,5,4,4,8,3,6,,11,8,5,,12,9,9,10,4,5,9,6,6,6,,6,,,10,4,5,6,4,21,7,2,3,10,6,6,5,8,5,6,3,,,2,3,5,5,5,8,,4,8,10,,21,13,10,,5,5,6,10,,2,2,8,3,7,3,7,17,7,4,15,,4,4,5,6,5,8,,4,,3,,,,6,5,6,5,4,3,,9,,9,5,7,4,4,3,2,4,2,5,6,5,4,6,4,5,6,15,7,10,5,,4,6,10,15,13,6,4,15,23,20,20,2,15,,6,,5,8,12,12,17,3,6,13,9,20,24,18,51,7,6,,11,8,9,5,5,6,5,5,12,18,21,,5,1,4,,3,6,7,3,,4,2,1,,5,5,5,11,5,6,5,6,6,7,6,8,2,,8,4,6,18,13,,14,6,4,4,5,5,2,4,6,4,3,9,,4,5,1,,6,5,,22,7,5,5,,4,3,2,8,8,21,11,4,11,12,8,,,,6,7,3,4,2,16,10,8,6,13,12,11,16,11,14,5,10,7,4,10,2,4,3,5,7,17,3,4,8,6,14,8,7,11,10,8,8,8,18,6,5,7,6,6,5,14,12,16,22,11,11,8,7,8,6,11,9,5,5,5,,3,6,6,6,5,11,9,10,8,6,13,11,2,5,8,,,5,5,5,,6,8,10,4,8,4,,8,5,,,,,,5,6,6,6,4,14,10,13,,8,7,10,7,4,6,2,,16,7,4,,,,,5,8,4,6,8,6,2,,,7,4,5,5,6,7,9,6,7,5,5,5,6,,12,11,5,4,5,8,4,10,12,,9,5,,7,8,,8,5,5,,7,,10,,10,9,5,6,5,5,5,6,9,6,4,5,4,4,,18,22,5,6,11,6,,5,6,2,2,13,10,,6,7,6,3,5,,5,5,6,,48,13,10,9,11,15,7,,4,6,,6,1,3,1,6,7,3,4,7,,15,3,5,4,6,8,5,6,4,,,8,6,8,13,,3,6,6,16,6,4,10,6,5,5,5,7,6,,3,8,12,6,6,9,4,,3,,4,6,4,6,6,8,5,13,7,2,8,5,5,4,,,11,6,2,6,,17,12,13,10,,4,4,,,2,9,8,5,8,4,4,7,3,6,4,3,8,7,3,,6,2,,9,6,5,12,6,13,4,5,8,5,4,5,2,8,8,17,3,15,5,2,7,9,4,9,6,5,4,4,6,8,3,8,7,5,6,7,6,6,8,1,1,8,15,8,5,,8,1,,2,6,4,,7,3,4,,1,5,6,8,8,5,10,2,7,6,6,3,3,5,16,5,2,4,2,,26,9,11,8,14,,16,4,8,4,4,5,6,5,3,6,3,7,7,6,12,6,,7,,5,4,5,9,1,7,7,8,5,9,8,7,6,8,4,8,,6,7,10,6,6,8,3,5,6,8,4,3,9,9,3,10,5,5,5,1,2,3,2,,3,2,4,2,10,3,11,10,7,6,6,10,13,8,5,12,10,2,2,5,8,12,6,7,4,7,10,4,4,3,6,5,25,7,6,4,3,6,10,5,7,10,7,12,6,8,85,11,8,10,6,6,4,8,5,26,3,,2,3,3,6,14,3,7,5,6,4,4,6,7,6,3,2,2,5,1,8,14,9,10,20,,6,6,6,9,3,6,9,9,5,6,2,4,5,4,6,2,9,3,2,3,6,6,4,6,6,3,4,1,2,2,,1,1,4,10,7,16,10,7,17,11,4,3,6,5,6,6,10,13,7,3,8,,5,18,10,14,3,4,4,9,6,6,6,5,5,,5,65,5,8,3,3,2,3,5,,14,2,8,10,10,4,3,2,4,6,4,,5,,4,2,,6,6,1,6,4,8,6,5,,2,13,36,8,,,6,7,2,7,1,2,6,9,4,1,4,5,2,,5,11,11,10,7,7,4,2,2,2,6,2,4,3,13,14,12,4,5,7,5,5,8,9,16,3,2,5,5,4,10,2,9,6,7,9,4,8,7,8,17,41,,8,6,1,5,3,8,8,8,7,8,2,4,6,3,8,4,2,7,19,6,7,6,4,,3,2,3,2,4,2,4,2,3,4,1,3,3,14,19,9,6,9,10,21,10,3,1,2,1,3,2,2,9,8,7,,2,6,6,3,7,5,8,4,8,5,4,7
20210719,23,SO2_24h,1,3,2,3,3,2,3,3,2,1,2,4,,,8,,5,4,10,,4,,6,9,,6,5,,5,3,3,5,4,3,5,,3,7,,5,2,7,4,4,,3,,3,4,3,6,8,5,6,5,5,4,,6,7,7,8,9,8,,8,7,7,,7,4,5,3,10,4,,5,6,3,3,4,,4,3,2,5,2,2,,9,7,,,4,7,8,9,12,8,24,,9,15,20,16,17,,8,10,6,5,6,10,6,8,7,6,5,3,3,4,4,3,4,4,3,4,3,12,8,8,,11,15,19,16,14,14,11,13,1,4,6,3,7,,3,5,6,5,5,8,4,8,9,2,2,4,2,7,,2,6,3,2,1,3,5,9,10,7,7,6,,,,8,8,,6,8,6,,,,10,,5,3,3,6,2,3,,4,7,,,,4,5,,7,10,6,5,4,,4,1,3,3,6,3,7,5,,3,,3,4,,5,7,,6,4,5,,6,3,5,4,9,7,10,,,7,6,8,5,4,6,3,,6,,,4,,7,5,,2,2,3,5,3,4,,3,4,3,4,4,6,6,6,6,7,8,6,10,6,6,7,6,8,2,,4,4,4,3,2,5,7,10,7,6,,11,6,,,3,8,9,9,,7,7,8,5,5,,,5,4,5,5,5,5,3,3,3,2,3,3,,3,3,3,2,5,4,6,5,5,,4,5,8,6,6,5,7,6,5,5,6,5,5,5,,6,7,7,5,7,5,5,5,4,4,5,5,8,2,,6,4,5,6,4,5,5,5,8,8,6,6,,6,5,4,4,2,3,1,7,6,3,6,,,8,8,7,5,6,7,5,8,8,12,9,9,9,10,9,7,8,11,7,7,4,3,4,4,5,4,,4,5,6,6,7,7,4,,,10,7,3,2,4,,5,2,8,3,,,7,14,7,2,6,6,5,5,5,5,4,,8,6,5,6,8,9,6,7,10,6,6,8,6,4,3,4,4,5,2,4,,4,5,5,5,,24,3,10,11,,,,9,5,,,,8,9,8,7,4,9,9,,11,12,12,12,10,8,7,9,7,8,6,3,11,6,5,8,,5,4,12,5,9,11,9,9,12,,3,2,4,4,4,2,5,5,2,2,2,7,3,3,3,4,4,4,,12,,9,5,4,8,5,,4,6,,,7,4,5,8,,6,7,2,,9,8,6,9,4,7,8,6,8,10,,,,2,,5,9,,8,9,7,8,4,5,1,4,2,3,,10,,,7,,6,9,11,7,8,7,11,8,,13,7,9,9,7,11,7,10,16,22,8,5,7,6,6,8,5,7,8,5,,5,6,4,,8,8,,6,4,7,7,11,,10,5,,,3,7,,4,,14,9,24,20,9,5,,9,9,,3,3,,6,,11,9,13,,18,9,9,11,6,,6,4,4,6,3,5,3,10,8,10,7,8,9,11,11,13,6,6,5,12,18,8,23,10,9,6,7,8,4,4,6,7,5,,4,5,4,4,2,3,3,6,3,8,5,9,5,7,,5,4,14,,8,7,6,6,5,,9,18,4,,4,,2,4,6,3,3,3,2,,,,3,,4,,1,3,2,,2,4,5,3,4,,6,,6,5,7,5,2,2,,7,6,8,6,8,8,,5,,,8,1,3,2,,10,12,8,13,8,6,6,9,11,10,15,11,9,8,3,3,10,6,4,5,9,9,9,4,5,,17,17,16,9,5,8,9,7,,,,,6,7,,5,4,7,6,4,3,4,7,7,7,6,7,5,4,6,7,5,,6,2,3,,3,2,,3,4,3,2,4,4,5,3,2,6,8,4,4,,10,13,7,5,9,7,8,6,6,,10,5,4,5,4,5,9,5,5,,6,,,4,4,4,4,8,,,,,,5,4,2,,,5,,4,,,6,,5,7,8,7,9,10,10,9,7,,7,5,7,7,9,9,7,6,5,2,4,5,9,,5,6,,8,7,6,7,,,8,5,5,7,6,3,4,6,4,,,3,8,5,2,5,,8,11,6,10,8,10,4,,4,5,5,,,3,6,,14,13,9,,6,,18,18,,,6,5,,,12,8,17,,,2,4,12,12,6,9,6,6,8,3,7,5,7,8,9,9,7,4,6,5,4,13,3,6,,8,8,5,,14,12,9,10,3,4,9,6,6,7,4,9,,,9,5,5,7,6,12,8,3,7,11,10,6,8,8,8,6,6,,,3,3,4,4,8,11,,4,11,11,,15,14,7,,4,6,11,9,7,2,2,6,4,13,4,10,13,8,4,10,,5,4,6,6,7,9,,4,,4,,,,7,6,7,5,4,3,,8,,8,6,6,4,4,4,2,5,4,6,8,5,4,6,7,5,6,11,8,6,5,,6,9,10,11,13,7,8,12,21,17,17,5,7,14,8,,6,19,21,11,12,4,5,8,6,18,15,10,20,11,8,,8,6,6,11,6,6,6,6,9,12,12,,5,1,2,,4,5,6,4,,5,3,1,,5,7,7,10,8,6,5,6,6,7,6,6,2,,9,4,9,17,10,,12,6,4,4,4,5,3,4,6,4,5,8,,4,4,1,,5,4,,18,6,5,5,,5,3,1,8,9,26,10,4,7,10,8,16,14,16,16,12,3,3,2,8,9,10,8,9,11,8,14,10,9,6,13,7,4,7,8,3,3,5,6,7,3,4,6,6,11,10,8,12,10,11,10,11,10,10,5,6,5,5,6,12,11,12,19,10,9,8,7,8,21,20,8,5,5,5,,2,6,6,7,7,11,10,12,10,8,7,5,4,6,9,,,5,5,6,,6,8,11,6,8,5,,9,6,8,,,,,7,7,8,7,6,13,10,12,,7,7,11,7,6,7,2,3,13,5,6,,,,,6,7,5,6,8,6,2,,4,5,4,7,8,6,7,8,6,6,6,6,8,10,,10,7,5,4,5,8,4,9,9,,10,6,,7,8,,9,5,5,,7,,9,,8,9,8,20,16,11,5,6,8,6,5,11,3,5,,31,27,5,6,9,6,,5,5,2,2,5,4,,6,7,6,2,14,,4,4,6,,10,10,11,13,11,15,8,,5,8,,7,2,3,2,5,7,6,7,9,,12,4,10,3,6,8,5,7,4,,,9,7,8,13,,2,7,7,15,23,5,9,7,7,6,5,13,6,,2,6,13,6,6,7,4,,4,,4,9,4,5,7,9,11,13,7,4,10,5,5,4,,,10,5,3,6,,9,16,8,14,,4,4,,,2,8,7,5,8,4,4,4,4,6,4,3,8,6,3,,5,3,,8,7,7,10,5,13,6,11,6,5,6,3,2,10,8,15,4,13,6,2,7,9,5,9,11,10,8,7,6,12,4,7,8,5,6,8,6,6,8,2,1,10,14,8,6,24,9,2,,2,6,4,5,8,3,4,,2,11,6,7,5,5,10,2,9,8,8,3,29,6,14,7,2,4,4,,10,16,13,13,20,,16,4,8,4,4,5,6,5,3,6,3,7,5,17,16,7,,6,,6,4,5,9,1,7,8,8,6,9,8,7,6,8,4,8,7,17,7,7,6,6,8,8,5,6,3,4,2,10,9,3,10,4,5,5,2,2,3,2,,2,2,5,3,12,3,10,8,6,6,6,9,15,7,6,11,10,3,4,6,7,6,7,9,4,9,11,5,4,4,7,4,7,9,4,5,4,6,10,6,7,13,6,5,9,10,37,17,7,13,7,6,4,7,5,19,5,,3,3,3,9,14,4,6,5,6,4,5,7,7,7,3,3,2,5,1,7,11,10,8,15,,6,7,6,9,3,6,7,14,5,6,3,4,6,4,7,2,9,3,2,3,4,7,5,7,6,3,4,1,2,1,,1,1,5,8,32,14,8,5,15,13,7,3,7,5,7,6,9,11,8,5,9,,5,15,9,12,3,4,6,11,6,7,7,5,9,,5,24,5,8,3,3,2,3,6,,9,6,11,10,16,4,4,3,4,9,10,,4,,5,2,,6,6,2,6,4,8,6,4,,4,15,24,10,,,6,8,2,7,2,2,4,11,6,2,4,4,4,8,5,9,7,10,7,7,3,1,2,2,6,2,4,4,10,9,10,4,4,7,6,5,8,8,13,2,2,4,5,5,12,3,22,6,7,10,4,8,8,10,13,18,,8,6,1,6,4,8,7,8,7,7,3,6,6,2,10,3,3,6,12,6,7,6,4,,3,2,4,3,4,2,2,2,3,3,2,3,3,10,12,8,7,7,13,10,7,4,3,3,1,3,2,3,7,7,7,6,2,6,6,5,7,6,9,5,8,6,8,7
20210719,23,NO2,18,12,18,13,18,16,16,10,11,17,18,23,,,21,,17,18,50,,19,,47,6,,15,14,,61,34,15,62,23,24,12,,13,22,,23,16,15,48,30,,63,,20,19,17,14,32,27,46,22,24,14,,16,,17,35,18,23,,14,26,27,,25,6,11,9,22,24,,22,43,30,25,21,,5,38,47,22,26,36,,19,16,,,25,19,16,21,26,35,46,,22,23,42,36,36,,21,17,15,6,8,9,10,13,5,16,2,43,30,60,35,34,14,13,36,40,62,20,15,16,,18,26,28,23,24,18,14,23,14,13,15,13,13,,17,17,14,16,,26,15,28,21,,28,36,15,11,,6,14,7,10,13,20,11,12,1,10,7,14,,,,15,13,,9,17,10,,,,19,,13,25,11,11,17,17,,28,37,,,,21,39,,26,33,32,6,5,,8,5,11,6,9,,5,11,,10,,4,5,,22,35,,24,29,27,,,28,10,28,28,8,18,,,8,11,10,10,5,16,12,,11,,,17,,24,17,,,3,7,8,15,11,,24,25,22,22,25,14,21,10,26,,33,24,35,67,46,35,13,20,1,,8,3,3,4,9,13,8,21,10,11,,26,38,,,10,13,17,51,,20,16,12,11,9,,,23,14,7,8,8,,10,12,8,9,70,8,,8,8,26,65,51,35,59,57,41,,44,17,30,26,22,8,14,12,20,13,10,11,28,20,,26,26,20,28,23,25,32,16,8,15,10,15,25,14,,4,11,5,11,20,31,11,17,19,18,23,24,,28,18,15,16,20,21,16,27,22,,21,,,10,19,29,10,10,18,5,13,39,34,33,29,18,16,32,15,22,18,38,37,6,20,18,35,17,28,,38,50,54,35,42,31,15,,,38,28,48,62,30,,9,30,27,32,,,24,7,13,31,28,12,19,27,25,32,43,,14,,18,25,20,,20,5,18,17,17,9,14,14,13,16,28,14,14,23,,12,7,21,13,,32,18,74,51,,,,24,10,,,,13,14,78,75,38,65,56,,30,22,17,,21,13,20,41,16,18,19,4,10,16,8,49,,16,46,33,28,14,15,14,,12,,10,7,24,2,7,2,1,39,23,,6,10,10,17,10,11,9,8,,17,,8,9,11,19,16,,16,30,,,10,14,11,18,,16,20,23,,19,26,8,15,13,14,6,9,14,16,,,,9,,10,12,,16,18,15,29,9,8,3,9,17,16,,6,,,11,,19,14,15,6,4,5,15,4,,22,44,40,22,21,15,14,17,18,22,8,16,,4,6,4,6,6,7,9,,11,12,12,,8,8,,11,13,14,14,15,,12,8,,,25,17,,18,,19,16,12,13,3,1,,9,2,,10,15,,,,19,24,15,,20,18,20,18,13,,7,6,8,3,36,4,2,17,22,8,22,8,23,8,31,43,4,7,19,18,17,19,20,16,17,12,35,22,15,6,18,,6,,6,17,16,22,18,7,8,8,8,6,10,20,26,59,,24,18,18,,11,14,11,16,2,,19,61,1,,7,,9,18,5,6,13,16,17,,,,15,,14,,6,3,1,,14,12,6,4,9,,6,,17,7,15,11,16,27,,14,40,12,53,11,5,,16,,,6,12,8,11,,15,25,18,16,31,29,19,24,24,29,36,33,19,30,5,,5,10,31,18,38,28,31,23,36,,22,21,47,16,18,19,19,29,,,,,5,28,,24,20,16,15,18,36,16,21,25,19,21,24,27,40,21,15,12,,5,5,17,,32,12,,19,7,20,,18,17,18,14,18,10,10,10,11,,10,16,14,13,14,13,28,21,17,,31,24,14,21,25,15,25,42,42,,11,,,2,2,16,14,12,,,,,,11,13,12,,,14,,8,,,13,,13,19,27,34,32,27,27,34,17,,17,36,32,34,32,4,7,22,23,16,15,10,5,,21,32,,32,19,14,20,,,35,10,7,14,32,4,2,25,2,,,14,,26,28,16,,13,11,14,26,22,24,16,,27,27,12,,,10,10,,27,21,9,,11,,4,15,,,14,24,,,12,4,8,,,10,10,10,9,5,5,5,26,11,10,16,26,3,6,13,6,27,34,42,37,6,5,10,12,,26,16,17,,3,5,3,8,15,8,5,6,11,11,,20,,,35,9,23,33,12,30,14,25,5,8,8,5,34,21,42,25,7,,,26,15,7,8,11,15,,7,12,5,,52,11,35,,11,6,9,10,,7,1,10,39,30,46,71,38,32,27,13,,8,12,,4,21,21,,7,,8,,,,10,14,7,14,4,7,,21,,56,9,36,6,5,7,7,6,15,13,48,6,3,8,6,5,29,37,31,21,14,,7,11,32,13,37,16,3,8,24,18,24,3,19,,3,,13,21,26,32,29,11,21,17,26,20,13,14,18,21,15,,25,41,19,10,14,18,12,15,14,16,22,,23,18,22,,11,8,13,17,,17,11,11,,2,11,14,9,12,9,9,10,10,11,12,11,9,,11,9,11,18,17,,8,4,4,22,13,10,12,9,9,15,15,14,,15,12,13,,16,16,,9,2,13,15,,9,5,16,9,6,18,27,28,33,32,21,,,,15,13,8,8,14,13,7,26,20,18,23,20,13,15,8,7,18,5,5,16,3,10,3,12,11,21,11,5,9,5,18,21,32,16,32,7,13,22,51,48,10,21,17,12,17,22,23,18,22,19,14,14,14,30,24,17,9,8,8,15,,20,15,22,18,141,30,28,30,47,12,22,21,11,6,28,,,7,12,8,,9,32,12,17,24,16,,37,13,,,,,,6,9,11,17,14,14,5,20,,3,12,28,7,8,4,7,,45,42,15,,,,,25,16,13,23,25,38,39,,,6,5,15,19,15,16,8,11,18,8,9,12,14,,13,16,5,7,11,15,37,9,22,,14,32,,11,19,,8,22,12,,10,,6,,5,8,9,6,9,11,7,12,15,11,3,7,6,9,,61,33,3,9,6,18,,57,52,18,15,36,27,,6,7,36,19,8,,16,21,14,,10,5,16,23,19,6,14,,13,6,,10,22,12,14,73,64,10,33,5,,96,5,8,30,27,9,24,32,18,,,66,34,49,14,,46,58,52,23,80,16,3,25,10,8,13,24,24,,14,44,7,28,12,24,14,,5,,9,35,24,15,13,13,13,8,6,35,29,6,15,4,,,28,13,6,13,,15,12,8,9,,2,5,,,20,55,41,6,18,10,7,50,14,42,14,49,38,13,17,,24,16,,27,11,14,13,11,11,16,8,10,4,30,47,4,32,12,24,15,17,20,9,15,14,15,26,9,9,7,4,17,24,33,9,51,6,5,12,18,22,20,16,13,14,14,20,33,13,12,6,,8,22,12,,6,15,23,,37,32,10,20,18,2,3,36,14,59,13,10,9,16,16,5,12,13,17,,14,44,33,11,8,,16,19,17,16,15,20,18,18,14,7,8,15,37,13,14,12,,12,,10,7,4,10,6,10,25,33,16,26,29,16,12,19,9,4,,32,7,9,7,11,9,17,17,8,36,20,22,47,8,4,20,3,17,26,6,8,9,9,,11,5,11,14,6,38,32,24,40,12,25,13,23,30,12,28,12,32,7,27,18,12,6,25,14,8,17,15,13,7,22,14,20,26,19,32,13,15,39,34,16,8,22,23,22,30,11,25,7,23,22,8,14,8,7,17,26,,9,5,6,55,42,20,19,18,8,6,11,18,21,23,11,14,6,10,2,16,60,45,98,17,,16,10,14,22,11,7,29,21,25,4,14,21,19,22,19,19,16,12,38,42,6,16,58,20,6,6,32,5,16,14,,15,2,9,11,10,9,12,8,32,20,24,9,22,40,32,35,20,12,22,7,7,,28,20,9,12,8,11,13,39,22,12,10,8,12,,12,6,16,14,2,11,8,10,10,,29,32,11,14,29,14,6,19,8,17,14,,15,,6,10,,8,36,16,40,61,24,11,11,,13,11,14,14,,,8,10,54,19,28,18,37,18,22,24,13,38,40,,73,29,13,9,39,45,2,8,29,15,8,20,6,9,34,17,30,23,8,13,14,13,20,16,95,19,22,17,15,31,17,24,6,12,15,7,20,13,11,26,21,25,,22,13,8,6,31,16,28,16,8,15,29,6,22,12,10,25,12,15,10,16,30,10,23,,1,6,7,11,6,11,14,9,45,16,22,9,16,12,16,17,12,32,34,15,10,21,17,19,12,9,12,11,35,21,6,12,24,14,26,10,25,12,20,6,6,10,86,11
20210719,23,NO2_24h,13,9,19,10,15,19,22,8,12,13,19,20,,,18,,19,17,27,,25,,36,8,,8,12,,36,23,16,24,19,20,11,,16,21,,22,17,5,16,13,,15,,10,12,9,16,15,16,17,21,22,12,,12,10,13,24,18,20,,11,22,21,,24,11,13,11,16,17,,8,17,13,11,28,,10,29,29,24,22,19,,13,15,,,15,16,17,13,17,23,23,,14,16,20,17,20,,18,14,19,6,8,8,11,10,6,17,3,29,23,35,16,19,12,14,20,20,28,17,16,8,,16,26,28,21,22,15,19,25,12,15,14,9,13,,16,18,11,16,18,14,14,19,8,14,21,22,11,9,,6,15,8,11,12,17,8,25,2,4,7,11,,,,13,11,,8,13,8,,,,27,,13,22,10,10,19,16,,13,21,,,,19,22,,21,24,22,6,5,,9,5,8,6,6,4,5,8,,9,,4,4,,16,18,,23,16,22,,20,18,12,18,28,8,20,,,9,10,11,21,9,17,17,,12,,,18,,18,17,,9,4,8,9,14,13,,15,18,18,15,18,12,17,9,28,25,20,18,24,32,26,27,17,22,2,,10,3,4,3,7,14,8,24,20,13,,26,27,,,14,15,21,25,,20,20,19,15,8,,,9,10,7,9,8,14,18,18,11,12,23,13,,18,8,14,36,31,29,37,27,38,,29,9,22,22,23,10,11,12,21,11,19,9,27,20,,22,26,23,21,23,16,27,14,9,15,12,13,24,14,,4,12,8,11,16,20,11,15,22,21,21,23,,24,30,26,15,17,13,14,24,21,19,20,,,13,17,20,9,9,14,6,13,32,33,19,19,22,18,26,19,19,22,24,21,11,9,14,14,10,14,,24,28,21,22,30,22,15,,,29,30,38,27,21,,26,29,34,33,,,27,10,14,27,23,18,18,29,26,26,20,,14,10,10,15,11,14,10,10,12,9,15,15,15,16,25,13,22,12,16,16,,12,12,21,18,,28,13,43,42,,,,27,9,,,,21,20,44,48,49,56,39,,36,20,16,22,14,18,13,18,12,12,14,3,7,24,7,29,,18,27,27,21,15,16,14,11,17,,12,11,17,7,7,9,10,13,14,9,7,6,5,11,7,7,9,6,,14,,8,8,11,13,11,,12,17,,,11,14,12,17,,8,11,15,,13,6,7,12,11,16,13,13,14,17,,,,8,,9,10,,11,11,10,19,6,4,2,14,12,18,,8,,,5,,6,10,16,11,9,8,11,6,,15,19,18,17,23,13,9,11,11,15,11,17,17,6,8,4,16,11,12,12,,14,12,12,,8,9,,8,10,12,10,13,,28,9,,,13,12,,21,,18,13,16,18,6,2,,11,3,,13,18,,13,,16,16,14,,16,16,17,18,12,,6,8,13,15,17,7,2,15,18,8,15,5,18,10,24,32,11,9,13,14,15,9,14,12,15,16,17,13,15,8,14,5,9,,7,13,14,17,14,8,8,9,8,7,7,14,21,28,,18,16,17,,12,13,19,13,5,,17,16,2,,9,,6,11,5,6,7,9,9,,,,12,,11,,6,4,4,,16,14,10,7,12,,8,,15,15,12,13,16,13,,11,23,10,13,8,9,,9,,,4,11,7,8,,12,19,18,14,12,12,7,17,14,25,25,24,21,22,9,9,7,11,17,12,18,22,21,20,17,,22,13,33,17,13,18,20,22,,,,,6,15,,17,14,13,10,13,13,15,18,19,21,17,18,19,17,18,14,14,,6,6,19,,20,14,,17,9,12,14,14,15,9,9,14,12,9,7,10,,12,12,12,17,17,16,22,15,18,,18,23,12,15,11,8,17,19,19,,9,,,4,4,15,16,8,,,,,,10,11,9,,,9,,8,,,10,,11,15,19,20,20,15,16,22,18,,12,20,22,21,24,6,4,15,14,13,11,10,4,,26,17,,18,17,12,17,,,14,8,6,8,13,6,4,12,3,,,18,15,17,18,15,,11,12,18,12,15,14,12,,15,14,12,,,13,12,,13,16,20,,20,,14,19,,,12,10,,,17,10,14,,,6,8,8,9,6,7,5,9,9,6,9,9,7,10,15,9,10,18,20,17,6,4,10,8,,18,8,14,,6,12,13,11,9,5,6,5,9,8,7,22,,,33,9,10,13,11,14,10,17,7,10,11,5,21,14,29,22,14,,,13,13,7,7,7,12,,8,11,11,,21,6,18,,8,10,10,10,5,8,2,6,26,30,36,46,24,17,20,15,,13,10,6,3,21,22,,9,,11,,,,13,17,7,16,3,5,,17,,23,18,21,6,6,7,8,6,13,10,21,7,2,8,8,5,19,23,19,18,9,,10,7,14,10,17,11,4,9,20,14,16,5,9,16,3,,11,16,13,15,16,9,14,14,15,15,6,7,8,11,11,,13,16,12,11,15,17,13,14,12,13,19,,12,9,10,,15,9,11,12,,13,8,13,,3,12,13,10,11,8,7,8,8,8,9,7,7,,10,10,9,25,15,,13,8,4,17,10,11,12,9,11,15,18,17,,12,9,9,,12,11,,12,2,6,6,,8,5,8,5,5,14,12,20,14,13,13,7,9,14,13,14,8,13,12,17,10,16,16,13,13,21,7,9,8,7,16,5,6,4,5,6,7,12,8,19,10,4,4,4,17,25,22,18,17,14,16,18,17,21,16,20,17,12,10,14,15,12,16,13,14,10,16,24,19,18,7,8,6,13,,15,11,11,10,25,16,16,13,21,11,13,12,9,5,18,,,6,12,8,,11,15,8,9,18,13,,17,9,10,,,,,9,11,12,14,15,11,5,9,,19,11,10,9,12,16,7,14,27,24,21,,,,,17,12,15,15,19,23,18,,6,7,7,10,15,8,6,7,9,11,10,11,10,12,,6,7,8,10,8,13,17,8,14,,6,12,,8,8,,8,20,9,,9,,8,,6,5,9,13,16,16,7,11,14,10,4,7,7,9,,24,22,3,13,8,25,,17,15,21,21,19,14,,8,8,18,12,11,,23,15,13,,16,4,16,17,8,7,10,,10,20,,20,15,9,9,21,29,11,12,5,,36,13,13,12,9,5,12,13,9,,,31,25,27,11,,13,40,36,27,38,13,4,21,11,10,14,21,13,,22,24,13,21,11,16,12,,10,,6,21,27,12,19,16,14,16,9,14,19,6,13,6,,,18,18,7,12,,21,15,23,13,,2,5,,,11,27,26,7,15,6,8,25,7,23,10,30,18,14,19,,23,11,,20,9,14,10,6,14,13,10,7,7,14,28,6,22,10,25,20,10,15,6,13,13,9,14,11,11,8,8,14,31,16,6,37,7,8,8,9,10,9,6,11,12,12,14,22,19,13,6,,6,15,11,22,7,14,16,,34,30,6,15,14,2,5,17,17,20,23,12,13,18,9,7,8,19,15,,9,39,24,23,12,,12,17,15,16,14,13,17,16,15,7,7,11,23,17,13,12,,8,,9,5,4,12,5,10,22,24,18,24,26,15,13,17,11,7,24,26,7,8,12,12,10,11,8,11,22,19,14,24,8,2,18,5,11,15,5,8,11,10,,11,4,8,7,7,20,16,11,16,12,16,9,19,23,5,22,18,34,20,12,16,7,6,23,13,10,18,13,11,6,14,15,10,16,14,15,12,15,11,13,13,10,11,10,16,16,20,15,12,17,13,11,16,8,8,9,17,,10,6,11,29,20,16,12,16,5,5,18,16,21,16,7,11,6,10,2,15,55,17,35,30,,16,9,9,12,11,11,25,12,13,5,19,14,15,14,15,10,11,17,23,27,4,11,23,13,9,11,20,7,12,8,,12,2,9,11,15,10,17,8,21,24,14,13,14,16,18,11,11,13,14,9,8,,12,13,5,12,9,6,13,21,19,11,12,9,15,,11,10,18,18,3,7,10,8,17,,16,14,13,16,18,10,7,13,10,13,10,,13,,12,7,,6,22,11,18,29,17,15,16,,14,11,12,4,,,5,11,29,12,21,14,26,15,18,11,9,18,20,23,33,27,17,14,24,25,3,8,34,10,13,8,6,11,24,9,18,8,8,14,15,11,15,10,39,8,11,14,14,23,17,12,17,6,14,12,16,15,15,24,19,30,,17,6,8,5,20,15,12,11,8,12,24,10,13,8,20,21,17,13,16,10,25,14,15,,3,4,7,8,10,15,5,10,21,10,15,6,13,17,9,15,19,26,20,15,12,13,13,20,8,8,12,14,15,22,5,10,11,11,24,11,24,12,16,7,6,15,24,12
20210719,23,O3,65,97,77,75,67,76,82,79,92,89,73,77,,,52,,50,56,22,,58,,40,80,,58,55,,26,29,48,12,49,62,120,,67,52,,56,50,68,8,51,,15,,74,74,64,92,57,85,43,70,89,87,,92,99,66,47,45,60,,22,52,48,,48,74,69,63,57,62,,38,32,36,44,54,,46,22,22,50,36,1,,84,103,,,78,91,93,82,35,20,17,,25,49,30,33,35,,52,53,57,58,55,59,70,61,62,54,45,74,86,52,69,76,31,60,55,44,40,73,77,58,,66,55,54,56,62,53,93,54,17,19,16,16,20,,25,16,22,24,,99,123,111,100,116,80,105,113,21,,27,37,27,25,28,19,26,19,22,17,22,52,,,,47,59,,62,56,52,,,,33,,20,18,23,25,17,23,,6,10,,,,31,15,,22,10,34,32,37,,38,54,56,58,50,,51,36,,35,,70,58,,45,35,,32,23,30,,,17,58,25,8,23,17,,,27,20,21,22,18,18,17,,45,,,21,,12,16,,,27,17,20,16,18,,42,39,67,68,63,62,56,62,72,,55,59,67,10,38,51,80,80,39,,27,38,34,24,23,38,44,39,53,26,,35,16,,,39,103,95,66,,97,108,115,117,61,,,33,46,49,56,64,,78,78,78,83,36,,,74,86,34,10,18,40,19,28,20,,18,68,82,80,93,85,79,70,132,82,95,88,20,26,,21,22,29,22,27,13,15,28,35,30,30,25,20,24,,44,42,44,21,24,30,31,26,22,23,18,15,,16,27,22,23,18,17,25,23,23,,22,,,29,23,14,26,25,20,37,30,10,26,17,14,82,83,73,91,69,92,47,57,44,36,38,35,54,113,,80,66,44,37,46,39,64,,,86,53,50,32,40,,109,96,111,91,,,112,124,46,43,42,61,36,43,56,49,14,,50,,50,44,52,,46,48,53,54,53,64,39,54,55,49,45,59,63,52,,53,49,52,48,,95,116,48,,,,,132,127,,,,111,126,66,44,91,80,86,,110,79,82,103,78,72,79,41,70,71,80,59,27,84,55,82,,124,75,113,104,109,106,123,,108,,61,68,59,87,65,83,90,49,44,,67,61,61,54,32,26,28,33,,79,,54,64,61,48,103,,114,75,,,78,72,68,70,,57,56,62,,52,50,61,56,71,55,62,56,54,50,,,,54,,45,87,,87,86,103,84,58,56,69,39,46,39,,87,,,31,,14,16,31,39,40,29,46,36,,48,20,26,57,46,55,47,44,47,32,70,50,,27,28,29,48,46,45,37,,36,36,34,,49,49,,49,50,53,47,31,,41,38,,,83,104,,61,,72,67,81,80,65,68,,65,68,,61,62,,,,62,67,63,,67,59,55,64,58,,34,31,49,48,7,46,8,46,62,42,26,41,39,47,19,9,57,45,13,59,63,50,55,60,52,45,10,23,44,30,64,,86,,90,19,27,26,2,5,92,90,86,93,94,69,84,41,,115,121,123,,125,44,50,36,39,,37,1,80,,66,,73,70,83,76,87,73,69,,,,55,,72,,81,82,104,,81,71,87,102,93,,99,,73,85,83,79,70,47,,65,33,68,13,80,45,,26,,,41,30,47,5,,48,48,63,57,14,37,55,48,49,33,19,36,36,37,60,,77,78,56,,58,72,74,80,50,,69,92,52,60,26,61,51,38,,,,,89,70,,58,59,67,70,47,38,52,35,29,30,26,20,34,11,51,59,63,,77,77,72,,26,64,,44,80,36,92,90,96,72,95,89,61,64,68,64,,137,125,94,109,111,108,82,112,124,,75,87,82,65,71,57,52,46,46,,47,,,75,75,51,60,49,,,,,,55,40,51,,,41,,44,,,26,,29,19,15,6,8,9,13,13,18,,84,65,19,19,17,36,41,75,72,58,58,26,23,,54,43,,21,38,28,33,,,45,53,54,44,26,89,88,87,98,,,50,,41,42,51,,52,82,81,71,75,62,48,,30,29,94,,,90,82,,41,53,70,,75,,149,135,,,72,31,,,122,133,111,,,51,55,66,68,154,156,162,39,66,66,66,37,56,54,41,47,28,29,20,20,77,85,66,61,,93,99,50,,42,31,63,56,86,99,69,70,39,41,,29,,,16,49,48,10,27,3,18,10,20,26,19,26,17,28,17,32,42,,,39,79,82,81,49,56,,8,85,84,,46,70,61,,102,101,116,106,,71,80,78,22,33,11,3,5,15,28,55,,52,30,44,10,80,89,,103,,95,,,,73,72,78,75,84,82,,36,,30,46,25,37,31,39,40,32,62,65,18,75,73,62,63,69,57,75,51,68,17,,39,5,11,28,14,25,13,59,45,52,35,36,41,,52,,,34,34,20,19,35,26,38,30,27,33,38,32,17,46,,29,38,38,10,48,44,44,44,99,74,93,,48,63,55,,92,93,84,74,,76,72,84,,92,80,90,86,88,53,52,54,60,56,70,70,80,,50,58,57,64,66,,77,82,68,31,38,37,68,67,68,64,70,65,,45,44,43,,40,50,,77,64,48,37,,74,67,44,19,32,49,33,45,31,33,40,,,,55,58,49,51,41,45,57,9,20,34,26,28,35,62,61,58,58,60,71,67,70,44,17,45,71,51,48,6,18,48,22,12,12,11,21,40,45,62,12,18,60,42,44,54,33,38,37,40,41,27,33,21,62,29,69,81,85,93,40,56,,64,53,52,68,17,95,75,68,47,87,84,92,110,91,74,,,77,81,76,,84,3,21,20,40,37,,67,72,,,,,,93,77,82,76,84,58,45,38,,102,91,80,84,83,79,16,,13,31,25,,,,,24,23,46,35,19,4,18,,,80,88,83,82,94,76,103,20,17,57,74,62,62,,26,21,67,63,6,5,55,86,28,,61,33,,94,53,,48,44,47,,63,,104,,63,41,84,73,73,71,105,105,106,110,91,72,68,52,,48,78,90,114,117,121,,27,45,96,93,66,78,,93,92,77,95,96,,129,118,73,,129,142,133,74,63,117,108,,106,118,,116,74,91,89,47,43,107,68,78,,25,118,106,65,58,99,95,93,104,,,43,70,53,71,,34,60,61,78,22,29,63,21,74,65,60,47,38,,72,26,40,27,16,10,25,,105,,51,59,116,46,41,30,88,85,109,19,33,72,20,68,,,50,43,46,54,,112,111,56,74,,65,30,,,52,6,10,41,50,68,61,25,53,13,45,36,58,64,59,,48,29,,21,49,105,94,112,104,42,89,31,108,29,4,48,38,89,119,69,58,80,40,83,71,110,9,53,55,55,56,63,96,78,87,37,93,97,109,41,25,41,74,70,92,72,42,48,36,70,81,,76,32,49,,105,25,22,,32,96,67,74,39,62,104,41,40,24,130,82,52,75,58,42,66,39,37,,44,77,77,128,140,,85,20,24,20,30,10,21,22,18,24,113,68,97,139,91,54,,59,,28,29,25,31,29,39,25,14,29,24,20,26,39,27,35,53,,19,28,67,43,32,29,49,37,67,23,60,55,60,113,78,94,88,27,16,82,84,81,88,,67,73,24,26,46,17,14,,45,43,37,109,50,25,22,46,64,81,123,95,97,93,65,70,73,69,46,49,49,57,95,110,69,37,46,14,46,56,16,32,52,70,34,29,68,40,72,51,51,33,13,44,48,36,40,83,29,,60,87,83,79,54,109,108,111,24,58,58,22,33,74,18,22,62,29,40,130,108,93,42,131,,26,35,28,12,28,58,20,33,21,41,36,18,14,43,,79,68,86,31,38,83,56,9,52,106,101,16,87,69,68,,88,101,82,80,7,100,14,13,33,17,67,101,59,62,42,42,64,83,58,55,62,,73,75,105,100,46,53,,61,94,75,89,71,103,,98,120,58,64,30,36,37,30,47,,28,12,38,90,32,49,77,45,65,47,38,,16,,95,55,,27,13,46,26,22,73,47,20,,17,83,75,80,,,61,86,19,44,53,50,32,62,44,37,85,44,27,,10,60,80,81,58,40,58,84,73,80,90,50,78,80,96,62,113,40,56,45,64,51,120,112,27,58,69,43,60,24,62,41,141,20,22,40,20,30,28,26,122,101,,115,64,81,78,28,97,64,47,50,59,60,94,94,104,115,68,66,72,46,42,35,45,52,,79,13,63,117,95,67,80,86,5,74,48,59,55,80,34,80,116,107,20,96,107,42,50,58,113,73,72,88,69,89,128,75,71,69,16,75,18,23,94,104,75,59,,82
20210719,23,O3_24h,127,134,141,141,132,137,140,137,136,153,131,151,,,139,,163,158,146,,153,,116,177,,148,166,,139,143,111,138,137,157,131,,149,128,,126,127,96,127,122,,120,,132,126,119,135,136,148,132,132,136,126,,132,133,126,81,96,88,,95,134,134,,138,153,158,148,157,123,,104,121,112,105,108,,115,100,100,110,97,104,,150,137,,,155,150,144,141,108,114,116,,108,130,143,121,127,,145,100,90,94,93,96,107,89,91,100,92,103,102,99,103,95,110,100,98,98,107,146,146,126,,146,154,137,143,131,135,134,141,82,78,84,77,81,,86,57,78,70,84,156,164,149,154,154,138,150,190,102,,122,113,111,112,108,113,136,131,132,115,140,96,,,,103,144,,114,114,110,,,,174,,147,142,146,148,118,135,,146,185,,,,174,178,,189,189,209,124,132,,136,110,117,112,112,72,103,96,,121,,108,96,,171,160,,162,154,177,,75,164,148,133,61,80,74,,,67,72,78,86,89,77,90,,101,,,140,,143,142,,47,83,75,47,49,49,,114,122,143,151,148,100,98,104,152,73,156,170,164,142,145,144,154,156,80,,80,75,77,57,114,126,130,106,106,120,,104,102,,,104,179,201,173,,182,212,191,233,88,,,81,81,87,91,84,56,78,78,78,83,79,69,,74,86,99,104,114,107,97,105,83,,127,134,197,198,196,193,150,197,181,164,162,155,67,73,,80,71,88,77,75,71,62,82,40,43,36,32,35,54,,53,54,52,49,38,49,41,44,63,66,70,77,,64,75,75,58,61,49,54,87,93,37,85,,,83,83,67,56,50,50,57,55,81,91,86,85,184,186,193,179,159,176,168,154,99,91,78,85,89,152,,149,162,198,172,177,166,179,,,169,173,176,168,150,,240,203,246,183,,,239,177,100,93,96,111,95,89,98,99,94,,78,60,91,97,94,66,105,100,85,99,88,87,105,89,76,93,94,110,113,128,,96,86,82,88,,228,162,202,191,,,,192,204,,,,197,208,167,160,151,159,209,,163,196,215,226,164,158,139,172,119,133,143,98,114,196,148,164,,157,164,171,152,180,181,186,122,176,,104,112,105,90,89,91,95,115,103,82,96,99,99,102,107,110,101,95,,108,,98,111,113,104,161,,162,147,,,132,136,130,186,,114,124,122,,125,132,121,119,144,105,96,98,102,117,,,,139,,133,139,,144,172,174,162,83,84,96,83,121,87,,128,,,100,,95,96,101,74,80,85,93,83,,116,104,114,108,113,111,95,87,106,102,86,78,47,63,53,60,71,70,68,57,,58,88,74,,108,106,,114,116,114,101,94,,82,58,,,134,159,,125,,130,135,131,132,72,73,,71,76,,113,110,,122,,104,108,103,,108,97,103,102,105,,86,84,90,89,86,86,68,145,153,143,132,131,125,99,81,68,96,97,83,110,101,107,109,105,117,116,116,120,120,95,88,68,97,,99,88,90,95,92,80,116,105,113,101,111,158,172,151,,155,152,155,,156,104,116,100,103,,119,92,99,,82,,90,85,97,88,124,131,128,,,,87,,104,,104,100,110,,89,75,87,102,93,,99,,147,145,164,152,157,141,,114,109,138,151,120,145,,108,,,104,103,102,77,,94,105,122,107,90,107,85,102,141,142,126,141,123,143,76,39,127,130,128,116,138,147,138,150,163,,176,205,172,171,113,131,148,101,,,,,150,142,,147,113,140,151,139,120,117,126,110,108,111,125,77,86,106,119,122,,96,96,111,,105,107,,98,116,140,133,123,134,127,130,131,106,117,120,114,,143,143,130,206,193,165,154,128,136,,132,114,124,103,115,136,127,164,164,,81,,,87,87,89,102,91,,,,,,92,81,124,,,83,,84,,,142,,121,122,124,142,152,150,142,143,119,,189,164,184,191,183,165,172,162,161,115,146,93,79,,104,126,,142,133,113,100,,,151,78,78,75,72,94,91,92,107,,,182,61,75,78,77,,80,96,114,111,118,112,88,,87,86,94,,,90,88,,110,105,99,,99,,185,179,,,98,66,,,199,202,155,,,86,91,109,108,190,190,190,105,98,101,100,97,91,98,79,107,153,152,135,116,79,85,71,74,,149,150,99,,93,92,90,112,114,124,110,90,91,79,98,86,,,103,130,126,133,190,118,112,109,96,106,115,91,151,122,118,132,122,,,120,104,102,109,151,151,,81,136,151,,140,141,150,,154,169,159,157,149,97,110,99,136,159,146,172,95,136,134,113,,146,115,104,82,191,210,,154,,151,,,,111,106,115,113,122,114,,129,,132,135,136,83,88,80,75,82,99,108,104,101,95,91,90,90,136,139,136,141,94,,86,81,85,94,86,84,84,131,124,116,120,102,90,52,89,,107,121,137,137,124,116,114,117,120,129,106,110,109,108,105,,103,108,103,104,107,107,107,107,116,78,109,,83,98,92,,92,95,89,112,,133,128,94,,100,102,109,97,110,82,79,85,82,88,135,129,135,,83,74,93,107,121,,118,129,90,106,108,128,102,104,92,93,123,120,,119,131,120,,108,112,,127,101,106,94,,96,93,93,94,91,156,122,117,114,129,129,57,120,68,147,128,49,139,147,157,136,110,115,99,93,89,140,118,131,122,123,69,82,104,86,86,100,89,107,133,100,80,81,80,97,92,94,94,78,86,81,108,122,113,142,150,158,160,106,93,96,137,140,119,124,86,118,107,139,140,103,119,122,134,,140,133,120,128,119,198,198,201,173,121,129,137,144,156,143,,,115,118,116,,112,129,120,114,125,102,,169,156,73,,,,,154,146,139,147,150,122,110,118,,120,160,170,156,155,146,87,50,77,74,82,,,,,106,89,100,96,70,70,94,,41,143,141,122,123,128,124,134,75,77,95,101,92,94,,62,59,67,63,28,36,140,141,99,,115,99,,125,119,,72,72,93,,111,,118,,77,70,122,126,128,120,135,139,143,151,104,106,102,93,,146,147,127,176,150,159,,108,117,134,133,116,117,,113,99,144,143,146,,155,167,146,,140,215,146,145,122,127,151,,157,172,,172,134,141,139,134,125,126,121,144,,153,129,121,111,112,117,130,138,134,,,126,119,133,95,,109,124,124,172,177,144,75,72,144,176,146,149,89,,100,129,191,204,76,147,155,,159,,139,150,251,107,59,58,120,126,175,147,119,119,155,99,,,142,186,111,161,,203,205,193,124,,104,159,,,89,186,170,81,107,126,79,74,157,158,106,170,187,176,113,,140,126,,78,110,173,159,145,141,82,130,52,108,93,99,64,148,99,207,95,105,114,70,106,122,148,86,80,82,86,82,106,159,136,115,151,100,162,148,110,112,110,127,100,132,130,104,98,176,134,99,,135,128,133,54,136,100,105,,94,210,112,138,94,100,116,168,200,141,162,91,85,206,112,93,102,174,127,,101,218,171,181,177,,119,91,70,89,78,71,89,86,79,57,135,130,165,187,156,105,,125,,131,108,92,169,110,69,78,69,72,78,64,64,43,42,46,56,33,84,44,81,56,77,81,110,110,153,127,169,167,183,168,114,188,118,138,146,101,98,91,98,,86,88,103,102,116,94,115,131,91,113,96,114,110,128,83,105,128,247,222,197,184,149,83,175,137,114,97,135,97,102,161,156,137,74,89,82,99,107,142,108,93,121,116,97,156,138,127,124,154,137,128,112,116,107,107,100,110,,147,127,127,162,150,136,190,174,123,102,219,154,172,162,127,127,107,122,92,196,188,205,135,177,,65,78,58,58,43,58,74,101,73,59,67,50,81,109,149,131,132,139,136,136,118,132,165,153,159,146,132,87,104,89,,96,119,92,108,116,110,93,65,183,87,138,187,154,144,151,136,147,225,194,108,95,,143,177,174,152,92,87,152,147,144,126,145,140,185,,139,198,139,118,54,143,108,113,177,,99,107,117,154,111,98,107,90,98,75,67,,66,,143,121,,107,75,75,76,162,142,111,78,,86,135,131,128,,,77,127,150,137,109,142,136,126,141,118,111,150,162,65,120,116,134,138,149,144,77,84,107,96,94,104,91,87,148,166,122,80,102,90,117,81,155,146,165,114,120,103,137,104,93,77,173,104,37,77,86,79,84,96,174,184,,154,103,95,93,99,164,142,75,81,224,158,134,156,154,170,129,98,154,111,105,186,107,125,,92,74,78,134,95,122,125,88,135,130,128,117,114,138,108,142,190,169,135,102,107,110,136,145,134,131,117,132,146,152,167,118,124,99,115,102,102,84,141,164,120,96,137,128
20210719,23,O3_8h,100,109,120,116,109,113,112,104,112,123,110,107,,,87,,86,95,81,,87,,57,92,,82,94,,90,90,75,80,83,105,114,,82,72,,76,69,84,80,100,,96,,108,107,96,106,102,112,90,95,108,105,,105,109,104,67,78,76,,60,99,90,,97,109,108,99,71,69,,81,81,82,83,77,,72,61,58,82,73,38,,128,126,,,129,132,121,120,61,59,55,,56,81,78,72,73,,80,71,58,71,68,75,82,75,70,70,60,80,93,69,90,85,71,69,75,72,87,119,114,98,,108,105,95,106,103,106,115,107,35,35,30,34,39,,40,31,36,34,,126,138,124,126,130,106,126,150,58,,66,70,61,64,61,58,53,48,52,41,56,62,,,,78,86,,86,88,85,,,,104,,84,75,86,90,60,81,,83,106,,,,115,100,,125,123,149,74,80,,82,82,86,84,82,,74,65,,69,,97,80,,81,97,,79,85,79,,,80,82,82,16,37,30,,,37,32,30,21,40,35,40,,77,,,87,,58,58,,,37,29,25,18,24,,72,61,103,109,101,82,74,74,98,,97,105,106,68,78,96,101,111,50,,37,51,46,32,63,55,58,52,67,57,,58,41,,,58,129,136,122,,124,143,130,160,70,,,55,59,59,68,68,,67,66,67,71,56,62,,57,68,65,50,54,70,31,73,51,,56,107,126,138,122,146,112,138,140,115,118,117,43,45,,46,44,41,48,50,34,39,48,36,37,32,26,21,35,,45,46,45,32,25,31,31,29,34,39,40,23,,42,33,25,27,26,29,33,36,35,,33,,,42,38,30,40,36,34,45,42,29,42,41,38,120,110,114,112,102,124,95,110,74,71,54,60,68,133,,120,119,147,112,130,104,121,,,124,120,116,108,94,,171,141,155,119,,,170,152,75,68,78,90,75,68,79,75,64,,64,,70,72,75,,76,72,72,81,67,69,67,72,65,73,70,83,83,88,,77,63,69,65,,145,144,124,134,,,,157,171,,,,162,170,130,114,134,128,136,,135,129,131,154,117,74,111,102,94,108,111,80,75,109,106,126,,140,130,129,131,155,158,160,,152,,68,84,89,83,76,79,87,90,71,,80,78,78,73,48,46,44,46,,94,,76,87,83,78,124,,129,114,,,103,102,99,106,,88,101,103,,92,103,94,96,113,73,71,70,81,76,,,,98,,88,120,,124,136,139,123,67,66,77,57,74,62,,96,,,48,,42,43,33,58,63,55,61,63,,70,57,59,66,68,71,70,58,68,68,64,43,,39,38,42,60,58,58,42,,41,54,48,,71,70,,66,70,68,63,48,,38,50,,,110,130,,87,,103,101,108,108,63,67,,67,68,,76,73,,83,,83,78,81,,83,73,75,81,75,,47,41,47,44,32,56,22,70,87,69,66,78,64,60,38,30,68,54,37,81,76,76,79,81,88,66,74,66,74,50,80,,92,,95,36,33,39,22,21,100,99,100,96,105,86,90,85,,138,131,140,,140,73,78,68,74,,68,51,88,,69,,78,74,82,75,108,104,104,,,,74,,94,,91,86,105,,77,67,77,81,78,,84,,107,108,126,111,106,97,,97,82,106,98,105,99,,55,,,71,76,83,45,,76,82,96,84,44,82,75,73,70,52,48,60,49,64,65,,98,96,99,108,106,117,110,121,117,,129,154,120,118,31,89,78,55,,,,,106,105,,100,80,88,101,79,74,88,56,56,45,54,44,52,49,75,87,86,,85,86,85,,74,80,,68,102,98,114,109,115,101,119,113,79,88,92,82,,138,136,113,163,159,135,111,121,129,,114,102,99,87,99,101,95,107,107,,52,,,73,73,61,70,66,,,,,,72,60,84,,,55,,61,,,72,,64,56,51,47,50,47,59,61,30,,137,118,92,99,86,109,120,134,132,97,120,41,35,,83,81,,68,82,66,65,,,98,66,63,62,55,82,80,82,91,,,86,,58,60,60,,64,90,100,96,102,95,59,,64,62,84,,,80,80,,83,80,85,,84,,156,149,,,86,52,,,156,165,123,,,66,69,92,92,176,176,176,80,80,85,81,75,55,51,42,45,102,96,84,74,74,82,64,68,,122,127,78,,57,46,52,60,101,112,84,75,41,44,46,51,,,44,81,86,70,68,40,50,30,49,55,52,59,53,62,48,51,59,,,81,81,82,87,87,94,,38,118,124,,103,114,111,,129,137,139,130,127,81,97,89,40,48,36,29,25,51,61,68,,86,65,66,32,150,166,,120,,114,,,,79,76,83,80,103,97,,56,,57,60,50,52,54,51,48,53,74,81,64,77,86,75,73,80,76,85,76,79,42,,50,41,39,45,34,42,42,74,68,71,69,68,63,,64,,62,81,85,88,74,66,50,58,60,54,56,61,56,49,75,,66,72,71,45,61,57,58,62,86,73,88,,62,76,66,,61,87,84,87,,91,90,81,,90,78,88,80,87,62,61,66,68,68,103,101,109,,54,59,64,82,91,,96,103,74,63,62,74,88,83,81,80,87,84,,71,78,70,,68,77,,98,82,78,71,,78,78,68,49,56,77,71,71,70,70,62,,119,,96,88,49,71,70,74,77,48,58,61,56,60,72,83,78,85,78,56,75,82,74,72,49,55,74,72,66,33,56,60,33,26,30,28,53,63,58,81,75,71,103,93,95,100,60,57,60,89,89,61,60,52,92,78,109,112,90,105,76,83,,92,105,93,103,77,117,112,120,93,102,112,121,127,129,116,,,89,88,85,,86,48,55,56,64,69,,126,121,,,,,,117,101,106,105,110,94,76,84,,107,114,117,106,105,107,49,,40,52,39,,,,,46,62,76,77,45,33,57,,,116,113,110,109,118,110,122,34,37,74,88,81,81,,42,45,48,50,13,15,108,112,70,,93,72,,110,89,,59,57,66,,76,,109,,67,58,105,106,104,103,121,125,125,130,94,90,86,74,,95,99,104,129,120,143,,78,97,113,107,97,100,,98,95,119,124,125,,142,152,114,,119,193,130,130,99,122,129,,139,146,,139,107,121,121,117,99,116,100,119,,126,118,114,99,94,110,121,127,123,,,102,105,114,84,,90,107,106,142,112,48,66,45,93,86,93,93,65,,85,84,119,143,30,56,97,,124,,94,114,174,82,49,44,105,103,146,76,67,86,92,74,,,98,76,82,93,,159,163,146,91,,87,93,,,65,95,87,62,81,98,64,37,62,93,70,124,127,120,76,,87,50,,41,70,127,121,129,116,55,100,42,86,66,35,52,81,94,162,72,78,95,58,94,102,124,41,68,71,73,72,77,129,108,100,103,88,127,134,66,56,63,108,88,115,101,74,63,111,99,86,,109,71,94,,119,46,44,,66,138,99,87,65,82,109,105,125,92,148,80,58,158,89,53,88,78,57,,77,132,126,145,149,,104,31,35,35,46,32,39,41,33,35,128,105,140,150,120,69,,97,,73,52,59,98,61,49,47,44,48,41,33,36,37,36,39,51,,38,38,62,46,51,42,66,68,110,77,103,106,97,144,98,155,98,54,47,86,88,81,86,,72,76,59,72,74,52,59,113,66,78,55,102,92,59,54,66,92,155,175,130,129,128,68,104,114,84,65,90,73,78,113,119,103,61,68,52,52,67,106,74,77,89,74,66,102,69,90,92,94,78,55,67,78,70,73,83,64,,102,106,102,132,104,123,163,143,62,82,158,86,112,135,62,48,73,70,63,154,145,142,112,149,,45,62,42,35,36,48,31,65,38,49,50,29,38,83,98,109,96,103,79,75,102,80,69,87,122,116,50,73,86,80,,90,107,79,79,44,104,35,37,110,46,106,131,106,117,91,100,108,139,114,82,72,,118,118,137,133,64,70,,100,117,103,115,95,156,,120,159,101,88,40,52,56,46,88,,58,60,71,118,58,80,87,69,68,59,51,,34,,110,86,,53,44,60,58,87,114,82,38,,31,110,104,106,,,68,105,83,86,86,83,60,76,75,83,89,98,87,,83,89,104,109,109,97,67,69,88,83,84,80,80,72,123,123,110,60,80,65,88,68,138,135,136,68,94,58,84,65,77,60,148,46,28,60,34,41,40,52,147,145,,136,86,81,80,57,120,103,60,59,98,95,104,123,133,139,89,81,117,75,73,87,77,67,,81,44,70,127,82,91,106,78,73,105,88,84,92,111,78,117,133,142,71,82,90,68,79,76,126,103,96,110,124,133,145,94,102,84,46,87,41,36,110,135,97,69,101,95
20210719,23,O3_8h_24h,112,112,130,126,119,121,116,115,115,130,117,120,,,110,,119,128,109,,116,,99,134,,119,145,,116,116,95,107,104,124,114,,112,103,,103,101,92,109,113,,112,,117,116,108,122,123,128,119,119,119,116,,119,122,120,74,89,82,,82,119,112,,117,136,136,128,111,95,,99,105,104,96,93,,95,89,86,94,89,82,,145,133,,,148,146,138,136,99,95,97,,96,113,115,104,110,,124,92,86,87,86,90,99,85,83,89,81,95,96,91,101,89,106,94,95,96,100,142,133,123,,139,139,128,136,125,130,130,136,71,68,68,66,68,,75,48,67,63,76,132,139,130,130,143,118,134,156,90,,113,106,104,101,100,106,104,100,103,86,106,85,,,,95,105,,103,108,104,,,,159,,132,131,133,134,108,128,,129,165,,,,157,161,,174,171,191,110,116,,121,100,105,101,98,70,99,91,,96,,106,92,,129,131,,130,126,132,,71,136,123,110,54,74,63,,,61,66,72,86,70,61,71,,91,,,128,,124,124,,48,83,71,44,39,39,,104,100,127,132,124,90,91,90,134,66,137,146,146,125,122,128,130,141,72,,59,68,67,49,101,94,88,82,88,92,,76,79,,,82,152,179,149,,154,178,154,194,82,,,75,78,87,85,79,52,67,66,67,71,57,62,,57,68,88,90,91,88,82,94,73,,100,114,169,165,153,173,136,170,149,145,143,139,55,59,,62,58,65,68,63,56,51,70,36,38,32,29,27,42,,47,48,48,40,35,41,35,34,46,49,54,49,,48,57,44,39,42,38,41,58,57,38,54,,,60,60,49,50,44,43,49,49,58,65,69,63,152,144,151,140,125,148,130,128,85,83,69,72,81,133,,129,135,168,140,149,134,146,,,140,140,136,140,121,,206,179,186,152,,,206,155,96,82,90,102,87,83,92,90,87,,71,60,75,80,82,66,86,85,78,90,77,82,85,73,65,79,75,91,92,97,,86,73,74,72,,198,157,166,155,,,,170,182,,,,182,189,141,127,139,138,160,,139,168,159,184,146,151,130,143,110,128,132,90,105,165,125,156,,149,151,161,145,170,171,174,111,167,,95,102,98,84,78,79,90,114,103,83,90,91,90,91,89,89,82,81,,106,,94,107,106,96,143,,144,135,,,125,129,121,144,,104,120,117,,117,120,112,110,131,92,87,86,94,96,,,,126,,111,129,,136,159,156,145,82,78,88,73,93,75,,110,,,82,,79,77,76,72,78,74,76,76,,98,85,92,89,93,91,84,80,92,90,74,70,45,52,47,50,66,64,62,56,,58,76,68,,87,85,,81,85,86,75,78,,70,55,,,118,141,,113,,119,117,123,122,68,68,,67,70,,95,90,,99,,96,96,93,,97,85,95,94,95,,79,78,86,78,81,80,62,117,126,114,110,113,103,88,69,54,86,86,73,100,92,98,98,96,112,104,108,112,112,85,82,66,93,,96,76,65,78,71,66,107,101,101,96,106,131,141,131,,145,145,146,,140,92,102,86,94,,104,80,88,,69,,78,74,82,75,110,111,110,,,,79,,97,,91,86,108,,77,67,77,81,78,,84,,124,128,135,132,138,121,,112,101,122,138,116,128,,92,,,97,95,94,69,,89,99,109,99,69,96,80,89,108,99,98,104,98,107,70,33,108,108,121,108,122,127,122,135,136,,156,170,148,148,79,106,103,74,,,,,121,128,,131,97,114,130,115,102,108,82,82,70,85,77,69,75,92,104,101,,86,88,91,,97,100,,86,109,128,124,116,125,116,127,124,92,105,108,100,,138,137,125,189,180,153,154,121,130,,122,109,123,101,108,118,112,143,143,,75,,,82,82,83,94,87,76,,82,,,88,76,107,,,83,,82,,,123,,109,106,103,116,122,119,116,119,82,,161,148,153,161,151,150,154,148,146,111,140,77,66,,94,113,,102,112,93,89,,,127,74,74,71,68,82,80,82,94,,,142,62,70,70,71,,70,90,110,107,113,107,84,,82,78,84,,,80,80,,98,93,93,,91,,170,167,,,94,61,,,176,185,136,,,77,83,104,103,183,182,180,98,94,96,94,88,88,89,72,93,128,130,109,104,74,82,67,71,,140,143,95,,87,85,76,90,111,123,99,83,64,62,69,75,,,85,116,112,119,144,91,83,75,84,89,89,86,116,102,87,99,95,,,105,81,82,89,124,126,,51,130,143,,135,135,140,,142,149,146,143,135,93,104,94,88,106,96,92,70,102,92,97,,124,90,86,62,175,190,,135,,130,,,,102,98,103,102,115,109,,90,,108,109,107,76,81,71,66,75,90,98,95,90,92,85,85,86,89,94,101,101,76,,73,74,70,78,68,69,66,102,100,97,97,92,81,49,79,,91,105,107,108,100,98,92,95,98,109,84,90,85,86,96,,89,95,92,83,82,82,81,85,86,73,93,,66,86,84,,81,87,84,104,,121,117,89,,93,87,92,84,93,78,74,82,78,85,122,117,122,,76,68,84,94,107,,108,117,90,84,83,104,97,94,87,91,105,101,,96,107,95,,96,100,,115,91,94,88,,86,86,85,78,77,125,99,94,98,106,103,42,119,55,130,112,49,109,114,122,114,85,90,84,78,82,102,104,99,109,104,60,78,92,79,81,91,73,92,101,88,62,72,73,81,74,75,78,65,73,64,93,100,91,121,130,129,136,98,88,91,122,127,98,105,86,104,97,123,122,90,105,103,110,,116,124,107,115,106,152,148,154,140,106,118,126,130,142,137,,,100,100,104,,96,94,85,84,90,86,,144,134,59,,,,,134,128,123,127,131,113,94,108,,113,127,140,149,137,128,73,48,65,69,68,,,,,76,77,85,86,59,60,80,,32,129,122,119,119,124,120,132,58,61,86,94,90,91,,54,52,53,54,22,26,135,130,91,,96,80,,116,110,,66,64,81,,99,,116,,68,62,116,120,120,118,125,129,130,134,97,100,91,84,,125,128,105,153,133,155,,101,112,129,126,112,112,,104,96,137,135,139,,150,163,138,,134,206,141,140,116,126,145,,152,169,,162,127,135,132,128,116,120,116,133,,141,122,117,105,104,112,124,131,124,,,117,115,126,90,,102,119,117,157,153,102,71,58,121,136,126,116,84,,92,122,170,184,68,128,141,,136,,125,138,217,93,50,50,113,120,159,125,103,99,142,89,,,120,135,97,127,,175,182,171,110,,100,140,,,83,164,151,75,98,115,74,71,94,140,84,146,167,143,93,,110,110,,67,87,148,140,129,128,72,112,48,86,84,82,59,116,94,179,86,98,108,67,104,116,132,73,75,78,80,77,95,154,124,106,119,93,148,142,95,96,97,112,93,124,120,92,84,162,111,86,,124,104,120,55,124,87,87,,81,177,110,109,86,95,114,147,180,128,157,80,76,188,100,79,93,125,91,,96,176,148,165,164,,114,72,64,76,76,63,76,76,66,51,128,121,156,169,137,97,,117,,117,93,89,149,95,61,67,59,62,58,50,49,37,38,40,51,29,62,42,73,50,70,60,83,99,136,117,150,142,147,150,108,175,108,91,91,86,88,84,94,,72,76,88,97,97,83,99,121,77,100,75,107,102,100,70,82,110,196,201,168,150,138,79,140,128,100,89,118,93,97,141,136,115,69,82,73,84,85,137,93,87,106,98,92,131,113,110,109,133,116,112,92,103,93,95,83,90,,129,114,106,153,133,127,172,154,107,98,198,139,150,149,112,98,95,109,90,154,158,162,123,156,,56,71,52,51,39,48,43,80,59,53,58,36,69,95,115,122,121,107,102,109,114,119,130,131,134,132,102,73,89,83,,90,107,81,88,94,106,77,58,149,68,129,159,139,136,119,127,135,172,144,100,86,,132,152,151,142,83,86,152,131,132,119,139,122,177,,132,174,117,105,48,102,92,91,132,,94,100,104,125,82,89,91,79,90,65,61,,63,,133,101,,83,60,68,68,136,130,99,62,,69,127,125,119,,,71,121,115,112,95,118,103,103,116,101,96,130,126,55,106,105,118,125,133,126,67,69,92,83,84,86,82,72,131,135,110,75,90,80,95,74,144,138,149,109,113,88,111,96,87,71,160,83,33,71,57,60,60,84,164,165,,143,100,81,80,90,138,128,74,78,147,128,116,134,149,164,102,91,137,91,92,138,95,103,,86,70,76,129,82,107,108,78,101,114,107,100,104,128,97,133,166,157,102,84,90,93,115,113,126,109,107,110,140,148,147,115,107,93,93,97,83,77,124,154,114,81,130,111
20210719,23,CO,0.5,0.6,0.6,0.6,0.6,0.6,0.4,0.6,0.5,0.6,0.5,0.6,,,2.3,,1,0.9,0.6,,0.6,,0.4,0.4,,0.4,0.5,,0.7,0.6,0.4,0.8,0.6,0.3,0.6,,0.6,0.6,,0.6,0.5,0.3,0.2,0.5,,0.4,,0.7,0.8,0.5,0.2,0.4,0.3,0.2,0.1,0.1,0.4,,0.4,0.4,0.1,0.7,0.8,0.8,,0.7,0.5,0.4,,0.4,0.3,0.1,0.2,0.4,0.6,,0.2,0.6,0.4,0.4,0.5,,0.5,0.5,0.5,0.5,0.5,0.7,,0.5,0.4,,,0.4,0.4,0.4,0.4,0.8,0.7,1.3,,0.7,1,1.4,1,1.2,,0.5,0.7,0.5,0.4,0.5,0.3,0.5,0.5,0.4,0.7,0.5,0.7,0.5,0.8,0.6,0.6,0.3,0.3,0.5,0.4,0.5,0.4,0.8,0.5,,0.5,0.6,0.4,0.7,0.4,0.6,0.5,0.5,0.4,0.5,0.3,0.4,0.5,,0.3,0.3,0.3,0.2,,0.6,0.3,0.2,0.8,0.5,0.3,0.6,0.4,0.2,,0.3,0.4,0.2,0.1,0.2,0.5,0.4,0.3,0.4,0.4,0.5,0.4,,,,0.5,0.4,,0.6,0.3,0.3,,,,0.4,,0.3,0.1,0.3,0.3,0.3,0.3,,0.4,0.6,,,,0.6,0.7,,0.6,0.8,0.8,0.3,0.5,,0.1,0.2,0.3,0.2,0.2,,0.5,0.3,,0.6,,0.3,0.4,,0.4,0.4,,0.6,0.4,0.4,,,0.4,0.4,0.3,0.4,0.5,0.4,,,0.4,0.4,0.4,0.4,0.3,0.4,0.4,,0.3,,,0.5,,0.5,0.5,,,0.3,0.1,0.3,0.3,0.5,,0.4,0.5,0.3,0.2,0.4,0.4,0.3,0.4,0.5,,0.5,0.6,0.5,0.7,0.6,0.4,0.6,0.4,0.3,,0.4,0.6,0.4,0.3,0.3,0.5,0.2,0.8,0.6,0.5,,0.7,0.7,,,0.6,0.4,0.1,0.6,,0.4,0.3,0.6,0.4,0.3,,,0.1,0.3,0.4,,0.1,,0.6,0.5,0.6,0.6,0.5,0.6,,0.5,0.8,0.9,1,0.8,1,1.3,0.6,0.9,,1.4,0.3,0.8,0.7,0.6,0.8,0.7,0.6,0.5,0.5,0.4,0.4,0.5,0.6,,0.5,0.4,0.5,0.6,0.6,0.5,0.5,0.4,0.3,0.6,0.6,0.5,0.4,0.5,,0.8,0.4,0.3,0.5,0.5,0.6,0.5,0.6,0.3,0.4,0.4,0.5,,0.5,0.3,0.4,0.6,0.5,0.4,0.5,0.5,0.5,,0.5,,,0.6,0.6,0.7,0.4,0.6,0.5,0.7,0.5,0.5,0.5,0.4,0.4,0.7,0.7,0.7,0.7,0.6,0.9,0.8,0.7,0.4,0.5,0.5,0.5,0.5,0.7,,0.6,0.7,0.8,0.7,0.9,0.3,0.5,,,0.8,0.4,0.9,0.8,0.6,,0.2,0.5,0.6,0.6,,,0.5,0.3,0.4,0.3,0.4,0.6,0.7,0.4,0.6,0.4,0.8,,0.4,,0.3,0.3,0.3,,0.3,0.4,0.2,0.5,0.4,0.2,0.6,0.6,0.6,0.6,0.6,0.3,0.6,0.3,,0.6,0.7,0.6,0.6,,0.5,0.8,0.5,0.4,,,,0.4,0.3,,,,0.4,0.5,0.8,0.6,0.8,0.4,0.9,,0.7,0.8,1,,0.7,0.8,1.4,1,0.8,1.4,1.2,0.4,0.3,0.8,0.9,0.5,,0.9,0.7,0.7,0.7,0.6,0.5,0.7,,0.5,,0.2,0.9,0.4,0.3,0.8,0.6,0.5,0.7,0.7,,0.4,0.6,0.3,0.5,0.2,0.3,0.3,0.2,,0.6,,0.2,0.6,0.3,0.7,0.5,,0.6,0.7,,,0.3,0.5,0.4,0.2,,0.2,0.6,0.3,,0.2,,0.1,0.3,0.3,0.2,,0.3,0.2,0.3,,,,0.2,,0.3,0.6,,0.4,0.3,0.3,0.5,0.5,0.2,0.2,0.6,0.5,0.4,,0.3,,,1,,0.9,0.6,0.7,0.3,0.5,0.4,0.3,0.2,,0.6,0.4,0.7,0.6,0.4,0.4,0.5,0.7,0.7,0.8,0.4,0.6,,0.3,0.5,0.4,0.6,0.5,0.5,0.4,,0.4,0.3,0.5,,0.6,0.6,,0.5,0.8,0.7,0.6,0.6,,0.5,0.4,,,0.4,0.5,,0.6,,0.6,0.5,0.5,0.5,0.6,0.8,,0.9,1,,0.5,0.5,,1,,1.1,1.1,1.1,,1,1,0.5,0.3,0.1,,0.5,0.6,0.5,0.7,1.2,0.3,0.2,0.7,0.9,0.4,0.8,0.5,0.8,0.3,0.6,2.1,0.5,0.5,0.4,0.8,0.5,0.4,0.8,0.6,0.7,0.6,0.7,0.7,0.7,0.5,0.4,,0.1,,0.1,0.4,0.3,0.4,0.5,0.3,0.5,0.5,0.7,0.3,0.8,0.6,0.7,0.6,,0.7,0.6,0.7,,0.4,0.7,0.6,0.5,0.6,,0.8,0.8,0.2,,0.8,,0.8,0.4,0.5,0.4,0.7,0.9,0.7,,,,0.6,,0.5,,0.5,0.6,0.5,,0.6,0.6,0.5,0.4,0.4,,0.5,,0.4,0.5,0.4,0.4,0.5,0.8,,0.7,0.5,0.4,0.7,0.6,0.5,,0.7,,,0.6,0.4,0.4,0.6,,0.7,0.7,0.5,0.7,0.8,0.8,0.7,0.8,0.7,0.9,0.9,0.7,1,0.9,0.3,,0.7,0.5,0.9,0.6,0.6,0.7,0.6,0.5,0.8,,0.5,2.9,1.9,0.4,1,0.7,0.9,1,,,,,0.5,0.6,,0.6,0.7,0.5,0.3,0.4,0.6,0.4,0.5,0.4,0.5,0.4,0.4,0.8,0.9,0.7,0.5,0.7,,0.6,0.6,0.6,,0.6,0.6,,0.6,0.6,0.7,0.6,0.8,0.7,0.5,0.5,0.5,0.5,0.5,0.6,0.5,,0.5,0.6,0.2,0.3,0.1,0.1,0.9,0.7,0.4,,0.7,0.5,0.3,,0.3,0.2,0.5,0.3,0.3,,0.3,,,0.3,0.3,0.2,0.2,0.4,,,,,,0.3,0.3,0.3,,,0.3,,0.4,,,0.6,,0.6,0.2,0.7,0.5,0.5,0.7,0.3,0.5,0.3,,0.4,0.6,0.7,0.6,0.6,0.3,0.2,0.3,0.3,0.6,0.7,0.2,0.3,,0.6,0.4,,0.5,0.4,0.6,0.6,,,0.8,0.5,0.6,0.6,0.5,0.4,0.7,0.6,0.4,,,0.3,,0.9,1.1,0.9,,0.8,0.6,0.4,0.7,0.7,0.5,0.3,,0.3,0.6,0.4,,,0.5,0.6,,0.7,0.6,0.4,,0.4,,0.6,0.5,,,,0.5,,,0.5,0.4,0.4,,,0.5,0.4,0.3,0.2,0.4,0.3,0.4,0.4,0.3,0.4,0.4,0.5,0.4,0.2,0.4,0.4,0.7,0.5,0.6,0.5,0.4,0.5,0.5,0.3,,0.5,0.3,0.4,,0.3,0.5,0.4,0.4,0.6,0.5,0.5,0.4,0.4,0.5,,0.4,,,0.5,0.6,0.8,0.8,0.5,4,0.3,1.2,0.4,0.5,0.5,0.4,0.5,0.5,0.8,0.8,0.6,,,0.5,0.4,0.3,0.3,0.4,0.3,,0.7,0.3,0.3,,0.5,0.5,0.4,,0.4,0.4,0.5,0.6,,0.4,0.5,0.5,0.8,0.4,0.6,0.7,0.6,0.4,0.5,0.7,,0.3,0.4,0.3,0.1,0.5,0.4,,0.5,,0.4,,,,0.3,0.5,0.6,0.5,0.5,0.6,,0.9,,0.5,0.4,0.6,0.4,0.4,0.5,0.5,0.3,0.5,0.4,0.8,0.3,0.2,0.6,0.4,0.4,0.5,0.7,0.5,0.5,0.3,,0.5,0.3,0.8,0.4,0.7,0.7,0.3,0.8,1.3,0.3,1.5,0.2,0.4,,0.8,,0.5,0.4,0.6,0.4,0.5,1.1,0.9,0.7,1.1,1.3,0.4,0.7,0.6,0.4,0.7,,0.6,0.8,0.6,0.5,0.6,0.6,0.6,0.6,0.5,0.5,0.7,,1.9,0.9,0.9,,0.7,0.8,0.9,0.6,,0.6,0.5,0.6,,0.6,0.6,0.5,0.7,0.7,1,1,0.8,0.7,0.7,0.8,0.5,0.5,,0.5,0.4,0.6,0.9,0.9,,0.7,0.9,0.4,0.7,0.7,0.7,0.5,0.8,0.8,0.8,0.6,0.7,,0.5,0.7,,,1.2,1.2,,0.6,0.4,0.4,0.5,,0.7,0.7,0.8,1.1,1.2,0.9,0.8,0.7,0.6,0.8,0.7,,,,0.6,0.5,0.6,0.4,1,0.9,1.3,0.5,0.4,0.5,0.4,0.5,0.7,0.5,0.8,0.5,0.7,1.3,0.8,1.3,0.7,1.3,0.3,0.7,0.7,0.4,0.8,0.4,0.3,0.4,0.9,0.8,1,0.7,0.4,0.5,0.5,0.7,0.8,0.6,0.7,0.8,0.7,0.8,0.6,0.6,0.6,0.8,0.7,0.4,0.5,,0.7,0.7,0.9,0.9,0.6,0.6,0.6,0.4,,0.4,0.4,0.4,0.3,0.8,0.5,0.5,0.3,0.4,0.5,0.5,0.6,0.5,0.3,0.5,,,0.4,0.3,0.5,,0.5,0.5,0.4,0.4,0.4,0.5,,0.4,0.6,,,,,,0.5,0.5,0.5,0.5,0.5,0.3,0.2,0.4,,0.2,0.5,0.5,0.4,0.6,0.5,0.5,,1.1,1.3,0.1,,,,,0.2,0.3,0.4,0.5,0.7,0.9,0.4,,,0.5,0.3,0.5,0.6,0.8,0.8,0.6,0.5,0.5,0.6,0.5,0.6,0.7,,0.6,0.6,0.2,0.2,0.4,0.4,0.7,0.5,0.5,,0.3,0.8,,0.6,0.9,,0.4,0.2,0.4,,0.6,,0.4,,0.6,0.6,0.4,0.6,0.5,0.6,0.5,0.6,0.4,0.6,0.6,0.4,0.5,0.4,,1,0.5,0.4,0.5,0.7,0.3,,0.6,0.5,0.3,0.4,0.7,0.5,,0.7,0.8,0.5,0.2,0.7,,0.2,0.2,0.2,,0.3,0.7,0.6,0.5,0.6,0.3,0.4,,0.2,0.3,,0.4,0.5,0.6,0.5,1.3,1,0.1,0.5,0.3,,0.9,0.1,0.2,0.6,0.8,0.2,0.5,0.6,0.4,,,0.9,0.9,0.8,0.8,,0.5,0.5,0.7,0.6,1.2,0.3,0.5,0.6,0.5,0.3,0.5,0.4,0.5,,0.4,0.7,0.3,0.7,0.5,0.4,0.4,,0.3,,0.2,0.9,0.6,0.5,0.4,0.4,0.1,0.3,0.4,1.2,0.7,0.4,0.4,0.4,,,0.3,0.3,0.3,1.1,,0.6,0.4,0.7,0.7,,0.4,0.3,,,0.2,0.5,0.4,0.5,0.4,0.5,0.3,0.1,0.3,0.6,0.7,0.8,0.5,0.4,0.8,,1.1,0.7,,0.4,0.7,0.3,0.5,0.3,0.4,0.5,0.5,0.5,0.5,0.5,0.6,0.4,0.7,0.7,0.7,0.2,0.3,0.3,0.4,0.5,0.3,0.5,0.9,0.4,0.5,0.4,0.3,0.8,0.3,0.4,0.3,0.7,0.6,0.4,0.6,0.6,0.7,0.7,0.8,0.6,0.5,0.8,0.4,0.8,0.3,0.7,0.8,,0.6,0.5,0.2,,0.5,0.6,0.7,,0.5,0.2,0.3,0.5,0.4,0.3,0.4,0.6,0.3,1,0.3,0.6,0.3,0.3,0.6,0.3,0.7,0.4,0.9,,0.6,0.4,0.3,0.4,,,0.3,0.3,0.3,0.3,0.4,0.2,0.4,0.3,0.4,0.5,0.5,0.5,0.7,0.4,0.2,0.3,,0.5,,0.4,0.6,0.4,0.5,0.4,0.6,0.6,0.7,0.7,0.6,0.7,0.6,0.4,0.5,0.5,0.6,,0.5,0.4,0.6,0.5,0.6,0.8,0.7,0.2,0.3,0.5,0.9,0.1,0.6,0.4,0.5,0.7,0.5,1.3,0.9,0.4,0.6,0.6,0.4,,0.4,0.6,0.3,0.4,0.4,0.6,0.5,,0.9,0.6,0.6,0.7,0.4,0.6,0.4,0.5,,0.5,0.2,0.6,0.5,0.7,0.2,0.5,,0.2,0.1,0.2,0.3,0.2,0.6,0.5,0.5,0.3,0.8,0.6,0.7,0.6,0.3,0.6,0.7,0.7,0.6,0.7,0.7,0.7,0.5,0.8,0.8,0.7,0.5,0.3,0.4,0.4,0.3,0.3,0.4,,0.3,0.6,0.4,0.6,0.7,0.4,0.6,0.4,0.5,0.2,0.3,0.3,0.4,0.4,0.2,0.4,0.5,0.2,0.4,0.3,0.5,0.6,0.3,0.4,,0.5,0.6,0.7,0.7,0.4,0.5,0.5,0.8,0.6,0.3,0.3,0.4,0.7,0.5,0.4,0.4,0.3,0.4,0.7,0.6,0.4,0.4,0.4,0.6,0.4,0.6,0.4,0.6,0.5,1.5,,0.5,0.4,0.5,0.7,0.6,0.5,0.5,0.4,0.6,0.6,0.3,0.7,0.4,0.4,0.8,0.7,0.4,0.4,0.4,0.3,0.5,,0.6,0.4,0.3,0.5,0.2,0.2,0.7,0.8,0.9,0.4,0.4,0.3,,,0.6,0.5,0.7,0.6,0.6,0.4,0.4,0.3,0.3,,0.8,0.6,0.4,0.9,0.5,0.4,0.4,0.4,0.4,0.4,0.5,,0.3,,0.4,0.8,,1.3,0.5,0.2,0.5,0.6,0.6,0.4,0.3,,0.3,0.5,0.6,0.5,,,1.3,0.6,0.4,0.3,1.7,0.3,1,0.3,0.7,0.7,0.4,0.2,0.3,,0.6,0.3,0.4,0.3,0.3,0.5,0.6,0.8,0.6,0.8,0.6,1.8,0.8,0.5,0.8,1.2,0.9,0.4,0.5,0.5,0.3,0.5,0.4,0.4,1.4,0.1,0.6,0.6,0.6,0.4,1.1,0.6,0.4,0.6,0.5,0.4,0.5,0.5,0.4,0.6,0.9,1.1,,0.6,0.2,0.6,0.7,0.6,0.4,0.6,0.5,,0.6,0.3,0.3,0.4,0.4,0.5,0.9,0.6,0.6,2.1,0.4,0.4,0.3,0.5,,0.6,0.7,0.2,0.4,0.5,0.5,0.6,0.5,0.7,0.6,0.7,0.5,0.5,0.6,0.5,0.6,0.4,0.7,0.7,0.3,0.6,0.6,0.6,0.5,0.6,0.6,0.6,0.5,0.6,0.5,0.3,0.3,1.4,0.3,0.4,0.1,0.3,0.3,0.4,0.3,0.6,0.4,0.8,0.4
20210719,23,CO_24h,0.5,0.5,0.7,0.6,0.6,0.7,0.5,0.5,0.5,0.5,0.5,0.6,,,0.9,,0.9,0.7,0.6,,1,,0.5,0.5,,0.6,0.5,,0.6,0.6,0.5,0.8,0.7,0.4,0.6,,0.9,0.8,,0.9,0.6,0.3,0.2,0.4,,0.3,,0.4,0.6,0.4,0.1,0.4,0.3,0.1,0.1,0.1,0.3,,0.5,0.5,0.1,0.7,0.7,0.8,,0.7,0.6,0.5,,0.5,0.4,0.2,0.3,0.3,0.5,,0.1,0.4,0.3,0.3,0.7,,0.6,0.6,0.5,0.7,0.5,0.6,,0.5,0.5,,,0.4,0.5,0.4,0.4,0.8,0.6,0.7,,0.6,0.6,0.5,0.5,0.6,,0.5,0.7,0.5,0.5,0.5,0.4,0.5,0.5,0.4,0.6,0.6,0.6,0.5,0.7,0.5,0.6,0.3,0.4,0.4,0.4,0.5,0.4,0.7,0.5,,0.5,0.6,0.5,0.6,0.3,0.6,0.4,0.4,0.5,0.5,0.3,0.4,0.4,,0.4,0.3,0.3,0.2,0.3,0.5,0.2,0.3,0.7,0.5,0.4,0.6,0.4,0.2,,0.3,0.5,0.3,0.1,0.3,0.5,0.4,0.3,0.4,0.5,0.5,0.3,,,,0.5,0.4,,0.5,0.4,0.3,,,,0.6,,0.4,0.2,0.4,0.3,0.4,0.3,,0.3,0.7,,,,0.6,0.6,,0.6,0.8,0.7,0.4,0.6,,0.2,0.2,0.3,0.2,0.2,,0.5,0.4,,0.3,,0.3,0.4,,0.4,0.5,,0.6,0.3,0.7,,0.5,0.4,0.4,0.3,0.4,0.5,0.4,,,0.3,0.4,0.4,0.4,0.4,0.4,0.4,,0.6,,,0.5,,0.6,0.5,,0.3,0.3,0.2,0.3,0.4,0.5,,0.3,0.4,0.3,0.2,0.4,0.4,0.3,0.4,0.5,0.5,0.5,0.6,0.5,0.6,0.6,0.5,0.2,0.5,0.4,,0.5,0.6,0.4,0.4,0.3,0.5,0.2,1.2,0.8,0.7,,0.9,0.8,,,0.8,0.6,0.3,0.8,,0.5,0.5,0.6,0.4,0.3,,,0.1,0.3,0.4,0.1,0.1,0.4,0.6,0.4,0.6,0.5,0.5,0.5,,0.6,0.5,0.8,0.9,0.7,0.9,0.9,0.6,0.8,,1.1,0.4,0.8,0.7,0.6,0.7,0.6,0.6,0.4,0.5,0.5,0.4,0.5,0.6,,0.5,0.4,0.6,0.6,0.6,0.5,0.5,0.4,0.4,0.6,0.6,0.5,0.4,0.4,,0.8,0.4,0.4,0.5,0.5,0.6,0.4,0.5,0.3,0.4,0.4,0.4,,0.5,0.4,0.5,0.6,0.5,0.5,0.5,0.5,0.6,0.5,0.5,,,0.6,0.5,0.7,0.4,0.6,0.5,0.7,0.5,0.5,0.5,0.3,0.4,0.6,0.6,0.6,0.6,0.4,0.7,0.7,0.5,0.3,0.4,0.5,0.4,0.4,0.6,,0.5,0.6,0.6,0.7,0.9,0.3,0.4,,,0.7,0.5,0.9,0.2,0.6,,0.4,0.4,0.6,0.6,,,0.6,0.3,0.3,0.4,0.5,0.6,0.6,0.4,0.6,0.5,0.7,,0.4,0.2,0.3,0.3,0.2,0.4,0.2,0.3,0.2,0.4,0.4,0.2,0.4,0.8,0.7,0.7,0.7,0.4,0.7,0.4,,0.7,0.9,0.7,0.8,,0.6,0.5,0.4,0.4,,,,0.8,0.3,,,,0.4,0.6,0.7,0.5,0.8,0.3,0.9,,0.8,0.7,1,0.8,0.7,0.7,1,0.8,0.7,1,0.7,0.4,0.5,0.7,0.8,0.6,,0.6,0.8,0.7,0.7,0.7,0.6,0.7,0.7,0.6,,0.4,0.9,0.5,0.4,0.5,0.4,0.6,0.7,0.5,0.6,0.5,0.6,0.3,0.5,0.2,0.3,0.3,0.3,,0.7,,0.3,0.6,0.3,0.8,0.5,,0.6,0.7,,,0.5,0.6,0.5,0.3,,0.2,0.5,0.3,,0.2,0.1,0.2,0.4,0.3,0.2,0.1,0.2,0.2,0.3,,,,0.3,,0.3,0.7,,0.4,0.4,0.5,0.6,0.4,0.2,0.3,0.4,0.4,0.4,,0.3,,,0.8,,0.7,0.6,0.8,0.4,0.6,0.5,0.3,0.4,,0.6,0.4,0.6,0.5,0.4,0.4,0.5,0.7,0.7,0.8,0.4,0.6,0.6,0.3,0.5,0.5,0.7,0.6,0.7,0.4,,0.5,0.5,0.4,,0.6,0.6,,0.5,0.7,0.7,0.6,0.6,,0.6,0.5,,,0.5,0.5,,0.6,,0.7,0.5,0.5,0.5,0.7,0.5,,0.7,0.8,,0.6,0.6,,0.7,,1,0.8,0.9,,0.8,0.8,0.4,0.3,0.1,,0.5,0.6,0.6,0.9,0.9,0.3,0.2,0.6,0.7,0.5,0.8,0.4,0.7,0.3,1,1.9,0.6,0.5,0.5,0.7,0.6,0.4,0.6,0.5,0.7,0.6,0.6,0.8,0.6,0.5,0.5,0.5,0.2,,0.1,0.4,0.4,0.3,0.4,0.3,0.5,0.4,0.6,0.4,0.5,0.6,0.7,0.6,,0.7,0.7,0.7,,0.4,0.7,0.5,0.5,0.8,,0.6,0.4,0.3,,0.7,,0.7,0.4,0.4,0.4,0.5,0.8,0.5,,,,0.5,,0.5,,0.4,0.5,1,,0.6,0.6,0.6,0.5,0.5,,0.6,,0.4,0.6,0.4,0.5,0.6,0.8,,0.7,0.6,0.5,0.7,0.6,0.6,,0.7,,,0.7,0.4,0.3,0.6,,0.7,0.8,0.7,0.7,0.7,0.5,0.5,0.7,0.6,0.9,1.1,1,1.1,0.8,0.4,0.3,0.5,0.5,0.8,0.5,0.6,0.7,0.6,0.5,0.7,,1.4,2.6,2.3,1,0.7,0.7,0.9,0.8,,,,,0.5,0.5,,0.5,0.6,0.5,0.3,0.3,0.4,0.3,0.6,0.5,0.7,0.5,0.4,0.5,0.6,0.8,0.6,0.8,,0.6,0.6,0.8,,0.6,0.6,,0.6,0.7,0.8,0.6,0.9,0.7,0.5,0.5,0.5,0.6,0.6,0.7,0.6,,0.5,0.6,0.3,0.4,0.2,0.2,0.8,0.6,0.5,,0.6,0.4,0.3,0.5,0.3,0.2,0.5,0.2,0.2,,0.4,,,0.3,0.3,0.2,0.2,0.3,,,,,,0.3,0.3,0.4,,,0.3,,0.5,,,0.6,,0.7,0.3,0.7,0.5,0.5,0.7,0.3,0.5,0.4,,0.6,0.7,0.7,0.6,0.6,0.3,0.3,0.3,0.3,0.6,0.6,0.1,0.3,,0.6,0.3,,0.5,0.4,0.5,0.6,,,0.6,0.5,0.5,0.5,0.4,0.5,0.8,0.7,0.5,,,0.4,0.7,0.8,0.9,0.7,,0.6,0.6,0.4,0.6,0.7,0.5,0.4,,0.4,0.7,0.7,,,0.7,0.9,,0.6,0.6,0.4,,0.5,,0.8,0.7,,,,0.4,,,0.6,0.5,0.4,,,0.3,0.4,0.3,0.2,0.4,0.3,0.4,0.4,0.3,0.4,0.4,0.6,0.5,0.4,0.6,0.8,0.7,0.5,0.5,0.6,0.4,0.4,0.6,0.4,,0.5,0.4,0.4,,0.3,0.4,0.5,0.5,0.6,0.4,0.5,0.5,0.4,0.5,0.4,0.4,,,0.5,0.6,0.7,0.7,0.5,1.4,0.4,1.3,0.5,0.9,1,0.4,0.6,0.5,0.6,0.7,0.6,,,0.4,0.7,0.5,0.5,0.4,0.3,,0.7,0.4,0.5,,0.6,0.6,0.5,,0.4,0.6,0.5,0.5,0.6,0.4,0.5,0.4,0.7,0.4,0.6,0.7,0.6,0.4,0.6,0.8,,0.4,0.4,0.3,,0.7,0.5,,0.6,,0.5,,,,0.5,0.6,0.6,0.6,0.6,0.7,,0.7,,0.5,0.5,0.5,0.4,0.5,0.5,0.5,0.4,0.5,0.5,0.7,0.4,0.2,0.5,0.5,0.4,0.5,0.6,0.5,0.5,0.4,,0.6,0.3,0.7,0.3,0.6,0.7,0.3,1.4,1.8,0.9,1.2,0.3,0.4,0.6,0.8,,0.5,0.5,0.6,0.4,0.5,1.1,0.9,0.7,1.1,1.3,0.5,0.7,0.6,0.4,0.5,,0.5,0.7,0.5,0.5,0.7,0.5,0.6,0.6,0.4,0.8,0.7,,0.8,0.6,0.4,,0.5,0.6,0.6,0.5,,0.5,0.5,0.6,,0.6,0.6,0.5,0.7,0.7,0.9,1,0.8,0.7,0.6,0.7,0.6,0.6,,0.6,0.4,0.7,1.2,0.7,,0.8,1,0.4,0.7,0.9,0.7,0.6,0.8,0.8,0.7,0.7,0.8,,0.6,0.8,0.3,,1,1.1,,0.5,0.4,0.4,0.4,,0.7,0.6,0.8,1.2,1.1,0.9,0.6,0.6,0.6,0.5,0.6,0.4,0.6,0.6,0.6,0.5,0.6,0.5,0.9,1.1,1.4,0.5,0.5,0.6,0.5,0.6,0.7,0.6,0.6,0.5,0.7,1.4,0.9,0.8,0.8,1.3,0.6,0.6,0.6,0.9,0.7,0.4,0.4,0.4,0.9,0.8,0.9,0.7,0.5,0.8,0.5,0.7,0.7,0.6,0.6,0.7,0.8,0.8,0.5,0.5,0.6,0.7,0.7,0.5,0.6,,0.7,0.7,0.9,0.9,0.5,0.5,0.6,0.3,,0.4,0.3,0.3,0.3,0.3,0.5,0.5,0.3,0.5,0.6,0.4,0.6,0.5,0.3,0.4,,,0.3,0.4,0.6,,0.6,0.4,0.4,0.4,0.4,0.5,,0.3,0.5,0.3,,,,,0.5,0.5,0.5,0.6,0.6,0.3,0.2,0.4,,0.2,0.5,0.5,0.4,0.6,0.6,0.4,0.7,1.3,0.8,0.8,,,,,0.2,0.3,0.5,0.5,0.5,0.6,0.4,,0.4,0.5,0.4,0.3,0.4,0.7,0.7,0.5,0.5,0.4,0.7,0.6,0.6,0.6,,0.5,0.4,0.3,0.3,0.3,0.3,0.6,0.5,0.5,,0.3,0.6,,0.6,0.6,,0.4,0.2,0.5,,0.4,,0.3,,0.6,0.6,0.4,0.8,0.7,0.7,0.5,0.5,0.4,0.6,0.5,0.4,0.6,0.5,,0.6,0.6,0.3,0.5,0.7,0.3,,0.3,0.3,0.3,0.4,0.4,0.3,,0.7,0.8,0.4,0.1,0.6,,0.2,0.2,0.2,,0.4,0.6,0.6,0.4,0.5,0.3,0.3,,0.3,0.3,,0.4,0.4,0.5,0.3,0.8,0.7,0.2,0.4,0.3,,0.8,0.1,0.3,0.2,0.4,0.2,0.5,0.5,0.3,,,0.6,0.9,0.6,0.8,,0.3,0.5,0.6,0.5,1.9,0.3,0.5,0.6,0.7,0.5,0.6,0.6,0.6,,0.4,0.7,0.4,0.7,0.5,0.4,0.5,,0.4,,0.3,0.9,0.7,0.5,0.7,0.8,0.3,0.4,0.5,0.6,0.6,0.4,0.4,0.4,,,0.4,0.4,0.3,0.6,,0.7,0.5,0.5,0.6,,0.4,0.4,,,0.2,0.4,0.3,0.5,0.4,0.5,0.3,0.2,0.3,0.5,0.6,0.7,0.4,0.4,0.7,,1,0.6,,0.4,0.6,0.3,0.4,0.2,0.5,0.5,0.5,0.5,0.6,0.5,0.5,0.4,0.7,0.4,0.7,0.3,0.4,0.5,0.4,0.7,0.3,0.5,0.9,0.4,0.5,0.4,0.3,0.6,0.4,0.4,0.3,0.7,0.6,0.4,0.5,0.6,0.6,0.7,0.6,0.6,0.4,0.8,0.5,0.7,0.4,0.7,0.7,,0.6,0.5,0.3,0.4,0.6,0.5,0.6,,0.6,0.5,0.3,0.4,0.4,0.3,0.4,0.6,0.5,0.9,0.3,0.6,0.4,0.5,0.6,0.3,0.7,0.5,0.8,,0.6,0.4,0.4,0.5,0.4,,0.3,0.4,0.4,0.3,0.4,0.2,0.5,0.3,0.4,0.5,0.5,0.5,0.7,0.6,0.3,0.2,,0.6,,0.5,0.6,0.5,0.6,0.4,0.6,0.6,0.7,0.8,0.6,0.7,0.6,0.4,0.5,0.5,0.6,0.5,0.5,0.4,0.6,0.6,0.6,0.8,0.7,0.2,0.4,0.6,0.9,0.2,0.6,0.4,0.5,0.7,0.5,0.8,0.8,0.4,0.5,0.6,0.5,,0.4,0.5,0.5,0.5,0.7,0.6,0.5,0.6,0.6,0.5,0.6,0.5,0.4,0.6,0.3,0.5,0.3,0.6,0.4,0.5,0.5,0.6,0.2,0.6,0.1,0.3,0.1,0.4,0.3,0.3,0.6,0.5,0.5,0.3,0.5,0.5,0.9,0.6,0.2,0.6,0.7,0.7,0.6,0.6,0.5,0.6,0.6,0.8,0.8,0.7,0.4,0.3,0.4,0.4,0.3,0.2,0.4,,0.4,0.6,0.4,0.7,0.4,0.4,0.5,0.4,0.5,0.2,0.5,0.3,0.4,0.4,0.2,0.5,0.4,0.3,0.4,0.3,0.4,0.6,0.3,0.4,,0.5,0.5,0.7,0.6,0.4,0.5,0.5,0.7,0.6,0.3,0.4,0.4,0.7,0.8,0.5,0.4,0.3,0.6,0.8,0.7,0.4,0.4,0.6,0.6,0.5,0.7,0.4,0.5,0.5,0.6,,0.3,0.4,0.6,0.7,1.6,0.6,0.5,0.4,0.5,0.5,0.4,0.7,0.4,0.4,0.7,0.6,0.4,0.6,0.5,0.5,0.5,,0.6,0.6,0.4,0.5,0.3,0.2,0.6,0.7,0.8,0.5,0.5,0.4,0.3,,0.5,0.7,0.7,0.7,0.6,0.4,0.4,0.3,0.4,,0.6,0.5,0.7,0.9,0.6,0.4,0.5,0.4,0.4,0.4,0.4,,0.4,,0.5,0.6,,1.2,0.5,0.2,0.4,0.5,0.6,0.5,0.3,,0.4,0.5,0.6,0.5,,,0.9,0.6,0.4,0.3,0.7,0.5,1,0.6,0.9,0.5,1,0.2,0.3,0.1,0.4,0.3,0.4,0.3,0.2,0.4,0.5,0.6,0.8,0.7,0.7,1,0.8,0.6,0.7,1,0.6,0.3,0.6,0.6,0.4,0.6,0.5,0.3,0.8,0.1,0.5,0.5,0.5,0.5,0.9,0.5,0.6,0.6,0.5,0.5,0.5,0.5,0.4,0.7,1,1.1,,0.6,0.3,0.5,0.6,0.6,0.4,0.5,0.5,,0.5,0.4,0.4,0.4,0.5,0.5,0.8,0.6,0.7,1.2,0.5,0.4,0.3,0.4,,0.6,0.6,0.2,0.3,0.7,0.6,0.5,0.7,0.6,0.5,0.6,0.5,0.6,0.5,0.5,0.6,0.5,0.8,0.7,0.3,0.5,0.6,0.8,0.7,0.5,0.6,0.6,0.5,0.6,0.5,0.2,0.3,0.9,0.1,0.4,0.2,0.4,0.3,0.4,0.4,0.5,0.4,0.7,0.5